Date,Open,High,Low,Close,Adj Close,Volume
2019-01-31,8.106400,8.106400,8.106400,8.106400,8.106400,6200
2019-02-01,8.100000,8.100000,8.100000,8.100000,8.100000,125
2019-02-04,8.100000,8.100000,8.100000,8.100000,8.100000,0
2019-02-05,8.419100,8.419500,8.419100,8.419500,8.419500,3512
2019-02-06,8.340200,8.464660,8.340200,8.426740,8.426740,2780
2019-02-07,8.426740,8.426740,8.426740,8.426740,8.426740,0
2019-02-08,8.324200,8.324200,8.313900,8.313900,8.313900,2995
2019-02-11,8.313900,8.313900,8.313900,8.313900,8.313900,0
2019-02-12,8.312600,8.312600,8.312600,8.312600,8.312600,200
2019-02-13,8.312600,8.312600,8.312600,8.312600,8.312600,0
2019-02-14,8.251800,8.251800,8.251800,8.251800,8.251800,2000
2019-02-15,8.305800,8.329000,8.305800,8.329000,8.329000,20000
2019-02-19,8.330000,8.330000,8.330000,8.330000,8.330000,10000
2019-02-20,8.330000,8.330000,8.330000,8.330000,8.330000,0
2019-02-21,8.466140,8.472330,8.330000,8.330000,8.330000,11108
2019-02-22,8.293000,8.293000,8.293000,8.293000,8.293000,1000
2019-02-25,8.274410,8.274410,8.235200,8.235200,8.235200,3031
2019-02-26,8.235200,8.235200,8.235200,8.235200,8.235200,0
2019-02-27,8.235200,8.235200,8.235200,8.235200,8.235200,0
2019-02-28,8.380000,8.380000,8.380000,8.380000,8.380000,1570
2019-03-01,8.279200,8.280000,8.279200,8.280000,8.280000,2770
2019-03-04,8.240000,8.240000,8.228500,8.236000,8.236000,4605
2019-03-05,8.202500,8.202500,8.202500,8.202500,8.202500,1200
2019-03-06,8.129000,8.135000,8.129000,8.129000,8.129000,1000
2019-03-07,8.129000,8.129000,8.129000,8.129000,8.129000,0
2019-03-08,8.129000,8.129000,8.129000,8.129000,8.129000,0
2019-03-11,7.908150,7.911090,7.908150,7.910860,7.910860,3000
2019-03-12,7.823160,7.824980,7.321300,7.391860,7.391860,1290
2019-03-13,7.390000,7.390000,6.570300,6.570300,6.570300,1000
2019-03-14,6.570300,6.570300,6.570300,6.570300,6.570300,0
2019-03-15,6.570300,6.570300,6.570300,6.570300,6.570300,0
2019-03-18,6.570300,6.570300,6.570300,6.570300,6.570300,0
2019-03-19,6.570300,6.570300,6.570300,6.570300,6.570300,0
2019-03-20,6.570300,6.570300,6.570300,6.570300,6.570300,0
2019-03-21,8.367600,8.367600,8.367600,8.367600,8.367600,2000
2019-03-22,9.560000,9.624300,9.560000,9.581800,9.581800,5500
2019-03-25,11.098000,11.369700,10.987300,11.369700,11.369700,4383
2019-03-26,11.370000,11.370000,11.370000,11.370000,11.370000,310
2019-03-27,11.396000,11.866500,11.396000,11.860000,11.860000,2150
2019-03-28,11.860000,11.860000,11.860000,11.860000,11.860000,0
2019-03-29,12.911000,12.911000,12.716500,12.716500,12.716500,2850
2019-04-01,13.197600,13.508000,13.125000,13.508000,13.508000,5940
2019-04-02,12.722200,13.037000,12.711700,12.711700,12.711700,5204
2019-04-03,14.000000,14.000000,12.250000,12.259000,12.259000,12900
2019-04-04,12.700000,12.700000,12.598500,12.598500,12.598500,3582
2019-04-05,12.748300,12.800000,12.498100,12.593000,12.593000,12382
2019-04-08,12.741000,12.850600,12.650000,12.765000,12.765000,8490
2019-04-09,12.727600,12.727600,12.520000,12.520000,12.520000,1804
2019-04-10,11.046000,12.000000,10.888700,11.450000,11.450000,9758
2019-04-11,11.950800,12.394100,11.500000,11.500000,11.500000,8125
2019-04-12,10.509500,10.688300,10.479400,10.658200,10.658200,13982
2019-04-15,10.793300,10.793300,10.118500,10.118500,10.118500,2205
2019-04-16,10.514500,10.552000,10.482200,10.482200,10.482200,470
2019-04-17,10.673000,10.673000,10.504400,10.575300,10.575300,1030
2019-04-18,10.600000,10.606400,10.600000,10.606400,10.606400,304
2019-04-22,10.297800,10.494000,10.297800,10.494000,10.494000,600
2019-04-23,10.450400,10.450400,10.292800,10.340000,10.340000,807
2019-04-24,10.203700,10.203700,10.185100,10.185100,10.185100,1104
2019-04-25,10.093800,10.100000,10.090000,10.100000,10.100000,1013
2019-04-26,10.010000,10.221800,9.990000,10.221800,10.221800,2209
2019-04-29,10.255900,10.255900,10.004800,10.004800,10.004800,735
2019-04-30,9.710000,10.000000,9.710000,10.000000,10.000000,400
2019-05-01,9.896600,9.898800,9.700000,9.898800,9.898800,2890
2019-05-02,9.851220,9.900000,9.496700,9.650000,9.650000,3935
2019-05-03,9.900000,9.900000,9.690000,9.700000,9.700000,1200
2019-05-06,9.727600,9.727600,9.567830,9.567830,9.567830,850
2019-05-07,9.500500,9.510000,9.246500,9.366080,9.366080,1995
2019-05-08,9.757540,9.810960,9.412500,9.483500,9.483500,775
2019-05-09,9.000000,9.450000,8.742050,8.742050,8.742050,3590
2019-05-10,9.327900,9.966780,8.900000,9.809610,9.809610,1260
2019-05-13,9.199100,9.199100,9.199100,9.199100,9.199100,360
2019-05-14,9.212900,9.220890,9.175800,9.220890,9.220890,500
2019-05-15,9.064410,9.064410,9.064410,9.064410,9.064410,100
2019-05-16,9.250000,9.497200,9.250000,9.333970,9.333970,6425
2019-05-17,9.021400,9.021400,9.000000,9.005500,9.005500,3375
2019-05-20,9.005500,9.005500,9.005500,9.005500,9.005500,0
2019-05-21,8.720000,8.951440,8.602960,8.800000,8.800000,7000
2019-05-22,9.000000,9.000000,8.500000,8.500000,8.500000,1700
2019-05-23,8.180000,8.300000,8.174500,8.300000,8.300000,1361
2019-05-24,8.665100,8.672800,8.502500,8.502500,8.502500,3917
2019-05-28,8.498820,8.498820,8.120000,8.120000,8.120000,4850
2019-05-29,7.600000,7.900000,7.400000,7.900000,7.900000,2870
2019-05-30,8.141680,8.143550,7.500000,7.614020,7.614020,3774
2019-05-31,7.476430,8.350000,7.000000,8.350000,8.350000,1335
2019-06-03,8.474310,8.677800,7.994000,7.994000,7.994000,6464
2019-06-04,7.940000,7.940000,7.940000,7.940000,7.940000,504
2019-06-05,8.095500,8.095500,7.893500,7.893800,7.893800,3155
2019-06-06,7.750100,7.750100,7.750100,7.750100,7.750100,120
2019-06-07,7.367670,7.774100,7.350000,7.751000,7.751000,4182
2019-06-10,7.350000,7.350000,7.350000,7.350000,7.350000,110
2019-06-11,7.300160,7.300160,7.107700,7.107700,7.107700,750
2019-06-12,7.100000,7.404930,7.100000,7.245060,7.245060,850
2019-06-13,7.245060,7.245060,7.245060,7.245060,7.245060,0
2019-06-14,7.283850,7.283850,7.283850,7.283850,7.283850,400
2019-06-17,7.398900,7.600000,7.380000,7.380000,7.380000,1550
2019-06-18,7.600000,7.630000,7.600000,7.630000,7.630000,730
2019-06-19,7.753670,7.753670,7.753670,7.753670,7.753670,250
2019-06-20,7.803090,7.858790,7.803090,7.850000,7.850000,1415
2019-06-21,8.109000,8.109000,7.500000,7.500000,7.500000,1050
2019-06-24,7.238500,7.246100,7.130000,7.130000,7.130000,3020
2019-06-25,7.165560,7.165560,7.150000,7.150000,7.150000,1500
2019-06-26,7.150000,7.150000,7.150000,7.150000,7.150000,0
2019-06-27,7.150000,7.150000,7.150000,7.150000,7.150000,0
2019-06-28,7.350000,7.430000,7.289200,7.430000,7.430000,3500
2019-07-01,7.430000,7.430000,7.430000,7.430000,7.430000,0
2019-07-02,7.478530,7.599600,7.478530,7.596100,7.596100,3250
2019-07-03,7.596100,7.596100,7.596100,7.596100,7.596100,0
2019-07-05,7.593480,7.593480,7.555370,7.555370,7.555370,1512
2019-07-08,7.522500,7.522500,7.504830,7.504830,7.504830,788
2019-07-09,7.130000,7.130000,6.863650,6.896000,6.896000,3065
2019-07-10,6.367700,6.367700,6.150000,6.150000,6.150000,5586
2019-07-11,6.418100,8.400000,6.170000,6.901100,6.901100,9775
2019-07-12,6.784700,7.100000,6.750000,6.941300,6.941300,1453
2019-07-15,6.896700,6.896700,6.500000,6.650000,6.650000,1133
2019-07-16,6.780000,6.900000,6.780000,6.900000,6.900000,1000
2019-07-17,6.840000,6.840000,6.736400,6.800000,6.800000,845
2019-07-18,6.846700,6.846700,6.838100,6.838100,6.838100,200
2019-07-19,6.800000,6.800000,6.600000,6.750000,6.750000,1862
2019-07-22,6.750000,6.750000,6.485500,6.500000,6.500000,752
2019-07-23,6.500000,7.230000,6.500000,7.230000,7.230000,498
2019-07-24,6.625900,6.750000,6.380000,6.380000,6.380000,12441
2019-07-25,6.380000,6.496900,6.380000,6.496900,6.496900,671
2019-07-26,6.500000,6.526800,6.380000,6.380000,6.380000,3091
2019-07-29,6.355300,6.500000,5.507740,6.400000,6.400000,11358
2019-07-30,5.756000,5.756000,5.430000,5.430000,5.430000,5950
2019-07-31,5.500000,5.520000,5.210000,5.450000,5.450000,1720
2019-08-01,5.280000,5.740000,5.280000,5.740000,5.740000,820
2019-08-02,5.960010,6.070000,5.960000,6.030000,6.030000,2200
2019-08-05,6.040000,6.040000,6.040000,6.040000,6.040000,400
2019-08-06,6.146000,6.146000,5.927400,5.927400,5.927400,200
2019-08-07,5.950000,7.355000,5.950000,6.250000,6.250000,2400
2019-08-08,6.250000,6.250000,6.250000,6.250000,6.250000,0
2019-08-09,5.606850,6.230000,5.606850,6.230000,6.230000,2048
2019-08-12,6.230000,6.230000,6.230000,6.230000,6.230000,0
2019-08-13,5.952500,6.510000,5.952500,6.510000,6.510000,4102
2019-08-14,6.323900,6.323900,6.000000,6.150000,6.150000,7200
2019-08-15,5.710000,5.710000,5.710000,5.710000,5.710000,1000
2019-08-16,6.120000,6.120000,5.647200,5.647200,5.647200,311
2019-08-19,6.120000,6.120000,5.683790,5.960000,5.960000,2298
2019-08-20,5.488100,5.488100,5.439200,5.439200,5.439200,500
2019-08-21,5.464000,5.470300,5.273740,5.283310,5.283310,3000
2019-08-22,5.950000,5.950000,5.950000,5.950000,5.950000,440
2019-08-23,5.192720,5.912000,5.192720,5.912000,5.912000,707
2019-08-26,5.090820,5.180000,5.090820,5.126700,5.126700,3032
2019-08-27,6.080690,6.320000,5.583210,5.600000,5.600000,98177
2019-08-28,5.800000,7.085000,5.717700,6.694500,6.694500,181676
2019-08-29,6.970000,7.060000,6.592500,6.860000,6.860000,62767
2019-08-30,7.160000,7.350000,6.200000,6.422260,6.422260,46136
2019-09-03,6.110000,6.799990,6.100000,6.350000,6.350000,11642
2019-09-04,6.250000,6.750000,5.950000,5.950000,5.950000,16700
2019-09-05,6.028300,6.500000,6.019530,6.337340,6.337340,11879
2019-09-06,6.325400,7.360000,6.325400,6.365400,6.365400,14201
2019-09-09,6.400000,6.400000,6.000000,6.120000,6.120000,3226
2019-09-10,6.150000,6.870000,5.970000,6.373000,6.373000,76156
2019-09-11,6.351800,6.620000,6.060000,6.060000,6.060000,16598
2019-09-12,6.244800,6.630000,5.863820,6.290000,6.290000,26343
2019-09-13,6.280000,6.340800,5.935000,5.950000,5.950000,20776
2019-09-16,5.900000,6.080000,5.600000,5.900000,5.900000,32900
2019-09-17,5.885030,5.885030,5.300000,5.780000,5.780000,75419
2019-09-18,5.980000,5.980000,5.192120,5.300000,5.300000,10459
2019-09-19,5.310490,5.670000,5.272260,5.396500,5.396500,15161
2019-09-20,5.430000,5.510000,5.150000,5.382000,5.382000,10609
2019-09-23,5.390900,5.494900,5.100000,5.250000,5.250000,3847
2019-09-24,5.100000,5.181700,4.950000,5.000000,5.000000,20217
2019-09-25,4.980000,5.390000,4.980000,5.215000,5.215000,3406
2019-09-26,5.200000,6.000000,5.036300,5.100000,5.100000,7411
2019-09-27,5.000000,5.170000,4.750000,5.000000,5.000000,9782
2019-09-30,5.050300,5.080000,4.489700,4.489700,4.489700,8770
2019-10-01,3.960000,5.000000,3.960000,4.650000,4.650000,35422
2019-10-02,4.500000,4.790000,4.450000,4.750000,4.750000,3413
2019-10-03,4.750000,4.785000,4.510000,4.785000,4.785000,686
2019-10-04,4.510000,4.755000,4.510000,4.722480,4.722480,4173
2019-10-07,4.549500,4.720000,4.549500,4.645280,4.645280,1594
2019-10-08,4.504100,4.601580,4.383490,4.600000,4.600000,7305
2019-10-09,4.640000,4.800000,4.603700,4.603700,4.603700,1875
2019-10-10,4.600000,4.600000,4.350000,4.450000,4.450000,23831
2019-10-11,4.360080,4.790000,3.990000,4.100000,4.100000,6291
2019-10-14,3.000000,4.575000,3.000000,4.000000,4.000000,4647
2019-10-15,3.920000,4.664990,3.920000,4.500000,4.500000,35068
2019-10-16,4.550000,4.720000,4.400000,4.423450,4.423450,22887
2019-10-17,5.350000,5.350000,4.236100,4.236100,4.236100,2765
2019-10-18,4.562000,4.699990,4.522980,4.614480,4.614480,6097
2019-10-21,3.500000,4.680000,3.500000,4.367500,4.367500,4124
2019-10-22,4.750000,4.750000,4.390000,4.390000,4.390000,1321
2019-10-23,4.480640,4.480640,4.346010,4.446530,4.446530,2027
2019-10-24,4.120000,4.500000,4.120000,4.370000,4.370000,2622
2019-10-25,4.520000,4.609900,4.370000,4.550000,4.550000,2245
2019-10-28,4.550000,4.740000,4.500000,4.500000,4.500000,3815
2019-10-29,4.512560,4.512560,4.400000,4.491300,4.491300,2393
2019-10-30,4.350000,4.707560,4.350000,4.707560,4.707560,2815
2019-10-31,4.714700,4.740000,4.535000,4.740000,4.740000,3837
2019-11-01,4.920000,4.920000,4.500000,4.500000,4.500000,2735
2019-11-04,4.642000,4.960000,4.500000,4.960000,4.960000,24044
2019-11-05,4.711470,4.960000,4.498570,4.498570,4.498570,6913
2019-11-06,4.500000,4.620000,4.370600,4.620000,4.620000,30537
2019-11-07,4.498800,4.690000,4.400000,4.690000,4.690000,40518
2019-11-08,4.545000,4.545000,4.545000,4.545000,4.545000,305
2019-11-11,4.550000,4.760000,4.493180,4.506700,4.506700,4480
2019-11-12,4.400480,4.410440,4.210000,4.290200,4.290200,6026
2019-11-13,4.210000,4.260000,4.050000,4.050000,4.050000,1714
2019-11-14,4.173000,4.275000,4.000000,4.038300,4.038300,5981
2019-11-15,4.069010,4.069010,3.854330,3.870000,3.870000,24566
2019-11-18,3.860000,3.890000,3.472370,3.600000,3.600000,8158
2019-11-19,3.533680,3.650000,3.187200,3.200000,3.200000,18958
2019-11-20,3.495100,3.600000,3.445000,3.550000,3.550000,7111
2019-11-21,3.650000,4.010000,3.504380,3.800000,3.800000,16423
2019-11-22,3.800000,3.915930,3.550000,3.915930,3.915930,1347
2019-11-25,4.000000,4.050000,3.750000,3.962600,3.962600,3993
2019-11-26,3.875290,3.875290,3.363000,3.498900,3.498900,43935
2019-11-27,3.250000,4.377430,3.250000,4.377430,4.377430,52913
2019-11-29,4.810000,5.360000,4.810000,5.214990,5.214990,20907
2019-12-02,5.030000,5.553530,4.850000,4.850000,4.850000,13710
2019-12-03,3.790000,4.940000,3.790000,4.860000,4.860000,1380
2019-12-04,5.000000,5.000000,4.755000,4.880000,4.880000,5099
2019-12-05,4.880000,4.880000,4.880000,4.880000,4.880000,0
2019-12-06,4.450000,4.450000,4.287400,4.420000,4.420000,6021
2019-12-09,4.880000,4.880000,4.250000,4.430000,4.430000,3836
2019-12-10,4.450000,4.520000,4.340000,4.340000,4.340000,4651
2019-12-11,4.435500,4.556800,4.340000,4.430000,4.430000,5692
2019-12-12,4.466510,4.730000,4.412000,4.460000,4.460000,3179
2019-12-13,4.409490,4.460000,4.409490,4.460000,4.460000,2661
2019-12-16,4.500000,4.500000,4.462500,4.462500,4.462500,1583
2019-12-17,4.310000,4.485300,4.310000,4.485300,4.485300,1636
2019-12-18,4.500000,4.500000,4.332000,4.350000,4.350000,1083
2019-12-19,4.419000,4.419000,4.350000,4.370000,4.370000,3013
2019-12-20,4.568600,4.750000,4.370000,4.450000,4.450000,5387
2019-12-23,4.620000,4.700000,4.504010,4.504010,4.504010,3175
2019-12-24,4.450600,4.500000,4.410000,4.436770,4.436770,5745
2019-12-26,4.470000,4.740000,4.470000,4.740000,4.740000,2013
2019-12-27,4.750000,4.750000,4.410000,4.500000,4.500000,6647
2019-12-30,4.600000,4.600000,4.201900,4.500100,4.500100,2344
2019-12-31,4.375080,4.549990,4.300000,4.400000,4.400000,4476
2020-01-02,4.572000,4.572000,4.320000,4.400880,4.400880,1484
2020-01-03,4.432100,4.432100,4.432100,4.432100,4.432100,222
2020-01-06,4.479300,4.479300,3.900000,4.041480,4.041480,2962
2020-01-07,4.138400,4.138400,3.853600,3.910000,3.910000,2434
2020-01-08,3.920000,4.025000,3.920000,4.025000,4.025000,991
2020-01-09,3.989890,4.040000,3.690000,4.013900,4.013900,6153
2020-01-10,3.973600,4.020000,3.820000,3.840000,3.840000,5701
2020-01-13,3.900000,3.900000,3.797000,3.810000,3.810000,2818
2020-01-14,4.278680,4.278680,4.020000,4.150000,4.150000,4577
2020-01-15,4.150000,4.280000,4.150000,4.203900,4.203900,8338
2020-01-16,4.190000,4.190000,3.929100,3.940000,3.940000,7016
2020-01-17,4.000000,4.200000,3.976600,4.200000,4.200000,3193
2020-01-21,4.125540,4.500000,4.125540,4.350000,4.350000,8824
2020-01-22,4.049560,4.113200,4.049560,4.100000,4.100000,1545
2020-01-23,3.650000,4.300000,3.650000,4.200000,4.200000,20595
2020-01-24,3.760000,4.000000,3.760000,3.890000,3.890000,11501
2020-01-27,3.852850,4.110000,3.736700,4.110000,4.110000,1891
2020-01-28,3.997720,3.997720,3.780000,3.780000,3.780000,1601
2020-01-29,3.855610,3.910500,3.855610,3.900000,3.900000,1475
2020-01-30,3.900450,3.900450,3.846480,3.851940,3.851940,3075
2020-01-31,4.050000,4.050000,3.495100,3.687480,3.687480,28453
2020-02-03,3.690000,3.710000,3.560000,3.710000,3.710000,3184
2020-02-04,3.750000,3.760000,3.750000,3.760000,3.760000,823
2020-02-05,3.520000,3.633020,3.490500,3.633020,3.633020,1196
2020-02-06,3.370000,3.916300,3.330000,3.775000,3.775000,2990
2020-02-07,3.780000,3.970000,3.780000,3.970000,3.970000,11196
2020-02-10,4.000000,4.000000,3.739030,3.940000,3.940000,4878
2020-02-11,3.908100,3.908100,3.700000,3.830000,3.830000,3219
2020-02-12,3.830000,4.000000,3.830000,3.980000,3.980000,4464
2020-02-13,3.798300,3.940000,3.798300,3.940000,3.940000,366
2020-02-14,3.926980,3.926980,3.695350,3.700000,3.700000,2907
2020-02-18,3.700380,3.727250,3.381540,3.727250,3.727250,3684
2020-02-19,3.753570,3.800000,3.750000,3.750000,3.750000,2983
2020-02-20,3.507460,3.707000,3.380000,3.434500,3.434500,24097
2020-02-21,3.490000,3.500000,3.100000,3.250000,3.250000,5212
2020-02-24,3.450000,3.532620,3.450000,3.510210,3.510210,5654
2020-02-25,3.528800,3.528800,3.490000,3.500000,3.500000,1005
2020-02-26,3.250000,3.428540,3.100000,3.428540,3.428540,6785
2020-02-27,3.120000,3.405000,3.120000,3.211660,3.211660,14626
2020-02-28,3.100000,3.262200,3.040000,3.050000,3.050000,6051
2020-03-02,3.700000,3.700000,3.439500,3.439500,3.439500,1834
2020-03-03,3.615100,3.683300,3.400000,3.400000,3.400000,7080
2020-03-04,3.300000,3.347800,3.200000,3.347800,3.347800,1218
2020-03-05,3.271220,3.291000,3.271220,3.277500,3.277500,1647
2020-03-06,3.300000,3.300000,3.284300,3.284300,3.284300,563
2020-03-09,2.990000,3.100000,2.940000,3.100000,3.100000,26070
2020-03-10,3.000000,3.015000,2.679680,2.880000,2.880000,80507
2020-03-11,2.829390,2.850000,2.720000,2.850000,2.850000,4595
2020-03-12,2.670260,2.950000,2.670260,2.924330,2.924330,5851
2020-03-13,2.977300,3.046000,2.710000,2.896980,2.896980,2311
2020-03-16,2.500000,2.510000,1.120000,2.300000,2.300000,36557
2020-03-17,2.040000,2.087140,1.947700,1.947700,1.947700,11232
2020-03-18,1.988300,2.040840,1.800000,1.900000,1.900000,107410
2020-03-19,1.900000,2.079140,1.750000,1.750000,1.750000,5987
2020-03-20,2.000000,2.215300,1.985500,1.985500,1.985500,1462
2020-03-23,2.500000,3.650000,2.100000,2.413770,2.413770,14682
2020-03-24,2.500000,2.640000,2.220000,2.450000,2.450000,83947
2020-03-25,2.710000,2.770000,2.450000,2.500000,2.500000,10195
2020-03-26,2.680000,3.340000,2.680000,3.340000,3.340000,5631
2020-03-27,3.840000,3.840000,3.000000,3.000000,3.000000,5665
2020-03-30,3.110670,3.110670,2.950000,2.950000,2.950000,4284
2020-03-31,2.950000,3.020000,2.750000,2.750000,2.750000,3475
2020-04-01,2.750000,2.841510,2.700000,2.814850,2.814850,2676
2020-04-02,2.810000,2.950000,2.810000,2.950000,2.950000,2187
2020-04-03,2.899810,2.899810,2.899810,2.899810,2.899810,1179
2020-04-06,2.900000,2.954900,2.850000,2.850000,2.850000,7429
2020-04-07,2.600000,3.260000,1.820000,2.850000,2.850000,21052
2020-04-08,2.850000,2.880000,2.790400,2.880000,2.880000,1103
2020-04-09,2.910000,2.910000,2.540000,2.650000,2.650000,6438
2020-04-13,2.230000,2.850000,2.000000,2.850000,2.850000,9249
2020-04-14,2.854600,2.854600,2.710000,2.710000,2.710000,2500
2020-04-15,2.745900,2.745900,2.745900,2.745900,2.745900,1122
2020-04-16,2.740000,2.850000,2.559680,2.650000,2.650000,4236
2020-04-17,2.808300,2.815400,2.590000,2.590000,2.590000,1334
2020-04-20,2.543200,2.920000,2.507700,2.876230,2.876230,7694
2020-04-21,2.780000,3.000000,2.700000,2.980000,2.980000,44223
2020-04-22,3.100000,3.220000,2.900000,3.000000,3.000000,19898
2020-04-23,3.000000,3.150000,2.970000,3.150000,3.150000,3892
2020-04-24,3.100000,3.134700,2.840000,2.950000,2.950000,16319
2020-04-27,2.790000,3.240000,2.790000,3.240000,3.240000,10692
2020-04-28,3.239900,3.240000,3.150000,3.150000,3.150000,6468
2020-04-29,3.250000,3.566800,3.250000,3.520000,3.520000,8861
2020-04-30,3.519240,3.533900,3.325400,3.330100,3.330100,10441
2020-05-01,3.330000,3.330000,3.050000,3.150000,3.150000,1049
2020-05-04,3.150000,3.150000,2.980000,3.000000,3.000000,1181
2020-05-05,3.000000,3.208500,3.000000,3.170000,3.170000,2645
2020-05-06,3.109900,3.110000,2.995450,3.110000,3.110000,37229
2020-05-07,2.140000,3.135000,2.140000,3.120000,3.120000,2973
2020-05-08,3.500000,3.500000,3.216300,3.216300,3.216300,763
2020-05-11,3.010000,3.150000,2.995830,3.100000,3.100000,3433
2020-05-12,3.158070,3.430000,3.158070,3.430000,3.430000,575
2020-05-13,3.150000,3.200000,3.100000,3.100000,3.100000,1110
2020-05-14,3.070900,3.103100,2.967500,3.057400,3.057400,38127
2020-05-15,3.022800,3.265080,3.022800,3.253000,3.253000,16295
2020-05-18,3.200000,3.450000,3.050000,3.250000,3.250000,7320
2020-05-19,3.400000,3.599990,3.300000,3.400000,3.400000,4531
2020-05-20,3.500000,3.650000,3.500000,3.590000,3.590000,5564
2020-05-21,3.606600,4.000000,3.606600,4.000000,4.000000,3576
2020-05-22,3.995740,5.260000,3.995740,5.100000,5.100000,21199
2020-05-26,5.500000,5.771000,4.060000,5.463000,5.463000,89187
2020-05-27,5.650000,5.650000,4.620690,4.960000,4.960000,3951
2020-05-28,4.900000,5.180000,4.850000,4.930000,4.930000,11863
2020-05-29,4.420000,4.450000,4.080000,4.327500,4.327500,5877
2020-06-01,4.330000,4.450000,4.000000,4.150000,4.150000,4451
2020-06-02,4.451900,4.500000,4.306200,4.450000,4.450000,3106
2020-06-03,4.550000,4.800000,4.550000,4.800000,4.800000,2774
2020-06-04,4.850000,5.300000,4.810000,5.250000,5.250000,5708
2020-06-05,5.250000,5.290000,4.820000,5.092200,5.092200,4673
2020-06-08,5.389000,5.750000,5.378500,5.750000,5.750000,8854
2020-06-09,5.639700,5.750000,4.090000,5.625220,5.625220,3016
2020-06-10,5.389800,5.389800,5.035700,5.100000,5.100000,2693
2020-06-11,4.717070,5.500000,4.600000,4.840000,4.840000,9282