Date,Open,High,Low,Close,Adj Close,Volume
2019-10-29,20.000000,20.070000,20.000000,20.000000,19.004759,1904000
2019-10-30,20.020000,20.070000,20.000000,20.000000,19.004759,408300
2019-10-31,20.000000,20.000000,20.000000,20.000000,19.004759,0
2019-11-01,20.020000,20.170000,20.020000,20.100000,19.099783,193000
2019-11-04,20.209999,20.333000,20.150000,20.200001,19.194805,91300
2019-11-05,20.200001,20.270000,20.152000,20.180000,19.175804,38500
2019-11-06,20.240000,20.400000,20.200001,20.389999,19.375347,87300
2019-11-07,20.430000,20.430000,20.260000,20.320999,19.309786,92200
2019-11-08,20.299999,20.299999,20.100000,20.240000,19.232815,41900
2019-11-11,20.240000,20.290001,20.200001,20.250000,19.242319,30600
2019-11-12,20.299999,20.330000,20.180000,20.209999,19.204308,32400
2019-11-13,20.219999,20.230000,20.120001,20.200001,19.194805,35400
2019-11-14,20.219999,20.250000,20.100000,20.180000,19.175804,54100
2019-11-15,20.240000,20.250000,20.160000,20.243999,19.236616,36700
2019-11-18,20.250000,20.250000,20.100000,20.219999,19.213810,64300
2019-11-19,20.250000,20.250000,20.160000,20.200001,19.194805,27700
2019-11-20,20.200001,20.200001,20.110001,20.150000,19.147291,52600
2019-11-21,20.160000,20.200001,20.160000,20.160000,19.156796,30700
2019-11-22,20.190001,20.290001,20.180000,20.290001,19.280329,64400
2019-11-25,20.240000,20.260000,20.160000,20.190001,19.185303,52400
2019-11-26,20.219999,20.280001,20.180000,20.270000,19.261322,61900
2019-11-27,20.270000,20.280001,20.230000,20.280001,19.270824,63800
2019-11-29,20.270000,20.290001,20.160000,20.209999,19.204308,28500
2019-12-02,19.830000,19.850000,19.549999,19.750000,18.767199,162300
2019-12-03,19.600000,19.725000,19.299999,19.510000,18.539141,92500
2019-12-04,19.570000,19.700001,19.459999,19.600000,18.624662,81800
2019-12-05,19.600000,19.600000,19.190001,19.219999,18.263571,80500
2019-12-06,19.290001,19.379999,19.100000,19.330000,18.368097,61900
2019-12-09,19.299999,19.500000,19.268999,19.430000,18.463123,39900
2019-12-10,19.480000,19.840000,19.399000,19.660999,18.682627,75000
2019-12-11,19.820000,19.889000,19.389999,19.629999,18.653170,106400
2019-12-12,19.900000,19.900000,19.716999,19.799999,18.814711,76900
2019-12-13,19.809999,20.000000,19.785000,19.980000,18.985752,60900
2019-12-16,20.020000,20.020000,19.830000,19.870001,18.881227,92700
2019-12-17,19.950001,20.040001,19.851999,19.969999,18.976252,83300
2019-12-18,20.020000,20.020000,19.660000,19.799999,18.917015,99500
2019-12-19,19.870001,20.010000,19.740000,19.780001,18.897911,77900
2019-12-20,19.840000,19.993000,19.790001,19.980000,19.088987,72300
2019-12-23,20.000000,20.020000,19.980000,19.990000,19.098543,35800
2019-12-24,19.860001,20.010000,19.850000,20.010000,19.117651,25900
2019-12-26,20.000000,20.000000,19.850000,20.000000,19.108097,53400
2019-12-27,20.000000,20.100000,19.980000,20.059999,19.165419,59900
2019-12-30,20.030001,20.100000,19.910000,20.000000,19.108097,79000
2019-12-31,20.049999,20.150000,19.830000,20.100000,19.203638,45300
2020-01-02,20.150000,20.150000,19.969999,20.098000,19.201725,55900
2020-01-03,20.010000,20.100000,20.000000,20.010000,19.117651,61500
2020-01-06,20.000000,20.010000,19.860001,20.000000,19.108097,41100
2020-01-07,19.900000,20.020000,19.900000,20.020000,19.127205,41400
2020-01-08,20.040001,20.100000,19.941000,20.000000,19.108097,74900
2020-01-09,19.969999,20.150000,19.969999,20.059999,19.165419,75000
2020-01-10,20.059999,20.070000,19.940001,19.980000,19.192316,52700
2020-01-13,19.959999,20.100000,19.959999,20.049999,19.259558,86300
2020-01-14,20.100000,20.150000,20.010000,20.020000,19.230740,149100
2020-01-15,20.100000,20.160000,20.065001,20.160000,19.365221,119100
2020-01-16,20.160000,20.368999,20.160000,20.280001,19.480492,101800
2020-01-17,20.280001,20.680000,20.219999,20.500000,19.691816,73600
2020-01-21,20.459999,20.591000,20.395000,20.480000,19.672607,71100
2020-01-22,20.500000,20.709999,20.420000,20.450001,19.643787,91800
2020-01-23,20.580000,20.580000,20.374001,20.450001,19.643787,87700
2020-01-24,20.480000,20.570000,20.250000,20.490999,19.683172,68600
2020-01-27,20.190001,20.249001,19.950001,20.049999,19.259558,192300
2020-01-28,20.049999,20.100000,19.950001,20.010000,19.221132,123900
2020-01-29,20.180000,20.219999,20.000000,20.020000,19.230740,68700
2020-01-30,20.000000,20.190001,19.900000,20.010000,19.221132,38400
2020-01-31,20.090000,20.112000,19.709999,19.709999,18.932961,74400
2020-02-03,20.070000,20.089001,19.900000,19.959999,19.173105,93900
2020-02-04,19.650000,20.360001,19.650000,20.295000,19.494900,118500
2020-02-05,20.350000,20.462999,20.240000,20.400000,19.595758,62400
2020-02-06,20.490000,20.490000,20.100000,20.260000,19.461279,67900
2020-02-07,20.270000,20.430000,20.200001,20.365000,19.562141,79400
2020-02-10,20.340000,20.530001,20.200001,20.420000,19.614969,51000
2020-02-11,20.330000,20.652000,20.330000,20.410000,19.605364,80800
2020-02-12,20.360001,20.670000,20.250000,20.629999,19.922110,71800
2020-02-13,20.530001,20.680000,20.370001,20.395000,19.695173,140900
2020-02-14,20.420000,20.507000,20.280001,20.330000,19.632402,66900
2020-02-18,20.379999,20.400000,20.240000,20.350000,19.651718,66200
2020-02-19,20.400000,20.440001,20.319000,20.350000,19.651718,93700
2020-02-20,20.410000,20.510000,20.240000,20.379999,19.680687,57000
2020-02-21,20.200001,20.490000,20.139999,20.195999,19.503000,69200
2020-02-24,20.000000,20.000000,19.639999,19.809999,19.130247,109200
2020-02-25,19.719999,19.969000,19.530001,19.600000,18.927454,119100
2020-02-26,19.540001,19.700001,19.350000,19.443001,18.775843,104100
2020-02-27,19.059999,19.100000,18.360001,18.379999,17.749317,204300
2020-02-28,17.990000,17.990000,16.680000,17.719999,17.111961,202900
2020-03-02,17.580000,18.382000,17.510000,18.309999,17.681717,480800
2020-03-03,18.590000,18.590000,18.070000,18.370001,17.739658,220400
2020-03-04,18.700001,19.020000,18.482000,18.920000,18.270786,43800
2020-03-05,18.650000,18.930000,18.500000,18.570000,17.932795,53300
2020-03-06,17.620001,18.313000,17.620001,18.250000,17.623779,143900
2020-03-09,14.000000,17.480000,13.170000,17.049999,16.464951,153000
2020-03-10,18.290001,18.500000,17.010000,17.170000,16.580835,162600
2020-03-11,16.889999,17.605000,15.950000,15.960000,15.509913,201900
2020-03-12,14.400000,15.151000,13.800000,13.995000,13.600327,321000
2020-03-13,14.340000,15.400000,14.340000,15.390000,14.955989,199300
2020-03-16,12.320000,14.770000,12.320000,14.380000,13.974470,191300
2020-03-17,15.000000,15.550000,14.150000,15.210000,14.781062,187800
2020-03-18,14.250000,14.700000,10.770000,11.300000,10.981330,277100
2020-03-19,10.720000,13.230000,10.720000,12.420000,12.069744,304900
2020-03-20,12.750000,14.710000,12.750000,13.270000,12.895774,198400
2020-03-23,12.830000,13.209000,12.430000,12.610000,12.254386,255400
2020-03-24,13.000000,15.270000,13.000000,14.250000,13.848137,203600
2020-03-25,14.610000,15.660000,14.300000,15.280000,14.849089,237800
2020-03-26,15.880000,16.000000,15.250000,16.000000,15.548784,386000
2020-03-27,15.260000,16.139999,15.260000,16.030001,15.577939,100600
2020-03-30,16.629999,16.629999,15.810000,16.110001,15.655683,172200
2020-03-31,16.660000,16.660000,15.500000,16.000000,15.548784,171800
2020-04-01,15.880000,15.880000,14.910000,15.230000,14.800499,108700
2020-04-02,14.930000,15.450000,14.930000,15.430000,14.994859,138000
2020-04-03,15.320000,15.990000,15.000000,15.080000,14.654728,67800
2020-04-06,15.730000,15.950000,15.484000,15.720000,15.276682,80300
2020-04-07,16.000000,16.600000,15.700000,15.910000,15.461324,208200
2020-04-08,16.459999,17.250000,16.030001,16.400000,15.937502,131500
2020-04-09,17.020000,17.040001,16.290001,16.719999,16.356190,106400
2020-04-13,16.510000,16.760000,15.550000,16.299999,15.945328,121600
2020-04-14,16.650000,17.070000,16.600000,16.910000,16.542057,128200
2020-04-15,16.879999,17.090000,16.590000,16.940001,16.571405,81200
2020-04-16,17.049999,17.240000,16.840000,17.040001,16.669230,62400
2020-04-17,17.440001,17.558001,17.070000,17.190001,16.815964,86300
2020-04-20,17.200001,17.549999,16.860001,17.190001,16.815964,71400
2020-04-21,16.750000,17.129999,16.549999,16.750000,16.385536,85400
2020-04-22,17.100000,17.510000,16.924999,17.200001,16.825747,87200
2020-04-23,17.240000,17.520000,17.129999,17.150000,16.776834,106100
2020-04-24,17.340000,17.730000,17.040001,17.389999,17.011612,81200
2020-04-27,17.500000,17.680000,17.340000,17.610001,17.226826,97400
2020-04-28,18.070000,18.469999,17.129999,17.600000,17.217045,112400
2020-04-29,18.000000,18.190001,17.756001,17.870001,17.481171,102300
2020-04-30,17.610001,17.900000,17.600000,17.840000,17.451822,161100
2020-05-01,18.000000,18.000000,17.200001,17.250000,16.874659,84100
2020-05-04,17.000000,17.760000,16.879999,17.510000,17.129002,149800
2020-05-05,17.740000,18.000000,17.600000,17.629999,17.246389,86900
2020-05-06,17.660000,18.150000,17.660000,17.850000,17.461601,73000
2020-05-07,18.030001,18.165001,17.910000,18.000000,17.608341,84900
2020-05-08,18.090000,18.240000,17.959999,18.150000,17.862579,95600
2020-05-11,18.209999,18.549999,18.040001,18.350000,18.059412,111000
2020-05-12,18.410000,18.580000,18.077999,18.150000,17.862579,97600
2020-05-13,18.150000,18.299999,17.546000,17.660000,17.380339,77700
2020-05-14,17.549999,17.780001,17.389999,17.660000,17.380339,94800
2020-05-15,17.570000,17.889000,17.530001,17.700001,17.419706,94000
2020-05-18,17.760000,18.410000,17.760000,18.150000,17.862579,79600
2020-05-19,18.150000,18.622000,18.150000,18.299999,18.010202,60100
2020-05-20,18.389999,18.719999,18.170000,18.389999,18.098778,111000
2020-05-21,18.450001,18.670000,18.170000,18.530001,18.236563,92400
2020-05-22,18.389999,18.719999,18.389999,18.719999,18.423553,50900
2020-05-26,18.900000,19.200001,18.639999,18.719999,18.423553,93800
2020-05-27,18.799999,18.950001,18.330000,18.570000,18.275927,62100
2020-05-28,18.639999,18.930000,18.450001,18.459999,18.167667,112700
2020-05-29,18.440001,18.799999,18.430000,18.650000,18.354660,87100
2020-06-01,18.840000,19.150000,18.750999,19.150000,18.846743,69300
2020-06-02,19.150000,19.230000,18.980000,19.100000,18.797535,129800
2020-06-03,19.250000,19.459999,19.139999,19.400000,19.092781,88500
2020-06-04,19.500000,19.500000,18.950001,19.150000,18.846743,138600
2020-06-05,19.500000,19.580000,19.139999,19.290001,18.984526,200400
2020-06-08,19.510000,19.620001,19.334999,19.510000,19.201044,178300
2020-06-09,19.270000,19.700001,19.200001,19.570000,19.260090,166500
2020-06-10,19.570000,19.650000,19.330000,19.520000,19.317492,153100
2020-06-11,19.129999,19.190001,18.610001,18.719999,18.525791,157400
2020-06-12,19.440001,19.440001,18.750000,19.090000,18.891951,71600
2020-06-15,18.860001,19.350000,18.709999,19.320000,19.119566,73700
2020-06-16,19.700001,19.750000,19.290001,19.570000,19.366970,98700
2020-06-17,19.690001,19.730000,19.340000,19.420000,19.218529,109400
2020-06-18,19.420000,19.660000,19.340000,19.660000,19.456038,88200
2020-06-19,19.850000,19.870001,19.360001,19.610001,19.406559,147300
2020-06-22,19.600000,19.840000,19.400000,19.809999,19.604481,95000
2020-06-23,19.860001,20.058001,19.809999,19.940001,19.733133,209100
2020-06-24,19.600000,19.879999,19.295000,19.450001,19.248219,129800
2020-06-25,19.320000,19.680000,19.305000,19.549999,19.347179,86200
2020-06-26,19.389999,19.565001,19.250000,19.250000,19.050291,48700
2020-06-29,19.459999,19.469999,19.090000,19.270000,19.070086,129800
2020-06-30,19.330000,19.770000,19.160000,19.730000,19.525312,78200
2020-07-01,19.920000,19.955000,19.750000,19.860001,19.653965,68800
2020-07-02,19.950001,20.295000,19.920000,19.980000,19.772717,157800
2020-07-06,20.160000,20.323000,20.010000,20.200001,19.990437,192100
2020-07-07,20.190001,20.240000,20.010000,20.010000,19.802406,118200
2020-07-08,20.030001,20.379999,20.030001,20.340000,20.128984,116700
2020-07-09,20.350000,20.400000,20.080999,20.350000,20.138880,106800
2020-07-10,20.379999,20.400000,20.190001,20.360001,20.256279,117300
2020-07-13,20.500000,20.740000,20.080000,20.120001,20.017502,164800
2020-07-14,20.150000,20.160000,19.889999,20.059999,19.957808,90000
2020-07-15,20.139999,20.340000,20.020000,20.160000,20.057299,142400
2020-07-16,19.860001,20.059999,19.430000,20.020000,19.918011,109800
2020-07-17,20.139999,20.230000,19.995001,20.230000,20.126942,70300
2020-07-20,20.100000,20.450001,20.100000,20.389999,20.286125,105200
2020-07-21,20.379999,20.705000,20.299999,20.400000,20.296076,107600
2020-07-22,20.330000,20.549999,20.330000,20.420000,20.315973,81000
2020-07-23,20.430000,20.450001,19.990000,20.200001,20.097095,110300
2020-07-24,20.160000,20.299999,19.660000,20.200001,20.097095,124200
2020-07-27,20.280001,20.327000,20.160000,20.219999,20.116991,150400
2020-07-28,20.070000,20.440001,20.070000,20.250000,20.146839,284400
2020-07-29,20.230000,20.709999,20.200001,20.639999,20.534851,332500
2020-07-30,20.530001,20.830000,20.424999,20.830000,20.723885,92800
2020-07-31,21.170000,21.170000,20.270000,20.930000,20.823376,106100
2020-08-03,21.280001,21.459999,21.030001,21.350000,21.241236,160900
2020-08-04,21.190001,21.520000,21.160000,21.520000,21.410370,168500
2020-08-05,21.700001,21.700001,21.450001,21.580000,21.470064,100300
2020-08-06,21.930000,21.930000,21.590000,21.809999,21.698893,121500
2020-08-07,21.700001,21.700001,21.330000,21.530001,21.420319,120800
2020-08-10,21.760000,21.760000,21.250000,21.490000,21.380522,68100
2020-08-11,21.549999,21.549999,21.170000,21.200001,21.092001,145100
2020-08-12,21.139999,21.350000,21.129999,21.250000,21.250000,39700