Date,Open,High,Low,Close,Adj Close,Volume
2018-10-05,10.160000,10.200000,10.120000,10.170000,10.170000,1487900
2018-10-08,10.150000,10.240000,10.150000,10.190000,10.190000,254700
2018-10-09,10.150000,10.210000,10.150000,10.180000,10.180000,128800
2018-10-10,10.170000,10.220000,10.170000,10.190000,10.190000,5600
2018-10-11,10.150000,10.200000,10.150000,10.180000,10.180000,20900
2018-10-12,10.200000,10.200000,10.190000,10.190000,10.190000,161700
2018-10-15,10.200000,10.250000,10.170000,10.250000,10.250000,16300
2018-10-16,10.250000,10.250000,10.230000,10.250000,10.250000,4800
2018-10-17,10.250000,10.250000,10.230000,10.250000,10.250000,10000
2018-10-18,10.250000,10.290000,10.200000,10.290000,10.290000,11700
2018-10-19,10.290000,10.310000,10.290000,10.310000,10.310000,4400
2018-10-22,10.280000,10.350000,10.230000,10.230000,10.230000,45100
2018-10-23,10.230000,10.270000,10.200000,10.210000,10.210000,30800
2018-10-24,10.230000,10.270000,10.170000,10.190000,10.190000,52600
2018-10-25,10.190000,10.190000,10.190000,10.190000,10.190000,100
2018-10-26,10.200000,10.320000,10.200000,10.320000,10.320000,1500
2018-10-29,10.310000,10.310000,10.310000,10.310000,10.310000,300
2018-10-30,10.320000,10.320000,10.320000,10.320000,10.320000,1100
2018-10-31,10.330000,10.350000,10.160000,10.300000,10.300000,40100
2018-11-01,10.400000,10.400000,10.170000,10.280000,10.280000,20100
2018-11-02,10.300000,10.300000,10.280000,10.280000,10.280000,900
2018-11-05,10.270000,10.270000,10.270000,10.270000,10.270000,6100
2018-11-06,10.280000,10.300000,10.140000,10.220000,10.220000,20100
2018-11-07,10.200000,10.250000,10.160000,10.250000,10.250000,30700
2018-11-08,10.290000,10.400000,10.230000,10.270000,10.270000,38100
2018-11-09,10.270000,10.320000,10.170000,10.260000,10.260000,41600
2018-11-12,10.350000,10.350000,10.300000,10.300000,10.300000,20800
2018-11-13,10.440000,10.440000,10.250000,10.320000,10.320000,2300
2018-11-14,10.220000,10.340000,10.210000,10.340000,10.340000,1200
2018-11-15,10.380000,10.380000,10.380000,10.380000,10.380000,2700
2018-11-16,10.390000,10.400000,10.360000,10.360000,10.360000,3200
2018-11-19,10.360000,10.360000,10.360000,10.360000,10.360000,300
2018-11-20,10.390000,10.390000,10.350000,10.350000,10.350000,8100
2018-11-21,10.340000,10.350000,10.200000,10.350000,10.350000,20100
2018-11-23,10.390000,10.390000,10.390000,10.390000,10.390000,1000
2018-11-26,10.350000,10.350000,10.200000,10.350000,10.350000,47500
2018-11-27,10.380000,10.380000,10.380000,10.380000,10.380000,400
2018-11-28,10.370000,10.370000,10.370000,10.370000,10.370000,300
2018-11-29,10.370000,10.370000,10.370000,10.370000,10.370000,0
2018-11-30,10.320000,10.380000,10.260000,10.370000,10.370000,8200
2018-12-03,10.370000,10.370000,10.370000,10.370000,10.370000,0
2018-12-04,10.370000,10.370000,10.370000,10.370000,10.370000,0
2018-12-06,10.370000,10.370000,10.370000,10.370000,10.370000,0
2018-12-07,10.370000,10.370000,10.370000,10.370000,10.370000,0
2018-12-10,10.370000,10.370000,10.370000,10.370000,10.370000,0
2018-12-11,10.370000,10.370000,10.370000,10.370000,10.370000,0
2018-12-12,10.370000,10.370000,10.370000,10.370000,10.370000,100
2018-12-13,10.320000,10.330000,10.320000,10.330000,10.330000,800
2018-12-14,10.290000,10.320000,10.290000,10.290000,10.290000,600
2018-12-17,10.330000,10.330000,10.330000,10.330000,10.330000,100
2018-12-18,10.330000,10.330000,10.330000,10.330000,10.330000,1000
2018-12-19,10.320000,10.320000,10.310000,10.310000,10.310000,1600
2018-12-20,10.320000,10.320000,10.200000,10.290000,10.290000,18200
2018-12-21,10.290000,10.360000,10.290000,10.350000,10.350000,79000
2018-12-24,10.330000,10.330000,10.330000,10.330000,10.330000,200
2018-12-26,10.280000,10.320000,10.200000,10.300000,10.300000,35200
2018-12-27,10.300000,10.330000,10.300000,10.330000,10.330000,300
2018-12-28,10.210000,10.340000,10.210000,10.330000,10.330000,7400
2018-12-31,10.340000,10.340000,10.340000,10.340000,10.340000,800
2019-01-02,10.300000,10.300000,10.300000,10.300000,10.300000,1300
2019-01-03,10.340000,10.340000,10.340000,10.340000,10.340000,100
2019-01-04,10.300000,10.300000,10.300000,10.300000,10.300000,500
2019-01-07,10.250000,10.320000,10.240000,10.290000,10.290000,58800
2019-01-08,10.150000,10.290000,10.100000,10.260000,10.260000,17700
2019-01-09,10.300000,10.330000,10.280000,10.330000,10.330000,52200
2019-01-10,10.330000,10.330000,10.330000,10.330000,10.330000,0
2019-01-11,10.330000,10.330000,10.330000,10.330000,10.330000,0
2019-01-14,10.330000,10.330000,10.330000,10.330000,10.330000,0
2019-01-15,10.340000,10.340000,10.340000,10.340000,10.340000,1000
2019-01-16,10.340000,10.340000,10.340000,10.340000,10.340000,0
2019-01-17,10.340000,10.340000,10.340000,10.340000,10.340000,0
2019-01-18,10.340000,10.340000,10.340000,10.340000,10.340000,0
2019-01-22,10.340000,10.340000,10.340000,10.340000,10.340000,0
2019-01-23,10.340000,10.450000,10.340000,10.420000,10.420000,30900
2019-01-24,10.450000,10.450000,10.450000,10.450000,10.450000,1000
2019-01-25,10.450000,10.450000,10.450000,10.450000,10.450000,0
2019-01-28,10.450000,10.450000,10.450000,10.450000,10.450000,0
2019-01-29,10.370000,10.420000,10.370000,10.390000,10.390000,20300
2019-01-30,10.480000,10.480000,10.420000,10.420000,10.420000,300
2019-01-31,10.370000,10.370000,10.370000,10.370000,10.370000,1000
2019-02-01,10.400000,10.400000,10.400000,10.400000,10.400000,10600
2019-02-04,10.400000,10.400000,10.360000,10.400000,10.400000,2300
2019-02-05,10.400000,10.400000,10.400000,10.400000,10.400000,0
2019-02-06,10.400000,10.400000,10.400000,10.400000,10.400000,0
2019-02-07,10.290000,10.400000,10.290000,10.400000,10.400000,5700
2019-02-08,10.400000,10.400000,10.400000,10.400000,10.400000,0
2019-02-11,10.400000,10.400000,10.380000,10.380000,10.380000,700
2019-02-12,10.370000,10.370000,10.370000,10.370000,10.370000,400
2019-02-13,10.360000,10.360000,10.360000,10.360000,10.360000,300
2019-02-14,10.400000,10.400000,10.360000,10.360000,10.360000,17700
2019-02-15,10.360000,10.360000,10.360000,10.360000,10.360000,0
2019-02-19,10.360000,10.390000,10.230000,10.390000,10.390000,2500
2019-02-20,10.340000,10.400000,10.250000,10.400000,10.400000,49300
2019-02-21,10.400000,10.400000,10.390000,10.390000,10.390000,2000
2019-02-22,10.400000,10.400000,10.270000,10.390000,10.390000,16100
2019-02-25,10.390000,10.390000,10.390000,10.390000,10.390000,0
2019-02-26,10.390000,10.390000,10.370000,10.370000,10.370000,900
2019-02-27,10.390000,10.400000,10.390000,10.400000,10.400000,6800
2019-02-28,10.310000,10.400000,10.300000,10.370000,10.370000,10300
2019-03-01,10.370000,10.400000,10.370000,10.400000,10.400000,2400
2019-03-04,10.360000,10.360000,10.360000,10.360000,10.360000,200
2019-03-05,10.400000,10.400000,10.380000,10.380000,10.380000,300
2019-03-06,10.390000,10.390000,10.340000,10.360000,10.360000,23300
2019-03-07,10.360000,10.360000,9.950000,10.350000,10.350000,11200
2019-03-08,10.310000,10.390000,10.290000,10.350000,10.350000,23500
2019-03-11,10.350000,10.350000,10.350000,10.350000,10.350000,0
2019-03-12,10.350000,10.350000,10.350000,10.350000,10.350000,400
2019-03-13,10.210000,10.390000,10.200000,10.370000,10.370000,4900
2019-03-14,10.370000,10.370000,10.370000,10.370000,10.370000,0
2019-03-15,10.370000,10.370000,10.370000,10.370000,10.370000,0
2019-03-18,10.370000,10.370000,10.370000,10.370000,10.370000,0
2019-03-19,10.380000,10.380000,10.380000,10.380000,10.380000,1000
2019-03-20,10.380000,10.380000,10.380000,10.380000,10.380000,0
2019-03-21,10.360000,10.360000,10.350000,10.350000,10.350000,1000
2019-03-22,10.350000,10.350000,10.340000,10.340000,10.340000,1200
2019-03-25,10.300000,10.360000,10.300000,10.360000,10.360000,4600
2019-03-26,10.360000,10.360000,10.360000,10.360000,10.360000,100
2019-03-27,10.350000,10.350000,10.340000,10.340000,10.340000,2300
2019-03-28,10.340000,10.340000,10.340000,10.340000,10.340000,900
2019-03-29,10.330000,10.350000,10.330000,10.350000,10.350000,4400
2019-04-01,10.350000,10.440000,10.350000,10.440000,10.440000,58100
2019-04-02,10.450000,10.450000,10.450000,10.450000,10.450000,1400
2019-04-03,10.430000,10.430000,10.430000,10.430000,10.430000,2200
2019-04-04,10.420000,10.420000,10.420000,10.420000,10.420000,1400
2019-04-05,10.450000,10.470000,10.450000,10.470000,10.470000,1300
2019-04-08,10.470000,10.470000,10.470000,10.470000,10.470000,1100
2019-04-09,10.470000,10.470000,10.470000,10.470000,10.470000,1200
2019-04-10,10.470000,10.470000,10.470000,10.470000,10.470000,0
2019-04-11,10.480000,10.480000,10.480000,10.480000,10.480000,900
2019-04-12,10.480000,10.480000,10.480000,10.480000,10.480000,400
2019-04-15,10.340000,10.490000,10.340000,10.450000,10.450000,1900
2019-04-16,10.500000,10.540000,10.500000,10.540000,10.540000,10700
2019-04-17,10.550000,10.550000,10.550000,10.550000,10.550000,300
2019-04-18,10.540000,10.540000,10.510000,10.540000,10.540000,1800
2019-04-22,10.540000,10.540000,10.540000,10.540000,10.540000,1300
2019-04-23,10.540000,10.540000,10.540000,10.540000,10.540000,0
2019-04-24,10.540000,10.540000,10.540000,10.540000,10.540000,1100
2019-04-25,10.550000,10.550000,10.550000,10.550000,10.550000,1300
2019-04-26,10.550000,10.550000,10.550000,10.550000,10.550000,0
2019-04-29,10.550000,10.550000,10.550000,10.550000,10.550000,1200
2019-04-30,10.550000,10.550000,10.550000,10.550000,10.550000,2600
2019-05-01,10.550000,10.550000,10.550000,10.550000,10.550000,700
2019-05-02,10.550000,10.550000,10.550000,10.550000,10.550000,0
2019-05-03,10.550000,10.600000,10.540000,10.600000,10.600000,21400
2019-05-06,10.600000,10.600000,10.600000,10.600000,10.600000,0
2019-05-07,10.600000,10.600000,10.600000,10.600000,10.600000,0
2019-05-08,10.470000,10.640000,10.470000,10.640000,10.640000,85700
2019-05-09,10.640000,10.640000,10.640000,10.640000,10.640000,0
2019-05-10,10.630000,10.630000,10.630000,10.630000,10.630000,500
2019-05-13,10.630000,10.630000,10.630000,10.630000,10.630000,81800
2019-05-14,10.580000,10.640000,10.560000,10.560000,10.560000,82100
2019-05-15,10.560000,10.560000,10.560000,10.560000,10.560000,0
2019-05-16,10.600000,10.600000,10.600000,10.600000,10.600000,1000
2019-05-17,10.600000,10.600000,10.600000,10.600000,10.600000,600
2019-05-20,10.590000,10.600000,10.450000,10.570000,10.570000,6400
2019-05-21,10.510000,10.650000,10.510000,10.650000,10.650000,24600
2019-05-22,10.650000,10.650000,10.650000,10.650000,10.650000,0
2019-05-23,10.650000,10.650000,10.650000,10.650000,10.650000,0
2019-05-24,10.650000,10.650000,10.650000,10.650000,10.650000,0
2019-05-28,10.650000,10.650000,10.650000,10.650000,10.650000,0
2019-05-29,10.650000,10.650000,10.650000,10.650000,10.650000,0
2019-05-30,10.610000,10.610000,10.610000,10.610000,10.610000,700
2019-05-31,10.640000,10.640000,10.640000,10.640000,10.640000,200
2019-06-03,10.640000,10.640000,10.640000,10.640000,10.640000,0
2019-06-04,10.630000,11.120000,10.630000,10.650000,10.650000,136800
2019-06-05,10.650000,10.650000,10.650000,10.650000,10.650000,0
2019-06-06,10.650000,10.650000,10.650000,10.650000,10.650000,65000
2019-06-07,10.650000,10.650000,10.650000,10.650000,10.650000,21200
2019-06-10,10.650000,10.650000,10.650000,10.650000,10.650000,0
2019-06-11,10.650000,10.650000,10.650000,10.650000,10.650000,100
2019-06-12,10.650000,10.650000,10.640000,10.640000,10.640000,500
2019-06-13,10.700000,10.700000,10.680000,10.680000,10.680000,25400
2019-06-14,10.670000,10.680000,10.580000,10.680000,10.680000,800
2019-06-17,10.670000,10.670000,10.670000,10.670000,10.670000,1000
2019-06-18,10.670000,10.670000,10.670000,10.670000,10.670000,0
2019-06-19,10.670000,10.670000,10.670000,10.670000,10.670000,0
2019-06-20,10.670000,10.670000,10.670000,10.670000,10.670000,0
2019-06-21,10.670000,10.670000,10.670000,10.670000,10.670000,0
2019-06-24,10.670000,10.670000,10.670000,10.670000,10.670000,0
2019-06-25,10.670000,10.670000,10.670000,10.670000,10.670000,0
2019-06-26,10.670000,10.670000,10.670000,10.670000,10.670000,0
2019-06-27,10.670000,10.670000,10.670000,10.670000,10.670000,0
2019-06-28,10.690000,10.690000,10.690000,10.690000,10.690000,500
2019-07-01,10.670000,10.670000,10.670000,10.670000,10.670000,200
2019-07-02,10.670000,10.670000,10.670000,10.670000,10.670000,0
2019-07-03,10.670000,10.670000,10.670000,10.670000,10.670000,0
2019-07-05,10.740000,10.760000,10.640000,10.640000,10.640000,2200
2019-07-08,10.700000,10.700000,10.690000,10.690000,10.690000,500
2019-07-09,10.660000,10.660000,10.640000,10.650000,10.650000,4100
2019-07-10,10.650000,10.650000,10.650000,10.650000,10.650000,100
2019-07-11,10.650000,10.650000,10.650000,10.650000,10.650000,0
2019-07-12,10.650000,10.670000,10.640000,10.660000,10.660000,1400
2019-07-15,10.660000,10.660000,10.660000,10.660000,10.660000,0
2019-07-16,10.640000,10.640000,10.520000,10.600000,10.600000,1900
2019-07-17,10.650000,10.660000,10.510000,10.550000,10.550000,20300
2019-07-18,10.640000,10.640000,10.550000,10.630000,10.630000,4000
2019-07-19,10.640000,10.640000,10.560000,10.640000,10.640000,1600
2019-07-22,10.640000,10.640000,10.640000,10.640000,10.640000,0
2019-07-23,10.640000,10.640000,10.640000,10.640000,10.640000,0
2019-07-24,10.640000,10.700000,10.550000,10.670000,10.670000,6000
2019-07-25,10.670000,10.670000,10.670000,10.670000,10.670000,100
2019-07-26,10.670000,10.670000,10.670000,10.670000,10.670000,0
2019-07-29,10.670000,10.670000,10.670000,10.670000,10.670000,0
2019-07-30,10.650000,10.700000,10.650000,10.700000,10.700000,600
2019-07-31,10.730000,10.730000,10.730000,10.730000,10.730000,900
2019-08-01,10.720000,10.720000,10.640000,10.700000,10.700000,800
2019-08-02,10.710000,10.710000,10.710000,10.710000,10.710000,2000
2019-08-05,10.710000,10.710000,10.710000,10.710000,10.710000,2000
2019-08-06,10.710000,10.710000,10.710000,10.710000,10.710000,2000
2019-08-07,10.770000,10.770000,10.770000,10.770000,10.770000,900
2019-08-08,10.800000,10.800000,10.800000,10.800000,10.800000,900
2019-08-09,10.800000,10.900000,10.800000,10.900000,10.900000,11700
2019-08-12,10.930000,10.930000,10.920000,10.930000,10.930000,3100
2019-08-13,10.950000,10.950000,10.950000,10.950000,10.950000,1000
2019-08-14,10.920000,10.930000,10.920000,10.930000,10.930000,400
2019-08-15,10.920000,10.930000,10.920000,10.930000,10.930000,100
2019-08-16,10.930000,10.930000,10.930000,10.930000,10.930000,0
2019-08-19,10.720000,10.720000,10.720000,10.720000,10.720000,100
2019-08-20,10.870000,10.870000,10.870000,10.870000,10.870000,100
2019-08-21,10.860000,10.860000,10.860000,10.860000,10.860000,200
2019-08-22,10.710000,10.990000,10.710000,10.990000,10.990000,300
2019-08-23,10.920000,10.990000,10.810000,10.990000,10.990000,1700
2019-08-26,10.970000,10.990000,10.700000,10.990000,10.990000,400
2019-08-27,10.990000,10.990000,10.990000,10.990000,10.990000,0
2019-08-28,11.000000,11.000000,10.950000,10.950000,10.950000,8500
2019-08-29,10.950000,10.950000,10.950000,10.950000,10.950000,0
2019-08-30,11.000000,11.000000,11.000000,11.000000,11.000000,100
2019-09-03,11.000000,11.000000,11.000000,11.000000,11.000000,0
2019-09-04,11.000000,11.000000,11.000000,11.000000,11.000000,0
2019-09-05,11.000000,11.000000,11.000000,11.000000,11.000000,0
2019-09-06,11.000000,11.000000,11.000000,11.000000,11.000000,0
2019-09-09,11.000000,11.000000,11.000000,11.000000,11.000000,0
2019-09-10,11.000000,11.000000,11.000000,11.000000,11.000000,0
2019-09-11,11.000000,11.000000,11.000000,11.000000,11.000000,0
2019-09-12,11.000000,11.000000,11.000000,11.000000,11.000000,0
2019-09-13,10.900000,11.000000,10.900000,11.000000,11.000000,600
2019-09-16,10.970000,10.970000,10.970000,10.970000,10.970000,200
2019-09-17,10.970000,10.970000,10.970000,10.970000,10.970000,0
2019-09-18,10.970000,10.970000,10.970000,10.970000,10.970000,0
2019-09-19,10.970000,10.970000,10.970000,10.970000,10.970000,0
2019-09-20,10.940000,10.950000,10.940000,10.940000,10.940000,1400
2019-09-23,10.940000,10.940000,10.940000,10.940000,10.940000,0
2019-09-24,10.940000,10.940000,10.940000,10.940000,10.940000,0
2019-09-25,10.770000,10.950000,10.770000,10.950000,10.950000,600
2019-09-26,10.950000,10.950000,10.950000,10.950000,10.950000,0
2019-09-27,10.940000,10.940000,10.940000,10.940000,10.940000,2900
2019-09-30,10.940000,10.940000,10.940000,10.940000,10.940000,0
2019-10-01,10.940000,10.940000,10.940000,10.940000,10.940000,0
2019-10-02,10.950000,10.950000,10.950000,10.950000,10.950000,1000
2019-10-03,10.940000,10.940000,10.930000,10.940000,10.940000,3500
2019-10-04,10.940000,10.940000,10.940000,10.940000,10.940000,0
2019-10-07,10.940000,10.940000,10.940000,10.940000,10.940000,0
2019-10-08,10.940000,10.940000,10.940000,10.940000,10.940000,0
2019-10-09,10.940000,10.940000,10.940000,10.940000,10.940000,42900
2019-10-10,10.950000,10.970000,10.940000,10.970000,10.970000,18200
2019-10-11,10.970000,10.970000,10.970000,10.970000,10.970000,0
2019-10-14,10.960000,11.010000,10.950000,10.950000,10.950000,12000
2019-10-15,10.950000,10.950000,10.950000,10.950000,10.950000,0
2019-10-16,10.950000,10.950000,10.950000,10.950000,10.950000,3100
2019-10-17,10.950000,10.950000,10.950000,10.950000,10.950000,200
2019-10-18,10.950000,10.950000,10.950000,10.950000,10.950000,0
2019-10-21,10.950000,10.950000,10.950000,10.950000,10.950000,0
2019-10-22,10.950000,10.950000,10.950000,10.950000,10.950000,0
2019-10-23,10.950000,10.950000,10.680000,10.860000,10.860000,215300
2019-10-24,10.990000,10.990000,10.900000,10.970000,10.970000,6200
2019-10-25,10.970000,10.970000,10.970000,10.970000,10.970000,0
2019-10-28,11.000000,11.000000,10.840000,10.990000,10.990000,2800
2019-10-29,10.950000,11.000000,10.800000,11.000000,11.000000,1600
2019-10-30,10.800000,11.050000,10.800000,10.990000,10.990000,900
2019-10-31,11.000000,11.000000,10.810000,10.980000,10.980000,5800
2019-11-01,10.940000,11.800000,10.940000,11.060000,11.060000,15300
2019-11-04,11.060000,11.060000,11.060000,11.060000,11.060000,0
2019-11-05,11.060000,11.060000,11.060000,11.060000,11.060000,0
2019-11-06,11.060000,11.060000,11.060000,11.060000,11.060000,0
2019-11-07,11.060000,11.060000,11.060000,11.060000,11.060000,0
2019-11-08,11.060000,11.060000,11.060000,11.060000,11.060000,0
2019-11-11,11.060000,11.060000,11.060000,11.060000,11.060000,0
2019-11-12,11.060000,11.070000,10.880000,11.000000,11.000000,3700
2019-11-13,11.000000,11.000000,11.000000,11.000000,11.000000,0
2019-11-14,11.000000,11.000000,11.000000,11.000000,11.000000,0
2019-11-15,11.000000,11.000000,11.000000,11.000000,11.000000,0
2019-11-18,11.080000,11.080000,11.080000,11.080000,11.080000,200
2019-11-19,11.080000,11.080000,11.080000,11.080000,11.080000,0
2019-11-20,11.080000,11.080000,11.080000,11.080000,11.080000,0
2019-11-21,11.080000,11.080000,11.080000,11.080000,11.080000,0
2019-11-22,11.150000,11.200000,11.110000,11.200000,11.200000,3700
2019-11-25,11.180000,11.250000,11.110000,11.250000,11.250000,2300
2019-11-26,11.250000,11.250000,11.250000,11.250000,11.250000,0
2019-11-27,11.170000,11.220000,11.120000,11.220000,11.220000,1900
2019-11-29,11.210000,11.220000,11.020000,11.220000,11.220000,1900
2019-12-02,11.190000,11.190000,11.110000,11.190000,11.190000,500
2019-12-03,11.190000,11.190000,11.190000,11.190000,11.190000,0
2019-12-04,11.190000,11.190000,11.190000,11.190000,11.190000,0
2019-12-05,11.190000,11.190000,11.190000,11.190000,11.190000,0
2019-12-06,11.190000,11.190000,11.190000,11.190000,11.190000,0
2019-12-09,11.190000,11.190000,11.190000,11.190000,11.190000,0
2019-12-10,11.190000,11.190000,11.190000,11.190000,11.190000,0
2019-12-11,11.190000,11.190000,11.190000,11.190000,11.190000,0
2019-12-12,11.190000,11.190000,11.190000,11.190000,11.190000,0
2019-12-13,11.190000,11.190000,11.190000,11.190000,11.190000,0
2019-12-16,11.190000,11.190000,11.190000,11.190000,11.190000,0
2019-12-17,11.190000,11.190000,11.190000,11.190000,11.190000,0
2019-12-18,11.190000,11.190000,11.190000,11.190000,11.190000,0
2019-12-19,11.190000,11.190000,11.190000,11.190000,11.190000,0
2019-12-20,11.200000,11.250000,11.200000,11.250000,11.250000,800
2019-12-23,11.250000,11.250000,11.250000,11.250000,11.250000,0
2019-12-24,11.250000,11.250000,11.250000,11.250000,11.250000,0
2019-12-26,11.250000,11.250000,11.250000,11.250000,11.250000,0
2019-12-27,11.250000,11.250000,11.250000,11.250000,11.250000,0
2019-12-30,11.250000,11.250000,11.250000,11.250000,11.250000,0
2019-12-31,11.500000,11.500000,11.500000,11.500000,11.500000,500
2020-01-02,11.490000,11.490000,11.490000,11.490000,11.490000,300
2020-01-03,12.000000,12.000000,11.650000,11.700000,11.700000,4700
2020-01-06,11.890000,11.900000,10.940000,11.640000,11.640000,7500
2020-01-07,11.700000,11.700000,11.700000,11.700000,11.700000,200
2020-01-08,11.720000,11.720000,11.650000,11.650000,11.650000,1300
2020-01-09,11.650000,11.850000,11.250000,11.600000,11.600000,13300
2020-01-10,11.700000,11.700000,11.600000,11.600000,11.600000,4200
2020-01-13,11.600000,11.600000,11.600000,11.600000,11.600000,0
2020-01-14,11.600000,11.600000,11.600000,11.600000,11.600000,0
2020-01-15,11.600000,11.600000,11.600000,11.600000,11.600000,0
2020-01-16,11.600000,11.600000,11.600000,11.600000,11.600000,0
2020-01-17,11.600000,11.600000,11.600000,11.600000,11.600000,0
2020-01-21,11.600000,11.600000,11.600000,11.600000,11.600000,0
2020-01-22,11.600000,11.600000,11.600000,11.600000,11.600000,0
2020-01-23,11.600000,11.600000,11.600000,11.600000,11.600000,0
2020-01-24,11.670000,11.670000,11.670000,11.670000,11.670000,400
2020-01-27,11.670000,11.670000,11.670000,11.670000,11.670000,0
2020-01-28,11.670000,11.670000,11.670000,11.670000,11.670000,0
2020-01-29,11.670000,11.670000,11.670000,11.670000,11.670000,0
2020-01-30,11.670000,11.670000,11.670000,11.670000,11.670000,0
2020-01-31,11.670000,11.670000,11.670000,11.670000,11.670000,0
2020-02-03,11.670000,11.670000,11.670000,11.670000,11.670000,0
2020-02-04,11.670000,11.670000,11.670000,11.670000,11.670000,0
2020-02-05,11.670000,11.670000,11.670000,11.670000,11.670000,0
2020-02-06,11.670000,11.670000,11.670000,11.670000,11.670000,0
2020-02-07,11.670000,11.670000,11.670000,11.670000,11.670000,0
2020-02-10,11.670000,11.670000,11.670000,11.670000,11.670000,0
2020-02-11,11.670000,11.670000,11.670000,11.670000,11.670000,0
2020-02-12,11.730000,11.750000,11.580000,11.750000,11.750000,7900
2020-02-13,11.750000,11.750000,11.750000,11.750000,11.750000,0
2020-02-14,11.750000,11.750000,11.750000,11.750000,11.750000,0
2020-02-18,11.750000,11.750000,11.750000,11.750000,11.750000,0
2020-02-19,11.750000,11.750000,11.750000,11.750000,11.750000,0
2020-02-20,11.750000,11.750000,11.750000,11.750000,11.750000,0
2020-02-21,12.240000,12.240000,12.240000,12.240000,12.240000,400
2020-02-24,11.790000,11.790000,11.790000,11.790000,11.790000,200
2020-02-25,11.790000,11.790000,11.790000,11.790000,11.790000,0
2020-02-26,11.790000,11.790000,11.790000,11.790000,11.790000,0
2020-02-27,11.580000,11.750000,11.580000,11.750000,11.750000,4400
2020-02-28,11.720000,12.000000,11.400000,12.000000,12.000000,5200
2020-03-02,11.910000,11.910000,11.910000,11.910000,11.910000,400
2020-03-03,11.910000,11.910000,11.910000,11.910000,11.910000,0
2020-03-04,11.400000,11.400000,11.400000,11.400000,11.400000,100
2020-03-05,11.400000,11.400000,11.400000,11.400000,11.400000,717000
2020-03-06,11.400000,11.400000,11.400000,11.400000,11.400000,0
2020-03-09,11.400000,11.460000,11.400000,11.400000,11.400000,4100
2020-03-10,11.400000,11.400000,11.400000,11.400000,11.400000,0
2020-03-11,11.400000,11.400000,11.400000,11.400000,11.400000,0
2020-03-12,11.400000,11.400000,11.400000,11.400000,11.400000,0
2020-03-13,11.200000,11.200000,11.200000,11.200000,11.200000,1100
2020-03-16,11.200000,11.200000,11.200000,11.200000,11.200000,0
2020-03-17,11.200000,11.200000,11.200000,11.200000,11.200000,0
2020-03-18,11.200000,11.200000,11.200000,11.200000,11.200000,0
2020-03-19,11.200000,11.200000,11.200000,11.200000,11.200000,0
2020-03-20,11.200000,11.200000,11.200000,11.200000,11.200000,0
2020-03-23,10.880000,11.200000,10.880000,11.200000,11.200000,1200
2020-03-24,11.200000,11.200000,11.200000,11.200000,11.200000,0
2020-03-25,10.510000,11.290000,10.510000,10.950000,10.950000,6400
2020-03-26,10.950000,10.950000,10.950000,10.950000,10.950000,0
2020-03-27,10.700000,10.700000,10.450000,10.450000,10.450000,1200
2020-03-30,10.450000,10.450000,10.450000,10.450000,10.450000,0
2020-03-31,10.990000,11.000000,10.990000,11.000000,11.000000,300
2020-04-01,11.000000,11.000000,11.000000,11.000000,11.000000,0
2020-04-02,11.000000,11.000000,11.000000,11.000000,11.000000,0
2020-04-03,11.000000,11.000000,11.000000,11.000000,11.000000,0
2020-04-06,11.000000,11.000000,11.000000,11.000000,11.000000,0
2020-04-07,11.880000,11.880000,11.880000,11.880000,11.880000,200
2020-04-08,11.880000,11.880000,11.880000,11.880000,11.880000,0
2020-04-09,11.880000,11.880000,11.880000,11.880000,11.880000,0
2020-04-13,11.880000,11.880000,11.880000,11.880000,11.880000,0
2020-04-14,11.880000,11.880000,11.880000,11.880000,11.880000,0
2020-04-15,11.060000,11.200000,11.060000,11.200000,11.200000,1500
2020-04-16,11.200000,11.200000,11.200000,11.200000,11.200000,0
2020-04-17,11.200000,11.200000,11.200000,11.200000,11.200000,0
2020-04-20,11.290000,11.290000,11.290000,11.290000,11.290000,300
2020-04-21,11.290000,11.290000,11.290000,11.290000,11.290000,0
2020-04-22,11.490000,11.500000,11.040000,11.460000,11.460000,2400
2020-04-23,11.460000,11.460000,11.460000,11.460000,11.460000,0
2020-04-24,11.460000,11.460000,11.460000,11.460000,11.460000,0
2020-04-27,11.390000,11.390000,11.390000,11.390000,11.390000,600
2020-04-28,11.390000,11.390000,11.390000,11.390000,11.390000,0
2020-04-29,11.500000,11.500000,11.500000,11.500000,11.500000,1300
2020-04-30,11.500000,11.500000,11.500000,11.500000,11.500000,0
2020-05-01,11.500000,11.500000,11.500000,11.500000,11.500000,0
2020-05-04,11.500000,11.500000,11.500000,11.500000,11.500000,0
2020-05-05,11.680000,11.680000,11.680000,11.680000,11.680000,500
2020-05-06,11.680000,11.680000,11.680000,11.680000,11.680000,0
2020-05-07,11.680000,11.680000,11.680000,11.680000,11.680000,0
2020-05-08,11.680000,11.680000,11.680000,11.680000,11.680000,0
2020-05-11,11.670000,11.670000,11.670000,11.670000,11.670000,200
2020-05-12,11.670000,11.670000,11.670000,11.670000,11.670000,0
2020-05-13,11.700000,11.700000,11.700000,11.700000,11.700000,3500
2020-05-14,11.700000,11.700000,11.700000,11.700000,11.700000,5300
2020-05-15,12.000000,12.000000,12.000000,12.000000,12.000000,13500
2020-05-18,12.820000,12.820000,12.820000,12.820000,12.820000,500
2020-05-19,12.150000,12.150000,12.150000,12.150000,12.150000,400
2020-05-20,12.290000,12.300000,12.290000,12.300000,12.300000,700
2020-05-21,12.300000,12.300000,12.300000,12.300000,12.300000,0
2020-05-22,12.010000,12.200000,12.010000,12.190000,12.190000,99900
2020-05-26,12.200000,12.200000,11.980000,12.190000,12.190000,17500
2020-05-27,12.190000,12.300000,12.120000,12.200000,12.200000,10600
2020-05-28,12.390000,12.390000,12.250000,12.250000,12.250000,2300
2020-05-29,12.350000,15.750000,12.300000,14.670000,14.670000,52300
2020-06-01,16.180000,19.150000,14.760000,16.379999,16.379999,37900
2020-06-02,16.250000,16.400000,16.000000,16.080000,16.080000,11900
2020-06-03,17.600000,17.600000,16.299999,16.299999,16.299999,34100
2020-06-04,15.740000,15.740000,15.100000,15.500000,15.500000,4600
2020-06-05,15.450000,16.750000,15.450000,16.400000,16.400000,12500
2020-06-08,16.740000,16.740000,16.000000,16.700001,16.700001,1200
2020-06-09,17.230000,17.230000,16.750000,16.750000,16.750000,2300
2020-06-10,17.190001,17.190001,17.190001,17.190001,17.190001,700
2020-06-11,15.850000,15.850000,15.470000,15.470000,15.470000,300