Date,Open,High,Low,Close,Adj Close,Volume
2015-06-11,167.440002,249.360001,160.880005,239.199997,239.199997,1422600
2015-06-12,217.600006,224.000000,177.759995,178.479996,178.479996,698900
2015-06-15,170.080002,192.000000,168.479996,182.960007,182.960007,284800
2015-06-16,179.919998,186.399994,173.279999,176.960007,176.960007,78000
2015-06-17,172.880005,179.839996,163.199997,168.000000,168.000000,141100
2015-06-18,158.000000,163.440002,152.000000,154.080002,154.080002,223000
2015-06-19,151.520004,155.839996,148.880005,155.039993,155.039993,82900
2015-06-22,152.320007,162.720001,152.240005,160.720001,160.720001,70200
2015-06-23,163.759995,173.919998,157.839996,161.039993,161.039993,76600
2015-06-24,157.199997,165.600006,152.800003,160.639999,160.639999,45100
2015-06-25,161.600006,164.800003,155.039993,157.199997,157.199997,43200
2015-06-26,154.399994,158.080002,152.000000,155.839996,155.839996,44400
2015-06-29,145.440002,160.000000,145.440002,159.679993,159.679993,33300
2015-06-30,161.360001,164.880005,152.720001,163.039993,163.039993,22600
2015-07-01,166.399994,171.119995,156.559998,157.600006,157.600006,39100
2015-07-02,161.520004,166.320007,152.160004,154.080002,154.080002,60900
2015-07-06,157.119995,157.839996,150.800003,151.919998,151.919998,106300
2015-07-07,150.320007,153.904007,147.856003,152.000000,152.000000,68100
2015-07-08,151.600006,152.679993,148.080002,149.759995,149.759995,26800
2015-07-09,150.399994,152.080002,141.440002,146.399994,146.399994,44400
2015-07-10,143.759995,151.919998,138.880005,140.479996,140.479996,64700
2015-07-13,141.440002,144.639999,134.160004,137.919998,137.919998,34400
2015-07-14,137.600006,138.240005,134.000000,135.919998,135.919998,95200
2015-07-15,137.919998,143.919998,136.080002,138.399994,138.399994,130800
2015-07-16,139.440002,146.240005,136.960007,140.320007,140.320007,66000
2015-07-17,158.880005,183.039993,152.399994,170.160004,170.160004,307300
2015-07-20,180.080002,180.080002,161.199997,166.720001,166.720001,206700
2015-07-21,167.919998,167.919998,152.000000,155.279999,155.279999,118300
2015-07-22,153.600006,172.000000,138.000000,145.279999,145.279999,239300
2015-07-23,151.440002,152.000000,130.000000,131.119995,131.119995,202500
2015-07-24,124.879997,127.839996,113.127998,123.680000,123.680000,224500
2015-07-27,120.400002,128.800003,118.328003,124.639999,124.639999,57500
2015-07-28,123.360001,130.960007,114.000000,127.599998,127.599998,82600
2015-07-29,126.959999,128.000000,118.480003,118.879997,118.879997,32400
2015-07-30,117.919998,121.599998,116.000000,116.800003,116.800003,42000
2015-07-31,115.760002,120.000000,110.559998,112.080002,112.080002,64000
2015-08-03,115.839996,115.839996,102.000000,102.879997,102.879997,78300
2015-08-04,101.040001,104.000000,96.080002,99.279999,99.279999,57800
2015-08-05,99.760002,103.360001,91.120003,93.519997,93.519997,76200
2015-08-06,91.680000,99.919998,91.680000,94.239998,94.239998,72200
2015-08-07,95.120003,96.800003,89.040001,95.040001,95.040001,53100
2015-08-10,96.239998,98.832001,93.760002,94.639999,94.639999,33200
2015-08-11,92.720001,94.000000,79.919998,92.400002,92.400002,150800
2015-08-12,89.839996,115.199997,80.320000,90.720001,90.720001,233400
2015-08-13,88.879997,95.519997,88.000000,92.080002,92.080002,33100
2015-08-14,92.480003,95.680000,87.680000,93.680000,93.680000,68700
2015-08-17,93.599998,112.800003,89.599998,112.480003,112.480003,127400
2015-08-18,112.639999,112.800003,98.400002,103.199997,103.199997,105700
2015-08-19,105.040001,105.519997,94.239998,98.800003,98.800003,35600
2015-08-20,97.279999,99.599998,88.080002,89.440002,89.440002,93600
2015-08-21,88.239998,92.239998,88.000000,90.000000,90.000000,37100
2015-08-24,85.680000,89.599998,84.000000,89.599998,89.599998,65700
2015-08-25,90.000000,98.000000,90.000000,93.040001,93.040001,62000
2015-08-26,94.080002,96.879997,88.160004,88.639999,88.639999,37000
2015-08-27,90.080002,101.760002,87.440002,99.839996,99.839996,138200
2015-08-28,99.279999,100.320000,92.559998,95.040001,95.040001,58600
2015-08-31,94.720001,100.000000,94.639999,96.160004,96.160004,29300
2015-09-01,93.519997,98.959999,91.199997,98.400002,98.400002,22500
2015-09-02,97.360001,107.919998,96.800003,105.519997,105.519997,51400
2015-09-03,104.639999,109.760002,102.888000,107.120003,107.120003,63300
2015-09-04,103.760002,107.839996,103.120003,105.599998,105.599998,16000
2015-09-08,106.239998,110.239998,99.120003,101.279999,101.279999,67400
2015-09-09,102.400002,104.000000,97.279999,102.160004,102.160004,32000
2015-09-10,102.400002,109.839996,100.816002,108.400002,108.400002,52800
2015-09-11,108.639999,118.160004,107.040001,117.440002,117.440002,36300
2015-09-14,117.440002,134.800003,116.800003,132.720001,132.720001,144300
2015-09-15,133.600006,135.279999,125.199997,131.919998,131.919998,47300
2015-09-16,132.320007,139.199997,128.000000,130.880005,130.880005,56300
2015-09-17,131.919998,135.919998,128.080002,129.600006,129.600006,46700
2015-09-18,128.880005,133.919998,126.480003,127.760002,127.760002,51000
2015-09-21,128.160004,130.800003,112.879997,115.680000,115.680000,67300
2015-09-22,117.599998,128.000000,112.480003,124.879997,124.879997,55400
2015-09-23,126.639999,128.639999,120.160004,127.360001,127.360001,34000
2015-09-24,127.040001,128.880005,118.720001,122.639999,122.639999,51700
2015-09-25,119.440002,123.839996,114.080002,117.519997,117.519997,65900
2015-09-28,116.000000,116.160004,92.080002,94.639999,94.639999,123800
2015-09-29,96.080002,101.360001,90.480003,97.919998,97.919998,136100
2015-09-30,98.400002,105.599998,96.800003,103.360001,103.360001,266100
2015-10-01,104.800003,114.239998,88.080002,112.239998,112.239998,132000
2015-10-02,101.760002,110.639999,99.440002,106.879997,106.879997,103800
2015-10-05,107.040001,109.071999,103.519997,106.959999,106.959999,68200
2015-10-06,106.160004,109.680000,94.480003,105.680000,105.680000,141300
2015-10-07,106.000000,114.839996,106.000000,113.360001,113.360001,63100
2015-10-08,113.040001,113.760002,102.000000,105.680000,105.680000,56600
2015-10-09,105.760002,109.839996,104.000000,108.879997,108.879997,37300
2015-10-12,109.120003,114.800003,107.360001,110.559998,110.559998,50700
2015-10-13,110.559998,110.559998,97.120003,98.800003,98.800003,38900
2015-10-14,99.199997,107.440002,97.279999,104.959999,104.959999,42600
2015-10-15,104.559998,111.255997,103.440002,106.480003,106.480003,111800
2015-10-16,106.639999,114.959999,105.680000,106.639999,106.639999,75200
2015-10-19,106.639999,111.839996,104.008003,106.400002,106.400002,24000
2015-10-20,105.599998,107.440002,100.879997,101.919998,101.919998,29100
2015-10-21,102.959999,109.839996,100.000000,107.199997,107.199997,34600
2015-10-22,107.760002,111.839996,102.559998,103.760002,103.760002,43500
2015-10-23,103.760002,105.919998,100.800003,101.839996,101.839996,42200
2015-10-26,101.839996,104.800003,100.080002,102.559998,102.559998,41100
2015-10-27,102.480003,104.720001,99.160004,100.959999,100.959999,28500
2015-10-28,101.199997,102.400002,95.919998,96.800003,96.800003,56400
2015-10-29,97.120003,102.400002,94.080002,100.239998,100.239998,34400
2015-10-30,100.720001,100.879997,96.800003,97.519997,97.519997,25700
2015-11-02,98.080002,108.839996,96.000000,106.959999,106.959999,45800
2015-11-03,107.120003,125.440002,105.839996,123.440002,123.440002,109100
2015-11-04,123.760002,135.600006,120.959999,131.600006,131.600006,98800
2015-11-05,131.440002,131.839996,122.400002,126.879997,126.879997,24700
2015-11-06,125.360001,132.240005,123.519997,128.240005,128.240005,31900
2015-11-09,128.080002,134.960007,127.671997,132.160004,132.160004,28600
2015-11-10,132.320007,142.000000,130.639999,140.720001,140.720001,35600
2015-11-11,141.520004,149.600006,132.559998,135.279999,135.279999,60500
2015-11-12,135.440002,139.360001,128.000000,128.960007,128.960007,34000
2015-11-13,128.559998,133.423996,125.416000,126.800003,126.800003,25900
2015-11-16,126.800003,130.080002,122.879997,127.919998,127.919998,22200
2015-11-17,128.720001,131.440002,123.120003,124.239998,124.239998,42900
2015-11-18,125.279999,133.679993,125.040001,132.880005,132.880005,30900
2015-11-19,132.559998,133.199997,128.000000,129.679993,129.679993,23700
2015-11-20,130.559998,137.839996,129.759995,133.199997,133.199997,19800
2015-11-23,133.039993,142.479996,131.520004,140.720001,140.720001,30800
2015-11-24,139.279999,147.039993,137.199997,146.160004,146.160004,18300
2015-11-25,145.520004,149.199997,136.000000,140.800003,140.800003,36900
2015-11-27,141.520004,143.192001,137.279999,138.240005,138.240005,24300
2015-11-30,138.880005,153.279999,137.360001,151.839996,151.839996,142500
2015-12-01,149.039993,154.720001,144.960007,151.119995,151.119995,36100
2015-12-02,150.639999,154.559998,148.080002,152.320007,152.320007,25900
2015-12-03,153.039993,158.559998,149.600006,153.440002,153.440002,44800
2015-12-04,153.199997,154.720001,146.399994,153.199997,153.199997,39600
2015-12-07,153.440002,155.759995,148.856003,150.000000,150.000000,48000
2015-12-08,147.199997,155.800003,142.720001,152.080002,152.080002,55000
2015-12-09,151.279999,155.759995,146.880005,151.199997,151.199997,33900
2015-12-10,151.520004,165.623993,150.080002,159.600006,159.600006,60800
2015-12-11,157.119995,159.600006,154.800003,156.160004,156.160004,39700
2015-12-14,155.759995,159.600006,152.800003,156.240005,156.240005,39700
2015-12-15,158.399994,162.000000,156.559998,161.119995,161.119995,44700
2015-12-16,162.479996,166.240005,157.679993,166.000000,166.000000,50100
2015-12-17,167.360001,170.399994,159.039993,162.800003,162.800003,29600
2015-12-18,161.039993,162.160004,140.199997,143.679993,143.679993,102900
2015-12-21,143.679993,148.559998,140.000000,147.679993,147.679993,23100
2015-12-22,148.000000,148.000000,141.440002,147.039993,147.039993,29300
2015-12-23,146.720001,153.199997,146.080002,152.559998,152.559998,16400
2015-12-24,152.880005,155.440002,150.479996,152.960007,152.960007,7500
2015-12-28,152.160004,155.119995,151.399994,152.479996,152.479996,15900
2015-12-29,153.199997,156.639999,153.039993,154.800003,154.800003,10900
2015-12-30,154.960007,157.600006,151.520004,155.440002,155.440002,42100
2015-12-31,154.639999,157.119995,143.919998,144.240005,144.240005,59900
2016-01-04,140.800003,143.600006,121.760002,127.199997,127.199997,180600
2016-01-05,128.800003,129.600006,122.400002,129.199997,129.199997,42200
2016-01-06,126.959999,131.440002,122.400002,129.440002,129.440002,40100
2016-01-07,125.599998,132.559998,123.879997,127.519997,127.519997,41800
2016-01-08,132.399994,136.720001,128.160004,129.839996,129.839996,64600
2016-01-11,130.080002,134.399994,116.639999,128.000000,128.000000,80600
2016-01-12,129.839996,133.528000,124.080002,132.240005,132.240005,35400
2016-01-13,132.240005,139.520004,129.296005,130.479996,130.479996,67900
2016-01-14,131.520004,144.720001,125.440002,140.639999,140.639999,57900
2016-01-15,133.679993,140.320007,131.440002,134.479996,134.479996,51000
2016-01-19,136.639999,140.880005,132.087997,135.279999,135.279999,30900
2016-01-20,132.000000,143.759995,128.880005,140.720001,140.720001,41400
2016-01-21,140.000000,146.639999,133.600006,134.800003,134.800003,45000
2016-01-22,137.759995,144.279999,135.720001,142.559998,142.559998,38200
2016-01-25,140.479996,144.399994,133.440002,135.759995,135.759995,54900
2016-01-26,136.479996,142.960007,131.119995,136.880005,136.880005,30800
2016-01-27,136.080002,139.360001,120.000000,122.800003,122.800003,69100
2016-01-28,123.599998,126.000000,118.080002,119.919998,119.919998,39700
2016-01-29,120.000000,129.039993,120.000000,127.440002,127.440002,25700
2016-02-01,126.800003,137.440002,126.559998,133.199997,133.199997,29400
2016-02-02,102.000000,112.080002,91.599998,109.279999,109.279999,220700
2016-02-03,105.120003,110.952003,99.720001,105.919998,105.919998,122900
2016-02-04,105.519997,114.400002,103.279999,107.120003,107.120003,96700
2016-02-05,106.000000,106.800003,89.040001,89.839996,89.839996,125800
2016-02-08,89.040001,93.040001,73.199997,76.080002,76.080002,136300
2016-02-09,75.279999,84.080002,70.879997,80.559998,80.559998,82000
2016-02-10,78.959999,84.720001,73.519997,83.760002,83.760002,97000
2016-02-11,81.360001,88.959999,77.839996,84.480003,84.480003,57800
2016-02-12,84.720001,88.239998,79.360001,87.680000,87.680000,42400
2016-02-16,90.879997,94.000000,88.239998,91.680000,91.680000,41800
2016-02-17,92.400002,107.680000,92.000000,100.400002,100.400002,83000
2016-02-18,101.040001,102.160004,97.599998,99.199997,99.199997,25300
2016-02-19,98.800003,104.239998,97.040001,101.919998,101.919998,37200
2016-02-22,102.959999,106.400002,100.040001,102.000000,102.000000,23300
2016-02-23,101.199997,105.279999,97.440002,97.839996,97.839996,18200
2016-02-24,95.360001,103.120003,91.040001,102.000000,102.000000,33500
2016-02-25,102.559998,104.080002,98.328003,100.400002,100.400002,42000
2016-02-26,101.919998,103.440002,98.879997,101.599998,101.599998,20900
2016-02-29,102.720001,107.320000,99.680000,100.879997,100.879997,58900
2016-03-01,101.040001,101.040001,93.599998,98.400002,98.400002,39700
2016-03-02,98.559998,106.160004,98.239998,102.639999,102.639999,86500
2016-03-03,102.879997,103.519997,97.199997,98.320000,98.320000,34500
2016-03-04,98.320000,107.120003,96.080002,97.519997,97.519997,53900
2016-03-07,97.519997,102.400002,94.720001,100.080002,100.080002,36200
2016-03-08,100.080002,100.959999,96.959999,97.440002,97.440002,19500
2016-03-09,96.239998,96.400002,89.680000,90.800003,90.800003,29400
2016-03-10,91.919998,93.599998,87.199997,90.000000,90.000000,21600
2016-03-11,91.519997,94.720001,90.239998,92.000000,92.000000,21800
2016-03-14,92.000000,94.480003,91.279999,92.239998,92.239998,39500
2016-03-15,92.720001,93.839996,89.199997,91.120003,91.120003,49700
2016-03-16,91.440002,92.800003,87.519997,89.919998,89.919998,36500
2016-03-17,89.919998,91.760002,86.160004,90.000000,90.000000,26400
2016-03-18,90.879997,92.559998,88.080002,90.480003,90.480003,26300
2016-03-21,90.800003,93.919998,89.599998,90.720001,90.720001,54900
2016-03-22,90.639999,94.320000,90.639999,92.160004,92.160004,28800
2016-03-23,91.760002,92.800003,88.800003,89.199997,89.199997,26900
2016-03-24,88.879997,91.040001,86.639999,87.199997,87.199997,17700
2016-03-28,88.239998,93.120003,87.199997,90.800003,90.800003,53000
2016-03-29,91.120003,91.919998,85.599998,91.519997,91.519997,37700
2016-03-30,94.400002,96.320000,88.720001,91.680000,91.680000,63900
2016-03-31,91.519997,94.400002,91.120003,91.839996,91.839996,35900
2016-04-01,91.279999,96.239998,89.199997,95.199997,95.199997,110200
2016-04-04,95.919998,96.320000,92.959999,94.720001,94.720001,29600
2016-04-05,93.919998,94.519997,91.279999,92.639999,92.639999,21000
2016-04-06,93.040001,101.120003,92.199997,100.400002,100.400002,53000
2016-04-07,99.760002,104.720001,98.239998,101.519997,101.519997,42400
2016-04-08,102.959999,104.320000,93.760002,94.879997,94.879997,21300
2016-04-11,97.360001,97.360001,91.559998,92.639999,92.639999,18000
2016-04-12,91.839996,97.279999,91.839996,95.199997,95.199997,33500
2016-04-13,96.320000,100.959999,94.879997,99.519997,99.519997,43400
2016-04-14,100.239998,101.760002,98.160004,99.680000,99.680000,18800
2016-04-15,99.680000,100.400002,96.400002,98.320000,98.320000,13500
2016-04-18,98.639999,101.919998,96.639999,100.320000,100.320000,30600
2016-04-19,101.120003,101.120003,97.279999,98.959999,98.959999,12800
2016-04-20,98.879997,104.000000,98.639999,99.839996,99.839996,42900
2016-04-21,99.599998,102.959999,99.040001,102.559998,102.559998,18700
2016-04-22,102.239998,110.959999,101.543999,110.239998,110.239998,41000
2016-04-25,109.360001,111.519997,107.599998,109.919998,109.919998,32300
2016-04-26,110.000000,112.639999,108.559998,109.760002,109.760002,22300
2016-04-27,110.080002,110.711998,105.199997,106.879997,106.879997,23400
2016-04-28,105.760002,108.800003,102.800003,105.040001,105.040001,13500
2016-04-29,105.040001,106.000000,100.400002,104.000000,104.000000,22200
2016-05-02,106.720001,113.599998,106.167999,113.040001,113.040001,44900
2016-05-03,112.800003,114.239998,106.000000,107.919998,107.919998,39800
2016-05-04,106.720001,107.279999,102.760002,103.760002,103.760002,36000
2016-05-05,106.879997,106.879997,97.279999,97.680000,97.680000,35300
2016-05-06,96.559998,97.896004,90.160004,93.519997,93.519997,24300
2016-05-09,93.599998,95.680000,92.959999,94.400002,94.400002,40300
2016-05-10,94.959999,94.959999,90.639999,94.239998,94.239998,29500
2016-05-11,94.239998,94.800003,89.599998,89.839996,89.839996,32700
2016-05-12,90.239998,90.239998,85.599998,87.919998,87.919998,30200
2016-05-13,87.279999,90.239998,85.519997,88.720001,88.720001,28700
2016-05-16,88.879997,93.519997,88.879997,91.919998,91.919998,25200
2016-05-17,91.839996,93.431999,89.360001,90.000000,90.000000,32600
2016-05-18,89.279999,91.559998,89.279999,90.160004,90.160004,33200
2016-05-19,88.400002,91.919998,87.599998,88.160004,88.160004,21600
2016-05-20,88.239998,91.519997,87.360001,90.480003,90.480003,77100
2016-05-23,88.959999,91.919998,88.959999,90.320000,90.320000,25300
2016-05-24,89.120003,97.839996,89.120003,95.680000,95.680000,72300
2016-05-25,96.320000,98.639999,95.440002,96.800003,96.800003,139700
2016-05-26,97.680000,102.160004,96.400002,102.000000,102.000000,18300
2016-05-27,101.680000,103.599998,101.120003,102.480003,102.480003,13800
2016-05-31,102.639999,106.160004,102.000000,105.680000,105.680000,35400
2016-06-01,104.959999,107.760002,102.959999,105.120003,105.120003,51000
2016-06-02,105.040001,108.080002,100.000000,105.760002,105.760002,56800
2016-06-03,105.839996,106.120003,100.720001,103.839996,103.839996,30900
2016-06-06,103.360001,106.480003,101.839996,105.199997,105.199997,55500
2016-06-07,106.559998,116.264000,105.120003,113.760002,113.760002,60500
2016-06-08,113.760002,120.160004,111.839996,119.599998,119.599998,29000
2016-06-09,118.559998,125.599998,117.783997,121.919998,121.919998,60500
2016-06-10,120.400002,121.680000,117.040001,118.400002,118.400002,61300
2016-06-13,122.080002,122.080002,106.480003,106.879997,106.879997,41100
2016-06-14,106.400002,108.639999,101.680000,103.680000,103.680000,39900
2016-06-15,104.720001,106.000000,102.480003,103.919998,103.919998,48300
2016-06-16,102.639999,103.599998,99.040001,99.440002,99.440002,32600
2016-06-17,99.919998,99.919998,94.000000,94.400002,94.400002,52000
2016-06-20,94.800003,98.639999,93.360001,94.959999,94.959999,58600
2016-06-21,95.599998,95.919998,91.120003,92.879997,92.879997,42300
2016-06-22,92.480003,96.000000,89.320000,90.879997,90.879997,172000
2016-06-23,92.480003,100.080002,91.360001,98.000000,98.000000,84100
2016-06-24,91.360001,95.968002,90.480003,94.080002,94.080002,170100
2016-06-27,92.800003,93.879997,89.040001,91.760002,91.760002,42100
2016-06-28,93.360001,100.559998,93.360001,99.680000,99.680000,39900
2016-06-29,101.599998,104.519997,100.320000,103.440002,103.440002,56600
2016-06-30,104.000000,104.000000,100.639999,102.720001,102.720001,40800
2016-07-01,103.360001,111.919998,103.360001,107.199997,107.199997,79000
2016-07-05,107.199997,107.599998,101.440002,103.519997,103.519997,28600
2016-07-06,103.120003,105.584000,101.519997,103.519997,103.519997,32100
2016-07-07,103.519997,105.680000,100.000000,103.279999,103.279999,23900
2016-07-08,104.000000,105.680000,102.879997,104.559998,104.559998,23700
2016-07-11,105.199997,106.288002,102.879997,103.199997,103.199997,30100
2016-07-12,105.040001,105.440002,101.040001,101.839996,101.839996,26300
2016-07-13,103.120003,103.680000,95.519997,97.839996,97.839996,25900
2016-07-14,99.839996,99.919998,97.120003,99.040001,99.040001,27800
2016-07-15,99.919998,104.639999,99.599998,104.000000,104.000000,28100
2016-07-18,104.879997,105.360001,103.199997,104.320000,104.320000,18600
2016-07-19,104.480003,105.440002,103.360001,104.000000,104.000000,30200
2016-07-20,104.000000,107.040001,104.000000,106.000000,106.000000,13400
2016-07-21,106.720001,108.879997,105.199997,106.400002,106.400002,12600
2016-07-22,106.160004,114.800003,105.360001,113.199997,113.199997,44000
2016-07-25,113.199997,117.599998,111.839996,115.199997,115.199997,58300
2016-07-26,115.599998,116.160004,113.120003,113.279999,113.279999,30100
2016-07-27,114.320000,118.559998,113.519997,116.080002,116.080002,36100
2016-07-28,116.720001,117.120003,113.839996,116.800003,116.800003,37500
2016-07-29,116.080002,118.879997,115.199997,118.400002,118.400002,32000
2016-08-01,118.800003,121.680000,117.760002,121.599998,121.599998,41800
2016-08-02,121.599998,123.199997,118.559998,121.519997,121.519997,49500
2016-08-03,120.800003,124.559998,118.160004,123.919998,123.919998,47700
2016-08-04,124.320000,124.480003,121.919998,123.440002,123.440002,25400
2016-08-05,124.639999,125.120003,122.559998,123.360001,123.360001,23900
2016-08-08,123.440002,124.800003,120.000000,122.800003,122.800003,23400
2016-08-09,124.639999,124.639999,121.760002,122.720001,122.720001,13100
2016-08-10,122.080002,122.080002,116.000000,118.160004,118.160004,19500
2016-08-11,118.320000,120.480003,117.839996,120.000000,120.000000,20900
2016-08-12,119.599998,121.519997,118.800003,121.040001,121.040001,23700
2016-08-15,121.440002,124.519997,121.040001,122.639999,122.639999,29300
2016-08-16,122.800003,125.199997,119.279999,123.519997,123.519997,44300
2016-08-17,124.160004,128.320007,122.400002,125.760002,125.760002,34000
2016-08-18,126.000000,129.440002,123.360001,127.839996,127.839996,41800
2016-08-19,127.839996,127.839996,123.680000,124.720001,124.720001,40400
2016-08-22,125.040001,130.160004,124.000000,130.000000,130.000000,18400
2016-08-23,130.080002,132.240005,128.800003,132.000000,132.000000,48200
2016-08-24,132.160004,141.279999,129.600006,131.520004,131.520004,70200
2016-08-25,131.199997,137.440002,126.160004,128.639999,128.639999,50600
2016-08-26,128.240005,135.759995,128.240005,133.520004,133.520004,52600
2016-08-29,132.960007,134.080002,129.839996,132.880005,132.880005,57300
2016-08-30,132.000000,134.720001,129.600006,133.119995,133.119995,32400
2016-08-31,130.679993,135.279999,128.919998,131.279999,131.279999,32900
2016-09-01,130.720001,135.432007,127.599998,130.160004,130.160004,44400
2016-09-02,128.960007,132.479996,127.360001,128.399994,128.399994,28300
2016-09-06,129.839996,131.679993,127.199997,129.279999,129.279999,35900
2016-09-07,128.720001,130.960007,126.959999,128.800003,128.800003,27700
2016-09-08,129.119995,129.839996,126.080002,128.240005,128.240005,27700
2016-09-09,126.320000,128.080002,120.320000,120.559998,120.559998,31500
2016-09-12,120.239998,126.160004,120.239998,125.440002,125.440002,26600
2016-09-13,124.639999,130.000000,122.400002,126.800003,126.800003,66600
2016-09-14,127.519997,135.039993,125.839996,132.240005,132.240005,50800
2016-09-15,132.720001,139.199997,130.880005,135.919998,135.919998,53400
2016-09-16,135.360001,137.360001,133.839996,133.919998,133.919998,24200
2016-09-19,134.399994,135.839996,132.720001,134.160004,134.160004,33400
2016-09-20,135.679993,138.559998,133.679993,136.080002,136.080002,76700
2016-09-21,136.880005,138.800003,135.488007,138.399994,138.399994,46100
2016-09-22,139.199997,139.679993,97.760002,121.120003,121.120003,1090700
2016-09-23,123.919998,124.320000,118.239998,122.239998,122.239998,175800
2016-09-26,126.080002,126.160004,116.000000,117.680000,117.680000,99000
2016-09-27,117.120003,119.839996,114.239998,116.720001,116.720001,77500
2016-09-28,116.959999,117.279999,111.959999,112.400002,112.400002,120500
2016-09-29,112.000000,116.080002,109.919998,114.400002,114.400002,115600
2016-09-30,114.639999,115.440002,111.919998,112.000000,112.000000,43300
2016-10-03,112.639999,112.639999,109.680000,111.519997,111.519997,26100
2016-10-04,111.120003,112.080002,110.000000,110.400002,110.400002,45600
2016-10-05,110.080002,113.199997,110.000000,112.080002,112.080002,23000
2016-10-06,111.120003,111.120003,107.199997,107.680000,107.680000,34100
2016-10-07,107.519997,108.559998,105.919998,107.760002,107.760002,32700
2016-10-10,108.720001,113.040001,108.720001,110.559998,110.559998,26300
2016-10-11,109.360001,109.919998,106.000000,107.199997,107.199997,25100
2016-10-12,107.519997,107.599998,104.160004,104.720001,104.720001,22700
2016-10-13,104.000000,107.519997,102.800003,106.480003,106.480003,30300
2016-10-14,107.279999,107.279999,103.919998,104.000000,104.000000,33900
2016-10-17,103.760002,104.480003,102.480003,103.839996,103.839996,20500
2016-10-18,105.199997,105.519997,102.959999,105.040001,105.040001,21300
2016-10-19,104.959999,105.592003,101.279999,104.800003,104.800003,31000
2016-10-20,104.320000,108.559998,102.959999,108.239998,108.239998,15900
2016-10-21,107.360001,110.559998,104.959999,110.160004,110.160004,17000
2016-10-24,110.239998,111.839996,109.599998,110.480003,110.480003,29500
2016-10-25,110.239998,111.599998,107.440002,109.519997,109.519997,25300
2016-10-26,109.040001,110.239998,107.519997,108.720001,108.720001,22600
2016-10-27,109.760002,110.959999,102.800003,103.360001,103.360001,40700
2016-10-28,102.959999,103.199997,99.599998,101.760002,101.760002,30400
2016-10-31,101.279999,101.424004,98.400002,98.480003,98.480003,25500
2016-11-01,97.519997,101.199997,96.160004,100.080002,100.080002,38900
2016-11-02,100.080002,101.839996,95.919998,96.239998,96.239998,33800
2016-11-03,96.800003,97.440002,90.000000,90.080002,90.080002,33900
2016-11-04,90.400002,93.040001,89.440002,90.160004,90.160004,40300
2016-11-07,92.559998,97.040001,90.800003,96.160004,96.160004,22400
2016-11-08,96.639999,96.879997,88.080002,89.199997,89.199997,54200
2016-11-09,94.000000,99.760002,92.400002,99.040001,99.040001,62300
2016-11-10,100.800003,111.680000,100.000000,108.639999,108.639999,101500
2016-11-11,108.879997,109.760002,104.959999,106.000000,106.000000,51200
2016-11-14,106.720001,109.680000,105.360001,107.040001,107.040001,27200
2016-11-15,106.480003,107.839996,104.400002,107.040001,107.040001,15600
2016-11-16,106.559998,111.680000,105.360001,108.959999,108.959999,33500
2016-11-17,109.839996,110.711998,107.599998,110.080002,110.080002,21000
2016-11-18,110.320000,110.959999,106.000000,107.519997,107.519997,20700
2016-11-21,107.919998,108.400002,106.480003,107.839996,107.839996,17500
2016-11-22,108.239998,108.239998,104.800003,107.599998,107.599998,32100
2016-11-23,102.000000,113.919998,99.424004,112.959999,112.959999,47600
2016-11-25,114.000000,116.480003,111.680000,113.519997,113.519997,11600
2016-11-28,113.040001,113.360001,110.599998,112.080002,112.080002,32100
2016-11-29,112.000000,112.208000,108.959999,109.599998,109.599998,28900
2016-11-30,110.080002,110.360001,107.199997,108.239998,108.239998,34000
2016-12-01,108.959999,109.839996,105.040001,107.360001,107.360001,40100
2016-12-02,107.760002,111.199997,106.160004,108.160004,108.160004,18300
2016-12-05,109.919998,113.519997,108.008003,112.000000,112.000000,20200
2016-12-06,112.559998,115.519997,109.519997,114.480003,114.480003,18800
2016-12-07,116.000000,118.239998,111.680000,114.559998,114.559998,30800
2016-12-08,114.480003,114.720001,109.440002,114.639999,114.639999,37700
2016-12-09,115.839996,118.320000,111.839996,114.000000,114.000000,39900
2016-12-12,114.959999,116.000000,106.160004,109.120003,109.120003,58600
2016-12-13,109.760002,110.800003,103.760002,104.800003,104.800003,30300
2016-12-14,104.320000,106.639999,100.000000,100.400002,100.400002,26800
2016-12-15,101.199997,101.680000,97.919998,101.519997,101.519997,45300
2016-12-16,102.400002,106.559998,101.599998,102.959999,102.959999,49700
2016-12-19,102.559998,107.519997,100.239998,100.959999,100.959999,52600
2016-12-20,104.800003,107.199997,100.400002,101.760002,101.760002,76200
2016-12-21,101.440002,102.160004,97.519997,98.160004,98.160004,23900
2016-12-22,98.080002,98.320000,94.199997,97.199997,97.199997,21900
2016-12-23,97.440002,102.000000,96.559998,101.760002,101.760002,35600
2016-12-27,101.680000,103.040001,98.879997,99.360001,99.360001,26700
2016-12-28,98.800003,99.120003,96.720001,98.080002,98.080002,22700
2016-12-29,98.559998,99.912003,97.279999,98.559998,98.559998,20500
2016-12-30,98.639999,100.760002,98.080002,99.360001,99.360001,25000
2017-01-03,100.639999,100.639999,96.720001,98.400002,98.400002,19100
2017-01-04,98.879997,104.040001,97.519997,103.199997,103.199997,34900
2017-01-05,103.199997,105.040001,102.239998,104.239998,104.239998,34800
2017-01-06,104.959999,106.320000,104.080002,105.519997,105.519997,23200
2017-01-09,106.559998,108.000000,104.839996,106.720001,106.720001,24900
2017-01-10,106.000000,108.320000,102.720001,103.839996,103.839996,27000
2017-01-11,104.160004,104.879997,98.720001,101.120003,101.120003,26200
2017-01-12,101.599998,102.559998,99.040001,101.919998,101.919998,24300
2017-01-13,101.680000,104.879997,101.599998,103.680000,103.680000,48700
2017-01-17,102.400002,103.279999,97.440002,98.480003,98.480003,28900
2017-01-18,99.199997,100.480003,97.839996,99.919998,99.919998,27500
2017-01-19,100.239998,100.480003,98.239998,99.680000,99.680000,23200
2017-01-20,100.080002,100.559998,98.080002,100.000000,100.000000,20500
2017-01-23,99.680000,100.559998,96.655998,97.760002,97.760002,21700
2017-01-24,98.080002,98.639999,94.559998,98.080002,98.080002,24300
2017-01-25,99.199997,100.879997,98.400002,100.000000,100.000000,23800
2017-01-26,99.919998,100.239998,96.879997,97.440002,97.440002,19700
2017-01-27,97.680000,98.080002,96.000000,96.160004,96.160004,13700
2017-01-30,96.160004,96.800003,92.720001,94.559998,94.559998,23500
2017-01-31,94.080002,98.400002,92.839996,98.000000,98.000000,78500
2017-02-01,98.720001,99.599998,97.519997,98.080002,98.080002,24400
2017-02-02,97.680000,99.000000,95.040001,95.680000,95.680000,36000
2017-02-03,102.000000,112.720001,98.320000,109.440002,109.440002,181400
2017-02-06,108.800003,108.959999,103.199997,103.760002,103.760002,57800
2017-02-07,104.480003,105.919998,102.639999,103.279999,103.279999,35800
2017-02-08,102.320000,105.440002,100.400002,103.120003,103.120003,69500
2017-02-09,103.792000,105.199997,102.480003,102.639999,102.639999,29500
2017-02-10,102.639999,103.680000,99.760002,101.360001,101.360001,39300
2017-02-13,101.440002,102.400002,88.080002,94.800003,94.800003,141200
2017-02-14,96.320000,97.120003,92.839996,93.919998,93.919998,65000
2017-02-15,96.239998,96.239998,89.360001,94.239998,94.239998,91600
2017-02-16,94.480003,97.120003,93.279999,96.720001,96.720001,113400
2017-02-17,96.639999,97.199997,94.720001,97.120003,97.120003,78400
2017-02-21,97.120003,97.199997,95.519997,96.879997,96.879997,91100
2017-02-22,96.800003,97.720001,96.080002,96.800003,96.800003,60600
2017-02-23,96.959999,97.279999,94.400002,94.720001,94.720001,66700
2017-02-24,94.080002,95.440002,90.639999,93.760002,93.760002,32600
2017-02-27,93.599998,101.239998,93.360001,100.879997,100.879997,54500
2017-02-28,100.559998,102.639999,99.760002,101.680000,101.680000,68500
2017-03-01,102.639999,104.239998,100.879997,104.000000,104.000000,61500
2017-03-02,104.000000,109.199997,102.959999,105.120003,105.120003,31400
2017-03-03,105.440002,106.879997,102.879997,104.480003,104.480003,19700
2017-03-06,104.400002,104.400002,101.360001,102.879997,102.879997,24300
2017-03-07,101.440002,104.720001,101.120003,103.199997,103.199997,32800
2017-03-08,103.360001,107.279999,103.120003,106.000000,106.000000,22900
2017-03-09,106.000000,107.440002,105.279999,107.360001,107.360001,23900
2017-03-10,108.239998,108.720001,105.519997,108.320000,108.320000,31600
2017-03-13,108.320000,109.680000,106.879997,109.599998,109.599998,15700
2017-03-14,109.919998,113.599998,107.360001,111.919998,111.919998,92000
2017-03-15,112.080002,122.400002,112.080002,121.440002,121.440002,69600
2017-03-16,121.440002,126.400002,120.160004,120.720001,120.720001,72500
2017-03-17,120.400002,126.400002,119.360001,124.800003,124.800003,45900
2017-03-20,124.800003,125.360001,119.639999,120.480003,120.480003,47300
2017-03-21,121.279999,122.047997,114.400002,114.480003,114.480003,36800
2017-03-22,115.120003,117.360001,111.919998,113.839996,113.839996,27500
2017-03-23,113.760002,118.559998,113.360001,118.000000,118.000000,23200
2017-03-24,117.839996,119.919998,116.879997,119.279999,119.279999,25600
2017-03-27,116.480003,121.040001,116.480003,118.720001,118.720001,23200
2017-03-28,118.639999,121.199997,116.959999,117.519997,117.519997,40000
2017-03-29,117.599998,120.800003,117.599998,119.599998,119.599998,26700
2017-03-30,119.839996,119.839996,116.400002,119.519997,119.519997,19200
2017-03-31,119.360001,119.919998,118.000000,119.519997,119.519997,17200
2017-04-03,120.000000,123.440002,119.199997,120.480003,120.480003,46800
2017-04-04,120.320000,123.040001,118.480003,122.400002,122.400002,64600
2017-04-05,122.800003,123.680000,118.959999,120.160004,120.160004,54300
2017-04-06,120.400002,121.519997,117.599998,119.519997,119.519997,54400
2017-04-07,119.199997,121.639999,118.320000,121.040001,121.040001,34400
2017-04-10,144.479996,158.800003,142.800003,148.320007,148.320007,588700
2017-04-11,156.000000,166.559998,155.520004,162.000000,162.000000,944600
2017-04-12,162.399994,170.639999,156.000000,158.399994,158.399994,201700
2017-04-13,158.080002,176.720001,157.600006,176.000000,176.000000,272700
2017-04-17,176.080002,179.199997,170.479996,172.000000,172.000000,175400
2017-04-18,171.520004,172.320007,165.199997,170.080002,170.080002,68800
2017-04-19,170.720001,175.520004,169.039993,173.919998,173.919998,114800
2017-04-20,177.520004,188.639999,172.639999,174.960007,174.960007,127900
2017-04-21,174.559998,177.016006,170.080002,172.320007,172.320007,91200
2017-04-24,175.759995,182.320007,174.376007,180.000000,180.000000,97100
2017-04-25,181.440002,186.960007,180.496002,184.720001,184.720001,63300
2017-04-26,185.199997,191.839996,182.960007,190.559998,190.559998,71600
2017-04-27,190.320007,195.919998,187.919998,194.800003,194.800003,75200
2017-04-28,194.720001,194.720001,190.399994,193.919998,193.919998,65000
2017-05-01,193.759995,197.039993,192.160004,196.800003,196.800003,34100
2017-05-02,197.440002,201.440002,192.320007,199.520004,199.520004,48600
2017-05-03,199.039993,200.800003,194.960007,197.919998,197.919998,30500
2017-05-04,198.720001,199.679993,189.520004,189.679993,189.679993,143100
2017-05-05,189.119995,191.160004,184.960007,189.839996,189.839996,278300
2017-05-08,189.679993,193.440002,185.679993,189.520004,189.520004,133100
2017-05-09,189.199997,192.479996,180.320007,183.279999,183.279999,81000
2017-05-10,182.720001,185.192001,178.720001,183.119995,183.119995,75000
2017-05-11,182.800003,185.360001,179.279999,181.600006,181.600006,36500
2017-05-12,182.000000,182.240005,177.199997,177.679993,177.679993,37400
2017-05-15,178.080002,180.960007,175.119995,175.199997,175.199997,46000
2017-05-16,175.679993,176.160004,168.800003,174.639999,174.639999,102400
2017-05-17,173.360001,177.679993,169.520004,171.279999,171.279999,86300
2017-05-18,170.559998,178.399994,170.559998,177.600006,177.600006,45100
2017-05-19,176.880005,182.479996,173.199997,174.080002,174.080002,50300
2017-05-22,173.919998,182.160004,173.119995,181.360001,181.360001,48600
2017-05-23,182.639999,185.360001,178.559998,183.279999,183.279999,70800
2017-05-24,182.960007,183.440002,178.895996,181.360001,181.360001,19100
2017-05-25,181.839996,183.279999,172.479996,173.679993,173.679993,48900
2017-05-26,174.399994,177.919998,170.240005,173.839996,173.839996,59600
2017-05-30,172.800003,173.600006,164.479996,167.039993,167.039993,48000
2017-05-31,167.039993,172.320007,164.080002,171.119995,171.119995,89900
2017-06-01,172.000000,178.720001,165.839996,177.919998,177.919998,87700
2017-06-02,179.279999,184.000000,177.119995,183.919998,183.919998,46900
2017-06-05,183.279999,183.919998,175.360001,179.360001,179.360001,26600
2017-06-06,178.880005,182.479996,174.880005,177.679993,177.679993,77400
2017-06-07,177.759995,181.024002,173.440002,180.399994,180.399994,61900
2017-06-08,181.199997,182.000000,176.240005,178.399994,178.399994,38900
2017-06-09,178.320007,182.000000,172.207993,175.440002,175.440002,33900
2017-06-12,175.199997,176.880005,167.199997,173.360001,173.360001,49100
2017-06-13,173.279999,181.839996,170.960007,180.080002,180.080002,64500
2017-06-14,180.960007,200.632004,180.960007,186.479996,186.479996,127500
2017-06-15,184.800003,186.240005,164.240005,165.759995,165.759995,118700
2017-06-16,164.880005,170.800003,160.960007,168.240005,168.240005,63900
2017-06-19,169.440002,175.119995,168.080002,172.160004,172.160004,41400
2017-06-20,173.039993,189.919998,170.520004,184.960007,184.960007,99100
2017-06-21,185.440002,193.360001,185.119995,190.399994,190.399994,72100
2017-06-22,191.199997,197.279999,187.199997,192.000000,192.000000,88900
2017-06-23,192.000000,192.000000,186.656006,190.960007,190.960007,106100
2017-06-26,191.199997,197.199997,188.160004,190.160004,190.160004,49400
2017-06-27,190.320007,190.320007,178.279999,179.279999,179.279999,59100
2017-06-28,181.039993,193.199997,178.479996,192.000000,192.000000,46800
2017-06-29,192.240005,193.759995,186.399994,189.679993,189.679993,26200
2017-06-30,190.559998,191.199997,184.720001,185.520004,185.520004,38300
2017-07-03,186.160004,187.839996,182.720001,185.119995,185.119995,25700
2017-07-05,185.919998,194.304001,183.119995,185.360001,185.360001,63500
2017-07-06,183.520004,187.039993,178.800003,183.199997,183.199997,68500
2017-07-07,183.520004,185.776001,179.199997,180.479996,180.479996,39300
2017-07-10,180.800003,181.119995,176.479996,176.800003,176.800003,65200
2017-07-11,180.479996,183.440002,176.000000,176.720001,176.720001,97300
2017-07-12,178.880005,190.240005,177.679993,189.039993,189.039993,95900
2017-07-13,188.479996,193.296005,185.559998,191.360001,191.360001,54400
2017-07-14,191.279999,211.919998,189.759995,194.240005,194.240005,142600
2017-07-17,194.080002,200.080002,188.720001,189.360001,189.360001,49700
2017-07-18,188.880005,190.479996,183.199997,184.240005,184.240005,37700
2017-07-19,185.199997,194.800003,184.000000,184.479996,184.479996,56900
2017-07-20,185.199997,185.199997,168.399994,172.320007,172.320007,121100
2017-07-21,173.600006,176.000000,166.960007,168.479996,168.479996,95600
2017-07-24,168.559998,186.720001,168.479996,185.600006,185.600006,137200
2017-07-25,186.479996,188.240005,173.919998,174.399994,174.399994,61300
2017-07-26,175.520004,177.919998,172.320007,175.759995,175.759995,56200
2017-07-27,175.919998,181.839996,172.320007,179.199997,179.199997,68500
2017-07-28,177.759995,188.240005,176.399994,184.880005,184.880005,54600
2017-07-31,184.080002,184.880005,180.000000,183.360001,183.360001,46000
2017-08-01,183.919998,188.160004,178.600006,184.960007,184.960007,41000
2017-08-02,184.960007,189.839996,180.960007,186.240005,186.240005,86000
2017-08-03,185.919998,189.112000,181.360001,184.639999,184.639999,44900
2017-08-04,184.479996,187.279999,182.800003,187.199997,187.199997,42700
2017-08-07,185.440002,187.039993,178.559998,183.119995,183.119995,106700
2017-08-08,183.199997,188.880005,176.520004,184.399994,184.399994,111500
2017-08-09,184.160004,184.399994,178.639999,180.639999,180.639999,44500
2017-08-10,178.559998,182.479996,174.800003,175.279999,175.279999,45900
2017-08-11,173.919998,181.759995,172.720001,178.160004,178.160004,64400
2017-08-14,179.759995,185.520004,178.800003,182.880005,182.880005,55100
2017-08-15,182.800003,185.839996,178.559998,181.039993,181.039993,45300
2017-08-16,181.039993,181.192001,173.000000,174.399994,174.399994,71000
2017-08-17,173.279999,176.320007,168.000000,168.399994,168.399994,46100
2017-08-18,166.320007,171.279999,164.160004,168.080002,168.080002,57900
2017-08-21,168.000000,168.679993,157.839996,159.839996,159.839996,90100
2017-08-22,160.880005,162.576004,156.399994,157.679993,157.679993,54100
2017-08-23,157.600006,159.839996,154.960007,157.199997,157.199997,35700
2017-08-24,157.199997,158.720001,153.600006,156.320007,156.320007,58500
2017-08-25,155.199997,160.479996,152.320007,156.399994,156.399994,72100
2017-08-28,157.440002,162.880005,156.399994,162.240005,162.240005,53200
2017-08-29,160.559998,161.039993,156.800003,159.119995,159.119995,130600
2017-08-30,158.399994,159.815994,151.279999,157.919998,157.919998,88700
2017-08-31,159.279999,161.199997,158.880005,160.000000,160.000000,70600
2017-09-01,160.000000,161.440002,157.759995,160.160004,160.160004,71400
2017-09-05,158.800003,167.919998,158.727997,162.800003,162.800003,73400
2017-09-06,172.639999,172.639999,155.119995,159.759995,159.759995,88300
2017-09-07,161.600006,170.000000,153.199997,168.639999,168.639999,125700
2017-09-08,169.199997,177.600006,162.960007,163.679993,163.679993,79700
2017-09-11,163.919998,174.240005,163.600006,172.639999,172.639999,82900
2017-09-12,174.240005,174.800003,156.800003,159.279999,159.279999,149000
2017-09-13,159.279999,164.000000,157.039993,158.639999,158.639999,90400
2017-09-14,159.199997,160.399994,152.320007,156.160004,156.160004,132900
2017-09-15,156.479996,170.800003,153.768005,170.720001,170.720001,148800
2017-09-18,170.399994,188.399994,169.839996,183.039993,183.039993,297200
2017-09-19,184.479996,195.679993,182.639999,194.160004,194.160004,158400
2017-09-20,197.119995,211.759995,191.440002,209.600006,209.600006,208500
2017-09-21,212.240005,222.320007,200.240005,208.639999,208.639999,227000
2017-09-22,215.839996,223.807999,198.768005,199.919998,199.919998,279200
2017-09-25,207.199997,210.160004,188.000000,194.000000,194.000000,217400
2017-09-26,50.959999,59.200001,49.040001,50.639999,50.639999,4707800
2017-09-27,53.200001,56.959999,52.383999,55.919998,55.919998,1497300
2017-09-28,56.000000,57.119999,52.080002,54.000000,54.000000,656800
2017-09-29,53.919998,55.520000,52.000000,55.040001,55.040001,488700
2017-10-02,54.880001,59.680000,53.360001,59.119999,59.119999,358600
2017-10-03,60.000000,64.080002,58.799999,60.240002,60.240002,460300
2017-10-04,60.000000,62.000000,58.400002,61.840000,61.840000,193600
2017-10-05,61.759998,64.000000,61.599998,63.360001,63.360001,203000
2017-10-06,63.360001,63.360001,56.160000,56.400002,56.400002,428900
2017-10-09,57.520000,57.599998,54.880001,56.720001,56.720001,268500
2017-10-10,57.119999,57.119999,53.759998,53.919998,53.919998,271600
2017-10-11,54.560001,54.560001,52.240002,52.320000,52.320000,312200
2017-10-12,52.160000,52.560001,50.160000,50.959999,50.959999,194800
2017-10-13,50.799999,51.439999,48.639999,49.439999,49.439999,215200
2017-10-16,49.599998,51.279999,48.959999,49.360001,49.360001,230500
2017-10-17,49.279999,51.040001,49.119999,50.080002,50.080002,127200
2017-10-18,50.400002,50.639999,44.080002,47.040001,47.040001,347800
2017-10-19,46.880001,47.759998,44.959999,46.400002,46.400002,187700
2017-10-20,46.400002,47.040001,45.200001,45.439999,45.439999,180200
2017-10-23,45.360001,46.216000,43.840000,44.080002,44.080002,214100
2017-10-24,43.759998,45.520000,43.688000,44.320000,44.320000,112300
2017-10-25,44.160000,45.040001,42.408001,43.439999,43.439999,166200
2017-10-26,43.279999,43.599998,40.639999,40.799999,40.799999,177600
2017-10-27,40.959999,41.840000,36.799999,41.040001,41.040001,271000
2017-10-30,40.959999,43.119999,40.647999,41.119999,41.119999,182700
2017-10-31,41.279999,42.959999,41.119999,41.919998,41.919998,124600
2017-11-01,42.000000,43.360001,41.279999,42.080002,42.080002,135300
2017-11-02,41.759998,42.240002,40.959999,41.759998,41.759998,101800
2017-11-03,40.400002,42.560001,37.759998,42.080002,42.080002,255900
2017-11-06,41.599998,43.759998,41.040001,43.200001,43.200001,142400
2017-11-07,43.200001,44.480000,41.680000,42.160000,42.160000,183200
2017-11-08,42.320000,42.959999,39.840000,40.000000,40.000000,143200
2017-11-09,39.599998,41.040001,38.480000,40.720001,40.720001,150600
2017-11-10,40.880001,44.007999,40.000000,42.720001,42.720001,123700
2017-11-13,42.320000,42.400002,40.080002,40.880001,40.880001,135900
2017-11-14,41.119999,41.599998,40.160000,41.279999,41.279999,72700
2017-11-15,41.040001,41.919998,39.439999,40.240002,40.240002,95500
2017-11-16,40.720001,41.520000,40.160000,40.240002,40.240002,55200
2017-11-17,40.639999,41.680000,39.680000,39.919998,39.919998,133800
2017-11-20,40.000000,43.119999,39.560001,43.040001,43.040001,169600
2017-11-21,43.200001,44.320000,42.000000,43.680000,43.680000,97000
2017-11-22,43.919998,45.759998,42.880001,45.200001,45.200001,126300
2017-11-24,45.119999,45.599998,43.119999,43.279999,43.279999,49100
2017-11-27,43.439999,44.599998,43.040001,43.200001,43.200001,83100
2017-11-28,43.520000,43.680000,42.080002,42.400002,42.400002,76100
2017-11-29,42.320000,44.063999,41.680000,42.400002,42.400002,73700
2017-11-30,42.639999,44.560001,42.639999,44.160000,44.160000,68000
2017-12-01,44.080002,44.480000,40.880001,43.200001,43.200001,100400
2017-12-04,43.599998,44.480000,42.959999,44.000000,44.000000,60400
2017-12-05,43.759998,44.639999,40.639999,40.959999,40.959999,109500
2017-12-06,40.880001,41.520000,38.959999,40.240002,40.240002,104800
2017-12-07,40.320000,40.880001,38.959999,40.160000,40.160000,100100
2017-12-08,40.639999,43.119999,40.480000,42.400002,42.400002,109300
2017-12-11,42.560001,43.967999,41.680000,42.160000,42.160000,86700
2017-12-12,42.160000,43.680000,41.759998,43.680000,43.680000,109200
2017-12-13,43.919998,45.599998,43.200001,44.799999,44.799999,144100
2017-12-14,44.720001,44.880001,42.400002,43.599998,43.599998,259300
2017-12-15,44.080002,44.400002,42.240002,42.400002,42.400002,409400
2017-12-18,42.480000,43.520000,41.119999,41.279999,41.279999,126100
2017-12-19,41.279999,43.200001,40.240002,41.439999,41.439999,176000
2017-12-20,41.439999,42.279999,40.959999,41.680000,41.680000,108500
2017-12-21,39.599998,41.759998,39.360001,41.279999,41.279999,192200
2017-12-22,40.959999,41.279999,39.599998,39.759998,39.759998,153700
2017-12-26,39.759998,42.720001,39.759998,42.639999,42.639999,128500
2017-12-27,42.560001,43.119999,41.680000,42.400002,42.400002,111500
2017-12-28,42.560001,42.720001,41.200001,42.400002,42.400002,114500
2017-12-29,42.639999,44.000000,41.520000,42.160000,42.160000,155900
2018-01-02,42.720001,43.840000,41.840000,42.480000,42.480000,116700
2018-01-03,42.480000,43.040001,41.279999,41.439999,41.439999,197100
2018-01-04,41.759998,43.040001,40.639999,41.919998,41.919998,122900
2018-01-05,42.240002,43.840000,42.080002,42.959999,42.959999,176400
2018-01-08,22.799999,23.440001,18.400000,18.480000,18.480000,1580800
2018-01-09,19.040001,19.200001,17.840000,19.040001,19.040001,951900
2018-01-10,19.440001,19.840000,18.000000,19.440001,19.440001,452900
2018-01-11,19.200001,19.351999,18.080000,18.160000,18.160000,307200
2018-01-12,17.920000,18.160000,16.480000,16.719999,16.719999,579700
2018-01-16,16.719999,17.120001,16.200001,16.879999,16.879999,257300
2018-01-17,17.040001,17.200001,16.320000,16.559999,16.559999,225300
2018-01-18,16.639999,16.799999,16.000000,16.480000,16.480000,113800
2018-01-19,16.400000,16.480000,16.000000,16.240000,16.240000,139800
2018-01-22,16.240000,17.600000,16.080000,17.600000,17.600000,378400
2018-01-23,17.520000,18.639999,17.280001,18.559999,18.559999,222700
2018-01-24,18.719999,19.032000,17.200001,17.840000,17.840000,194300
2018-01-25,17.840000,18.320000,17.200001,17.360001,17.360001,86900
2018-01-26,17.520000,17.680000,17.200001,17.280001,17.280001,74900
2018-01-29,17.200001,17.360001,17.200001,17.200001,17.200001,83300
2018-01-30,16.959999,17.040001,16.000000,16.559999,16.559999,230700
2018-01-31,16.719999,16.719999,16.080000,16.240000,16.240000,67300
2018-02-01,16.080000,16.480000,16.000000,16.240000,16.240000,90500
2018-02-02,16.160000,16.312000,15.040000,15.360000,15.360000,176500
2018-02-05,15.200000,16.879999,15.120000,15.840000,15.840000,285200
2018-02-06,15.600000,16.639999,15.200000,16.320000,16.320000,123200
2018-02-07,16.400000,16.600000,15.440000,16.000000,16.000000,87700
2018-02-08,16.000000,16.240000,15.360000,15.520000,15.520000,75000
2018-02-09,15.680000,15.808000,14.160000,15.280000,15.280000,152200
2018-02-12,12.320000,12.640000,11.760000,12.280000,12.280000,685000
2018-02-13,12.320000,14.560000,11.840000,14.480000,14.480000,240800
2018-02-14,14.320000,14.720000,12.800000,13.040000,13.040000,177500
2018-02-15,13.280000,13.600000,13.040000,13.480000,13.480000,95900
2018-02-16,13.520000,14.160000,13.360000,13.440000,13.440000,95600
2018-02-20,13.440000,14.000000,13.120000,13.280000,13.280000,74500
2018-02-21,13.360000,13.400000,12.800000,12.880000,12.880000,83400
2018-02-22,12.960000,13.040000,12.800000,12.960000,12.960000,33100
2018-02-23,12.960000,12.960000,11.440000,11.600000,11.600000,347600
2018-02-26,11.520000,12.800000,11.360000,12.560000,12.560000,169000
2018-02-27,12.480000,12.640000,11.624000,11.680000,11.680000,121900
2018-02-28,11.840000,12.400000,11.280000,11.520000,11.520000,88600
2018-03-01,11.440000,12.160000,11.200000,11.920000,11.920000,102700
2018-03-02,12.000000,12.720000,11.760000,12.320000,12.320000,127600
2018-03-05,12.240000,12.880000,12.080000,12.400000,12.400000,93700
2018-03-06,12.640000,12.640000,11.840000,12.640000,12.640000,89200
2018-03-07,12.400000,12.640000,12.120000,12.480000,12.480000,45700
2018-03-08,12.560000,12.960000,12.040000,12.720000,12.720000,66000
2018-03-09,12.800000,13.200000,12.400000,13.120000,13.120000,63300
2018-03-12,13.200000,13.520000,12.640000,12.800000,12.800000,125300
2018-03-13,12.640000,12.800000,11.920000,12.240000,12.240000,102100
2018-03-14,12.240000,12.320000,11.760000,12.000000,12.000000,73000
2018-03-15,11.920000,12.240000,11.360000,11.680000,11.680000,74200
2018-03-16,11.600000,12.320000,11.280000,12.080000,12.080000,91100
2018-03-19,12.000000,12.160000,11.440000,11.840000,11.840000,96200
2018-03-20,11.760000,12.000000,11.360000,11.680000,11.680000,61100
2018-03-21,11.680000,12.240000,11.680000,11.920000,11.920000,61300
2018-03-22,12.000000,12.000000,11.440000,11.600000,11.600000,71800
2018-03-23,11.680000,12.080000,11.280000,11.440000,11.440000,62100
2018-03-26,11.520000,11.760000,11.200000,11.280000,11.280000,92200
2018-03-27,11.200000,11.520000,10.960000,10.960000,10.960000,37500
2018-03-28,11.040000,11.200000,10.600000,10.800000,10.800000,63000
2018-03-29,10.800000,11.120000,10.560000,10.640000,10.640000,64000
2018-04-02,10.720000,10.800000,9.760000,9.840000,9.840000,107200
2018-04-03,9.840000,10.000000,9.200000,9.520000,9.520000,136900
2018-04-04,9.520000,10.320000,9.280000,10.040000,10.040000,75000
2018-04-05,10.080000,10.240000,9.520000,9.680000,9.680000,61100
2018-04-06,9.600000,10.000000,9.280000,9.360000,9.360000,31800
2018-04-09,9.520000,9.600000,9.120000,9.120000,9.120000,59500
2018-04-10,9.520000,9.600000,9.120000,9.200000,9.200000,58600
2018-04-11,9.200000,10.640000,9.200000,10.040000,10.040000,164800
2018-04-12,10.000000,10.400000,9.920000,10.080000,10.080000,58100
2018-04-13,10.080000,10.240000,9.360000,9.520000,9.520000,49200
2018-04-16,9.520000,9.600000,9.200000,9.360000,9.360000,52600
2018-04-17,9.360000,9.680000,9.280000,9.440000,9.440000,41900
2018-04-18,9.520000,9.680000,9.200000,9.200000,9.200000,49200
2018-04-19,9.200000,9.360000,8.880000,8.960000,8.960000,63200
2018-04-20,8.960000,8.960000,8.480000,8.640000,8.640000,90100
2018-04-23,8.640000,8.872000,8.160000,8.400000,8.400000,46400
2018-04-24,8.400000,8.880000,8.160000,8.640000,8.640000,56100
2018-04-25,8.720000,8.952000,8.240000,8.560000,8.560000,29500
2018-04-26,8.640000,8.960000,8.400000,8.800000,8.800000,53900
2018-04-27,8.960000,9.200000,8.640000,8.880000,8.880000,43100
2018-04-30,8.800000,9.200000,8.560000,8.560000,8.560000,25900
2018-05-01,8.640000,8.640000,8.240000,8.400000,8.400000,42100
2018-05-02,8.400000,9.120000,8.320000,9.040000,9.040000,49000
2018-05-03,9.040000,9.120000,8.560000,8.680000,8.680000,43100
2018-05-04,8.720000,8.960000,8.720000,8.880000,8.880000,20700
2018-05-07,8.880000,11.976000,8.728000,11.200000,11.200000,484000
2018-05-08,10.800000,10.800000,9.040000,9.120000,9.120000,203000
2018-05-09,9.520000,10.720000,9.224000,10.640000,10.640000,149900
2018-05-10,10.560000,10.560000,9.280000,9.360000,9.360000,115800
2018-05-11,9.520000,9.760000,9.360000,9.600000,9.600000,63900
2018-05-14,9.680000,10.240000,9.440000,9.840000,9.840000,35800
2018-05-15,9.920000,9.920000,9.200000,9.360000,9.360000,85300
2018-05-16,9.360000,10.080000,9.360000,9.920000,9.920000,57400
2018-05-17,9.920000,9.920000,9.520000,9.840000,9.840000,38200
2018-05-18,9.920000,10.600000,9.704000,10.400000,10.400000,97200
2018-05-21,10.480000,11.200000,9.520000,9.760000,9.760000,122100
2018-05-22,9.680000,10.320000,9.600000,9.840000,9.840000,55800
2018-05-23,9.920000,10.160000,9.680000,9.840000,9.840000,34000
2018-05-24,9.920000,9.952000,9.440000,9.600000,9.600000,49300
2018-05-25,9.600000,9.760000,9.600000,9.640000,9.640000,22100
2018-05-29,9.760000,13.160000,9.600000,11.920000,11.920000,821800
2018-05-30,11.920000,14.400000,11.440000,11.600000,11.600000,705400
2018-05-31,12.640000,14.160000,11.680000,13.520000,13.520000,405100
2018-06-01,13.840000,16.799999,13.360000,15.360000,15.360000,894700
2018-06-04,15.360000,16.799999,13.600000,13.920000,13.920000,443200
2018-06-05,13.680000,15.040000,13.600000,14.000000,14.000000,143000
2018-06-06,29.280001,37.096001,26.160000,36.400002,36.400002,14208800
2018-06-07,46.799999,52.720001,37.279999,38.400002,38.400002,10821800
2018-06-08,39.680000,41.759998,34.639999,38.400002,38.400002,3338000
2018-06-11,39.759998,41.360001,38.080002,40.080002,40.080002,1989900
2018-06-12,38.959999,39.520000,32.080002,32.799999,32.799999,1258900
2018-06-13,31.680000,34.400002,30.719999,32.639999,32.639999,1080800
2018-06-14,32.560001,33.119999,29.200001,29.920000,29.920000,621000
2018-06-15,29.600000,30.879999,28.879999,30.320000,30.320000,434700
2018-06-18,30.959999,30.959999,27.200001,27.360001,27.360001,575100
2018-06-19,26.879999,26.879999,21.520000,23.200001,23.200001,1190500
2018-06-20,23.360001,24.000000,22.400000,22.559999,22.559999,309000
2018-06-21,22.400000,23.120001,21.200001,21.360001,21.360001,390600
2018-06-22,21.760000,21.760000,19.200001,19.280001,19.280001,847700
2018-06-25,18.559999,22.879999,18.400000,20.559999,20.559999,954400
2018-06-26,20.080000,21.112000,18.240000,18.559999,18.559999,523000
2018-06-27,18.639999,20.160000,18.400000,18.719999,18.719999,292000
2018-06-28,18.320000,18.719999,16.559999,18.000000,18.000000,339900
2018-06-29,18.080000,19.600000,18.000000,18.080000,18.080000,291300
2018-07-02,18.000000,19.120001,16.879999,18.959999,18.959999,251900
2018-07-03,19.120001,22.280001,18.488001,21.440001,21.440001,473100
2018-07-05,22.000000,24.320000,20.280001,20.639999,20.639999,721800
2018-07-06,20.799999,21.120001,19.600000,20.480000,20.480000,250900
2018-07-09,24.000000,24.016001,20.639999,21.120001,21.120001,699100
2018-07-10,20.719999,21.040001,19.000000,19.840000,19.840000,403500
2018-07-11,19.280001,21.200001,18.959999,21.040001,21.040001,223600
2018-07-12,21.360001,21.520000,19.600000,20.000000,20.000000,223000
2018-07-13,20.000000,21.920000,19.760000,21.360001,21.360001,343200
2018-07-16,21.440001,21.680000,19.440001,19.680000,19.680000,217500
2018-07-17,19.760000,21.280001,19.440001,19.760000,19.760000,277100
2018-07-18,19.840000,20.000000,19.040001,19.200001,19.200001,172200
2018-07-19,19.200001,20.799999,19.128000,20.559999,20.559999,201400
2018-07-20,20.879999,20.959999,19.600000,19.680000,19.680000,135200
2018-07-23,19.760000,20.040001,19.200001,19.520000,19.520000,95300
2018-07-24,19.520000,20.000000,19.200001,19.280001,19.280001,123900
2018-07-25,19.280001,19.520000,18.559999,19.040001,19.040001,129900
2018-07-26,19.120001,19.120001,18.320000,18.480000,18.480000,120900
2018-07-27,18.400000,18.799999,17.200001,17.440001,17.440001,168500
2018-07-30,17.440001,17.840000,16.160000,16.400000,16.400000,165300
2018-07-31,16.559999,17.280001,16.080000,17.040001,17.040001,125600
2018-08-01,16.879999,17.200001,16.320000,16.799999,16.799999,98900
2018-08-02,16.719999,17.120001,16.400000,17.120001,17.120001,68900
2018-08-03,17.040001,17.120001,16.559999,16.719999,16.719999,90600
2018-08-06,16.639999,17.440001,16.400000,16.799999,16.799999,72600
2018-08-07,16.799999,17.200001,16.400000,16.639999,16.639999,80300
2018-08-08,16.480000,16.920000,15.496000,16.799999,16.799999,190200
2018-08-09,16.080000,17.040001,16.080000,16.320000,16.320000,111700
2018-08-10,16.400000,16.959999,16.240000,16.559999,16.559999,70600
2018-08-13,16.559999,16.639999,16.000000,16.559999,16.559999,77200
2018-08-14,16.799999,17.120001,16.360001,16.799999,16.799999,92500
2018-08-15,16.719999,16.799999,16.000000,16.160000,16.160000,156100
2018-08-16,16.080000,16.559999,16.000000,16.400000,16.400000,54800
2018-08-17,16.400000,16.559999,16.320000,16.400000,16.400000,38000
2018-08-20,16.480000,16.480000,16.000000,16.080000,16.080000,93300
2018-08-21,16.000000,18.480000,15.840000,18.400000,18.400000,211300
2018-08-22,18.400000,19.040001,17.840000,18.480000,18.480000,103700
2018-08-23,18.400000,19.431999,18.160000,18.559999,18.559999,148700
2018-08-24,18.559999,19.160000,17.959999,18.400000,18.400000,66500
2018-08-27,18.400000,18.431999,17.600000,18.000000,18.000000,66900
2018-08-28,17.920000,18.000000,17.120001,17.920000,17.920000,90400
2018-08-29,17.920000,19.760000,17.680000,19.360001,19.360001,207200
2018-08-30,19.520000,19.992001,19.200001,19.680000,19.680000,118500
2018-08-31,19.680000,20.000000,19.360001,20.000000,20.000000,106900
2018-09-04,20.000000,20.639999,19.200001,19.360001,19.360001,155400
2018-09-05,19.200001,20.240000,18.912001,19.600000,19.600000,78700
2018-09-06,19.600000,19.920000,18.240000,18.559999,18.559999,86600
2018-09-07,18.400000,19.200001,17.600000,17.680000,17.680000,71700
2018-09-10,17.920000,18.160000,16.719999,16.799999,16.799999,115000
2018-09-11,16.719999,17.120001,16.160000,16.240000,16.240000,96500
2018-09-12,16.400000,16.799999,15.440000,16.559999,16.559999,117300
2018-09-13,16.799999,16.879999,15.840000,15.920000,15.920000,73100
2018-09-14,15.840000,16.799999,15.792000,16.480000,16.480000,60400
2018-09-17,16.480000,16.719999,15.280000,15.440000,15.440000,111200
2018-09-18,15.440000,16.879999,15.368000,16.719999,16.719999,86800
2018-09-19,16.639999,17.160000,16.320000,16.719999,16.719999,47400
2018-09-20,16.799999,17.320000,16.559999,16.879999,16.879999,58100
2018-09-21,16.959999,18.480000,16.559999,18.240000,18.240000,115900
2018-09-24,18.000000,18.639999,17.120001,17.760000,17.760000,94100
2018-09-25,17.760000,19.200001,17.600000,18.719999,18.719999,120500
2018-09-26,18.799999,19.799999,18.559999,19.360001,19.360001,77600
2018-09-27,19.280001,19.280001,17.920000,18.080000,18.080000,61300
2018-09-28,17.920000,19.480000,17.888000,19.360001,19.360001,66500
2018-10-01,19.360001,19.600000,18.160000,18.240000,18.240000,56900
2018-10-02,18.160000,18.719999,18.080000,18.559999,18.559999,33000
2018-10-03,18.639999,18.879999,18.160000,18.240000,18.240000,25100
2018-10-04,18.160000,18.240000,16.799999,16.799999,16.799999,68800
2018-10-05,16.879999,17.360001,16.080000,16.639999,16.639999,56100
2018-10-08,16.400000,17.271999,16.120001,16.320000,16.320000,42400
2018-10-09,16.160000,18.000000,16.160000,17.600000,17.600000,133400
2018-10-10,17.600000,17.920000,16.639999,16.719999,16.719999,94600
2018-10-11,16.639999,18.160000,16.240000,17.200001,17.200001,145100
2018-10-12,17.440001,19.040001,17.360001,18.719999,18.719999,181100
2018-10-15,19.040001,19.600000,17.760000,18.959999,18.959999,123900
2018-10-16,19.280001,20.320000,18.719999,19.520000,19.520000,188000
2018-10-17,19.520000,20.799999,18.719999,20.240000,20.240000,182500
2018-10-18,19.920000,19.920000,18.080000,18.719999,18.719999,128100
2018-10-19,18.879999,18.879999,17.200001,17.280001,17.280001,56100
2018-10-22,17.280001,17.920000,16.400000,16.879999,16.879999,69200
2018-10-23,16.320000,17.040001,16.240000,16.799999,16.799999,75900
2018-10-24,16.719999,17.040001,15.760000,15.840000,15.840000,86700
2018-10-25,16.799999,16.879999,16.000000,16.160000,16.160000,82800
2018-10-26,16.000000,17.120001,15.680000,16.400000,16.400000,72200
2018-10-29,16.480000,16.639999,14.880000,15.440000,15.440000,82400
2018-10-30,15.440000,15.920000,14.880000,15.360000,15.360000,45700
2018-10-31,15.360000,15.600000,14.800000,14.960000,14.960000,86400
2018-11-01,15.040000,17.440001,15.040000,16.799999,16.799999,137100
2018-11-02,16.799999,17.152000,15.920000,16.639999,16.639999,44400
2018-11-05,16.639999,16.799999,15.920000,16.160000,16.160000,32400
2018-11-06,15.840000,16.775999,15.600000,16.240000,16.240000,36000
2018-11-07,16.559999,16.639999,15.840000,16.400000,16.400000,48100
2018-11-08,15.840000,17.200001,15.840000,17.120001,17.120001,78400
2018-11-09,17.040001,17.200001,16.080000,16.639999,16.639999,54200
2018-11-12,16.639999,16.879999,15.520000,15.600000,15.600000,61600
2018-11-13,15.600000,16.480000,15.360000,15.600000,15.600000,49900
2018-11-14,15.600000,15.760000,15.200000,15.200000,15.200000,57800
2018-11-15,15.200000,16.080000,15.200000,15.360000,15.360000,61500
2018-11-16,15.360000,16.080000,15.200000,16.000000,16.000000,65100
2018-11-19,15.840000,15.840000,15.040000,15.120000,15.120000,50700
2018-11-20,14.640000,14.960000,14.000000,14.320000,14.320000,90300
2018-11-21,14.640000,15.600000,14.320000,15.600000,15.600000,47900
2018-11-23,15.440000,15.600000,14.480000,14.560000,14.560000,22500
2018-11-26,14.720000,15.600000,14.720000,15.360000,15.360000,72900
2018-11-27,15.280000,15.280000,14.400000,14.480000,14.480000,47100
2018-11-28,14.560000,14.960000,14.320000,14.880000,14.880000,34000
2018-11-29,14.800000,15.040000,14.160000,14.560000,14.560000,33700
2018-11-30,14.640000,14.640000,14.160000,14.480000,14.480000,28400
2018-12-03,14.640000,14.800000,14.080000,14.240000,14.240000,51100
2018-12-04,14.080000,14.160000,13.120000,13.200000,13.200000,91200
2018-12-06,13.200000,14.240000,12.480000,14.160000,14.160000,77600
2018-12-07,14.160000,14.240000,13.440000,13.680000,13.680000,33100
2018-12-10,10.400000,10.400000,9.680000,9.920000,9.920000,332000
2018-12-11,9.840000,10.240000,9.680000,9.920000,9.920000,96000
2018-12-12,10.000000,10.320000,9.120000,9.680000,9.680000,136400
2018-12-13,9.600000,9.840000,8.960000,9.040000,9.040000,186000
2018-12-14,7.600000,8.840000,7.440000,8.080000,8.080000,541800
2018-12-17,9.280000,10.640000,8.800000,9.200000,9.200000,474300
2018-12-18,9.120000,9.520000,8.160000,8.480000,8.480000,204400
2018-12-19,8.720000,9.200000,8.480000,8.560000,8.560000,115900
2018-12-20,8.800000,9.440000,8.160000,8.400000,8.400000,248000
2018-12-21,8.400000,8.400000,7.600000,7.928000,7.928000,224400
2018-12-24,7.600000,8.000000,7.440000,7.520000,7.520000,52800
2018-12-26,7.760000,7.928000,7.576000,7.800000,7.800000,156400
2018-12-27,7.760000,8.000000,7.496000,7.960000,7.960000,153700
2018-12-28,7.984000,8.080000,7.760000,7.960000,7.960000,120600
2018-12-31,7.912000,8.160000,7.880000,7.968000,7.968000,104000
2019-01-02,7.840000,8.720000,7.800000,8.680000,8.680000,151800
2019-01-03,8.560000,8.640000,8.240000,8.400000,8.400000,59200
2019-01-04,8.560000,8.800000,8.320000,8.640000,8.640000,90200
2019-01-07,9.040000,10.080000,8.800000,8.960000,8.960000,436400
2019-01-08,9.200000,9.464000,8.472000,8.560000,8.560000,219200
2019-01-09,8.800000,9.200000,8.560000,9.120000,9.120000,145300
2019-01-10,8.880000,9.680000,8.720000,9.200000,9.200000,235900
2019-01-11,9.200000,9.680000,8.800000,8.880000,8.880000,187800
2019-01-14,8.960000,8.960000,8.320000,8.400000,8.400000,291400
2019-01-15,8.480000,8.880000,8.320000,8.640000,8.640000,186900
2019-01-16,8.720000,8.840000,8.560000,8.800000,8.800000,110700
2019-01-17,8.720000,8.816000,8.000000,8.160000,8.160000,127600
2019-01-18,8.240000,8.400000,7.848000,8.080000,8.080000,156500
2019-01-22,8.000000,8.240000,7.520000,7.680000,7.680000,274500
2019-01-23,7.792000,7.960000,7.440000,7.680000,7.680000,137700
2019-01-24,7.736000,7.760000,7.448000,7.720000,7.720000,220600
2019-01-25,7.736000,8.160000,7.680000,8.160000,8.160000,105100
2019-01-28,8.000000,8.200000,7.840000,7.976000,7.976000,94700
2019-01-29,8.000000,8.240000,7.840000,8.080000,8.080000,78400
2019-01-30,8.160000,8.240000,8.000000,8.240000,8.240000,49600
2019-01-31,8.320000,8.720000,8.320000,8.400000,8.400000,131900
2019-02-01,8.400000,8.880000,8.240000,8.880000,8.880000,127200
2019-02-04,8.800000,9.360000,8.640000,9.280000,9.280000,163400
2019-02-05,9.360000,9.680000,9.120000,9.360000,9.360000,154600
2019-02-06,9.520000,10.960000,9.280000,10.800000,10.800000,443200
2019-02-07,10.800000,10.800000,9.520000,9.760000,9.760000,347100
2019-02-08,9.840000,10.120000,9.200000,10.000000,10.000000,156500
2019-02-11,10.160000,10.720000,9.680000,10.400000,10.400000,195100
2019-02-12,10.560000,11.360000,10.240000,10.320000,10.320000,315100
2019-02-13,10.400000,10.480000,9.600000,9.760000,9.760000,347900
2019-02-14,10.160000,10.160000,9.200000,9.280000,9.280000,250900
2019-02-15,9.840000,10.000000,9.360000,9.520000,9.520000,208200
2019-02-19,9.600000,9.920000,9.520000,9.600000,9.600000,80900
2019-02-20,9.600000,9.760000,9.360000,9.440000,9.440000,103100
2019-02-21,9.360000,9.760000,9.360000,9.520000,9.520000,77500
2019-02-22,9.760000,10.400000,9.520000,10.400000,10.400000,159000
2019-02-25,10.560000,11.360000,9.600000,10.720000,10.720000,623500
2019-02-26,10.800000,10.800000,10.400000,10.640000,10.640000,98200
2019-02-27,10.560000,11.200000,10.480000,11.040000,11.040000,129900
2019-02-28,11.120000,11.200000,10.520000,10.640000,10.640000,103800
2019-03-01,10.560000,10.960000,10.488000,10.720000,10.720000,99600
2019-03-04,10.880000,11.600000,10.480000,11.200000,11.200000,310700
2019-03-05,11.280000,11.360000,10.800000,10.960000,10.960000,117400
2019-03-06,10.880000,10.960000,10.080000,10.560000,10.560000,137400
2019-03-07,10.720000,11.512000,10.480000,11.280000,11.280000,412100
2019-03-08,11.280000,12.080000,10.960000,11.840000,11.840000,3261200
2019-03-11,16.959999,19.600000,13.440000,13.520000,13.520000,38375300
2019-03-12,14.720000,15.136000,12.880000,14.160000,14.160000,5195100
2019-03-13,14.320000,14.480000,13.280000,14.000000,14.000000,3214500
2019-03-14,11.840000,12.240000,11.280000,11.360000,11.360000,12849900
2019-03-15,11.680000,12.000000,11.120000,11.360000,11.360000,4214900
2019-03-18,11.440000,11.520000,10.960000,11.120000,11.120000,2498000
2019-03-19,11.200000,11.280000,10.800000,11.200000,11.200000,3653800
2019-03-20,11.520000,11.920000,11.360000,11.440000,11.440000,2160600
2019-03-21,11.440000,11.680000,11.120000,11.520000,11.520000,1215500
2019-03-22,11.360000,11.520000,10.880000,11.120000,11.120000,1365300
2019-03-25,11.120000,11.264000,10.560000,10.880000,10.880000,1209900
2019-03-26,10.960000,11.040000,10.760000,10.960000,10.960000,960300
2019-03-27,11.040000,11.120000,10.240000,10.800000,10.800000,2856500
2019-03-28,11.120000,11.208000,10.560000,10.960000,10.960000,1593200
2019-03-29,11.120000,11.120000,10.480000,10.640000,10.640000,1373200
2019-04-01,10.720000,10.800000,10.080000,10.080000,10.080000,1879000
2019-04-02,10.080000,10.560000,9.600000,10.480000,10.480000,1825800
2019-04-03,10.560000,10.560000,9.920000,10.000000,10.000000,1598600
2019-04-04,10.160000,10.344000,9.760000,10.000000,10.000000,1223900
2019-04-05,9.200000,9.680000,9.200000,9.520000,9.520000,2978600
2019-04-08,9.600000,9.600000,8.960000,9.360000,9.360000,984100
2019-04-09,9.280000,9.360000,8.960000,9.120000,9.120000,1479700
2019-04-10,9.040000,9.360000,8.720000,8.720000,8.720000,1139200
2019-04-11,8.800000,8.952000,8.480000,8.560000,8.560000,1271400
2019-04-12,8.960000,9.120000,8.640000,8.640000,8.640000,987200
2019-04-15,8.640000,8.800000,8.240000,8.480000,8.480000,894000
2019-04-16,8.640000,8.880000,8.480000,8.480000,8.480000,669600
2019-04-17,8.480000,8.560000,8.080000,8.320000,8.320000,1178700
2019-04-18,8.320000,8.800000,8.240000,8.800000,8.800000,646900
2019-04-22,8.800000,9.040000,8.480000,8.840000,8.840000,638000
2019-04-23,8.880000,9.200000,8.720000,9.200000,9.200000,768700
2019-04-24,9.120000,9.360000,8.960000,9.280000,9.280000,525400
2019-04-25,9.200000,9.200000,8.480000,8.640000,8.640000,845400
2019-04-26,8.560000,9.120000,8.560000,9.120000,9.120000,586900
2019-04-29,9.120000,9.600000,9.040000,9.120000,9.120000,1021200
2019-04-30,8.880000,9.040000,8.640000,8.800000,8.800000,580800
2019-05-01,8.720000,9.280000,8.696000,8.800000,8.800000,472100
2019-05-02,8.720000,9.360000,8.480000,9.080000,9.080000,2272600
2019-05-03,8.960000,9.360000,8.960000,9.040000,9.040000,670900
2019-05-06,9.120000,9.200000,8.720000,9.120000,9.120000,689500
2019-05-07,9.120000,9.120000,8.560000,8.720000,8.720000,797100
2019-05-08,8.720000,8.720000,8.720000,8.720000,8.720000,356000
2019-05-09,8.750000,8.870000,8.040000,8.650000,8.650000,313300
2019-05-10,8.590000,8.840000,8.325000,8.410000,8.410000,185300
2019-05-13,8.310000,8.400000,7.520000,7.770000,7.770000,297800
2019-05-14,7.900000,8.350000,7.770000,8.030000,8.030000,175300
2019-05-15,8.020000,8.375000,7.890000,7.950000,7.950000,93600
2019-05-16,7.970000,8.000000,7.500000,7.580000,7.580000,289900
2019-05-17,7.580000,7.615000,7.200000,7.390000,7.390000,316000
2019-05-20,7.550000,7.880000,7.160000,7.380000,7.380000,257100
2019-05-21,7.450000,7.900000,7.220000,7.700000,7.700000,176800
2019-05-22,7.720000,7.740000,7.000000,7.500000,7.500000,473100
2019-05-23,7.380000,7.620000,7.170000,7.520000,7.520000,232200
2019-05-24,7.530000,7.650000,7.000000,7.190000,7.190000,396800
2019-05-28,7.190000,7.284000,7.000000,7.030000,7.030000,268100
2019-05-29,7.040000,7.040000,6.600000,6.890000,6.890000,257500
2019-05-30,6.810000,7.380000,6.695000,6.990000,6.990000,480200
2019-05-31,6.940000,7.000000,6.510000,6.600000,6.600000,446400
2019-06-03,6.560000,6.880000,6.420000,6.810000,6.810000,209700
2019-06-04,6.820000,6.830000,6.510000,6.810000,6.810000,179400
2019-06-05,6.820000,6.850000,6.500000,6.810000,6.810000,154700
2019-06-06,6.970000,6.970000,5.590000,5.690000,5.690000,1428400
2019-06-07,5.700000,5.700000,4.450000,4.480000,4.480000,1437300
2019-06-10,4.490000,4.580000,3.950000,4.020000,4.020000,631100
2019-06-11,4.060000,4.080000,3.810000,3.940000,3.940000,592900
2019-06-12,4.250000,4.260000,3.850000,4.180000,4.180000,915400
2019-06-13,4.270000,4.930000,4.090000,4.850000,4.850000,757300
2019-06-14,4.810000,5.450000,4.800000,5.120000,5.120000,714300
2019-06-17,5.210000,5.640000,4.980000,5.520000,5.520000,337900
2019-06-18,5.780000,5.900000,5.600000,5.610000,5.610000,363100
2019-06-19,5.650000,5.715000,5.400000,5.580000,5.580000,209200
2019-06-20,5.750000,5.910000,5.550000,5.790000,5.790000,250800
2019-06-21,7.260000,8.520000,6.530000,6.860000,6.860000,19777600
2019-06-24,6.500000,6.650000,6.000000,6.410000,6.410000,1184100
2019-06-25,6.350000,6.500000,6.089000,6.390000,6.390000,323000
2019-06-26,6.380000,6.500000,6.010000,6.130000,6.130000,508000
2019-06-27,6.100000,6.390000,5.900000,6.190000,6.190000,301400
2019-06-28,6.190000,6.280000,5.960000,6.230000,6.230000,307000
2019-07-01,6.210000,6.480000,6.050000,6.420000,6.420000,284300
2019-07-02,6.400000,6.410000,6.140000,6.290000,6.290000,145000
2019-07-03,6.280000,6.620000,6.140000,6.550000,6.550000,139900
2019-07-05,6.560000,6.950000,6.350000,6.420000,6.420000,255000
2019-07-08,6.340000,6.390000,6.020000,6.240000,6.240000,173100
2019-07-09,6.200000,6.510000,6.171000,6.430000,6.430000,139700
2019-07-10,6.440000,6.630000,6.251000,6.630000,6.630000,422000
2019-07-11,6.670000,7.940000,6.670000,7.330000,7.330000,1227000
2019-07-12,7.450000,7.550000,7.160000,7.380000,7.380000,815500
2019-07-15,7.430000,7.480000,7.250000,7.360000,7.360000,270700
2019-07-16,7.360000,7.780000,7.360000,7.600000,7.600000,205300
2019-07-17,7.660000,7.880000,7.410000,7.470000,7.470000,246100
2019-07-18,7.420000,7.820000,7.270000,7.670000,7.670000,223400
2019-07-19,7.650000,7.787000,7.030000,7.090000,7.090000,342700
2019-07-22,7.090000,7.230000,6.420000,6.580000,6.580000,537400
2019-07-23,6.590000,6.910000,6.260000,6.350000,6.350000,301500
2019-07-24,6.290000,6.700000,6.230000,6.700000,6.700000,153100
2019-07-25,6.640000,6.660000,6.250000,6.390000,6.390000,117200
2019-07-26,6.390000,6.660000,6.390000,6.570000,6.570000,90700
2019-07-29,6.510000,6.720000,6.380000,6.670000,6.670000,74400
2019-07-30,6.610000,7.180000,6.530000,7.160000,7.160000,109400
2019-07-31,7.150000,7.155000,6.910000,6.940000,6.940000,92700
2019-08-01,6.960000,7.240000,6.700000,6.970000,6.970000,318700
2019-08-02,6.890000,6.945000,6.330000,6.530000,6.530000,170300
2019-08-05,6.340000,6.450000,6.010000,6.430000,6.430000,183200
2019-08-06,6.470000,6.660000,6.130000,6.300000,6.300000,87400
2019-08-07,6.250000,6.470000,6.010000,6.310000,6.310000,66100
2019-08-08,6.290000,6.950000,6.246000,6.610000,6.610000,419300
2019-08-09,6.430000,6.770000,6.220000,6.330000,6.330000,211300
2019-08-12,6.790000,7.280000,6.520000,6.570000,6.570000,427300
2019-08-13,6.600000,7.050000,6.525000,6.790000,6.790000,119600
2019-08-14,6.750000,6.890000,6.500000,6.760000,6.760000,229400
2019-08-15,6.720000,6.760000,6.380000,6.620000,6.620000,120300
2019-08-16,6.680000,6.950000,6.450000,6.920000,6.920000,107600
2019-08-19,7.000000,7.210000,6.730000,6.730000,6.730000,134500
2019-08-20,6.770000,7.000000,6.550000,6.620000,6.620000,74100
2019-08-21,6.650000,6.865000,6.650000,6.680000,6.680000,85200
2019-08-22,6.720000,6.890000,6.560000,6.760000,6.760000,53800
2019-08-23,6.650000,6.840000,6.350000,6.420000,6.420000,114800
2019-08-26,6.400000,6.650000,6.240000,6.620000,6.620000,76900
2019-08-27,6.610000,6.670000,6.240000,6.380000,6.380000,102700
2019-08-28,6.320000,6.780000,6.320000,6.680000,6.680000,80200
2019-08-29,6.710000,7.060000,6.680000,7.040000,7.040000,127300
2019-08-30,7.030000,7.070000,6.890000,7.030000,7.030000,109800
2019-09-03,6.810000,7.150000,6.620000,6.660000,6.660000,82900
2019-09-04,6.660000,7.000000,6.640000,6.750000,6.750000,48900
2019-09-05,6.830000,7.205000,6.660000,7.050000,7.050000,92800
2019-09-06,7.090000,7.280000,6.880000,7.040000,7.040000,103300
2019-09-09,6.990000,7.320000,6.900000,7.100000,7.100000,41600
2019-09-10,7.110000,7.700000,6.910000,7.530000,7.530000,224200
2019-09-11,7.570000,7.890000,7.400000,7.740000,7.740000,159400
2019-09-12,7.700000,7.700000,7.342000,7.620000,7.620000,63900
2019-09-13,7.540000,7.820000,7.350000,7.690000,7.690000,67100
2019-09-16,7.750000,8.050000,7.450000,7.500000,7.500000,186500
2019-09-17,7.610000,8.080000,7.220000,7.860000,7.860000,123500
2019-09-18,7.830000,7.980000,7.630000,7.630000,7.630000,74500
2019-09-19,7.650000,7.870000,7.457000,7.530000,7.530000,34400
2019-09-20,7.500000,7.910000,7.400000,7.770000,7.770000,126500
2019-09-23,7.800000,8.000000,7.500000,7.650000,7.650000,68300
2019-09-24,7.770000,7.780000,7.100000,7.200000,7.200000,87600
2019-09-25,7.210000,7.320000,6.947000,6.980000,6.980000,67200
2019-09-26,6.950000,7.038000,6.468000,6.580000,6.580000,114300
2019-09-27,6.530000,6.980000,6.490000,6.610000,6.610000,69700
2019-09-30,6.420000,6.580000,6.300000,6.460000,6.460000,113300
2019-10-01,6.460000,6.600000,5.810000,5.920000,5.920000,172300
2019-10-02,5.870000,6.043000,5.590000,5.920000,5.920000,59300
2019-10-03,5.910000,6.120000,5.790000,6.100000,6.100000,34300
2019-10-04,6.210000,6.250000,5.675000,6.040000,6.040000,71200
2019-10-07,6.080000,6.110000,5.760000,5.860000,5.860000,58700
2019-10-08,5.880000,6.110000,5.540000,5.890000,5.890000,175800
2019-10-09,5.880000,5.880000,5.600000,5.660000,5.660000,73600
2019-10-10,5.610000,6.095000,5.550000,5.980000,5.980000,126600
2019-10-11,5.950000,6.000000,5.650000,5.720000,5.720000,82400
2019-10-14,5.610000,5.950000,5.600000,5.690000,5.690000,151600
2019-10-15,5.730000,5.915000,5.640000,5.770000,5.770000,138900
2019-10-16,5.660000,5.850000,5.600000,5.680000,5.680000,34700
2019-10-17,5.650000,5.729000,5.530000,5.610000,5.610000,87200
2019-10-18,5.550000,5.600000,5.200000,5.280000,5.280000,98200
2019-10-21,5.300000,5.351000,5.180000,5.300000,5.300000,59700
2019-10-22,5.520000,5.630000,5.410000,5.520000,5.520000,169000
2019-10-23,5.910000,6.590000,5.800000,6.510000,6.510000,343200
2019-10-24,6.600000,6.920000,6.280000,6.295000,6.295000,224200
2019-10-25,6.320000,6.580000,6.250000,6.290000,6.290000,38700
2019-10-28,6.360000,6.720000,6.360000,6.460000,6.460000,65800
2019-10-29,6.500000,6.640000,6.300000,6.340000,6.340000,75000
2019-10-30,6.340000,6.520000,6.170000,6.250000,6.250000,70000
2019-10-31,6.190000,6.310000,6.000000,6.180000,6.180000,113100
2019-11-01,6.200000,6.700000,6.189000,6.640000,6.640000,104400
2019-11-04,6.590000,6.930000,6.400000,6.670000,6.670000,109100
2019-11-05,6.790000,6.900000,6.500000,6.510000,6.510000,63700
2019-11-06,6.550000,6.750000,6.050000,6.250000,6.250000,71900
2019-11-07,6.100000,6.490000,6.100000,6.400000,6.400000,85400
2019-11-08,6.110000,6.400000,5.820000,5.920000,5.920000,209400
2019-11-11,5.810000,5.830000,5.290000,5.410000,5.410000,249200
2019-11-12,5.360000,5.390000,5.200000,5.230000,5.230000,117600
2019-11-13,5.190000,5.247000,4.910000,4.930000,4.930000,171600
2019-11-14,4.950000,5.030000,4.760000,4.760000,4.760000,202000
2019-11-15,4.800000,4.910000,4.600000,4.700000,4.700000,387000
2019-11-18,4.870000,4.870000,4.440000,4.470000,4.470000,276600
2019-11-19,4.500000,4.620000,4.310000,4.470000,4.470000,259700
2019-11-20,4.500000,4.880000,4.490000,4.830000,4.830000,228000
2019-11-21,4.750000,4.880000,4.600000,4.660000,4.660000,112300
2019-11-22,4.640000,5.920000,4.640000,5.660000,5.660000,958700
2019-11-25,5.560000,5.780000,5.020000,5.320000,5.320000,300500
2019-11-26,5.320000,5.440000,5.107000,5.200000,5.200000,90600
2019-11-27,5.260000,5.396000,5.140000,5.200000,5.200000,116500
2019-11-29,5.240000,5.460000,5.140000,5.410000,5.410000,43700
2019-12-02,5.420000,5.487000,5.070000,5.290000,5.290000,109900
2019-12-03,5.270000,5.450000,5.100000,5.180000,5.180000,126300
2019-12-04,5.270000,5.300000,5.110000,5.170000,5.170000,63800
2019-12-05,5.120000,5.220000,4.910000,5.030000,5.030000,89900
2019-12-06,4.940000,5.120000,4.750000,4.880000,4.880000,164700
2019-12-09,4.900000,5.160000,4.840000,5.070000,5.070000,113600
2019-12-10,5.080000,5.190000,4.850000,5.060000,5.060000,60400
2019-12-11,4.990000,5.400000,4.990000,5.310000,5.310000,242000
2019-12-12,5.340000,5.650000,5.120000,5.600000,5.600000,340500
2019-12-13,5.600000,5.727000,5.350000,5.530000,5.530000,258300
2019-12-16,5.650000,6.120000,5.360000,5.940000,5.940000,360800
2019-12-17,6.040000,6.040000,5.130000,5.330000,5.330000,148100
2019-12-18,5.250000,5.347000,4.960000,5.060000,5.060000,122400
2019-12-19,4.960000,5.262000,4.910000,5.210000,5.210000,227300
2019-12-20,5.900000,5.900000,5.100000,5.260000,5.260000,615300
2019-12-23,5.310000,5.350000,5.070000,5.210000,5.210000,160300
2019-12-24,5.270000,5.400000,5.160000,5.330000,5.330000,52400
2019-12-26,5.400000,5.430000,5.180000,5.240000,5.240000,100300
2019-12-27,5.300000,5.300000,5.050000,5.210000,5.210000,86000
2019-12-30,5.090000,5.210000,4.950000,5.000000,5.000000,185300
2019-12-31,5.000000,5.200000,5.000000,5.120000,5.120000,146000
2020-01-02,5.150000,5.150000,4.900000,4.950000,4.950000,91300
2020-01-03,4.900000,5.090000,4.880000,4.910000,4.910000,63300
2020-01-06,4.880000,5.100000,4.690000,5.070000,5.070000,64400
2020-01-07,5.040000,5.280000,4.980000,5.220000,5.220000,77600
2020-01-08,5.250000,5.322000,5.040000,5.130000,5.130000,78400
2020-01-09,5.180000,5.260000,5.000000,5.080000,5.080000,59400
2020-01-10,5.140000,5.150000,4.960000,4.980000,4.980000,101200
2020-01-13,5.190000,5.230000,4.710000,4.930000,4.930000,283400
2020-01-14,4.990000,5.250000,4.850000,4.910000,4.910000,214600
2020-01-15,4.940000,5.004000,4.700000,4.820000,4.820000,195500
2020-01-16,4.880000,4.880000,4.590000,4.650000,4.650000,352000
2020-01-17,4.660000,4.772000,4.430000,4.430000,4.430000,231500
2020-01-21,4.400000,4.615000,4.350000,4.565000,4.565000,156300
2020-01-22,4.590000,4.640000,4.410000,4.490000,4.490000,105300
2020-01-23,4.500000,4.500000,4.100000,4.130000,4.130000,232600
2020-01-24,4.130000,4.210000,3.850000,3.960000,3.960000,278500
2020-01-27,3.950000,3.950000,3.550000,3.570000,3.570000,257100
2020-01-28,3.570000,3.780000,3.570000,3.680000,3.680000,157600
2020-01-29,3.740000,3.920000,3.700000,3.880000,3.880000,92200
2020-01-30,3.810000,3.919000,3.680000,3.860000,3.860000,66500
2020-01-31,3.800000,3.868000,3.630000,3.840000,3.840000,103800
2020-02-03,3.860000,4.160000,3.812000,4.080000,4.080000,90300
2020-02-04,4.090000,4.140000,4.030000,4.100000,4.100000,31600
2020-02-05,4.150000,4.499000,4.120000,4.440000,4.440000,133600
2020-02-06,4.420000,4.480000,4.120000,4.360000,4.360000,130000
2020-02-07,4.290000,4.460000,4.200000,4.340000,4.340000,69600
2020-02-10,4.270000,4.650000,4.230000,4.400000,4.400000,123500
2020-02-11,4.050000,4.470000,3.920000,4.170000,4.170000,219500
2020-02-12,4.120000,4.370000,4.079000,4.230000,4.230000,69100
2020-02-13,4.080000,4.190000,4.021000,4.080000,4.080000,71100
2020-02-14,4.100000,4.360000,4.030000,4.340000,4.340000,90400
2020-02-18,4.350000,4.370000,4.210000,4.250000,4.250000,55200
2020-02-19,4.320000,4.540000,4.296000,4.380000,4.380000,75000
2020-02-20,4.100000,4.590000,3.810000,4.510000,4.510000,3219600
2020-02-21,4.450000,4.500000,4.160000,4.460000,4.460000,281000
2020-02-24,4.240000,4.290000,4.030000,4.140000,4.140000,324600
2020-02-25,4.200000,4.250000,3.895000,3.930000,3.930000,237400
2020-02-26,3.940000,4.070000,3.690000,3.720000,3.720000,159800
2020-02-27,3.610000,3.710000,2.770000,3.060000,3.060000,1449300
2020-02-28,3.230000,3.350000,2.920000,2.930000,2.930000,392700
2020-03-02,2.910000,3.010000,2.700000,2.830000,2.830000,354100
2020-03-03,2.830000,3.120000,2.780000,2.820000,2.820000,384200
2020-03-04,2.790000,3.010000,2.760000,3.010000,3.010000,205600
2020-03-05,2.850000,3.100000,2.850000,3.030000,3.030000,84800
2020-03-06,2.930000,3.100000,2.870000,3.070000,3.070000,129600
2020-03-09,2.860000,3.000000,2.700000,2.800000,2.800000,116600
2020-03-10,2.860000,2.890000,2.670000,2.820000,2.820000,89900
2020-03-11,2.750000,2.760000,2.060000,2.150000,2.150000,437100
2020-03-12,2.010000,2.120000,1.770000,1.830000,1.830000,137700
2020-03-13,1.840000,2.030000,1.840000,2.020000,2.020000,201200
2020-03-16,1.930000,1.950000,1.730000,1.770000,1.770000,141300
2020-03-17,1.800000,1.920000,1.730000,1.790000,1.790000,194600
2020-03-18,1.690000,1.700000,1.410000,1.440000,1.440000,265200
2020-03-19,1.470000,1.610000,1.414000,1.550000,1.550000,1074600
2020-03-20,1.580000,1.945000,1.580000,1.750000,1.750000,201500
2020-03-23,1.770000,2.094000,1.758000,1.970000,1.970000,98200
2020-03-24,2.030000,2.240000,1.997000,2.150000,2.150000,95000
2020-03-25,2.180000,2.760000,2.150000,2.440000,2.440000,128000
2020-03-26,2.430000,2.500000,2.250000,2.500000,2.500000,50900
2020-03-27,2.410000,2.480000,2.270000,2.330000,2.330000,57100
2020-03-30,2.290000,2.390000,2.190000,2.350000,2.350000,88300
2020-03-31,2.300000,2.600000,2.265000,2.440000,2.440000,83300
2020-04-01,2.380000,2.543000,2.240000,2.350000,2.350000,44600
2020-04-02,2.360000,2.660000,2.230000,2.550000,2.550000,65400
2020-04-03,2.550000,2.670000,2.400000,2.490000,2.490000,40800
2020-04-06,2.500000,2.650000,2.450000,2.650000,2.650000,58900
2020-04-07,2.650000,2.650000,2.420000,2.540000,2.540000,51600
2020-04-08,2.590000,2.670000,2.550000,2.670000,2.670000,42300
2020-04-09,2.650000,3.350000,2.611000,3.100000,3.100000,288100
2020-04-13,3.150000,3.320000,3.030000,3.260000,3.260000,77500
2020-04-14,3.300000,3.730000,3.280000,3.610000,3.610000,270100
2020-04-15,3.730000,3.730000,3.340000,3.450000,3.450000,65500
2020-04-16,3.510000,3.560000,3.160000,3.560000,3.560000,95500
2020-04-17,3.930000,3.940000,3.620000,3.760000,3.760000,312700
2020-04-20,3.620000,3.820000,3.260000,3.260000,3.260000,217200
2020-04-21,3.310000,3.465000,3.000000,3.120000,3.120000,329600
2020-04-22,3.420000,3.444000,3.100000,3.300000,3.300000,198100
2020-04-23,3.290000,3.480000,3.217000,3.350000,3.350000,167800
2020-04-24,3.360000,3.550000,3.180000,3.540000,3.540000,194400
2020-04-27,3.640000,3.640000,3.320000,3.460000,3.460000,148100
2020-04-28,3.530000,3.630000,3.410000,3.630000,3.630000,60800
2020-04-29,3.660000,3.780000,3.450000,3.650000,3.650000,172800
2020-04-30,3.740000,3.779000,3.360000,3.420000,3.420000,171300
2020-05-01,3.350000,3.420000,3.030000,3.190000,3.190000,110400
2020-05-04,3.080000,3.200000,3.050000,3.190000,3.190000,62200
2020-05-05,3.200000,3.420000,3.181000,3.230000,3.230000,100000
2020-05-06,3.250000,3.480000,3.160000,3.250000,3.250000,233600
2020-05-07,3.340000,3.420000,3.050000,3.070000,3.070000,386800
2020-05-08,3.090000,3.195000,2.920000,3.000000,3.000000,310100
2020-05-11,3.000000,3.270000,2.990000,3.240000,3.240000,279100
2020-05-12,3.250000,3.520000,3.210000,3.350000,3.350000,167600
2020-05-13,3.280000,3.370000,2.990000,3.170000,3.170000,172600
2020-05-14,3.120000,3.160000,2.970000,3.120000,3.120000,78200
2020-05-15,3.100000,3.230000,3.049000,3.170000,3.170000,57900
2020-05-18,3.250000,3.650000,3.170000,3.350000,3.350000,294700
2020-05-19,3.370000,3.480000,3.230000,3.260000,3.260000,136700
2020-05-20,3.310000,3.430000,3.290000,3.360000,3.360000,101600
2020-05-21,3.400000,3.490000,3.270000,3.370000,3.370000,98700
2020-05-22,3.380000,3.450000,3.300000,3.380000,3.380000,83600
2020-05-26,3.500000,3.500000,3.300000,3.340000,3.340000,140100
2020-05-27,3.380000,3.490000,3.300000,3.410000,3.410000,185900
2020-05-28,3.430000,3.466000,3.300000,3.310000,3.310000,88600
2020-05-29,3.300000,3.360000,3.070000,3.190000,3.190000,142000
2020-06-01,3.220000,3.440000,3.090000,3.370000,3.370000,125400
2020-06-02,3.430000,3.440000,3.270000,3.400000,3.400000,124400
2020-06-03,3.410000,3.440000,3.160000,3.160000,3.160000,155200
2020-06-04,3.180000,3.280000,3.060000,3.210000,3.210000,130700
2020-06-05,3.340000,3.340000,3.132000,3.220000,3.220000,142600
2020-06-08,3.210000,3.588000,3.210000,3.480000,3.480000,211100
2020-06-09,3.470000,3.540000,3.360000,3.510000,3.510000,94900
2020-06-10,3.600000,3.780000,3.210000,3.450000,3.450000,339300
2020-06-11,3.090000,3.450000,3.030000,3.210000,3.210000,276300
2020-06-12,3.460000,3.460000,3.120000,3.310000,3.310000,213800
2020-06-15,3.250000,3.440000,3.150000,3.350000,3.350000,173200
2020-06-16,3.490000,3.500000,3.260000,3.350000,3.350000,328100
2020-06-17,3.350000,3.410000,3.260000,3.290000,3.290000,106000
2020-06-18,3.290000,3.300000,3.080000,3.110000,3.110000,388000
2020-06-19,3.090000,3.160000,3.090000,3.100000,3.100000,222600
2020-06-22,3.100000,3.140000,3.000000,3.110000,3.110000,148700
2020-06-23,3.120000,3.235000,3.090000,3.090000,3.090000,176200
2020-06-24,3.110000,3.110000,2.950000,2.980000,2.980000,299700
2020-06-25,2.930000,3.140000,2.900000,3.090000,3.090000,170500
2020-06-26,3.060000,3.090000,2.900000,2.900000,2.900000,179400
2020-06-29,2.940000,2.980000,2.780000,2.880000,2.880000,141100
2020-06-30,2.890000,2.891000,2.760000,2.820000,2.820000,131700
2020-07-01,2.780000,2.830000,2.690000,2.740000,2.740000,198900
2020-07-02,2.780000,2.790000,2.708000,2.750000,2.750000,89800
2020-07-06,2.830000,2.830000,2.680000,2.770000,2.770000,88600
2020-07-07,2.720000,2.800000,2.680000,2.680000,2.680000,93500
2020-07-08,2.660000,2.880000,2.650000,2.790000,2.790000,136400
2020-07-09,2.800000,2.890000,2.763000,2.850000,2.850000,62600
2020-07-10,2.870000,2.917000,2.820000,2.880000,2.880000,69400
2020-07-13,3.150000,3.200000,3.050000,3.110000,3.110000,411600
2020-07-14,3.240000,3.890000,3.210000,3.500000,3.500000,2010700
2020-07-15,3.720000,3.720000,3.250000,3.340000,3.340000,909800
2020-07-16,3.380000,3.400000,3.240000,3.320000,3.320000,183300
2020-07-17,3.350000,3.500000,3.310000,3.380000,3.380000,378000
2020-07-20,3.450000,3.450000,3.100000,3.250000,3.250000,492900
2020-07-21,3.270000,3.310000,3.100000,3.190000,3.190000,330400
2020-07-22,3.200000,3.220000,3.050000,3.080000,3.080000,259600
2020-07-23,3.060000,3.210000,3.060000,3.120000,3.120000,255800
2020-07-24,3.100000,3.150000,2.980000,2.990000,2.990000,349700
2020-07-27,3.000000,3.080000,2.920000,3.000000,3.000000,207100
2020-07-28,3.000000,3.190000,2.960000,3.100000,3.100000,363100
2020-07-29,3.160000,3.190000,2.970000,2.980000,2.980000,264900
2020-07-30,2.970000,3.030000,2.930000,2.990000,2.990000,151000
2020-07-31,3.050000,3.140000,2.970000,2.990000,2.990000,532900
2020-08-03,2.970000,3.020000,2.920000,2.970000,2.970000,225600
2020-08-04,2.980000,3.020000,2.940000,2.960000,2.960000,149300
2020-08-05,2.970000,3.060000,2.960000,2.990000,2.990000,166900
2020-08-06,3.000000,3.050000,2.960000,2.970000,2.970000,273500
2020-08-07,2.980000,3.040000,2.980000,3.020000,3.020000,195900
2020-08-10,3.040000,3.240000,3.040000,3.190000,3.190000,349900
2020-08-11,3.250000,3.440000,3.090000,3.320000,3.320000,614700
2020-08-12,3.280000,3.355000,3.160000,3.210000,3.210000,334100