Date,Open,High,Low,Close,Adj Close,Volume
2018-04-23,27.000000,27.950001,25.000000,27.000000,25.992863,136000
2018-04-24,25.600000,27.510000,25.000000,27.510000,26.483837,101400
2018-04-25,27.510000,27.510000,27.510000,27.510000,26.483837,0
2018-04-26,27.500000,27.500000,25.500000,26.500000,25.511517,84600
2018-04-27,26.500000,26.500000,26.000000,26.059999,25.087927,500
2018-04-30,26.250000,26.250000,25.500000,26.075001,25.102367,2200
2018-05-01,25.496000,26.000000,25.000000,26.000000,25.030167,2300
2018-05-02,25.000000,25.750000,24.000000,25.750000,24.789492,24000
2018-05-03,25.500000,25.500000,25.000000,25.240000,24.298515,23000
2018-05-04,25.340000,25.340000,23.299999,24.990000,24.057842,53900
2018-05-07,24.000000,25.000000,24.000000,25.000000,24.067467,10100
2018-05-08,24.110001,25.000000,24.000000,25.000000,24.067467,10700
2018-05-09,24.500000,25.000000,24.500000,24.969999,24.038584,3400
2018-05-10,25.000000,25.000000,24.990000,25.000000,24.067467,600
2018-05-11,24.750000,24.750000,24.139999,24.650000,23.730522,12500
2018-05-14,24.120001,25.000000,24.010000,25.000000,24.145830,10200
2018-05-15,24.000000,24.920000,24.000000,24.850000,24.000952,8000
2018-05-16,24.690001,24.690001,24.000000,24.379999,23.547010,5200
2018-05-17,24.330000,24.480000,24.040001,24.350000,23.518040,3600
2018-05-18,24.490000,24.889999,24.000000,24.389999,23.556671,17200
2018-05-21,24.389999,24.389999,24.389999,24.389999,23.556671,600
2018-05-22,24.180000,24.500000,23.500000,24.480000,23.643595,20000
2018-05-23,24.340000,24.340000,23.250000,23.990000,23.170336,24700
2018-05-24,23.670000,23.950001,23.150000,23.500000,22.697081,32100
2018-05-25,23.299999,23.690001,23.100000,23.400000,22.600494,25800
2018-05-29,23.110001,23.400000,23.100000,23.350000,22.552206,8300
2018-05-30,23.100000,23.490000,23.100000,23.490000,22.687422,21900
2018-05-31,23.250000,23.500000,23.219999,23.420000,22.619812,45500
2018-06-01,23.450001,24.000000,23.405001,23.920000,23.102730,27600
2018-06-04,23.510000,24.990000,23.510000,24.270000,23.440773,51700
2018-06-05,25.000000,25.900000,24.500000,24.719999,23.875395,173000
2018-06-06,24.780001,24.950001,24.622000,24.930000,24.078220,97100
2018-06-07,24.940001,24.950001,24.309999,24.549999,23.711205,60600
2018-06-08,24.750000,24.850000,24.395000,24.530001,23.691887,33800
2018-06-11,24.690001,25.040001,24.520000,24.850000,24.000952,83300
2018-06-12,24.950001,25.250000,24.500000,24.610001,23.769156,64500
2018-06-13,24.900000,25.180000,24.820000,25.040001,24.184464,120100
2018-06-14,25.049999,25.180000,24.825001,25.090000,24.232758,126800
2018-06-15,25.330000,25.330000,24.514999,25.190001,24.329336,106200
2018-06-18,25.370001,26.799999,24.270000,26.129999,25.237219,165900
2018-06-19,25.830000,26.350000,25.320000,25.809999,24.928158,107100
2018-06-20,26.000000,26.530001,25.549999,26.299999,25.401413,82800
2018-06-21,26.110001,26.250000,25.465000,26.139999,25.246880,45500
2018-06-22,25.850000,27.389999,25.809999,26.719999,25.807062,1252300
2018-06-25,26.450001,27.889999,26.330000,26.530001,25.623556,60300
2018-06-26,26.719999,26.740000,25.608000,26.000000,25.111664,72600
2018-06-27,25.950001,27.000000,25.950001,26.600000,25.691162,66800
2018-06-28,26.469999,26.889999,25.799999,26.680000,25.768435,76600
2018-06-29,26.061001,26.670000,26.061001,26.350000,25.449703,16400
2018-07-02,26.150000,26.250000,25.760000,25.799999,24.918497,25100
2018-07-03,25.799999,25.799999,25.600000,25.680000,24.802595,13900
2018-07-05,25.799999,27.660000,25.410000,26.250000,25.353123,41200
2018-07-06,26.320000,26.510000,24.139999,25.150000,24.290705,63200
2018-07-09,25.180000,25.750000,25.090000,25.400000,24.532164,16500
2018-07-10,25.309999,25.450001,24.940001,25.100000,24.242413,29700
2018-07-11,25.209999,25.520000,24.900000,25.000000,24.145830,35200
2018-07-12,25.040001,25.290001,24.969999,25.219999,24.358315,14400
2018-07-13,25.290001,25.480000,24.900000,25.469999,24.599770,12800
2018-07-16,25.500000,25.500000,25.000000,25.150000,24.290705,9400
2018-07-17,25.150000,25.690001,25.010000,25.570000,24.696354,8800
2018-07-18,25.660000,26.700001,25.055000,25.930000,25.044054,38500
2018-07-19,26.100000,26.250000,25.860001,26.080000,25.188931,6800
2018-07-20,26.190001,26.230000,25.542000,26.100000,25.208248,6400
2018-07-23,26.122000,26.400000,26.000000,26.280001,25.382097,33600
2018-07-24,26.930000,26.930000,25.152000,26.020000,25.130978,14400
2018-07-25,26.120001,26.120001,25.750000,25.750000,24.870205,5700
2018-07-26,25.980000,26.350000,25.760000,25.920000,25.034395,9000
2018-07-27,26.070000,26.070000,25.299999,25.730000,24.850887,21600
2018-07-30,25.760000,26.299999,25.690001,26.000000,25.111664,16000
2018-07-31,26.240000,26.240000,25.750000,25.850000,24.966789,19400
2018-08-01,26.020000,26.020000,25.500000,25.500000,24.628746,6600
2018-08-02,25.420000,25.580000,25.299999,25.580000,24.706009,13100
2018-08-03,26.000000,26.000000,25.299999,25.299999,24.435581,5700
2018-08-06,25.226999,25.500000,25.100000,25.129999,24.271387,3200
2018-08-07,25.660000,25.660000,25.000000,25.219999,24.358315,7300
2018-08-08,25.170000,25.280001,25.049999,25.270000,24.406607,3800
2018-08-09,25.559999,25.559999,25.049999,25.360001,24.493530,10100
2018-08-10,25.080000,25.250000,25.059999,25.190001,24.329336,2300
2018-08-13,25.459999,25.459999,25.250000,25.250000,24.387291,9000
2018-08-14,25.250000,25.290001,25.049999,25.280001,24.493870,12300
2018-08-15,25.299999,25.309999,25.299999,25.309999,24.522934,2000
2018-08-16,25.510000,25.750000,25.500000,25.590000,24.794226,7300
2018-08-17,25.540001,25.695000,25.389999,25.510000,24.716717,6000
2018-08-20,25.299999,25.950001,25.299999,25.650000,24.852362,4000
2018-08-21,25.950001,25.950001,25.600000,25.750000,24.949251,4500
2018-08-22,25.790001,26.000000,25.350000,25.840000,25.036451,5500
2018-08-23,25.790001,26.000000,25.620001,25.990000,25.181787,5500
2018-08-24,26.000000,26.000000,25.832001,25.980000,25.172100,3800
2018-08-27,25.985001,25.985001,25.299999,25.580000,24.784538,6600
2018-08-28,25.750000,25.870001,25.360001,25.540001,24.745787,12500
2018-08-29,25.700001,25.870001,25.299999,25.870001,25.065521,9500
2018-08-30,25.900000,26.000000,25.620001,25.950001,25.143036,17100
2018-08-31,25.959999,26.000000,25.500000,25.879999,25.075209,14400
2018-09-04,26.000000,26.170000,25.580000,26.040001,25.230236,13000
2018-09-05,25.670000,25.990000,25.615000,25.900000,25.094585,5600
2018-09-06,25.990000,26.000000,25.570000,25.690001,24.891117,27700
2018-09-07,25.879999,25.879999,25.684999,25.730000,24.929876,6500
2018-09-10,25.830000,26.500000,25.830000,26.400000,25.579037,80600
2018-09-11,26.170000,26.780001,26.150000,26.740000,25.908466,67900
2018-09-12,26.750000,26.850000,26.540001,26.540001,25.714689,84200
2018-09-13,26.780001,26.850000,26.240000,26.350000,25.530596,42600
2018-09-14,26.490000,26.900000,26.040001,26.770000,25.937534,35000
2018-09-17,26.950001,27.000000,26.780001,26.850000,26.015047,50500
2018-09-18,26.850000,26.950001,26.030001,26.870001,26.034424,41400
2018-09-19,26.950001,27.000000,26.600000,26.950001,26.111935,42700
2018-09-20,26.670000,27.370001,26.650000,27.360001,26.509186,52800
2018-09-21,27.320000,27.400000,26.459999,26.459999,25.637173,370500
2018-09-24,26.650000,27.219999,26.250000,26.549999,25.724373,34200
2018-09-25,26.469999,26.469999,25.000000,25.020000,24.241951,45800
2018-09-26,25.030001,26.240000,25.030001,25.980000,25.172100,11000
2018-09-27,25.830000,26.650000,25.600000,26.059999,25.249613,47900
2018-09-28,26.000000,26.639999,25.520000,26.549999,25.724373,34300
2018-10-01,26.379999,26.700001,26.000000,26.250000,25.433704,15200
2018-10-02,26.250000,26.250000,25.840000,26.030001,25.220545,5200
2018-10-03,26.040001,26.200001,25.940001,26.080000,25.268991,21800
2018-10-04,26.000000,26.160000,25.750000,26.040001,25.230236,8900
2018-10-05,26.100000,26.190001,25.497000,26.049999,25.239923,4500
2018-10-08,26.219999,26.219999,25.752001,26.010000,25.201168,8600
2018-10-09,26.000000,26.900000,26.000000,26.620001,25.792200,22200
2018-10-10,26.549999,26.920000,26.000000,26.040001,25.230236,9800
2018-10-11,26.030001,26.740000,25.959999,25.959999,25.152723,13900
2018-10-12,26.230000,26.485001,25.719999,26.090000,25.278679,63500
2018-10-15,25.990000,25.990000,25.385000,25.719999,24.920185,22400
2018-10-16,25.930000,25.930000,25.100000,25.440001,24.648891,23000
2018-10-17,25.370001,26.000000,25.129999,25.930000,25.123653,26700
2018-10-18,25.809999,26.000000,25.340000,25.860001,25.055832,5400
2018-10-19,25.799999,26.000000,25.100000,25.219999,24.435734,13000
2018-10-22,25.250000,25.540001,25.120001,25.320000,24.532623,12700
2018-10-23,25.180000,25.965000,25.000000,25.240000,24.455114,34500
2018-10-24,25.389999,25.790001,25.000000,25.129999,24.348530,51300
2018-10-25,25.240000,25.959999,25.000000,25.219999,24.435734,10100
2018-10-26,25.370001,26.920000,23.475000,25.820000,25.017076,36200
2018-10-29,26.080000,26.230000,25.549999,26.080000,25.268991,7100
2018-10-30,26.040001,26.570000,25.900999,26.299999,25.482149,24400
2018-10-31,26.590000,26.719999,26.150000,26.370001,25.549973,16400
2018-11-01,26.549999,26.750000,25.920000,26.730000,25.898777,3600
2018-11-02,26.780001,26.780001,25.398001,26.000000,25.191479,6100
2018-11-05,25.910000,26.160000,25.530001,25.530001,24.736095,5800
2018-11-06,25.500000,26.450001,25.500000,26.129999,25.317434,6700
2018-11-07,26.230000,26.290001,25.340000,25.830000,25.026764,13000
2018-11-08,25.540001,26.450001,25.540001,26.150000,25.336811,9000
2018-11-09,26.299999,26.355000,25.700001,25.980000,25.172100,7700
2018-11-12,26.000000,26.514999,25.415001,25.660000,24.862049,3000
2018-11-13,25.920000,26.000000,25.320000,25.420000,24.629513,2100
2018-11-14,25.719999,25.889999,25.306999,25.700001,24.979422,8600
2018-11-15,25.570000,25.598000,25.010000,25.309999,24.600355,12300
2018-11-16,25.090000,26.000000,24.920000,25.480000,24.765591,10500
2018-11-19,25.660000,25.780001,24.500000,25.010000,24.308769,22600
2018-11-20,24.910000,25.350000,24.620001,24.620001,23.929703,5200
2018-11-21,25.350000,25.350000,25.350000,25.350000,24.639235,2000
2018-11-23,25.150000,25.350000,25.150000,25.350000,24.639235,3000
2018-11-26,25.389999,26.000000,25.080000,25.129999,24.425400,7100
2018-11-27,25.010000,25.170000,24.879999,24.950001,24.250450,5500
2018-11-28,25.990000,26.830000,24.850000,26.250000,25.514000,18000
2018-11-29,25.980000,26.250000,25.469999,26.219999,25.484840,14400
2018-11-30,26.030001,26.129999,24.985001,25.290001,24.580919,16800
2018-12-03,25.469999,26.100000,25.469999,25.870001,25.144655,6800
2018-12-04,25.440001,26.559000,22.940001,23.590000,22.928581,20500
2018-12-06,23.240000,24.850000,23.240000,23.440001,22.782787,7400
2018-12-07,24.320000,24.320000,23.100000,23.400000,22.743906,11500
2018-12-10,23.540001,23.540001,22.799999,23.469999,22.811947,13300
2018-12-11,23.549999,23.549999,20.639999,21.490000,20.887461,8000
2018-12-12,21.280001,23.540001,21.280001,22.750000,22.112133,19200
2018-12-13,22.860001,24.139999,22.750000,23.680000,23.016058,23600
2018-12-14,23.620001,24.820000,23.445999,24.600000,23.910261,10900
2018-12-17,24.129999,24.980000,23.340000,23.650000,22.986897,9100
2018-12-18,23.559999,24.680000,23.559999,24.150000,23.472878,22700
2018-12-19,23.860001,24.370001,23.129999,23.980000,23.307644,34500
2018-12-20,24.070000,24.780001,24.070000,24.400000,23.715870,28000
2018-12-21,24.299999,24.400000,23.030001,24.070000,23.395123,52900
2018-12-24,24.190001,25.070000,23.235001,24.500000,23.813065,27800
2018-12-26,24.830000,25.879999,23.120001,24.940001,24.240728,61800
2018-12-27,24.690001,24.950001,24.000000,24.570000,23.881105,51000
2018-12-28,24.930000,24.950001,23.730000,23.830000,23.161852,103100
2018-12-31,23.690001,24.500000,23.610001,24.230000,23.550636,21900
2019-01-02,24.040001,24.040001,23.318001,24.000000,23.327084,18700
2019-01-03,23.980000,24.000000,23.260000,23.780001,23.113255,34600
2019-01-04,23.799999,23.950001,23.549999,23.910000,23.239609,10400
2019-01-07,23.910000,23.910000,23.469999,23.650000,22.986897,20500
2019-01-08,23.660000,23.950001,22.430000,23.740000,23.074375,31200
2019-01-09,23.480000,23.480000,23.100000,23.389999,22.734190,6200
2019-01-10,23.280001,23.280001,22.809999,22.900000,22.257929,18400
2019-01-11,22.670000,23.195999,22.670000,23.190001,22.539797,6300
2019-01-14,23.309999,23.309999,22.520000,23.110001,22.462040,42100
2019-01-15,23.000000,23.190001,22.837999,23.190001,22.539797,3100
2019-01-16,23.150000,23.424999,22.770000,23.110001,22.462040,4500
2019-01-17,23.129999,23.950001,23.020000,23.910000,23.239609,8300
2019-01-18,23.820000,24.000000,23.500000,24.000000,23.327084,16600
2019-01-22,23.900000,24.350000,23.580000,23.709999,23.045216,6000
2019-01-23,23.700001,23.969999,23.260000,23.400000,22.743906,5800
2019-01-24,23.290001,23.465000,22.809999,23.200001,22.549519,5100
2019-01-25,23.120001,23.250000,22.809999,23.090000,22.442600,6500
2019-01-28,22.910000,23.750000,22.799999,23.450001,22.792509,7300
2019-01-29,23.620001,23.620001,22.799999,22.799999,22.160730,6700
2019-01-30,22.900000,23.424999,22.900000,23.260000,22.607830,14600
2019-01-31,23.180000,23.330000,23.070000,23.070000,22.423161,26200
2019-02-01,23.250000,23.250000,23.049999,23.049999,22.403721,4400
2019-02-04,23.209999,23.680000,22.990000,23.100000,22.452320,5200
2019-02-05,23.340000,24.450001,23.000000,24.160000,23.482597,19800
2019-02-06,24.309999,24.379999,23.386000,23.930000,23.259048,28100
2019-02-07,23.900000,24.299999,23.900000,24.120001,23.443722,42500
2019-02-08,24.299999,24.299999,23.930000,24.129999,23.453438,4700
2019-02-11,24.684999,24.930000,24.100000,24.139999,23.463160,10900
2019-02-12,24.230000,24.370001,23.975000,24.209999,23.531195,13400
2019-02-13,24.100000,24.450001,24.040001,24.450001,23.764467,10000
2019-02-14,24.160000,24.670000,23.882000,24.400000,23.793722,14700
2019-02-15,24.549999,24.650000,23.780001,24.260000,23.657202,21500
2019-02-19,24.020000,24.469999,24.020000,24.379999,23.774218,7300
2019-02-20,24.230000,24.500000,24.080000,24.080000,23.481674,6500
2019-02-21,24.250000,24.250000,23.990000,24.059999,23.462172,8900
2019-02-22,24.170000,24.440001,24.150000,24.350000,23.744967,13100
2019-02-25,24.400000,24.500000,24.030001,24.030001,23.432919,8700
2019-02-26,23.959999,24.440001,23.181999,24.080000,23.481674,16200
2019-02-27,24.190001,24.500000,24.180000,24.180000,23.579191,15400
2019-02-28,24.290001,25.000000,24.030001,24.719999,24.105770,13700
2019-03-01,24.620001,25.000000,24.600000,25.000000,24.378817,21000
2019-03-04,24.870001,25.799999,24.235001,25.610001,24.973658,52700
2019-03-05,25.700001,25.740000,24.844000,25.080000,24.456827,20000
2019-03-06,24.930000,25.309999,24.799999,25.030001,24.408072,26900
2019-03-07,24.830000,24.990000,23.270000,23.480000,22.896582,20300
2019-03-08,23.430000,24.240000,23.430000,23.930000,23.335402,107900
2019-03-11,24.065001,24.170000,23.879999,24.040001,23.442671,13200
2019-03-12,24.000000,24.320000,23.940001,24.190001,23.588943,14100
2019-03-13,24.086000,24.690001,23.990000,24.690001,24.076517,21200
2019-03-14,24.650000,24.650000,24.110001,24.620001,24.008257,26900
2019-03-15,24.629999,25.870001,24.629999,25.330000,24.700617,53200
2019-03-18,25.320000,25.500000,24.806999,25.490000,24.856640,41400
2019-03-19,25.100000,25.870001,25.100000,25.700001,25.061424,42800
2019-03-20,25.250000,25.670000,25.152000,25.450001,24.817633,18700
2019-03-21,25.250000,25.530001,24.990000,25.110001,24.486082,15300
2019-03-22,25.030001,25.690001,22.427999,22.590000,22.028696,43700
2019-03-25,22.760000,23.870001,22.440001,23.870001,23.276894,9400
2019-03-26,24.250000,24.389999,23.030001,24.379999,23.774218,19900
2019-03-27,24.629999,24.750000,24.334999,24.450001,23.842480,5200
2019-03-28,24.799999,25.129999,24.395000,24.799999,24.183784,10000
2019-03-29,24.730000,25.000000,24.330000,24.540001,23.930246,8900
2019-04-01,24.350000,25.000000,23.497000,24.590000,23.979002,5500
2019-04-02,24.309999,24.740000,24.018000,24.350000,23.744967,6600
2019-04-03,24.340000,24.340000,23.660000,24.090000,23.491425,3500
2019-04-04,23.658001,24.632000,23.658001,24.559999,23.949749,7400
2019-04-05,24.600000,24.730000,24.520000,24.719999,24.105770,4100
2019-04-08,24.700001,24.750000,24.580000,24.620001,24.008257,4200
2019-04-09,24.612000,24.700001,24.612000,24.650000,24.037510,2800
2019-04-10,24.700001,24.850000,24.610001,24.820000,24.203289,4800
2019-04-11,24.652000,24.760000,24.570000,24.570000,23.959499,3900
2019-04-12,24.730000,24.900000,24.677999,24.889999,24.271547,7400
2019-04-15,24.889999,24.900000,24.533001,24.650000,24.037510,5100
2019-04-16,24.700001,24.840000,24.430000,24.430000,23.822977,5800
2019-04-17,24.650000,24.830000,24.076000,24.709999,24.096018,5400
2019-04-18,24.490000,24.799999,23.424999,24.750000,24.135029,6300
2019-04-22,24.471001,24.760000,24.471001,24.590000,23.979002,2300
2019-04-23,24.750000,24.900000,24.549999,24.780001,24.164282,8600
2019-04-24,24.510000,24.750000,24.510000,24.690001,24.076517,9300
2019-04-25,24.570000,24.650000,24.469999,24.469999,23.861982,3300
2019-04-26,24.879999,24.959999,24.150000,24.500000,23.891237,7900
2019-04-29,24.520000,25.000000,24.520000,24.950001,24.330057,12000
2019-04-30,24.576000,25.450001,24.576000,25.450001,24.817633,21500
2019-05-01,25.250000,25.500000,24.860001,25.139999,24.515335,8400
2019-05-02,25.480000,25.480000,25.040001,25.160000,24.534840,4400
2019-05-03,25.250000,25.500000,24.820000,25.270000,24.642107,17400
2019-05-06,25.430000,25.500000,24.766001,25.200001,24.573845,14000
2019-05-07,25.430000,25.440001,25.150000,25.309999,24.681112,9300
2019-05-08,25.450001,25.480000,25.260000,25.480000,24.846889,11400
2019-05-09,25.430000,25.500000,24.320000,24.330000,23.725464,26200
2019-05-10,24.690001,25.400000,24.500000,24.500000,23.891237,24400
2019-05-13,24.290001,25.139999,24.120001,24.610001,23.998507,14500
2019-05-14,25.450001,25.450001,24.129999,25.340000,24.811184,22200
2019-05-15,25.389999,25.420000,24.690001,25.299999,24.772017,6300
2019-05-16,25.250000,25.500000,25.080000,25.200001,24.674105,13600
2019-05-17,25.170000,25.500000,24.879999,25.360001,24.830767,5900
2019-05-20,25.299999,25.370001,24.910000,25.350000,24.820974,7100
2019-05-21,25.360001,25.360001,25.059999,25.270000,24.742645,9500
2019-05-22,24.889999,25.400000,24.850000,25.120001,24.595776,6800
2019-05-23,25.129999,25.129999,24.420000,24.690001,24.174747,8900
2019-05-24,25.280001,25.280001,24.480000,25.139999,24.615356,6400
2019-05-28,24.959999,25.150000,24.709999,24.709999,24.194328,3000
2019-05-29,24.650000,25.030001,24.650000,24.770000,24.253078,9100
2019-05-30,24.969999,25.040001,24.459999,24.990000,24.468491,7700
2019-05-31,24.980000,24.980000,24.520000,24.520000,24.008297,5800
2019-06-03,24.620001,24.969999,24.090000,24.750000,24.233498,11000
2019-06-04,24.760000,25.040001,24.530001,25.040001,24.517447,8800
2019-06-05,24.870001,25.299999,24.750000,24.750000,24.233498,8600
2019-06-06,25.180000,25.180000,24.684999,24.850000,24.331409,4100
2019-06-07,24.930000,25.000000,24.719999,24.840000,24.321619,6200
2019-06-10,25.000000,25.410000,24.825001,24.969999,24.448904,22200
2019-06-11,25.030001,25.270000,24.665001,25.150000,24.625149,11500
2019-06-12,24.900000,25.420000,23.540001,24.180000,23.675392,26200
2019-06-13,24.500000,24.830000,24.320000,24.590000,24.076836,10800
2019-06-14,24.190001,25.250000,24.049999,24.750000,24.233498,12700
2019-06-17,25.219999,25.219999,24.915001,25.100000,24.576191,12700
2019-06-18,25.240000,25.240000,24.895000,25.200001,24.674105,6700
2019-06-19,24.990000,25.250000,24.990000,25.240000,24.713272,7900
2019-06-20,25.379999,25.379999,24.980000,25.370001,24.840557,16100
2019-06-21,25.080000,25.450001,24.965000,25.430000,24.899305,41400
2019-06-24,25.480000,25.480000,25.219999,25.400000,24.869930,15000
2019-06-25,25.440001,25.700001,25.065001,25.600000,25.065758,17100
2019-06-26,25.410000,25.625000,24.955000,25.260000,24.732853,13500
2019-06-27,25.205000,25.600000,25.200001,25.450001,24.918888,26600
2019-06-28,25.430000,25.600000,25.344999,25.450001,24.918888,263700
2019-07-01,25.809999,25.889999,25.480000,25.480000,24.948263,11500
2019-07-02,25.680000,25.879999,25.100000,25.469999,24.938471,20800
2019-07-03,25.948000,25.948000,25.480000,25.600000,25.065758,3700
2019-07-05,25.510000,25.809999,25.455000,25.760000,25.222418,8400
2019-07-08,25.724001,25.799999,25.660000,25.790001,25.251795,8700
2019-07-09,25.010000,25.837999,25.010000,25.290001,24.762228,6800
2019-07-10,25.290001,25.750000,25.260000,25.400000,24.869930,5300
2019-07-11,25.410000,25.570000,25.110001,25.290001,24.762228,9700
2019-07-12,25.490000,25.680000,25.000999,25.059999,24.537025,9100
2019-07-15,24.990000,25.250000,24.990000,25.240000,24.713272,8100
2019-07-16,25.200001,25.200001,24.950001,25.070000,24.546820,3800
2019-07-17,24.959999,25.240000,24.950001,25.030001,24.507654,3800
2019-07-18,25.240000,25.240000,24.980000,25.240000,24.713272,3600
2019-07-19,25.010000,25.240000,24.950001,25.160000,24.634941,4600
2019-07-22,24.950001,25.420000,24.950001,25.420000,24.889513,3100
2019-07-23,25.000000,25.200001,24.969999,25.200001,24.674105,2800
2019-07-24,25.200001,25.450001,25.155001,25.250000,24.723063,6700
2019-07-25,25.010000,25.430000,25.010000,25.240000,24.713272,3300
2019-07-26,25.209999,25.250000,24.900000,25.010000,24.488071,24400
2019-07-29,25.139999,25.200001,24.763000,25.020000,24.497862,14400
2019-07-30,24.920000,25.480000,24.920000,25.170000,24.644732,13300
2019-07-31,25.180000,25.299999,24.900000,24.940001,24.419529,19100
2019-08-01,24.860001,25.205000,24.750000,24.889999,24.370573,13900
2019-08-02,24.760000,25.190001,24.209999,24.250000,23.743931,6200
2019-08-05,24.030001,24.030001,21.556999,22.670000,22.196903,19000
2019-08-06,22.950001,23.750000,22.000000,23.700001,23.205408,9600
2019-08-07,23.090000,23.660000,22.309999,23.110001,22.627722,12400
2019-08-08,23.000000,24.139999,22.459999,23.440001,22.950836,15500
2019-08-09,23.000000,23.480000,22.450001,22.790001,22.314400,11800
2019-08-12,22.770000,23.480000,22.750000,23.370001,22.882298,6700
2019-08-13,23.469999,23.940001,23.025000,23.879999,23.381651,8800
2019-08-14,23.379999,24.000000,22.680000,22.680000,22.300077,8000
2019-08-15,22.950001,23.580000,22.950001,23.250000,22.860529,111600
2019-08-16,23.320000,24.520000,23.299999,24.250000,23.843779,34200
2019-08-19,24.559999,24.660000,24.049999,24.549999,24.138752,8600
2019-08-20,24.440001,25.065001,24.230000,24.670000,24.256742,30100
2019-08-21,24.940001,24.940001,24.020000,24.020000,23.617632,6900
2019-08-22,24.270000,24.549999,23.599001,23.860001,23.460314,10000
2019-08-23,23.100000,23.940001,22.010000,22.549999,22.172255,22000
2019-08-26,22.850000,23.250000,22.823999,23.250000,22.860529,3700
2019-08-27,23.209999,23.920000,23.030001,23.200001,22.811369,11300
2019-08-28,23.309999,23.500000,23.309999,23.500000,23.106340,5100
2019-08-29,22.559999,24.030001,22.559999,23.600000,23.204668,20100
2019-08-30,23.680000,23.680000,23.500000,23.620001,23.224333,6800
2019-09-03,23.480000,23.480000,23.000000,23.000000,22.614717,7100
2019-09-04,23.610001,23.610001,23.440001,23.440001,23.047348,2900
2019-09-05,23.680000,23.750000,23.270000,23.420000,23.027681,7700
2019-09-06,23.620001,24.000000,23.190001,23.610001,23.214500,4800
2019-09-09,24.000000,24.000000,23.629999,24.000000,23.597965,6600
2019-09-10,23.500000,23.900000,23.459999,23.570000,23.175169,10600
2019-09-11,23.760000,25.100000,23.760000,24.559999,24.148586,18200
2019-09-12,24.330000,25.490000,23.639999,25.250000,24.827028,18200
2019-09-13,25.290001,25.500000,25.120001,25.120001,24.699205,13700
2019-09-16,25.180000,25.180000,24.356001,24.910000,24.492722,13300
2019-09-17,24.910000,25.100000,24.570000,24.969999,24.551716,13400
2019-09-18,25.059999,25.100000,24.735001,24.750000,24.335403,8300
2019-09-19,24.950001,25.000000,24.495001,24.549999,24.138752,14800
2019-09-20,24.500000,25.035000,24.129999,24.990000,24.571384,83000
2019-09-23,24.709999,24.874001,24.099001,24.750000,24.335403,7500
2019-09-24,24.431999,25.000000,24.326000,24.629999,24.217411,8400
2019-09-25,24.549999,25.100000,24.179001,25.000000,24.581217,21600
2019-09-26,24.809999,24.900000,24.500000,24.510000,24.099424,5200
2019-09-27,25.020000,25.020000,24.549999,24.549999,24.138752,5600
2019-09-30,24.780001,24.900000,24.240000,24.400000,23.991264,32700
2019-10-01,24.520000,24.780001,24.520000,24.610001,24.197748,7600
2019-10-02,24.280001,24.590000,24.020000,24.020000,23.617632,6900
2019-10-03,23.940001,24.209999,23.830000,24.020000,23.617632,1900
2019-10-04,23.920000,24.290001,23.799999,24.290001,23.883110,4500
2019-10-07,24.180000,24.400000,23.910000,23.910000,23.509474,4600
2019-10-08,23.879999,23.969999,23.760000,23.760000,23.361986,2300
2019-10-09,23.959999,24.170000,23.879999,23.879999,23.479975,4000
2019-10-10,24.059999,24.180000,23.809999,23.950001,23.548805,8300
2019-10-11,24.219999,24.430000,24.000000,24.200001,23.794617,9300
2019-10-14,24.100000,24.250000,23.770000,24.250000,23.843779,3600
2019-10-15,24.170000,24.379999,24.170000,24.379999,23.971600,3600
2019-10-16,24.350000,24.350000,24.219999,24.240000,23.833944,5100
2019-10-17,24.400000,24.400000,24.230000,24.230000,23.824112,6600
2019-10-18,24.129999,24.480000,24.129999,24.379999,23.971600,14900
2019-10-21,24.540001,24.730000,24.250000,24.730000,24.315737,6800
2019-10-22,24.452000,24.629999,24.379999,24.379999,23.971600,3300
2019-10-23,24.500000,24.500000,24.280001,24.280001,23.873278,3000
2019-10-24,24.490000,24.500000,23.980000,24.450001,24.040428,3900
2019-10-25,24.840000,24.855000,24.270000,24.270000,23.863445,5800
2019-10-28,24.660000,24.690001,24.139999,24.580000,24.168251,11800
2019-10-29,24.440001,24.680000,24.180000,24.360001,23.951937,7500
2019-10-30,24.320000,24.990000,24.320000,24.910000,24.492722,10600
2019-10-31,24.879999,24.900000,24.403999,24.440001,24.030596,14400
2019-11-01,24.660000,24.730000,24.090000,24.389999,23.981432,14100
2019-11-04,24.420000,24.940001,24.420000,24.900000,24.482889,7700
2019-11-05,24.900000,24.900000,24.750000,24.850000,24.433727,6400
2019-11-06,24.600000,24.850000,24.450001,24.764999,24.350151,5500
2019-11-07,24.900000,24.950001,24.850000,24.900000,24.482889,7000
2019-11-08,24.760000,24.790001,24.760000,24.790001,24.374733,1600
2019-11-11,24.740000,24.740000,24.434999,24.700001,24.286240,2800
2019-11-12,24.590000,24.900000,24.540001,24.610001,24.197748,3600
2019-11-13,24.559999,24.900000,24.540001,24.820000,24.404230,3200
2019-11-14,24.684999,24.790001,24.580000,24.660000,24.344997,3700
2019-11-15,24.850000,24.980000,24.660000,24.790001,24.473337,8200
2019-11-18,24.660000,24.660000,23.650000,24.330000,24.019213,9900
2019-11-19,24.480000,24.980000,24.450001,24.980000,24.660910,9500
2019-11-20,24.809999,24.969999,24.267000,24.580000,24.266020,23200
2019-11-21,24.500000,24.900000,24.490000,24.540001,24.226530,6000
2019-11-22,24.719999,24.990000,24.650000,24.730000,24.414103,5600
2019-11-25,24.625999,25.180000,24.610001,24.940001,24.621422,16100
2019-11-26,24.930000,24.930000,24.260000,24.260000,23.950108,11300
2019-11-27,24.014000,24.780001,24.014000,24.049999,23.742788,5600
2019-11-29,24.400000,24.690001,23.768999,24.600000,24.285765,5600
2019-12-02,24.480000,24.540001,24.379999,24.540001,24.226530,3600
2019-12-03,24.180000,24.500000,24.098000,24.420000,24.108063,2700
2019-12-04,24.600000,24.830000,24.348000,24.650000,24.335125,6600
2019-12-05,24.520000,24.520000,24.309999,24.309999,23.999468,1700
2019-12-06,24.430000,25.125000,24.430000,24.760000,24.443720,18900
2019-12-09,24.770000,24.770000,24.580000,24.590000,24.275892,4600
2019-12-10,24.520000,24.889999,24.299999,24.889999,24.572058,8200
2019-12-11,24.790001,25.180000,24.600000,24.879999,24.562185,12900
2019-12-12,24.610001,25.049999,24.120001,25.000000,24.680655,22900
2019-12-13,24.280001,25.180000,24.270000,24.990000,24.670782,13000
2019-12-16,25.000000,25.180000,24.950001,24.950001,24.631292,6500
2019-12-17,25.000000,25.000000,24.870001,24.870001,24.552317,10000
2019-12-18,24.990000,25.000000,24.830000,24.830000,24.512825,7600
2019-12-19,24.709999,25.000000,23.969999,24.830000,24.512825,11400
2019-12-20,25.010000,25.010000,24.820000,25.000000,24.680655,64000
2019-12-23,24.879999,25.180000,24.153000,24.600000,24.285765,4400
2019-12-24,24.559999,24.790001,24.413000,24.660000,24.344997,1900
2019-12-26,24.524000,24.980000,24.524000,24.900000,24.581930,2900
2019-12-27,24.940001,25.500000,24.580000,24.870001,24.552317,18500
2019-12-30,24.629999,24.645000,24.121000,24.290001,23.979725,17600
2019-12-31,24.350000,25.025000,24.110001,24.930000,24.611549,20800
2020-01-02,25.070000,25.070000,24.879999,24.969999,24.651037,5000
2020-01-03,25.000000,25.070000,24.610001,24.900000,24.581930,13200
2020-01-06,24.900000,25.000000,24.830000,24.930000,24.611549,11000
2020-01-07,24.900000,25.070000,24.750000,24.799999,24.483210,2600
2020-01-08,24.559999,25.110001,24.346001,24.969999,24.651037,12300
2020-01-09,25.000000,25.000000,25.000000,25.000000,24.680655,3500
2020-01-10,24.959999,25.090000,24.639999,24.980000,24.660910,10000
2020-01-13,24.910000,25.000000,24.900000,25.000000,24.680655,8300
2020-01-14,24.930000,25.000000,24.850000,24.920000,24.601677,9000
2020-01-15,24.790001,24.990000,24.790001,24.969999,24.651037,6000
2020-01-16,25.000000,25.035000,24.740000,24.900000,24.581930,23200
2020-01-17,25.110001,25.110001,24.730000,24.730000,24.414103,6600
2020-01-21,24.660000,24.990000,24.459999,24.629999,24.315380,10400
2020-01-22,24.500000,24.625000,24.299999,24.410000,24.098190,3800
2020-01-23,24.510000,24.860001,24.510000,24.860001,24.542444,3400
2020-01-24,24.709999,24.959999,24.650000,24.650000,24.335125,6000
2020-01-27,24.889999,25.386000,24.590000,24.590000,24.275892,33400
2020-01-28,25.000000,25.080999,24.799999,25.000000,24.680655,12700
2020-01-29,25.030001,25.370001,25.000000,25.370001,25.045929,12400
2020-01-30,25.139999,25.180000,24.870001,24.870001,24.552317,4100
2020-01-31,24.660000,24.969999,24.601000,24.780001,24.463465,13900
2020-02-03,25.030001,25.750000,24.768999,25.260000,24.937334,33400
2020-02-04,25.530001,25.629999,24.816000,25.400000,25.075544,20600
2020-02-05,25.600000,26.299999,25.600000,26.000000,25.667881,54200
2020-02-06,26.200001,26.250000,25.985001,26.020000,25.687626,17800
2020-02-07,26.030001,26.100000,25.740000,25.740000,25.411201,41300
2020-02-10,25.774000,26.000000,25.750000,26.000000,25.667881,6400
2020-02-11,26.059999,26.200001,26.059999,26.110001,25.776476,7900
2020-02-12,26.320000,26.320000,26.200001,26.209999,25.875196,7500
2020-02-13,26.100000,26.510000,26.100000,26.500000,26.261690,26200
2020-02-14,26.250000,26.260000,26.139999,26.190001,25.954479,7700
2020-02-18,26.280001,26.639999,25.570000,25.570000,25.340054,9500
2020-02-19,25.860001,26.139999,25.600000,25.600000,25.369785,19000
2020-02-20,25.610001,25.843000,25.510000,25.709999,25.478794,10900
2020-02-21,25.780001,25.930000,25.450001,25.450001,25.221134,25600
2020-02-24,24.980000,25.315001,24.900000,25.030001,24.804911,7000
2020-02-25,25.139999,25.325001,24.650000,24.900000,24.676079,15000
2020-02-26,25.010000,25.240000,24.750000,25.000000,24.775181,9300
2020-02-27,24.900000,25.320000,24.719999,24.770000,24.547249,32900
2020-02-28,24.370001,24.850000,23.490000,24.070000,23.853542,41700
2020-03-02,23.923000,24.283001,23.684000,24.080000,23.863453,16800
2020-03-03,23.959999,24.379999,22.969999,23.180000,22.971548,15200
2020-03-04,23.750000,23.750000,22.799999,23.590000,23.377861,37200
2020-03-05,23.139999,23.590000,21.299999,21.600000,21.405756,16000
2020-03-06,21.309999,22.100000,21.267000,21.690001,21.494947,14600
2020-03-09,20.850000,21.334000,18.700001,19.500000,19.324640,20400
2020-03-10,19.850000,19.850000,16.604000,18.610001,18.442644,34100
2020-03-11,17.709999,18.450001,17.270000,17.469999,17.312895,30900
2020-03-12,16.719999,17.629999,15.100000,15.110000,14.974118,96200
2020-03-13,16.469999,16.610001,13.250000,15.000000,14.865108,124600
2020-03-16,12.589000,13.700000,10.910000,10.910000,10.811889,67400
2020-03-17,11.990000,13.000000,10.490000,11.000000,10.901079,102900
2020-03-18,11.210000,13.700000,10.350000,10.400000,10.306475,108700
2020-03-19,10.400000,12.425000,9.250000,9.640000,9.553309,181200
2020-03-20,9.750000,10.680000,9.750000,9.960000,9.870432,153700
2020-03-23,10.100000,10.230000,9.170000,9.830000,9.741601,36300
2020-03-24,10.340000,10.970000,10.000000,10.250000,10.157824,48500
2020-03-25,10.250000,12.830000,10.150000,11.190000,11.089371,82900
2020-03-26,11.010000,15.075000,11.000000,14.870000,14.736277,55100
2020-03-27,14.700000,14.700000,12.000000,13.420000,13.299316,75200
2020-03-30,13.300000,14.580000,12.260000,13.500000,13.378597,43100
2020-03-31,13.530000,14.230000,12.680000,13.500000,13.378597,53600
2020-04-01,13.280000,13.280000,11.250000,11.270000,11.168652,105100
2020-04-02,10.970000,12.190000,10.970000,11.880000,11.773166,35500
2020-04-03,11.650000,12.530000,10.850000,11.000000,10.901079,49600
2020-04-06,11.620000,13.420000,11.620000,12.300000,12.189389,54300
2020-04-07,12.820000,13.134000,11.260000,11.960000,11.852447,72100
2020-04-08,12.450000,12.800000,11.610000,12.630000,12.516421,56600
2020-04-09,13.180000,13.651000,12.790000,13.450000,13.329047,42200
2020-04-13,13.850000,13.850000,12.300000,12.790000,12.674982,32500
2020-04-14,13.180000,13.840000,12.840000,12.950000,12.833543,29100
2020-04-15,12.510000,12.510000,11.510000,11.860000,11.753345,35100
2020-04-16,12.200000,12.200000,11.100000,11.700000,11.594784,41400
2020-04-17,12.370000,12.630000,11.920000,12.040000,11.931726,33300
2020-04-20,12.020000,12.490000,11.680000,11.830000,11.723616,52200
2020-04-21,11.280000,12.100000,11.110000,12.080000,11.971367,44500
2020-04-22,12.380000,12.380000,11.590000,12.150000,12.040737,21200
2020-04-23,12.080000,13.080000,11.820000,12.580000,12.466870,33500
2020-04-24,13.110000,13.110000,12.320000,12.520000,12.407411,90400
2020-04-27,12.900000,13.376000,12.590000,13.240000,13.120935,93300
2020-04-28,13.490000,14.580000,13.130000,14.010000,13.884011,39900
2020-04-29,13.240000,14.910000,11.840000,14.490000,14.359694,86400
2020-04-30,14.010000,14.325000,13.500000,13.980000,13.854280,27400
2020-05-01,13.160000,14.180000,12.301000,12.960000,12.843453,45300
2020-05-04,12.610000,12.810000,11.840000,12.740000,12.625432,30700
2020-05-05,12.740000,14.050000,12.470000,12.580000,12.466870,84400
2020-05-06,12.620000,12.620000,11.550000,11.780000,11.674065,30900
2020-05-07,11.940000,13.310000,11.660000,11.960000,11.852447,67500
2020-05-08,12.370000,13.030000,11.750000,12.080000,11.971367,62800
2020-05-11,12.020000,12.280000,11.330000,11.990000,11.882176,51200
2020-05-12,12.100000,12.100000,11.340000,11.340000,11.238022,69000
2020-05-13,11.250000,11.260000,10.430000,11.120000,11.020000,60100
2020-05-14,10.720000,11.400000,10.000000,11.080000,11.080000,155400
2020-05-15,11.070000,11.460000,10.895000,11.440000,11.440000,28100
2020-05-18,11.920000,12.600000,10.947000,12.340000,12.340000,79900
2020-05-19,12.290000,12.530000,11.890000,12.030000,12.030000,55300
2020-05-20,12.310000,12.750000,12.240000,12.550000,12.550000,56900
2020-05-21,12.500000,12.920000,12.080000,12.650000,12.650000,85600
2020-05-22,12.730000,12.730000,12.400000,12.730000,12.730000,25200
2020-05-26,13.170000,14.470000,13.160000,13.790000,13.790000,93800
2020-05-27,14.100000,14.330000,13.930000,14.140000,14.140000,97200
2020-05-28,14.380000,16.330000,14.310000,15.200000,15.200000,89300
2020-05-29,15.150000,15.650000,14.050000,14.490000,14.490000,61600
2020-06-01,14.870000,14.870000,14.000000,14.000000,14.000000,67700
2020-06-02,14.130000,14.460000,14.000000,14.190000,14.190000,67600
2020-06-03,14.370000,16.344999,14.150000,15.650000,15.650000,77000
2020-06-04,15.510000,15.840000,14.965000,15.620000,15.620000,63700
2020-06-05,16.400000,17.990000,16.334999,17.360001,17.360001,129400
2020-06-08,18.190001,18.190001,16.610001,16.719999,16.719999,87400
2020-06-09,16.370001,17.330000,16.000000,16.930000,16.930000,59000
2020-06-10,17.100000,17.100000,16.000000,16.000000,16.000000,59100
2020-06-11,15.340000,15.340000,13.840000,13.980000,13.980000,58100
2020-06-12,14.690000,14.950000,14.250000,14.840000,14.840000,42800
2020-06-15,14.250000,15.245000,14.130000,15.030000,15.030000,51200
2020-06-16,15.800000,16.870001,15.058000,16.559999,16.559999,93000
2020-06-17,16.540001,16.799999,15.050000,15.350000,15.350000,79200
2020-06-18,15.240000,16.950001,15.080000,16.570000,16.570000,140100
2020-06-19,16.450001,16.850000,14.860000,15.100000,15.100000,276100
2020-06-22,14.980000,15.540000,14.760000,15.430000,15.430000,88000
2020-06-23,15.560000,16.049999,14.860000,15.000000,15.000000,112400
2020-06-24,14.730000,14.790000,14.040000,14.450000,14.450000,66700
2020-06-25,14.320000,14.700000,14.030000,14.640000,14.640000,44300
2020-06-26,14.410000,14.520000,14.030000,14.280000,14.280000,126000
2020-06-29,14.500000,15.010000,14.500000,14.780000,14.780000,47500
2020-06-30,14.680000,15.550000,14.680000,15.350000,15.350000,56600
2020-07-01,15.410000,15.410000,14.470000,14.520000,14.520000,29700
2020-07-02,15.010000,15.010000,14.080000,14.210000,14.210000,31900
2020-07-06,14.530000,14.737000,14.200000,14.490000,14.490000,30100
2020-07-07,14.260000,14.820000,13.790000,13.810000,13.810000,30600
2020-07-08,13.670000,14.585000,13.550000,13.690000,13.690000,24900
2020-07-09,13.600000,14.145000,12.764000,12.810000,12.810000,39400
2020-07-10,12.960000,13.970000,12.800000,13.760000,13.760000,34200
2020-07-13,13.950000,14.155000,13.190000,13.860000,13.860000,55100
2020-07-14,14.000000,15.220000,13.290000,13.710000,13.710000,73000
2020-07-15,14.000000,15.040000,14.000000,14.800000,14.800000,44400
2020-07-16,15.747000,15.747000,14.280000,14.580000,14.580000,37900
2020-07-17,14.310000,14.885000,13.780000,14.090000,14.090000,29700
2020-07-20,13.890000,14.060000,12.650000,13.730000,13.730000,23000
2020-07-21,13.840000,14.980000,13.840000,14.360000,14.360000,23900
2020-07-22,14.140000,14.650000,13.990000,14.250000,14.250000,23000
2020-07-23,13.980000,14.610000,13.850000,14.000000,14.000000,34600