Date,Open,High,Low,Close,Adj Close,Volume
2019-07-26,4.490000,6.250000,4.107000,4.580000,4.580000,1751100
2019-07-29,4.720000,4.900000,4.200000,4.310000,4.310000,276400
2019-07-30,4.270000,4.300000,3.900000,3.970000,3.970000,162300
2019-07-31,3.900000,4.240000,3.650000,3.820000,3.820000,438500
2019-08-01,3.800000,4.020000,3.690000,3.700000,3.700000,166100
2019-08-02,3.710000,3.920000,3.700000,3.700000,3.700000,50000
2019-08-05,3.700000,4.850000,3.600000,4.750000,4.750000,166800
2019-08-06,4.240000,4.500000,3.670000,3.870000,3.870000,128500
2019-08-07,3.850000,3.990000,3.780000,3.820000,3.820000,62600
2019-08-08,3.921000,3.940000,3.750000,3.750000,3.750000,25400
2019-08-09,3.750000,4.240000,3.700000,3.970000,3.970000,175300
2019-08-12,3.950000,4.250000,3.770000,3.920000,3.920000,183200
2019-08-13,3.890000,4.140000,3.760000,3.806000,3.806000,98000
2019-08-14,3.690000,3.930000,3.690000,3.830000,3.830000,73000
2019-08-15,3.890000,3.890000,3.310000,3.500000,3.500000,121100
2019-08-16,3.430000,3.480000,2.875000,3.090000,3.090000,111300
2019-08-19,2.832000,3.100000,2.710000,2.800000,2.800000,71200
2019-08-20,2.740000,3.140000,2.740000,2.820000,2.820000,123500
2019-08-21,2.850000,3.050000,2.580000,2.910000,2.910000,136700
2019-08-22,2.950000,2.950000,2.600000,2.820000,2.820000,76000
2019-08-23,2.800000,2.800000,2.470000,2.660000,2.660000,107600
2019-08-26,2.690000,2.900000,2.640000,2.795000,2.795000,123300
2019-08-27,3.100000,3.100000,2.610000,2.730000,2.730000,116300
2019-08-28,2.760000,2.930000,2.640000,2.880000,2.880000,217100
2019-08-29,3.000000,3.010000,2.720000,2.980000,2.980000,144100
2019-08-30,2.980000,3.088000,2.820000,3.010000,3.010000,150700
2019-09-03,3.010000,3.050000,2.720000,2.740000,2.740000,140000
2019-09-04,2.710000,2.910000,2.680000,2.880000,2.880000,115700
2019-09-05,2.910000,2.950000,2.610000,2.680000,2.680000,94000
2019-09-06,2.695000,3.100000,2.530000,2.950000,2.950000,233500
2019-09-09,2.980000,3.190000,2.720000,3.190000,3.190000,226000
2019-09-10,3.150000,3.300000,2.965000,3.280000,3.280000,145900
2019-09-11,3.300000,3.360000,3.070000,3.220000,3.220000,198600
2019-09-12,3.220000,3.640000,2.860000,3.530000,3.530000,264300
2019-09-13,3.550000,3.750000,3.310000,3.730000,3.730000,176700
2019-09-16,3.750000,3.750000,3.230000,3.490000,3.490000,251700
2019-09-17,2.920000,3.520000,2.920000,3.350000,3.350000,163700
2019-09-18,3.350000,3.460000,3.090000,3.190000,3.190000,122900
2019-09-19,2.920000,3.250000,2.920000,3.060000,3.060000,97100
2019-09-20,3.100000,3.280000,2.930000,3.100000,3.100000,97000
2019-09-23,3.095000,3.368000,3.020000,3.290000,3.290000,127100
2019-09-24,3.240000,3.430000,3.074000,3.280000,3.280000,110700
2019-09-25,3.148000,3.700000,3.148000,3.650000,3.650000,166500
2019-09-26,3.710000,3.710000,3.380000,3.570000,3.570000,156900
2019-09-27,3.500000,3.570000,3.300000,3.400000,3.400000,189300
2019-09-30,3.320000,3.420000,3.230000,3.320000,3.320000,161400
2019-10-01,3.300000,3.450000,3.000000,3.150000,3.150000,171900
2019-10-02,3.060000,3.250000,2.940000,3.160000,3.160000,114700
2019-10-03,3.110000,3.210000,3.060000,3.110000,3.110000,91900
2019-10-04,3.060000,3.330000,3.060000,3.120000,3.120000,73600
2019-10-07,3.060000,3.364000,3.060000,3.210000,3.210000,173000
2019-10-08,3.260000,3.400000,3.230000,3.280000,3.280000,102500
2019-10-09,3.310000,3.360000,3.260000,3.320000,3.320000,68700
2019-10-10,3.300000,3.400000,3.200000,3.390000,3.390000,115300
2019-10-11,3.410000,3.520000,3.230000,3.320000,3.320000,88600
2019-10-14,3.300000,3.380000,3.260000,3.320000,3.320000,90900
2019-10-15,3.300000,3.320000,3.070000,3.140000,3.140000,151300
2019-10-16,3.540000,3.540000,3.000000,3.210000,3.210000,173800
2019-10-17,3.200000,3.260000,2.870000,3.000000,3.000000,155800
2019-10-18,2.850000,3.320000,2.850000,3.320000,3.320000,102200
2019-10-21,3.320000,3.470000,3.000000,3.230000,3.230000,261500
2019-10-22,3.260000,3.410000,3.200000,3.360000,3.360000,116500
2019-10-23,3.260000,3.450000,2.990000,3.060000,3.060000,183000
2019-10-24,3.100000,3.110000,2.810000,3.040000,3.040000,164000
2019-10-25,3.060000,3.120000,2.860000,2.950000,2.950000,114900
2019-10-28,2.950000,3.050000,2.850000,2.960000,2.960000,150500
2019-10-29,2.990000,3.010000,2.800000,2.850000,2.850000,52500
2019-10-30,2.800000,2.900000,2.650000,2.780000,2.780000,93100
2019-10-31,2.780000,3.050000,2.690000,2.980000,2.980000,98400
2019-11-01,2.980000,3.100000,2.940000,3.020000,3.020000,118400
2019-11-04,3.000000,3.060000,2.924000,2.990000,2.990000,96300
2019-11-05,2.930000,3.250000,2.930000,3.120000,3.120000,111600
2019-11-06,3.140000,3.270000,2.980000,3.060000,3.060000,129800
2019-11-07,3.050000,3.120000,2.990000,3.060000,3.060000,97500
2019-11-08,3.080000,3.110000,2.950000,3.050000,3.050000,113200
2019-11-11,2.900000,3.160000,2.900000,3.040000,3.040000,114000
2019-11-12,2.990000,3.130000,2.980000,3.000000,3.000000,47000
2019-11-13,3.020000,3.070000,3.000000,3.020000,3.020000,91700
2019-11-14,3.030000,3.150000,3.000000,3.130000,3.130000,86100
2019-11-15,3.190000,3.350000,3.140000,3.230000,3.230000,80100
2019-11-18,3.240000,3.592000,3.150000,3.210000,3.210000,185400
2019-11-19,3.150000,3.310000,3.097000,3.150000,3.150000,162300
2019-11-20,3.140000,3.220000,2.550000,2.570000,2.570000,119800
2019-11-21,2.660000,2.970000,2.570000,2.910000,2.910000,85600
2019-11-22,2.840000,2.910000,2.750000,2.780000,2.780000,35900
2019-11-25,2.800000,2.950000,2.800000,2.880000,2.880000,63100
2019-11-26,2.840000,3.000000,2.700000,2.710000,2.710000,133600
2019-11-27,2.766000,2.940000,2.730000,2.820000,2.820000,100600
2019-11-29,2.860000,2.910000,2.770000,2.770000,2.770000,60500
2019-12-02,2.850000,2.870000,2.770000,2.780000,2.780000,66900
2019-12-03,2.820000,2.870000,2.700000,2.700000,2.700000,106700
2019-12-04,2.780000,2.800000,2.700000,2.770000,2.770000,54900
2019-12-05,2.780000,2.780000,2.620000,2.720000,2.720000,74800
2019-12-06,2.810000,3.120000,2.310000,2.534000,2.534000,286700
2019-12-09,2.510000,2.590000,2.450000,2.480000,2.480000,43700
2019-12-10,2.450000,2.450000,2.270000,2.270000,2.270000,17200
2019-12-11,2.409000,2.409000,2.050000,2.060000,2.060000,21200
2019-12-12,2.070000,2.145000,2.070000,2.080000,2.080000,20600
2019-12-13,2.070000,2.090000,2.010000,2.010000,2.010000,19200
2019-12-16,2.060000,2.150000,2.060000,2.100000,2.100000,17800
2019-12-17,2.100000,2.310000,2.040000,2.290000,2.290000,63900
2019-12-18,2.280000,2.480000,2.280000,2.440000,2.440000,31600
2019-12-19,2.460000,2.650000,2.440000,2.640000,2.640000,52700
2019-12-20,2.640000,2.650000,2.310000,2.430000,2.430000,110500
2019-12-23,2.500000,2.500000,2.350000,2.460000,2.460000,33900
2019-12-24,2.420000,2.690000,2.360000,2.480000,2.480000,98800
2019-12-26,2.420000,2.520000,2.350000,2.490000,2.490000,80300
2019-12-27,2.420000,2.420000,2.010000,2.120000,2.120000,281000
2019-12-30,2.140000,2.350000,2.090000,2.240000,2.240000,133500
2019-12-31,2.300000,2.320000,2.010000,2.010000,2.010000,83900
2020-01-02,2.100000,2.200000,2.010000,2.090000,2.090000,45200
2020-01-03,2.070000,2.130000,2.040000,2.075000,2.075000,50600
2020-01-06,2.050000,2.130000,2.050000,2.070000,2.070000,23000
2020-01-07,2.070000,2.110000,2.030000,2.100000,2.100000,37400
2020-01-08,2.074000,2.090000,2.020000,2.040000,2.040000,15700
2020-01-09,2.090000,2.100000,2.020000,2.100000,2.100000,7100
2020-01-10,2.070000,2.080000,2.000000,2.040000,2.040000,8800
2020-01-13,2.010000,2.080000,2.010000,2.050000,2.050000,39500
2020-01-14,2.030000,2.070000,1.860000,1.860000,1.860000,47200
2020-01-15,1.880000,1.930000,1.840000,1.930000,1.930000,18600
2020-01-16,1.950000,2.000000,1.830000,1.970000,1.970000,34200
2020-01-17,1.980000,1.980000,1.930000,1.950000,1.950000,18600
2020-01-21,1.950000,1.950000,1.800000,1.810000,1.810000,15400
2020-01-22,1.814000,1.900000,1.720000,1.720000,1.720000,18800
2020-01-23,1.737000,1.820000,1.730000,1.730000,1.730000,4600
2020-01-24,1.730000,1.850000,1.640000,1.640000,1.640000,21700
2020-01-27,1.622000,1.641000,1.480000,1.540000,1.540000,17200
2020-01-28,1.694000,1.710000,1.580000,1.680000,1.680000,12000
2020-01-29,1.580000,1.590000,1.580000,1.590000,1.590000,3100
2020-01-30,1.610000,1.632000,1.300000,1.550000,1.550000,38000
2020-01-31,1.330000,1.380000,1.250000,1.250000,1.250000,150500
2020-02-03,1.250000,1.300000,1.250000,1.296000,1.296000,34300
2020-02-04,1.300000,1.300000,1.200000,1.250000,1.250000,60100
2020-02-05,1.200000,1.250000,1.119000,1.250000,1.250000,62000
2020-02-06,1.290000,1.690000,1.160000,1.410000,1.410000,787000
2020-02-07,1.630000,1.630000,1.220000,1.230000,1.230000,159200
2020-02-10,1.290000,1.320000,1.210000,1.280000,1.280000,67000
2020-02-11,1.310000,1.310000,1.060000,1.120000,1.120000,110200
2020-02-12,1.150000,1.200000,1.120000,1.150000,1.150000,20300
2020-02-13,1.150000,1.380000,1.120000,1.230000,1.230000,222900
2020-02-14,1.350000,1.350000,1.150000,1.160000,1.160000,49600
2020-02-18,1.120000,1.150000,1.120000,1.130000,1.130000,35900
2020-02-19,1.130000,1.180000,1.100000,1.110000,1.110000,30100
2020-02-20,1.100000,1.850000,1.100000,1.250000,1.250000,1776800
2020-02-21,1.250000,1.250000,1.120000,1.120000,1.120000,213200
2020-02-24,1.130000,1.130000,0.990000,1.010000,1.010000,241200
2020-02-25,1.020000,1.087000,0.964000,0.980000,0.980000,123300
2020-02-26,0.983000,1.040000,0.980000,1.010000,1.010000,59600
2020-02-27,1.000000,1.000000,0.960000,0.990000,0.990000,37800
2020-02-28,0.980000,0.999000,0.900000,0.960000,0.960000,42400
2020-03-02,1.050000,1.050000,0.841000,0.900000,0.900000,112400
2020-03-03,0.944000,1.020000,0.851000,0.990000,0.990000,28900
2020-03-04,0.990000,0.991000,0.907000,0.990000,0.990000,22600
2020-03-05,0.910000,1.340000,0.900000,0.975000,0.975000,1076200
2020-03-06,0.941000,0.945000,0.850000,0.867000,0.867000,185300
2020-03-09,0.800000,0.832000,0.780000,0.792000,0.792000,68100
2020-03-10,0.892000,0.892000,0.760000,0.771000,0.771000,69000
2020-03-11,0.755000,0.835000,0.720000,0.791000,0.791000,35800
2020-03-12,0.745000,0.749000,0.660000,0.715000,0.715000,61500
2020-03-13,0.736000,0.792000,0.680000,0.700000,0.700000,52700
2020-03-16,0.750000,0.750000,0.655000,0.675000,0.675000,16600
2020-03-17,0.648000,0.792000,0.648000,0.717000,0.717000,9700
2020-03-18,0.640000,0.780000,0.640000,0.700000,0.700000,13100
2020-03-19,0.720000,0.990000,0.631000,0.910000,0.910000,348300
2020-03-20,0.870000,0.900000,0.760000,0.811000,0.811000,119000
2020-03-23,0.920000,1.100000,0.770000,0.814000,0.814000,600600
2020-03-24,0.780000,0.816000,0.733000,0.790000,0.790000,130600
2020-03-25,0.780000,0.800000,0.750000,0.780000,0.780000,49000
2020-03-26,0.820000,0.900000,0.762000,0.795000,0.795000,81900
2020-03-27,0.811000,0.840000,0.780000,0.821000,0.821000,34800
2020-03-30,0.860000,0.860000,0.710000,0.711000,0.711000,62100
2020-03-31,0.720000,0.820000,0.720000,0.810000,0.810000,61200
2020-04-01,0.845000,0.845000,0.752000,0.800000,0.800000,19100
2020-04-02,0.795000,0.800000,0.720000,0.800000,0.800000,38400
2020-04-03,0.800000,0.800000,0.751000,0.790000,0.790000,20600
2020-04-06,0.780000,0.800000,0.750000,0.794000,0.794000,32200
2020-04-07,0.788000,0.840000,0.770000,0.786000,0.786000,33100
2020-04-08,0.760000,0.810000,0.760000,0.776000,0.776000,25100
2020-04-09,0.800000,0.826000,0.770000,0.800000,0.800000,12200
2020-04-13,0.800000,0.800000,0.730000,0.800000,0.800000,31400
2020-04-14,0.800000,0.886000,0.792000,0.811000,0.811000,145800
2020-04-15,0.820000,0.830000,0.790000,0.830000,0.830000,83500
2020-04-16,0.825000,0.900000,0.760000,0.820000,0.820000,306300
2020-04-17,0.861000,0.870000,0.801000,0.810000,0.810000,65600
2020-04-20,0.820000,0.990000,0.751000,0.779000,0.779000,696000
2020-04-21,0.750000,0.860000,0.750000,0.859000,0.859000,173200
2020-04-22,0.821000,0.860000,0.816000,0.856000,0.856000,41700
2020-04-23,0.843000,0.930000,0.842000,0.903000,0.903000,71500
2020-04-24,0.908000,0.939000,0.862000,0.910000,0.910000,125400
2020-04-27,0.934000,1.050000,0.910000,1.010000,1.010000,111600
2020-04-28,1.050000,1.070000,0.952000,1.060000,1.060000,83800
2020-04-29,1.060000,1.180000,1.030000,1.120000,1.120000,144400
2020-04-30,1.170000,1.180000,1.060000,1.180000,1.180000,149200
2020-05-01,1.180000,1.620000,1.170000,1.440000,1.440000,1197800
2020-05-04,1.370000,1.399000,1.130000,1.270000,1.270000,354600
2020-05-05,1.250000,1.330000,1.150000,1.180000,1.180000,70600
2020-05-06,1.160000,1.320000,1.160000,1.180000,1.180000,117900
2020-05-07,1.210000,1.290000,1.170000,1.230000,1.230000,75600
2020-05-08,1.210000,1.250000,1.120000,1.170000,1.170000,61500
2020-05-11,1.150000,1.280000,1.150000,1.170000,1.170000,76100
2020-05-12,1.170000,1.227000,1.130000,1.136000,1.136000,45000
2020-05-13,1.130000,1.140000,1.030000,1.036000,1.036000,85300
2020-05-14,1.010000,1.100000,1.010000,1.040000,1.040000,56300
2020-05-15,1.040000,1.070000,1.030000,1.030000,1.030000,92200
2020-05-18,1.010000,1.050000,1.010000,1.030000,1.030000,94700
2020-05-19,1.020000,1.060000,1.020000,1.060000,1.060000,99300
2020-05-20,1.040000,1.150000,1.011000,1.030000,1.030000,191200
2020-05-21,1.030000,1.050000,1.000000,1.050000,1.050000,117200
2020-05-22,1.060000,1.060000,0.931000,0.965000,0.965000,189200
2020-05-26,0.950000,0.970000,0.920000,0.941000,0.941000,83400
2020-05-27,0.940000,0.970000,0.940000,0.952000,0.952000,95200
2020-05-28,1.390000,2.400000,1.210000,1.230000,1.230000,15623500
2020-05-29,1.180000,1.210000,1.050000,1.150000,1.150000,1476800
2020-06-01,1.100000,1.130000,1.050000,1.080000,1.080000,439300
2020-06-02,1.070000,1.350000,1.050000,1.320000,1.320000,2012300
2020-06-03,1.400000,1.550000,1.250000,1.320000,1.320000,3204600
2020-06-04,1.400000,1.406000,1.100000,1.240000,1.240000,1068500
2020-06-05,1.200000,1.220000,1.160000,1.170000,1.170000,326900
2020-06-08,1.180000,1.330000,1.180000,1.290000,1.290000,676100
2020-06-09,1.300000,1.450000,1.200000,1.280000,1.280000,1118900
2020-06-10,1.300000,1.329000,1.190000,1.190000,1.190000,404600
2020-06-11,1.400000,1.980000,1.200000,1.280000,1.280000,17401900
2020-06-12,1.330000,1.370000,1.150000,1.260000,1.260000,2199100
2020-06-15,1.150000,1.350000,1.150000,1.250000,1.250000,1516100
2020-06-16,1.270000,1.650000,1.220000,1.420000,1.420000,7393500
2020-06-17,1.390000,1.450000,1.270000,1.320000,1.320000,823500
2020-06-18,1.290000,1.400000,1.240000,1.300000,1.300000,729100
2020-06-19,1.330000,1.336000,1.250000,1.260000,1.260000,297900
2020-06-22,1.250000,1.280000,1.220000,1.250000,1.250000,395700
2020-06-23,1.270000,1.280000,1.240000,1.260000,1.260000,353700
2020-06-24,1.240000,1.390000,1.170000,1.250000,1.250000,1585600
2020-06-25,1.380000,1.390000,1.180000,1.230000,1.230000,1765400
2020-06-26,1.200000,1.210000,1.150000,1.170000,1.170000,514300
2020-06-29,1.180000,1.240000,1.130000,1.230000,1.230000,884800
2020-06-30,1.210000,1.490000,1.170000,1.310000,1.310000,4067100
2020-07-01,1.280000,1.340000,1.240000,1.250000,1.250000,515100
2020-07-02,1.240000,1.450000,1.220000,1.360000,1.360000,2332800
2020-07-06,1.390000,1.450000,1.320000,1.334000,1.334000,1716300
2020-07-07,1.310000,1.350000,1.260000,1.270000,1.270000,481100
2020-07-08,1.310000,1.350000,1.270000,1.320000,1.320000,468400
2020-07-09,1.340000,1.420000,1.260000,1.300000,1.300000,3638700
2020-07-10,1.410000,1.600000,1.350000,1.380000,1.380000,4223500
2020-07-13,1.450000,1.450000,1.310000,1.340000,1.340000,1194300
2020-07-14,1.330000,1.380000,1.300000,1.330000,1.330000,686600
2020-07-15,1.320000,1.530000,1.320000,1.470000,1.470000,1951100
2020-07-16,1.450000,1.740000,1.410000,1.580000,1.580000,4857100
2020-07-17,1.620000,1.620000,1.440000,1.500000,1.500000,994700
2020-07-20,1.480000,1.500000,1.410000,1.460000,1.460000,635300
2020-07-21,1.460000,1.460000,1.350000,1.430000,1.430000,932800
2020-07-22,1.420000,1.430000,1.360000,1.380000,1.380000,342900
2020-07-23,1.350000,1.410000,1.350000,1.370000,1.370000,291300
2020-07-24,1.370000,1.400000,1.310000,1.320000,1.320000,468800
2020-07-27,1.320000,1.400000,1.310000,1.380000,1.380000,534200
2020-07-28,1.350000,1.380000,1.320000,1.350000,1.350000,197200
2020-07-29,1.350000,1.360000,1.310000,1.310000,1.310000,275700
2020-07-30,1.240000,1.310000,1.200000,1.260000,1.260000,543300
2020-07-31,1.230000,1.260000,1.220000,1.230000,1.230000,275900
2020-08-03,1.230000,1.270000,1.210000,1.240000,1.240000,207100
2020-08-04,1.240000,1.380000,1.225000,1.250000,1.250000,1858900
2020-08-05,1.270000,1.300000,1.240000,1.260000,1.260000,944600
2020-08-06,1.240000,1.370000,1.200000,1.290000,1.290000,3713300
2020-08-07,1.290000,1.290000,1.250000,1.265000,1.265000,401700
2020-08-10,1.260000,1.330000,1.260000,1.290000,1.290000,624400
2020-08-11,1.290000,1.330000,1.260000,1.280000,1.280000,399100
2020-08-12,1.270000,1.289000,1.220000,1.240000,1.240000,453500