Date,Open,High,Low,Close,Adj Close,Volume
2015-02-13,150.000000,153.750000,120.150002,134.550003,134.550003,101900
2015-02-17,134.850006,138.899994,131.250000,138.600006,138.600006,2600
2015-02-18,147.449997,147.449997,135.750000,138.600006,138.600006,2900
2015-02-19,138.750000,142.500000,136.050003,138.600006,138.600006,1200
2015-02-20,150.000000,150.000000,135.000000,141.300003,141.300003,1300
2015-02-23,138.750000,145.949997,138.600006,144.149994,144.149994,2400
2015-02-24,136.800003,146.399994,136.800003,140.850006,140.850006,6300
2015-02-25,141.750000,145.184998,141.149994,142.350006,142.350006,4300
2015-02-26,147.000000,177.750000,139.649994,171.750000,171.750000,5300
2015-02-27,179.100006,193.800003,165.000000,180.000000,180.000000,11200
2015-03-02,180.000000,180.000000,167.399994,179.100006,179.100006,7900
2015-03-03,174.449997,179.100006,171.600006,175.350006,175.350006,3700
2015-03-04,176.100006,176.250000,150.149994,169.800003,169.800003,3800
2015-03-05,176.250000,176.250000,159.899994,174.750000,174.750000,2500
2015-03-06,168.899994,176.250000,168.899994,174.600006,174.600006,2600
2015-03-09,169.800003,169.800003,157.649994,161.250000,161.250000,900
2015-03-10,153.899994,155.250000,145.350006,148.050003,148.050003,1700
2015-03-11,147.000000,162.149994,145.500000,152.399994,152.399994,1400
2015-03-12,147.750000,153.300003,146.699997,153.300003,153.300003,300
2015-03-13,147.000000,147.300003,146.250000,146.250000,146.250000,300
2015-03-16,165.000000,172.350006,157.500000,168.000000,168.000000,10200
2015-03-17,168.300003,172.500000,167.100006,170.699997,170.699997,5700
2015-03-18,166.949997,171.899994,163.199997,166.050003,166.050003,2300
2015-03-19,161.250000,165.000000,156.149994,161.699997,161.699997,1600
2015-03-20,159.750000,168.000000,159.750000,166.500000,166.500000,1300
2015-03-23,166.800003,166.800003,153.000000,153.000000,153.000000,2700
2015-03-24,151.649994,162.449997,151.065002,154.350006,154.350006,7200
2015-03-25,150.975006,157.500000,150.000000,151.350006,151.350006,3400
2015-03-26,150.000000,157.649994,150.000000,155.399994,155.399994,1400
2015-03-27,155.550003,155.550003,148.500000,150.000000,150.000000,900
2015-03-30,150.449997,150.449997,136.649994,140.250000,140.250000,3100
2015-03-31,139.050003,142.350006,134.699997,137.699997,137.699997,1000
2015-04-01,141.600006,142.500000,137.699997,140.175003,140.175003,800
2015-04-02,140.250000,147.449997,137.399994,144.750000,144.750000,800
2015-04-06,143.250000,147.899994,140.550003,146.250000,146.250000,500
2015-04-07,149.399994,151.500000,147.750000,151.199997,151.199997,500
2015-04-08,151.649994,154.500000,151.649994,151.830002,151.830002,800
2015-04-09,152.699997,153.300003,147.000000,147.000000,147.000000,200
2015-04-10,147.449997,153.750000,146.550003,149.100006,149.100006,300
2015-04-13,149.850006,153.449997,149.850006,152.850006,152.850006,500
2015-04-14,153.000000,156.000000,153.000000,154.800003,154.800003,500
2015-04-15,155.100006,158.699997,155.100006,156.750000,156.750000,200
2015-04-16,163.199997,163.199997,157.649994,157.649994,157.649994,200
2015-04-17,159.044998,159.149994,153.300003,154.949997,154.949997,1500
2015-04-20,157.500000,157.500000,141.914993,155.550003,155.550003,1300
2015-04-21,154.649994,154.649994,139.770004,150.899994,150.899994,800
2015-04-22,145.199997,151.949997,144.899994,149.625000,149.625000,200
2015-04-23,145.800003,150.750000,145.800003,148.800003,148.800003,400
2015-04-24,146.399994,147.149994,139.500000,142.949997,142.949997,300
2015-04-27,144.600006,147.300003,141.750000,142.649994,142.649994,500
2015-04-28,140.250000,143.699997,120.300003,127.500000,127.500000,3200
2015-04-29,132.600006,137.505005,132.600006,136.350006,136.350006,1200
2015-04-30,140.699997,140.699997,135.000000,135.000000,135.000000,200
2015-05-01,135.899994,139.619995,121.650002,139.050003,139.050003,500
2015-05-04,136.500000,136.500000,126.449997,128.699997,128.699997,900
2015-05-05,126.000000,136.800003,123.434998,125.699997,125.699997,6900
2015-05-06,124.349998,128.850006,123.300003,128.850006,128.850006,600
2015-05-07,134.205002,134.205002,124.650002,126.824997,126.824997,400
2015-05-08,127.949997,129.300003,124.500000,128.250000,128.250000,400
2015-05-11,131.250000,133.050003,120.300003,127.949997,127.949997,2900
2015-05-12,126.750000,129.750000,123.449997,129.750000,129.750000,1100
2015-05-13,120.555000,127.650002,120.555000,127.500000,127.500000,200
2015-05-14,127.500000,133.199997,124.500000,127.800003,127.800003,300
2015-05-15,129.449997,131.100006,127.500000,129.899994,129.899994,500
2015-05-18,128.850006,128.850006,121.650002,123.000000,123.000000,2400
2015-05-19,122.250000,125.849998,122.250000,125.849998,125.849998,300
2015-05-20,123.375000,134.699997,123.300003,128.250000,128.250000,4300
2015-05-21,130.050003,136.500000,128.250000,135.300003,135.300003,900
2015-05-22,136.949997,139.500000,131.699997,135.750000,135.750000,1200
2015-05-26,134.399994,142.350006,134.399994,140.100006,140.100006,1300
2015-05-27,141.000000,145.199997,140.850006,140.850006,140.850006,800
2015-05-28,142.649994,142.649994,142.199997,142.649994,142.649994,100
2015-05-29,140.550003,145.500000,138.449997,139.199997,139.199997,100
2015-06-01,144.000000,145.800003,138.300003,138.750000,138.750000,1100
2015-06-02,142.500000,142.500000,138.899994,140.100006,140.100006,400
2015-06-03,139.725006,142.050003,137.550003,138.750000,138.750000,600
2015-06-04,138.000000,142.050003,126.300003,133.350006,133.350006,5500
2015-06-05,133.500000,134.100006,130.050003,133.649994,133.649994,700
2015-06-08,135.000000,141.300003,131.550003,137.699997,137.699997,1100
2015-06-09,138.300003,140.699997,136.649994,136.949997,136.949997,900
2015-06-10,139.949997,140.699997,133.440002,138.149994,138.149994,800
2015-06-11,140.699997,140.850006,136.500000,140.850006,140.850006,900
2015-06-12,139.199997,140.100006,132.750000,136.649994,136.649994,400
2015-06-15,136.050003,141.000000,134.399994,134.699997,134.699997,800
2015-06-16,133.649994,136.649994,132.750000,135.149994,135.149994,1200
2015-06-17,134.699997,141.000000,132.300003,133.649994,133.649994,1300
2015-06-18,135.449997,137.699997,123.599998,127.050003,127.050003,1800
2015-06-19,122.250000,129.449997,113.400002,113.400002,113.400002,5100
2015-06-22,117.750000,117.750000,112.500000,113.400002,113.400002,1600
2015-06-23,116.099998,120.000000,115.500000,118.949997,118.949997,900
2015-06-24,119.849998,119.849998,113.400002,119.550003,119.550003,700
2015-06-25,120.599998,120.599998,109.800003,116.849998,116.849998,2600
2015-06-26,119.550003,119.550003,113.099998,113.099998,113.099998,900
2015-06-29,113.550003,119.699997,113.400002,116.699997,116.699997,600
2015-06-30,116.699997,119.400002,115.500000,118.949997,118.949997,300
2015-07-01,119.849998,122.849998,117.750000,120.000000,120.000000,1000
2015-07-02,120.750000,122.099998,118.500000,120.000000,120.000000,1500
2015-07-06,124.230003,124.230003,118.050003,120.900002,120.900002,900
2015-07-07,122.250000,128.100006,117.900002,124.199997,124.199997,2600
2015-07-08,124.065002,127.379997,121.650002,123.389999,123.389999,1500
2015-07-09,126.000000,127.199997,121.050003,121.050003,121.050003,900
2015-07-10,121.050003,121.199997,116.400002,118.800003,118.800003,1900
2015-07-13,120.750000,120.750000,110.400002,114.449997,114.449997,800
2015-07-14,115.050003,124.949997,115.050003,115.199997,115.199997,1500
2015-07-15,119.099998,121.574997,117.449997,117.974998,117.974998,800
2015-07-16,121.800003,123.000000,118.500000,119.099998,119.099998,1200
2015-07-17,121.500000,124.349998,114.779999,116.250000,116.250000,2900
2015-07-20,121.050003,121.050003,114.750000,115.050003,115.050003,4500
2015-07-21,120.000000,120.150002,110.250000,110.849998,110.849998,10300
2015-07-22,112.199997,116.699997,110.400002,114.750000,114.750000,1400
2015-07-23,115.949997,119.279999,110.699997,112.650002,112.650002,500
2015-07-24,115.275002,115.800003,111.900002,114.750000,114.750000,1000
2015-07-27,48.750000,51.299999,41.250000,50.849998,50.849998,43800
2015-07-28,51.750000,58.500000,50.849998,55.799999,55.799999,14500
2015-07-29,57.000000,58.349998,56.400002,57.150002,57.150002,2800
2015-07-30,56.849998,57.750000,52.500000,52.650002,52.650002,6800
2015-07-31,52.799999,52.799999,48.900002,52.049999,52.049999,1900
2015-08-03,52.200001,52.200001,46.950001,47.625000,47.625000,1100
2015-08-04,49.049999,49.349998,47.235001,48.450001,48.450001,900
2015-08-05,47.834999,49.500000,46.799999,49.500000,49.500000,1300
2015-08-06,48.299999,48.299999,44.250000,45.075001,45.075001,2800
2015-08-07,44.549999,45.884998,44.549999,44.939999,44.939999,300
2015-08-10,46.950001,48.750000,44.099998,46.200001,46.200001,1500
2015-08-11,46.200001,49.950001,46.200001,49.799999,49.799999,1800
2015-08-12,48.000000,48.599998,46.049999,46.049999,46.049999,1000
2015-08-13,47.250000,50.250000,46.500000,50.250000,50.250000,2500
2015-08-14,50.099998,61.500000,50.099998,60.150002,60.150002,3100
2015-08-17,61.349998,68.250000,60.000000,67.199997,67.199997,2700
2015-08-18,67.650002,92.669998,67.650002,73.199997,73.199997,9100
2015-08-19,83.099998,89.250000,76.949997,84.750000,84.750000,9900
2015-08-20,84.750000,88.199997,79.650002,82.650002,82.650002,4600
2015-08-21,75.599998,77.550003,68.925003,75.150002,75.150002,2300
2015-08-24,75.000000,75.000000,63.750000,72.300003,72.300003,1500
2015-08-25,72.300003,76.199997,72.300003,75.300003,75.300003,2500
2015-08-26,77.400002,87.449997,72.900002,73.050003,73.050003,3400
2015-08-27,75.000000,82.665001,75.000000,76.349998,76.349998,1000
2015-08-28,80.400002,80.400002,75.150002,75.300003,75.300003,500
2015-08-31,77.250000,80.099998,76.199997,76.199997,76.199997,1100
2015-09-01,76.199997,76.199997,63.900002,68.099998,68.099998,5200
2015-09-02,65.400002,65.400002,55.950001,61.500000,61.500000,2300
2015-09-03,61.799999,67.199997,60.750000,65.699997,65.699997,900
2015-09-04,62.099998,63.450001,57.599998,60.299999,60.299999,1000
2015-09-08,61.200001,74.400002,57.150002,64.349998,64.349998,3100
2015-09-09,65.849998,71.099998,58.650002,61.349998,61.349998,4500
2015-09-10,62.400002,66.900002,62.400002,66.900002,66.900002,1400
2015-09-11,66.599998,66.900002,61.500000,61.799999,61.799999,400
2015-09-14,62.700001,63.450001,57.150002,57.900002,57.900002,1000
2015-09-15,58.049999,62.400002,58.049999,60.000000,60.000000,200
2015-09-16,61.500000,61.500000,55.950001,57.599998,57.599998,1600
2015-09-17,53.250000,60.599998,53.250000,59.700001,59.700001,900
2015-09-18,58.049999,63.599998,56.250000,59.400002,59.400002,1200
2015-09-21,61.919998,61.950001,58.799999,59.325001,59.325001,300
2015-09-22,55.799999,58.349998,55.799999,58.049999,58.049999,400
2015-09-23,57.000000,58.500000,56.264999,58.500000,58.500000,200
2015-09-24,57.000000,57.299999,52.980000,55.799999,55.799999,6300
2015-09-25,87.000000,114.599998,73.500000,94.500000,94.500000,1081800
2015-09-28,84.599998,90.300003,68.250000,71.250000,71.250000,89000
2015-09-29,72.150002,72.150002,57.900002,61.799999,61.799999,29100
2015-09-30,66.750000,90.750000,63.750000,77.849998,77.849998,300900
2015-10-01,74.250000,76.349998,63.299999,66.750000,66.750000,32900
2015-10-02,63.450001,70.500000,62.549999,65.550003,65.550003,11600
2015-10-05,63.450001,65.550003,57.750000,63.299999,63.299999,15800
2015-10-06,64.349998,64.949997,59.549999,60.750000,60.750000,3600
2015-10-07,61.799999,63.299999,58.200001,58.799999,58.799999,8400
2015-10-08,58.799999,59.099998,57.000000,57.000000,57.000000,7200
2015-10-09,57.000000,58.950001,54.299999,55.110001,55.110001,7300
2015-10-12,56.549999,56.549999,53.250000,54.299999,54.299999,3800
2015-10-13,53.400002,58.500000,53.250000,54.150002,54.150002,11500
2015-10-14,54.150002,56.400002,52.049999,54.000000,54.000000,6100
2015-10-15,53.250000,56.099998,52.349998,53.250000,53.250000,4200
2015-10-16,52.650002,56.250000,52.650002,54.599998,54.599998,3000
2015-10-19,55.049999,57.150002,53.400002,54.750000,54.750000,3000
2015-10-20,56.700001,56.700001,48.150002,48.299999,48.299999,9900
2015-10-21,50.250000,50.400002,46.799999,47.099998,47.099998,4100
2015-10-22,47.400002,48.900002,43.799999,43.799999,43.799999,3100
2015-10-23,43.950001,48.599998,43.799999,47.549999,47.549999,9800
2015-10-26,47.549999,50.099998,46.799999,49.349998,49.349998,1700
2015-10-27,49.049999,49.049999,44.700001,46.200001,46.200001,4000
2015-10-28,46.200001,54.509998,44.520000,50.099998,50.099998,20100
2015-10-29,51.599998,58.349998,51.299999,53.250000,53.250000,20400
2015-10-30,53.250000,53.250000,42.450001,46.799999,46.799999,8800
2015-11-02,48.000000,54.750000,46.455002,51.000000,51.000000,13200
2015-11-03,50.700001,53.834999,50.700001,52.799999,52.799999,1500
2015-11-04,52.950001,52.950001,49.650002,51.750000,51.750000,1500
2015-11-05,51.299999,51.599998,48.450001,51.450001,51.450001,600
2015-11-06,51.599998,51.599998,48.900002,50.849998,50.849998,1700
2015-11-09,50.250000,50.250000,47.549999,48.000000,48.000000,1300
2015-11-10,48.000000,48.465000,46.500000,47.700001,47.700001,2100
2015-11-11,46.650002,46.650002,45.750000,46.424999,46.424999,900
2015-11-12,45.599998,46.365002,45.450001,45.450001,45.450001,3000
2015-11-13,45.750000,45.750000,44.549999,44.549999,44.549999,700
2015-11-16,44.549999,44.700001,43.049999,43.049999,43.049999,3100
2015-11-17,43.650002,44.400002,43.500000,43.500000,43.500000,500
2015-11-18,43.650002,44.279999,43.500000,43.650002,43.650002,1100
2015-11-19,44.250000,45.150002,42.750000,44.474998,44.474998,3500
2015-11-20,45.285000,48.900002,43.200001,45.450001,45.450001,22300
2015-11-23,47.250000,55.500000,45.000000,50.549999,50.549999,37400
2015-11-24,50.549999,52.349998,47.549999,48.150002,48.150002,7100
2015-11-25,48.299999,49.200001,45.750000,47.400002,47.400002,4600
2015-11-27,47.549999,49.349998,46.200001,49.200001,49.200001,2300
2015-11-30,49.200001,49.200001,46.365002,47.400002,47.400002,2700
2015-12-01,47.099998,47.400002,45.750000,46.049999,46.049999,7200
2015-12-02,46.049999,46.049999,43.650002,45.299999,45.299999,3200
2015-12-03,44.700001,45.900002,42.450001,44.700001,44.700001,2400
2015-12-04,44.400002,46.799999,44.250000,46.799999,46.799999,4200
2015-12-07,46.799999,46.799999,44.549999,45.599998,45.599998,1600
2015-12-08,45.000000,45.000000,42.720001,44.294998,44.294998,2800
2015-12-09,44.549999,45.119999,42.900002,43.650002,43.650002,1600
2015-12-10,43.650002,45.000000,43.500000,43.500000,43.500000,800
2015-12-11,42.450001,43.950001,42.150002,43.200001,43.200001,1200
2015-12-14,43.200001,43.500000,42.299999,42.599998,42.599998,500
2015-12-15,43.500000,43.500000,37.049999,38.250000,38.250000,3700
2015-12-16,37.500000,44.474998,37.500000,41.549999,41.549999,3100
2015-12-17,39.599998,43.799999,39.599998,41.250000,41.250000,2700
2015-12-18,42.150002,42.599998,40.799999,41.700001,41.700001,3200
2015-12-21,41.700001,42.299999,41.250000,42.299999,42.299999,1200
2015-12-22,42.150002,46.049999,42.150002,43.349998,43.349998,1300
2015-12-23,43.349998,44.250000,42.750000,43.500000,43.500000,1800
2015-12-24,43.500000,43.799999,39.599998,42.450001,42.450001,400
2015-12-28,42.150002,47.849998,40.950001,45.150002,45.150002,2700
2015-12-29,45.299999,48.599998,44.400002,46.500000,46.500000,3300
2015-12-30,46.200001,47.099998,45.674999,46.500000,46.500000,1500
2015-12-31,46.200001,46.200001,44.250000,44.400002,44.400002,1700
2016-01-04,43.650002,44.099998,42.000000,43.349998,43.349998,2100
2016-01-05,43.500000,45.000000,43.500000,44.099998,44.099998,400
2016-01-06,43.500000,44.099998,40.799999,40.799999,40.799999,1600
2016-01-07,40.500000,41.250000,37.950001,38.400002,38.400002,2300
2016-01-08,38.849998,38.849998,36.000000,36.900002,36.900002,1900
2016-01-11,36.000000,42.134998,33.029999,36.450001,36.450001,3700
2016-01-12,35.099998,38.700001,34.799999,37.799999,37.799999,700
2016-01-13,38.099998,43.950001,37.950001,37.950001,37.950001,1500
2016-01-14,37.950001,38.700001,35.400002,36.750000,36.750000,1000
2016-01-15,35.849998,37.500000,35.250000,36.150002,36.150002,900
2016-01-19,36.450001,37.799999,35.400002,37.799999,37.799999,300
2016-01-20,36.599998,36.599998,33.750000,36.450001,36.450001,800
2016-01-21,37.049999,37.049999,36.299999,36.900002,36.900002,200
2016-01-22,37.349998,37.349998,35.700001,36.000000,36.000000,300
2016-01-25,36.000000,37.500000,35.700001,37.349998,37.349998,400
2016-01-26,37.650002,39.299999,37.650002,38.849998,38.849998,500
2016-01-27,38.700001,38.849998,37.349998,37.349998,37.349998,200
2016-01-28,37.799999,38.549999,36.150002,36.450001,36.450001,300
2016-01-29,37.185001,37.799999,34.650002,34.650002,34.650002,2300
2016-02-01,35.099998,36.599998,35.099998,35.700001,35.700001,800
2016-02-02,36.525002,36.525002,34.500000,34.500000,34.500000,200
2016-02-03,35.400002,35.400002,33.000000,33.150002,33.150002,200
2016-02-04,34.320000,34.799999,32.250000,32.250000,32.250000,1200
2016-02-05,32.400002,32.535000,28.500000,30.450001,30.450001,2200
2016-02-08,30.750000,34.814999,29.700001,29.700001,29.700001,2700
2016-02-09,36.900002,56.250000,31.950001,42.599998,42.599998,87400
2016-02-10,39.900002,42.000000,34.650002,35.400002,35.400002,12000
2016-02-11,35.250000,37.500000,31.350000,33.150002,33.150002,3500
2016-02-12,34.200001,34.424999,28.889999,30.450001,30.450001,4400
2016-02-16,30.600000,33.689999,30.600000,32.549999,32.549999,2200
2016-02-17,32.400002,35.549999,32.400002,33.150002,33.150002,1500
2016-02-18,34.200001,36.750000,30.225000,34.349998,34.349998,14000
2016-02-19,34.500000,36.000000,30.750000,32.250000,32.250000,2000
2016-02-22,32.250000,34.500000,31.200001,34.049999,34.049999,700
2016-02-23,36.750000,36.750000,32.459999,33.150002,33.150002,800
2016-02-24,33.150002,35.700001,32.250000,32.549999,32.549999,900
2016-02-25,32.355000,33.150002,30.750000,31.049999,31.049999,1100
2016-02-26,31.650000,33.450001,30.150000,32.400002,32.400002,800
2016-02-29,31.799999,35.849998,31.049999,34.500000,34.500000,2100
2016-03-01,34.349998,35.084999,33.450001,35.084999,35.084999,300
2016-03-02,33.750000,35.744999,33.299999,33.599998,33.599998,400
2016-03-03,34.349998,39.900002,33.000000,33.959999,33.959999,2700
2016-03-04,36.450001,40.349998,35.700001,39.000000,39.000000,600
2016-03-07,39.945000,40.349998,35.700001,36.150002,36.150002,1100
2016-03-08,36.299999,41.099998,35.400002,37.049999,37.049999,1700
2016-03-09,37.049999,41.250000,36.299999,41.250000,41.250000,1600
2016-03-10,42.150002,45.750000,40.650002,45.150002,45.150002,1400
2016-03-11,46.500000,46.500000,42.000000,43.200001,43.200001,600
2016-03-14,42.299999,44.400002,42.000000,43.799999,43.799999,200
2016-03-15,43.799999,48.599998,43.799999,43.950001,43.950001,300
2016-03-16,43.650002,48.000000,43.650002,45.900002,45.900002,400
2016-03-17,46.500000,46.500000,44.250000,44.250000,44.250000,500
2016-03-18,44.700001,45.000000,41.055000,43.200001,43.200001,1800
2016-03-21,43.950001,45.000000,41.700001,43.349998,43.349998,1000
2016-03-22,42.900002,45.000000,37.650002,39.000000,39.000000,1300
2016-03-23,40.500000,45.000000,36.000000,36.000000,36.000000,3300
2016-03-24,36.750000,39.750000,36.000000,39.599998,39.599998,1000
2016-03-28,39.599998,39.750000,36.150002,36.599998,36.599998,500
2016-03-29,37.575001,37.680000,36.000000,36.915001,36.915001,300
2016-03-30,40.200001,40.799999,37.200001,39.930000,39.930000,1600
2016-03-31,36.750000,38.700001,36.599998,36.900002,36.900002,300
2016-04-01,36.150002,39.000000,34.500000,35.400002,35.400002,1100
2016-04-04,35.250000,37.799999,33.000000,33.299999,33.299999,1700
2016-04-05,33.000000,38.849998,31.950001,32.099998,32.099998,2400
2016-04-06,32.400002,35.400002,32.400002,34.349998,34.349998,900
2016-04-07,33.900002,34.650002,31.950001,32.250000,32.250000,400
2016-04-08,33.750000,34.035000,32.549999,33.299999,33.299999,200
2016-04-11,33.150002,34.049999,32.849998,32.849998,32.849998,600
2016-04-12,32.849998,36.150002,32.400002,33.750000,33.750000,1500
2016-04-13,33.900002,34.799999,32.700001,32.700001,32.700001,500
2016-04-14,33.000000,35.250000,33.000000,34.650002,34.650002,200
2016-04-15,34.650002,34.650002,31.799999,33.150002,33.150002,700
2016-04-18,33.000000,34.049999,32.250000,33.900002,33.900002,600
2016-04-19,34.349998,34.950001,33.150002,33.750000,33.750000,300
2016-04-20,33.750000,34.200001,32.099998,32.700001,32.700001,700
2016-04-21,32.400002,33.000000,31.950001,32.250000,32.250000,600
2016-04-22,32.400002,34.244999,31.799999,31.950001,31.950001,800
2016-04-25,32.250000,33.000000,31.950001,32.549999,32.549999,300
2016-04-26,32.849998,33.000000,32.700001,33.000000,33.000000,500
2016-04-27,31.950001,32.549999,31.950001,32.549999,32.549999,200
2016-04-28,31.950001,32.549999,30.600000,30.750000,30.750000,1600
2016-04-29,31.650000,31.650000,29.549999,29.549999,29.549999,900
2016-05-02,30.000000,30.825001,30.000000,30.299999,30.299999,200
2016-05-03,30.000000,30.000000,28.650000,30.000000,30.000000,600
2016-05-04,30.750000,30.750000,28.200001,30.299999,30.299999,2000
2016-05-05,30.000000,30.000000,26.549999,27.150000,27.150000,900
2016-05-06,27.000000,27.615000,25.799999,25.934999,25.934999,1200
2016-05-09,24.900000,25.200001,21.000000,23.250000,23.250000,4600
2016-05-10,22.500000,22.680000,20.100000,21.000000,21.000000,3000
2016-05-11,20.250000,20.250000,18.000000,18.150000,18.150000,1900
2016-05-12,18.150000,19.875000,18.150000,18.900000,18.900000,1000
2016-05-13,20.205000,20.250000,18.750000,19.049999,19.049999,2600
2016-05-16,19.650000,20.850000,18.750000,18.900000,18.900000,2300
2016-05-17,21.000000,21.000000,19.200001,19.799999,19.799999,2900
2016-05-18,18.735001,20.250000,18.735001,20.250000,20.250000,2500
2016-05-19,18.750000,20.325001,18.150000,18.900000,18.900000,2000
2016-05-20,18.900000,19.799999,18.900000,18.900000,18.900000,500
2016-05-23,18.900000,19.200001,18.000000,18.600000,18.600000,900
2016-05-24,18.600000,19.350000,18.299999,18.299999,18.299999,700
2016-05-25,17.700001,19.500000,16.799999,17.250000,17.250000,2100
2016-05-26,16.350000,18.150000,16.350000,17.850000,17.850000,3900
2016-05-27,17.250000,17.850000,16.500000,17.400000,17.400000,1200
2016-05-31,18.000000,19.500000,17.250000,18.900000,18.900000,2700
2016-06-01,19.500000,20.850000,18.150000,20.250000,20.250000,2100
2016-06-02,19.799999,22.680000,19.799999,22.500000,22.500000,2700
2016-06-03,22.500000,23.700001,20.850000,22.799999,22.799999,1600
2016-06-06,22.799999,23.250000,22.350000,23.100000,23.100000,400
2016-06-07,22.950001,22.950001,22.200001,22.485001,22.485001,1000
2016-06-08,22.950001,29.700001,22.950001,29.549999,29.549999,14600
2016-06-09,30.450001,68.699997,30.000000,45.150002,45.150002,407000
2016-06-10,41.250000,43.200001,31.500000,34.049999,34.049999,54100
2016-06-13,34.049999,34.320000,30.900000,32.549999,32.549999,9400
2016-06-14,31.049999,35.250000,30.150000,32.250000,32.250000,14300
2016-06-15,32.250000,33.389999,30.600000,31.200001,31.200001,4500
2016-06-16,32.250000,33.000000,28.500000,29.700001,29.700001,12600
2016-06-17,30.600000,31.950001,28.650000,29.100000,29.100000,8700
2016-06-20,28.500000,30.750000,28.500000,29.400000,29.400000,2900
2016-06-21,29.400000,30.299999,27.000000,27.600000,27.600000,6800
2016-06-22,28.740000,29.400000,27.750000,28.049999,28.049999,800
2016-06-23,28.799999,28.950001,27.150000,28.350000,28.350000,800
2016-06-24,27.000000,28.799999,25.350000,25.350000,25.350000,2800
2016-06-27,25.650000,25.650000,23.100000,23.549999,23.549999,3400
2016-06-28,24.000000,26.400000,23.850000,26.400000,26.400000,1900
2016-06-29,26.400000,28.049999,24.450001,24.900000,24.900000,1100
2016-06-30,25.350000,26.700001,25.350000,26.549999,26.549999,1100
2016-07-01,26.850000,27.405001,25.049999,25.200001,25.200001,1600
2016-07-05,25.350000,26.100000,24.600000,24.750000,24.750000,1100
2016-07-06,24.600000,25.350000,24.450001,24.600000,24.600000,5000
2016-07-07,24.299999,26.400000,24.299999,26.250000,26.250000,3200
2016-07-08,25.500000,27.600000,25.500000,25.650000,25.650000,7500
2016-07-11,26.250000,28.200001,26.250000,27.450001,27.450001,2000
2016-07-12,27.900000,29.549999,27.000000,27.000000,27.000000,5200
2016-07-13,27.000000,28.200001,26.250000,26.400000,26.400000,2100
2016-07-14,26.400000,27.900000,26.400000,27.000000,27.000000,2200
2016-07-15,27.900000,29.700001,27.600000,28.650000,28.650000,4400
2016-07-18,30.150000,30.150000,27.299999,28.350000,28.350000,2100
2016-07-19,28.049999,29.549999,26.549999,28.049999,28.049999,2700
2016-07-20,27.900000,28.950001,26.025000,28.500000,28.500000,3300
2016-07-21,28.950001,31.500000,28.950001,29.549999,29.549999,30900
2016-07-22,30.600000,31.049999,26.850000,27.750000,27.750000,5800
2016-07-25,40.200001,40.200001,25.950001,28.049999,28.049999,202700
2016-07-26,29.250000,29.250000,25.200001,26.400000,26.400000,26900
2016-07-27,26.100000,26.160000,23.549999,24.900000,24.900000,13000
2016-07-28,24.299999,24.795000,22.799999,23.850000,23.850000,8600
2016-07-29,23.850000,24.299999,22.950001,24.299999,24.299999,5600
2016-08-01,24.000000,25.799999,23.400000,25.049999,25.049999,19600
2016-08-02,24.750000,25.350000,24.150000,24.600000,24.600000,4200
2016-08-03,24.000000,25.650000,24.000000,25.049999,25.049999,2100
2016-08-04,24.900000,25.049999,23.850000,23.985001,23.985001,6800
2016-08-05,24.150000,24.600000,23.700001,24.299999,24.299999,3600
2016-08-08,25.200001,25.200001,22.500000,23.250000,23.250000,3700
2016-08-09,24.150000,24.150000,23.100000,23.549999,23.549999,1800
2016-08-10,23.850000,24.750000,23.250000,23.850000,23.850000,4000
2016-08-11,24.150000,24.150000,22.875000,22.950001,22.950001,3000
2016-08-12,23.250000,24.000000,23.100000,23.549999,23.549999,2400
2016-08-15,24.000000,24.150000,22.200001,22.650000,22.650000,6900
2016-08-16,22.500000,23.700001,22.200001,23.549999,23.549999,3900
2016-08-17,22.950001,24.150000,22.950001,23.850000,23.850000,2000
2016-08-18,24.150000,26.850000,24.000000,26.250000,26.250000,12500
2016-08-19,26.700001,26.700001,25.110001,25.785000,25.785000,3100
2016-08-22,25.950001,25.950001,24.450001,24.450001,24.450001,800
2016-08-23,25.049999,25.350000,23.850000,25.049999,25.049999,3800
2016-08-24,25.500000,25.500000,23.250000,24.900000,24.900000,1200
2016-08-25,24.299999,24.900000,23.549999,24.450001,24.450001,1400
2016-08-26,24.750000,25.350000,23.850000,25.049999,25.049999,600
2016-08-29,23.850000,25.184999,23.850000,25.184999,25.184999,1500
2016-08-30,24.750000,25.200001,24.600000,25.049999,25.049999,700
2016-08-31,24.600000,25.200001,22.799999,22.860001,22.860001,2600
2016-09-01,22.950001,24.000000,22.200001,23.850000,23.850000,1800
2016-09-02,24.000000,24.000000,22.500000,23.250000,23.250000,3200
2016-09-06,23.250000,23.850000,19.965000,21.150000,21.150000,11400
2016-09-07,21.600000,22.200001,21.000000,21.000000,21.000000,2300
2016-09-08,21.780001,21.900000,20.700001,20.700001,20.700001,2700
2016-09-09,21.750000,21.750000,20.400000,20.700001,20.700001,1900
2016-09-12,20.700001,21.450001,20.549999,20.850000,20.850000,2300
2016-09-13,21.000000,21.900000,18.600000,21.150000,21.150000,9000
2016-09-14,21.735001,21.735001,19.950001,20.549999,20.549999,1800
2016-09-15,20.400000,21.600000,20.400000,21.600000,21.600000,1500
2016-09-16,21.405001,22.200001,21.150000,21.299999,21.299999,2200
2016-09-19,21.750000,22.500000,20.850000,21.750000,21.750000,1600
2016-09-20,21.600000,22.350000,21.165001,21.299999,21.299999,1200
2016-09-21,21.600000,24.000000,21.045000,22.049999,22.049999,600
2016-09-22,23.235001,23.235001,20.850000,21.465000,21.465000,2100
2016-09-23,21.900000,22.500000,21.900000,22.350000,22.350000,500
2016-09-26,22.049999,22.500000,21.450001,21.750000,21.750000,1900
2016-09-27,22.350000,22.500000,20.549999,21.900000,21.900000,900
2016-09-28,21.750000,21.750000,21.000000,21.600000,21.600000,1100
2016-09-29,21.299999,22.200001,21.000000,21.750000,21.750000,1000
2016-09-30,21.750000,21.750000,18.900000,21.000000,21.000000,4600
2016-10-03,21.299999,21.465000,19.215000,20.850000,20.850000,1100
2016-10-04,20.850000,21.000000,20.700001,21.000000,21.000000,400
2016-10-05,21.450001,21.615000,19.500000,20.850000,20.850000,2400
2016-10-06,20.700001,21.750000,20.309999,21.150000,21.150000,1300
2016-10-07,21.600000,21.600000,19.950001,21.299999,21.299999,400
2016-10-10,21.450001,21.600000,21.344999,21.450001,21.450001,100
2016-10-11,21.600000,21.600000,20.700001,20.700001,20.700001,600
2016-10-12,21.450001,21.450001,19.950001,20.400000,20.400000,700
2016-10-13,20.400000,21.600000,18.750000,21.600000,21.600000,6400
2016-10-14,21.600000,21.600000,19.965000,20.400000,20.400000,500
2016-10-17,20.700001,21.299999,20.415001,21.000000,21.000000,700
2016-10-18,20.850000,21.450001,20.850000,21.150000,21.150000,900
2016-10-19,21.299999,21.600000,20.400000,21.600000,21.600000,3400
2016-10-20,21.600000,21.600000,21.150000,21.299999,21.299999,0
2016-10-21,21.600000,21.600000,20.700001,21.510000,21.510000,400
2016-10-24,22.500000,25.350000,21.750000,22.049999,22.049999,28200
2016-10-25,21.750000,22.754999,20.850000,22.200001,22.200001,6400
2016-10-26,19.500000,20.250000,18.000000,18.900000,18.900000,9800
2016-10-27,19.950001,20.250000,18.600000,18.750000,18.750000,2500
2016-10-28,18.000000,18.600000,16.350000,17.250000,17.250000,4800
2016-10-31,16.500000,18.975000,16.500000,17.549999,17.549999,1600
2016-11-01,18.450001,18.450001,15.600000,16.950001,16.950001,5100
2016-11-02,18.750000,18.750000,16.500000,16.950001,16.950001,700
2016-11-03,16.995001,18.150000,15.000000,16.799999,16.799999,7900
2016-11-04,17.250000,18.000000,15.300000,16.200001,16.200001,9200
2016-11-07,15.300000,17.700001,14.340000,15.300000,15.300000,11500
2016-11-08,16.650000,16.950001,14.250000,14.250000,14.250000,6900
2016-11-09,14.250000,15.750000,13.215000,14.100000,14.100000,5400
2016-11-10,13.680000,14.175000,12.900000,12.900000,12.900000,2700
2016-11-11,13.200000,15.300000,13.050000,14.700000,14.700000,11900
2016-11-14,13.200000,15.450000,13.200000,15.300000,15.300000,5100
2016-11-15,15.300000,15.450000,13.200000,15.000000,15.000000,3900
2016-11-16,15.450000,17.850000,15.000000,15.750000,15.750000,8900
2016-11-17,15.900000,16.500000,14.250000,14.250000,14.250000,4800
2016-11-18,14.295000,15.450000,13.200000,13.950000,13.950000,5300
2016-11-21,13.500000,13.500000,12.600000,12.675000,12.675000,8800
2016-11-22,12.600000,13.500000,11.250000,11.250000,11.250000,25000
2016-11-23,10.500000,10.500000,8.250000,8.325000,8.325000,113200
2016-11-25,8.745000,8.820000,7.800000,8.280000,8.280000,10800
2016-11-28,8.685000,9.150000,7.350000,7.500000,7.500000,28900
2016-11-29,7.800000,8.085000,6.750000,7.200000,7.200000,17100
2016-11-30,7.350000,7.350000,6.495000,7.050000,7.050000,15400
2016-12-01,7.050000,9.150000,6.600000,9.000000,9.000000,78800
2016-12-02,9.000000,9.765000,7.365000,7.800000,7.800000,101100
2016-12-05,8.250000,8.400000,7.500000,8.100000,8.100000,20900
2016-12-06,8.160000,9.000000,7.500000,7.800000,7.800000,26400
2016-12-07,8.250000,8.400000,7.350000,7.350000,7.350000,9900
2016-12-08,7.725000,7.800000,7.500000,7.620000,7.620000,13800
2016-12-09,8.400000,9.450000,7.575000,8.400000,8.400000,74600
2016-12-12,8.550000,8.850000,7.950000,8.070000,8.070000,20000
2016-12-13,8.250000,9.300000,7.575000,7.725000,7.725000,184900
2016-12-14,8.025000,8.100000,7.380000,7.575000,7.575000,31600
2016-12-15,7.650000,7.665000,7.200000,7.350000,7.350000,16500
2016-12-16,7.350000,7.800000,7.350000,7.650000,7.650000,19400
2016-12-19,7.875000,9.300000,7.875000,8.340000,8.340000,56300
2016-12-20,8.250000,8.325000,7.800000,7.980000,7.980000,19000
2016-12-21,7.995000,8.700000,7.845000,8.400000,8.400000,22000
2016-12-22,8.100000,9.300000,8.100000,8.595000,8.595000,70300
2016-12-23,8.595000,8.850000,7.950000,8.160000,8.160000,29900
2016-12-27,8.550000,9.150000,8.250000,8.550000,8.550000,27400
2016-12-28,8.445000,9.000000,8.445000,8.520000,8.520000,18300
2016-12-29,8.520000,8.790000,7.965000,8.175000,8.175000,20500
2016-12-30,8.250000,8.550000,7.350000,7.800000,7.800000,40300
2017-01-03,7.740000,8.400000,7.740000,8.115000,8.115000,7000
2017-01-04,9.000000,10.500000,8.295000,9.450000,9.450000,323300
2017-01-05,9.450000,9.750000,8.610000,8.985000,8.985000,49400
2017-01-06,9.030000,9.600000,8.250000,9.135000,9.135000,51500
2017-01-09,9.600000,9.600000,8.925000,9.150000,9.150000,28400
2017-01-10,9.150000,9.150000,8.565000,8.865000,8.865000,19500
2017-01-11,8.550000,9.000000,8.550000,8.775000,8.775000,14100
2017-01-12,8.685000,8.850000,8.550000,8.715000,8.715000,16300
2017-01-13,9.000000,10.410000,8.850000,10.320000,10.320000,114800
2017-01-17,10.500000,12.420000,10.200000,11.775000,11.775000,207700
2017-01-18,11.160000,11.460000,9.660000,10.200000,10.200000,100900
2017-01-19,9.885000,9.900000,9.090000,9.525000,9.525000,40700
2017-01-20,11.550000,11.700000,9.900000,10.050000,10.050000,106300
2017-01-23,10.800000,11.655000,10.335000,10.335000,10.335000,80300
2017-01-24,10.920000,11.550000,10.470000,10.800000,10.800000,81100
2017-01-25,10.800000,11.100000,9.795000,10.470000,10.470000,74500
2017-01-26,10.200000,10.710000,9.585000,9.750000,9.750000,29000
2017-01-27,10.500000,10.650000,9.750000,9.900000,9.900000,20400
2017-01-30,9.900000,10.050000,9.600000,9.900000,9.900000,18000
2017-01-31,9.750000,10.350000,9.675000,9.750000,9.750000,24100
2017-02-01,9.750000,10.200000,9.750000,9.975000,9.975000,11200
2017-02-02,9.750000,9.975000,9.375000,9.525000,9.525000,21400
2017-02-03,9.750000,10.200000,9.480000,9.615000,9.615000,23600
2017-02-06,9.600000,10.200000,9.600000,9.900000,9.900000,10400
2017-02-07,9.900000,10.470000,9.750000,10.170000,10.170000,35600
2017-02-08,10.275000,10.275000,9.600000,10.155000,10.155000,20300
2017-02-09,10.275000,10.350000,9.900000,9.990000,9.990000,23000
2017-02-10,10.275000,11.100000,10.050000,10.650000,10.650000,119400
2017-02-13,10.815000,11.370000,10.650000,11.100000,11.100000,58000
2017-02-14,11.250000,17.100000,11.115000,15.300000,15.300000,548400
2017-02-15,14.250000,15.300000,13.200000,13.500000,13.500000,139800
2017-02-16,14.250000,14.400000,13.200000,13.650000,13.650000,37500
2017-02-17,13.500000,16.950001,13.500000,16.200001,16.200001,145800
2017-02-21,18.000000,24.299999,17.100000,22.350000,22.350000,753200
2017-02-22,21.900000,25.200001,18.750000,19.500000,19.500000,436000
2017-02-23,21.150000,21.299999,16.799999,18.000000,18.000000,135400
2017-02-24,17.700001,21.600000,17.700001,21.000000,21.000000,206100
2017-02-27,20.549999,23.250000,19.200001,19.350000,19.350000,143900
2017-02-28,19.500000,21.000000,17.250000,20.850000,20.850000,111500
2017-03-01,20.250000,20.250000,18.900000,19.500000,19.500000,70300
2017-03-02,19.200001,20.549999,18.299999,19.950001,19.950001,64300
2017-03-03,19.500000,21.000000,18.750000,21.000000,21.000000,43500
2017-03-06,21.000000,27.000000,20.250000,26.549999,26.549999,490200
2017-03-07,25.650000,28.799999,22.799999,28.049999,28.049999,336900
2017-03-08,27.600000,29.700001,25.350000,25.350000,25.350000,178900
2017-03-09,25.650000,27.000000,23.250000,24.150000,24.150000,131800
2017-03-10,23.850000,26.250000,23.250000,25.500000,25.500000,107100
2017-03-13,24.000000,25.200001,21.750000,25.049999,25.049999,102500
2017-03-14,24.000000,24.600000,21.000000,22.350000,22.350000,92600
2017-03-15,22.500000,23.850000,22.350000,23.400000,23.400000,32600
2017-03-16,23.549999,23.760000,21.750000,22.200001,22.200001,33500
2017-03-17,21.900000,22.049999,14.250000,15.450000,15.450000,156900
2017-03-20,18.750000,24.750000,18.000000,20.850000,20.850000,528200
2017-03-21,19.799999,21.150000,18.900000,21.150000,21.150000,82300
2017-03-22,20.850000,21.150000,19.500000,19.799999,19.799999,39300
2017-03-23,19.650000,19.950001,18.900000,19.350000,19.350000,20800
2017-03-24,19.049999,20.850000,18.480000,20.700001,20.700001,63600
2017-03-27,20.549999,22.350000,19.500000,21.450001,21.450001,35900
2017-03-28,21.750000,22.184999,20.400000,21.000000,21.000000,23100
2017-03-29,20.850000,22.350000,20.549999,22.049999,22.049999,27200
2017-03-30,21.750000,22.950001,21.450001,22.350000,22.350000,35600
2017-03-31,22.350000,22.500000,21.299999,22.350000,22.350000,23700
2017-04-03,22.200001,23.700001,21.900000,22.950001,22.950001,38600
2017-04-04,23.100000,23.100000,21.750000,21.750000,21.750000,21100
2017-04-05,21.900000,22.200001,20.850000,21.299999,21.299999,32400
2017-04-06,21.000000,22.350000,19.650000,22.049999,22.049999,34100
2017-04-07,18.750000,20.700001,16.650000,19.799999,19.799999,146500
2017-04-10,19.650000,20.250000,18.465000,19.200001,19.200001,34800
2017-04-11,19.200001,19.200001,17.850000,18.299999,18.299999,29900
2017-04-12,18.299999,18.450001,17.250000,17.700001,17.700001,33300
2017-04-13,17.549999,18.299999,17.400000,17.700001,17.700001,14100
2017-04-17,19.500000,20.325001,18.600000,19.950001,19.950001,56400
2017-04-18,20.100000,20.400000,18.299999,19.200001,19.200001,27100
2017-04-19,19.049999,19.650000,18.600000,19.350000,19.350000,21600
2017-04-20,19.350000,19.500000,18.450001,18.900000,18.900000,12700
2017-04-21,19.200001,20.700001,19.049999,20.100000,20.100000,36700
2017-04-24,21.000000,21.285000,20.250000,20.250000,20.250000,21800
2017-04-25,20.549999,21.000000,20.250000,20.700001,20.700001,15000
2017-04-26,21.000000,22.200001,20.700001,21.900000,21.900000,36100
2017-04-27,21.750000,24.750000,21.750000,22.799999,22.799999,93400
2017-04-28,23.100000,23.250000,21.150000,21.750000,21.750000,28400
2017-05-01,23.850000,24.750000,21.330000,22.200001,22.200001,60000
2017-05-02,22.350000,22.500000,21.150000,21.750000,21.750000,20100
2017-05-03,21.299999,22.049999,21.150000,21.450001,21.450001,15100
2017-05-04,21.450001,21.750000,20.700001,21.000000,21.000000,16800
2017-05-05,20.850000,20.850000,19.799999,20.549999,20.549999,15800
2017-05-08,20.549999,21.299999,20.549999,21.150000,21.150000,11900
2017-05-09,21.450001,23.084999,21.299999,22.650000,22.650000,51300
2017-05-10,21.750000,24.000000,21.299999,23.700001,23.700001,40900
2017-05-11,24.000000,24.000000,22.799999,23.250000,23.250000,13700
2017-05-12,23.100000,23.805000,22.500000,23.549999,23.549999,9200
2017-05-15,24.000000,25.200001,21.750000,22.350000,22.350000,50100
2017-05-16,22.650000,23.700001,21.900000,22.200001,22.200001,18200
2017-05-17,22.500000,22.500000,21.000000,21.150000,21.150000,34200
2017-05-18,23.250000,23.325001,20.549999,22.200001,22.200001,40000
2017-05-19,22.500000,23.549999,21.750000,23.400000,23.400000,46500
2017-05-22,24.150000,24.150000,20.700001,22.500000,22.500000,57300
2017-05-23,23.100000,23.100000,21.000000,21.450001,21.450001,25700
2017-05-24,21.750000,21.750000,20.400000,20.850000,20.850000,17200
2017-05-25,20.850000,21.225000,20.250000,20.700001,20.700001,16100
2017-05-26,21.000000,21.000000,19.799999,20.549999,20.549999,14800
2017-05-30,20.700001,20.775000,19.650000,20.400000,20.400000,15200
2017-05-31,20.250000,20.400000,19.500000,19.950001,19.950001,17800
2017-06-01,19.650000,19.950001,19.200001,19.500000,19.500000,9900
2017-06-02,19.799999,20.100000,18.299999,18.900000,18.900000,27100
2017-06-05,18.900000,19.500000,18.900000,19.200001,19.200001,5200
2017-06-06,19.200001,19.799999,19.200001,19.500000,19.500000,8400
2017-06-07,19.799999,19.950001,18.900000,19.799999,19.799999,10200
2017-06-08,19.650000,20.700001,19.500000,19.799999,19.799999,13200
2017-06-09,19.799999,20.549999,19.799999,20.100000,20.100000,10100
2017-06-12,19.950001,20.100000,18.900000,19.049999,19.049999,8600
2017-06-13,18.750000,19.650000,18.299999,19.049999,19.049999,11300
2017-06-14,19.049999,20.100000,18.600000,18.900000,18.900000,21600
2017-06-15,19.049999,19.500000,18.465000,19.049999,19.049999,10600
2017-06-16,18.900000,19.500000,18.600000,18.750000,18.750000,13100
2017-06-19,19.200001,19.799999,18.150000,19.200001,19.200001,17000
2017-06-20,19.350000,20.250000,19.049999,20.100000,20.100000,21000
2017-06-21,20.250000,21.299999,19.950001,20.850000,20.850000,27800
2017-06-22,21.299999,22.500000,20.250000,20.549999,20.549999,44600
2017-06-23,21.000000,21.750000,20.549999,21.750000,21.750000,18400
2017-06-26,21.299999,22.950001,21.299999,22.049999,22.049999,21700
2017-06-27,22.200001,22.200001,20.850000,21.299999,21.299999,23800
2017-06-28,21.150000,22.049999,20.250000,20.700001,20.700001,29500
2017-06-29,20.549999,21.000000,20.400000,21.000000,21.000000,12300
2017-06-30,21.000000,21.000000,19.950001,20.100000,20.100000,10100
2017-07-03,19.950001,21.000000,19.950001,20.700001,20.700001,8200
2017-07-05,20.700001,21.434999,20.400000,20.549999,20.549999,9600
2017-07-06,20.549999,21.299999,20.100000,20.250000,20.250000,14200
2017-07-07,20.400000,21.900000,20.250000,21.750000,21.750000,33200
2017-07-10,21.750000,23.250000,21.299999,21.299999,21.299999,30900
2017-07-11,21.600000,22.184999,21.150000,21.299999,21.299999,7700
2017-07-12,21.150000,21.600000,21.150000,21.150000,21.150000,7700
2017-07-13,21.150000,21.900000,20.700001,21.299999,21.299999,15800
2017-07-14,21.450001,22.424999,21.150000,22.049999,22.049999,22700
2017-07-17,22.350000,24.420000,22.350000,23.400000,23.400000,95700
2017-07-18,23.400000,23.700001,22.049999,22.500000,22.500000,19900
2017-07-19,22.500000,23.250000,21.900000,23.100000,23.100000,15900
2017-07-20,22.950001,23.700001,22.200001,22.950001,22.950001,18300
2017-07-21,22.950001,23.070000,21.750000,22.650000,22.650000,15200
2017-07-24,22.650000,22.799999,21.750000,22.200001,22.200001,9000
2017-07-25,22.200001,22.650000,20.400000,20.850000,20.850000,23000
2017-07-26,20.850000,21.674999,20.850000,21.450001,21.450001,9600
2017-07-27,21.299999,21.600000,19.799999,19.950001,19.950001,29000
2017-07-28,19.500000,20.174999,19.049999,19.500000,19.500000,23400
2017-07-31,19.500000,19.799999,18.750000,19.500000,19.500000,20800
2017-08-01,19.350000,19.500000,18.000000,18.900000,18.900000,20000
2017-08-02,18.750000,19.500000,18.150000,18.299999,18.299999,15600
2017-08-03,19.650000,20.100000,18.450001,19.200001,19.200001,33100
2017-08-04,19.049999,19.200001,18.150000,18.750000,18.750000,15800
2017-08-07,18.600000,19.049999,17.100000,17.850000,17.850000,46700
2017-08-08,18.000000,18.750000,17.400000,18.600000,18.600000,15700
2017-08-09,18.750000,18.750000,17.639999,17.700001,17.700001,16800
2017-08-10,17.700001,17.850000,15.150000,16.950001,16.950001,31100
2017-08-11,15.750000,16.950001,15.750000,16.125000,16.125000,18100
2017-08-14,16.650000,17.400000,16.350000,17.100000,17.100000,14900
2017-08-15,16.950001,17.084999,16.200001,16.500000,16.500000,8800
2017-08-16,16.500000,16.950001,16.500000,16.650000,16.650000,4300
2017-08-17,16.799999,17.715000,16.424999,16.950001,16.950001,17600
2017-08-18,17.100000,17.850000,16.799999,17.400000,17.400000,12400
2017-08-21,17.400000,17.684999,16.500000,16.650000,16.650000,9900
2017-08-22,16.799999,17.174999,16.049999,16.350000,16.350000,9500
2017-08-23,16.350000,16.650000,15.930000,16.500000,16.500000,17200
2017-08-24,16.500000,16.950001,16.049999,16.799999,16.799999,12600
2017-08-25,16.799999,17.250000,16.650000,17.100000,17.100000,10700
2017-08-28,17.250000,17.250000,16.049999,16.350000,16.350000,14500
2017-08-29,16.350000,17.100000,16.350000,16.799999,16.799999,7300
2017-08-30,16.799999,17.250000,16.590000,17.100000,17.100000,11000
2017-08-31,16.950001,17.700001,16.500000,16.500000,16.500000,13100
2017-09-01,16.650000,17.250000,15.900000,16.950001,16.950001,24200
2017-09-05,18.450001,19.950001,16.799999,17.700001,17.700001,119600
2017-09-06,17.549999,18.000000,16.799999,17.250000,17.250000,23600
2017-09-07,17.250000,17.549999,16.799999,17.100000,17.100000,17800
2017-09-08,17.250000,17.549999,17.100000,17.400000,17.400000,14700
2017-09-11,17.400000,18.000000,17.100000,17.700001,17.700001,23400
2017-09-12,17.549999,17.850000,16.215000,16.650000,16.650000,33300
2017-09-13,16.500000,16.500000,15.000000,15.600000,15.600000,54900
2017-09-14,15.900000,16.500000,15.300000,15.450000,15.450000,39500
2017-09-15,15.600000,16.770000,15.300000,15.750000,15.750000,33900
2017-09-18,15.900000,16.650000,15.750000,16.500000,16.500000,13700
2017-09-19,16.500000,17.100000,15.750000,16.049999,16.049999,20800
2017-09-20,16.049999,16.754999,16.049999,16.650000,16.650000,10900
2017-09-21,16.500000,16.950001,15.900000,16.500000,16.500000,17500
2017-09-22,16.650000,16.950001,16.200001,16.799999,16.799999,11300
2017-09-25,16.650000,17.250000,16.500000,16.650000,16.650000,11200
2017-09-26,16.500000,17.100000,16.200001,16.200001,16.200001,9100
2017-09-27,16.200001,19.500000,16.049999,19.200001,19.200001,137400
2017-09-28,19.200001,21.750000,18.450001,20.700001,20.700001,107900
2017-09-29,20.250000,22.350000,19.950001,21.299999,21.299999,41500
2017-10-02,21.299999,23.100000,20.250000,22.200001,22.200001,39000
2017-10-03,21.900000,23.084999,20.850000,21.000000,21.000000,27100
2017-10-04,20.700001,22.500000,20.400000,22.049999,22.049999,19700
2017-10-05,22.350000,23.850000,22.200001,23.549999,23.549999,31200
2017-10-06,23.549999,23.700001,22.650000,23.250000,23.250000,17600
2017-10-09,23.549999,24.000000,22.200001,23.250000,23.250000,17200
2017-10-10,23.549999,24.750000,22.650000,23.850000,23.850000,22600
2017-10-11,24.000000,24.750000,23.400000,24.299999,24.299999,25600
2017-10-12,24.450001,24.900000,24.014999,24.450001,24.450001,17300
2017-10-13,24.450001,25.200001,24.000000,24.450001,24.450001,11800
2017-10-16,24.450001,25.184999,21.000000,22.799999,22.799999,21800
2017-10-17,22.650000,23.250000,21.750000,21.945000,21.945000,15200
2017-10-18,22.350000,24.299999,21.900000,22.650000,22.650000,8700
2017-10-19,22.799999,23.250000,21.299999,22.350000,22.350000,14900
2017-10-20,22.350000,22.785000,21.150000,21.750000,21.750000,16100
2017-10-23,21.600000,21.750000,19.950001,20.400000,20.400000,19700
2017-10-24,20.250000,21.750000,19.950001,20.400000,20.400000,21300
2017-10-25,19.950001,20.850000,19.350000,20.400000,20.400000,15100
2017-10-26,20.549999,20.850000,19.200001,20.100000,20.100000,25400
2017-10-27,20.100000,21.000000,20.100000,20.549999,20.549999,6800
2017-10-30,20.549999,21.434999,19.500000,20.700001,20.700001,8800
2017-10-31,20.850000,22.200001,19.950001,20.549999,20.549999,8100
2017-11-01,20.549999,21.150000,19.500000,20.700001,20.700001,8000
2017-11-02,20.850000,21.000000,19.950001,20.400000,20.400000,7700
2017-11-03,20.400000,21.000000,20.100000,21.000000,21.000000,8700
2017-11-06,21.000000,21.584999,19.950001,20.250000,20.250000,5100
2017-11-07,20.700001,20.850000,20.100000,20.400000,20.400000,8700
2017-11-08,20.250000,20.850000,20.250000,20.549999,20.549999,4200
2017-11-09,20.400000,21.450001,20.400000,21.150000,21.150000,7600
2017-11-10,21.000000,21.450001,20.700001,20.700001,20.700001,4500
2017-11-13,20.850000,23.250000,20.850000,22.500000,22.500000,25400
2017-11-14,22.500000,23.565001,22.200001,23.250000,23.250000,9400
2017-11-15,23.250000,23.250000,20.400000,20.700001,20.700001,15000
2017-11-16,20.549999,22.740000,20.549999,22.049999,22.049999,5700
2017-11-17,22.200001,22.200001,20.700001,21.150000,21.150000,9900
2017-11-20,21.299999,22.500000,20.850000,22.350000,22.350000,9600
2017-11-21,21.750000,22.650000,21.750000,22.049999,22.049999,6400
2017-11-22,22.350000,23.250000,21.750000,23.100000,23.100000,10800
2017-11-24,23.100000,23.700001,23.100000,23.549999,23.549999,27700
2017-11-27,23.400000,26.700001,23.400000,25.799999,25.799999,102300
2017-11-28,26.850000,28.500000,26.100000,27.600000,27.600000,66700
2017-11-29,27.450001,29.100000,25.500000,28.275000,28.275000,46500
2017-11-30,28.200001,29.250000,27.450001,28.950001,28.950001,18100
2017-12-01,29.250000,30.764999,27.975000,30.600000,30.600000,54400
2017-12-04,30.900000,36.599998,30.750000,33.150002,33.150002,74600
2017-12-05,33.150002,35.250000,27.000000,27.750000,27.750000,55500
2017-12-06,28.650000,31.200001,26.549999,30.750000,30.750000,32500
2017-12-07,30.600000,33.000000,29.415001,31.200001,31.200001,14300
2017-12-08,31.200001,32.985001,25.650000,30.900000,30.900000,23300
2017-12-11,30.150000,32.250000,30.000000,31.350000,31.350000,17600
2017-12-12,31.500000,33.750000,31.500000,33.750000,33.750000,13900
2017-12-13,34.200001,35.895000,33.750000,34.950001,34.950001,28300
2017-12-14,35.849998,39.750000,35.099998,36.299999,36.299999,61100
2017-12-15,36.750000,40.200001,36.000000,39.299999,39.299999,49300
2017-12-18,40.500000,41.099998,34.500000,36.000000,36.000000,48700
2017-12-19,36.150002,36.150002,32.400002,33.000000,33.000000,32800
2017-12-20,32.400002,35.400002,32.400002,34.799999,34.799999,10500
2017-12-21,33.750000,35.849998,33.150002,34.950001,34.950001,14500
2017-12-22,35.250000,37.500000,34.514999,36.450001,36.450001,12300
2017-12-26,36.900002,38.384998,36.000000,37.349998,37.349998,18100
2017-12-27,37.500000,37.500000,35.400002,37.349998,37.349998,11900
2017-12-28,37.799999,39.000000,36.750000,39.000000,39.000000,13000
2017-12-29,39.750000,40.200001,37.799999,38.700001,38.700001,9800
2018-01-02,39.750000,40.049999,36.299999,37.950001,37.950001,33600
2018-01-03,37.950001,39.599998,37.650002,39.599998,39.599998,16900
2018-01-04,40.500000,40.650002,38.549999,40.200001,40.200001,9600
2018-01-05,40.200001,40.200001,36.105000,37.500000,37.500000,37100
2018-01-08,38.250000,38.250000,34.349998,34.799999,34.799999,27400
2018-01-09,34.200001,35.250000,28.500000,29.250000,29.250000,71400
2018-01-10,29.250000,30.900000,27.900000,30.600000,30.600000,19200
2018-01-11,30.299999,32.400002,30.150000,31.799999,31.799999,13800
2018-01-12,31.200001,32.084999,30.299999,30.450001,30.450001,9900
2018-01-16,31.500000,34.500000,30.900000,32.099998,32.099998,22300
2018-01-17,32.099998,33.599998,31.350000,32.099998,32.099998,15600
2018-01-18,32.549999,32.775002,31.350000,32.700001,32.700001,7900
2018-01-19,33.450001,34.200001,32.549999,33.599998,33.599998,7000
2018-01-22,34.200001,37.049999,32.400002,36.150002,36.150002,27300
2018-01-23,36.750000,36.750000,34.799999,36.599998,36.599998,18200
2018-01-24,37.049999,37.799999,35.924999,37.200001,37.200001,9900
2018-01-25,37.500000,37.500000,35.849998,36.000000,36.000000,8500
2018-01-26,36.000000,36.900002,35.220001,36.150002,36.150002,5600
2018-01-29,36.599998,37.500000,35.849998,37.200001,37.200001,14100
2018-01-30,36.299999,36.599998,32.700001,34.500000,34.500000,24600
2018-01-31,34.650002,34.919998,33.000000,33.299999,33.299999,8700
2018-02-01,33.150002,34.799999,33.000000,34.799999,34.799999,10300
2018-02-02,34.650002,35.834999,33.750000,34.049999,34.049999,10600
2018-02-05,33.750000,35.849998,30.450001,35.250000,35.250000,20700
2018-02-06,34.349998,34.500000,33.075001,33.750000,33.750000,12700
2018-02-07,34.049999,34.650002,31.500000,32.700001,32.700001,9300
2018-02-08,32.849998,33.299999,30.900000,31.350000,31.350000,6900
2018-02-09,31.200001,32.549999,27.900000,30.450001,30.450001,19800
2018-02-12,30.299999,33.000000,30.150000,32.549999,32.549999,7800
2018-02-13,32.549999,32.955002,31.500000,32.099998,32.099998,3800
2018-02-14,32.099998,33.450001,32.099998,33.000000,33.000000,5000
2018-02-15,33.450001,33.450001,32.625000,33.000000,33.000000,3000
2018-02-16,33.299999,33.299999,32.250000,33.299999,33.299999,3400
2018-02-20,33.150002,33.150002,30.150000,30.299999,30.299999,11500
2018-02-21,29.700001,31.350000,29.700001,30.150000,30.150000,7500
2018-02-22,30.450001,31.500000,29.850000,30.150000,30.150000,4900
2018-02-23,30.600000,31.170000,29.250000,29.850000,29.850000,5600
2018-02-26,30.450001,30.450001,28.650000,29.250000,29.250000,5500
2018-02-27,29.250000,30.000000,29.100000,29.325001,29.325001,5400
2018-02-28,29.400000,29.549999,28.350000,28.950001,28.950001,4400
2018-03-01,28.665001,28.665001,24.000000,25.500000,25.500000,28300
2018-03-02,25.200001,26.415001,24.825001,26.400000,26.400000,7100
2018-03-05,26.400000,27.000000,24.900000,25.350000,25.350000,5900
2018-03-06,25.350000,26.084999,24.750000,24.750000,24.750000,9500
2018-03-07,24.750000,26.250000,24.450001,25.500000,25.500000,7600
2018-03-08,25.650000,27.090000,25.650000,27.000000,27.000000,5600
2018-03-09,27.000000,28.950001,27.000000,27.750000,27.750000,6400
2018-03-12,27.750000,28.650000,27.150000,28.200001,28.200001,8300
2018-03-13,28.200001,28.500000,27.750000,28.200001,28.200001,4000
2018-03-14,28.200001,28.500000,27.750000,28.350000,28.350000,6600
2018-03-15,28.200001,28.650000,27.299999,28.500000,28.500000,5900
2018-03-16,28.500000,29.400000,27.900000,29.400000,29.400000,10200
2018-03-19,29.250000,29.400000,27.299999,28.799999,28.799999,5700
2018-03-20,28.799999,28.950001,27.450001,28.500000,28.500000,8300
2018-03-21,28.350000,29.985001,27.450001,28.950001,28.950001,5300
2018-03-22,28.950001,33.900002,28.799999,33.075001,33.075001,37800
2018-03-23,32.849998,33.000000,29.850000,30.299999,30.299999,9700
2018-03-26,30.900000,35.700001,30.900000,34.799999,34.799999,27400
2018-03-27,35.250000,35.549999,33.000000,34.049999,34.049999,17100
2018-03-28,33.900002,34.349998,30.450001,31.500000,31.500000,18900
2018-03-29,30.900000,32.250000,30.000000,31.200001,31.200001,8300
2018-04-02,31.200001,32.250000,30.000000,30.299999,30.299999,6900
2018-04-03,30.000000,31.500000,30.000000,31.200001,31.200001,3800
2018-04-04,31.049999,31.740000,29.250000,29.700001,29.700001,15300
2018-04-05,29.700001,30.000000,28.514999,29.549999,29.549999,7300
2018-04-06,29.549999,30.360001,28.065001,29.100000,29.100000,5200
2018-04-09,29.100000,31.799999,27.600000,29.850000,29.850000,10600
2018-04-10,30.450001,32.099998,30.000000,30.000000,30.000000,9700
2018-04-11,30.000000,31.650000,30.000000,30.420000,30.420000,4000
2018-04-12,30.600000,31.799999,30.299999,31.200001,31.200001,6700
2018-04-13,31.200001,31.650000,30.750000,31.500000,31.500000,3800
2018-04-16,31.500000,31.500000,30.450001,30.750000,30.750000,3600
2018-04-17,30.900000,31.650000,30.000000,30.900000,30.900000,5900
2018-04-18,31.049999,31.500000,30.000000,31.049999,31.049999,6300
2018-04-19,30.900000,33.299999,30.750000,32.700001,32.700001,11400
2018-04-20,33.000000,35.430000,32.790001,34.799999,34.799999,24800
2018-04-23,35.400002,36.000000,31.950001,35.250000,35.250000,22000
2018-04-24,35.250000,35.549999,32.715000,33.450001,33.450001,7400
2018-04-25,33.599998,34.049999,32.250000,33.599998,33.599998,2800
2018-04-26,33.150002,35.700001,32.700001,33.900002,33.900002,8400
2018-04-27,34.200001,34.650002,33.150002,34.200001,34.200001,5000
2018-04-30,34.349998,35.715000,34.064999,34.500000,34.500000,10300
2018-05-01,34.500000,35.384998,34.049999,34.349998,34.349998,4500
2018-05-02,34.500000,35.535000,34.049999,34.500000,34.500000,5100
2018-05-03,34.799999,35.250000,33.150002,33.900002,33.900002,4800
2018-05-04,34.049999,34.500000,33.165001,34.200001,34.200001,3100
2018-05-07,33.900002,34.500000,33.299999,34.049999,34.049999,4200
2018-05-08,34.500000,34.500000,32.250000,32.700001,32.700001,5400
2018-05-09,33.450001,34.064999,32.549999,32.849998,32.849998,5600
2018-05-10,33.000000,34.035000,32.549999,32.549999,32.549999,5000
2018-05-11,33.000000,33.450001,32.549999,33.150002,33.150002,1200
2018-05-14,33.150002,33.599998,32.700001,33.299999,33.299999,1600
2018-05-15,33.450001,34.349998,33.000000,33.599998,33.599998,5600
2018-05-16,33.750000,37.200001,33.735001,34.650002,34.650002,104400
2018-05-17,35.849998,36.599998,34.500000,36.450001,36.450001,31900
2018-05-18,36.750000,37.500000,35.400002,36.000000,36.000000,16000
2018-05-21,36.299999,37.215000,35.549999,36.599998,36.599998,14700
2018-05-22,36.599998,36.599998,33.000000,35.099998,35.099998,36900
2018-05-23,35.250000,35.549999,34.049999,35.250000,35.250000,11600
2018-05-24,35.099998,35.400002,33.299999,33.915001,33.915001,10000
2018-05-25,34.200001,34.950001,33.000000,34.049999,34.049999,11400
2018-05-29,34.200001,34.724998,33.299999,33.750000,33.750000,6600
2018-05-30,33.900002,34.500000,33.750000,34.200001,34.200001,12100
2018-05-31,34.200001,35.400002,32.700001,33.150002,33.150002,24100
2018-06-01,33.000000,34.185001,32.849998,33.450001,33.450001,12200
2018-06-04,33.599998,34.200001,33.150002,33.750000,33.750000,11500
2018-06-05,33.750000,34.200001,33.299999,34.049999,34.049999,6800
2018-06-06,34.049999,34.860001,34.049999,34.049999,34.049999,11600
2018-06-07,34.500000,36.599998,33.750000,36.150002,36.150002,74200
2018-06-08,37.049999,38.700001,35.790001,37.950001,37.950001,49700
2018-06-11,38.849998,40.650002,34.500000,37.500000,37.500000,72400
2018-06-12,37.500000,37.500000,34.650002,35.250000,35.250000,32900
2018-06-13,35.099998,36.599998,34.950001,35.549999,35.549999,15700
2018-06-14,36.000000,36.599998,35.549999,36.599998,36.599998,13700
2018-06-15,36.599998,39.645000,35.549999,36.750000,36.750000,52400
2018-06-18,36.750000,39.450001,36.750000,39.150002,39.150002,25400
2018-06-19,39.299999,46.349998,39.150002,43.200001,43.200001,112400
2018-06-20,44.700001,49.500000,39.750000,42.900002,42.900002,114300
2018-06-21,44.099998,44.849998,41.849998,43.799999,43.799999,32800
2018-06-22,43.799999,44.549999,42.900002,43.049999,43.049999,19200
2018-06-25,40.650002,40.695000,37.424999,40.049999,40.049999,41200
2018-06-26,39.750000,40.950001,37.950001,39.150002,39.150002,20000
2018-06-27,38.250000,40.650002,37.875000,39.450001,39.450001,12900
2018-06-28,39.150002,39.450001,34.500000,35.849998,35.849998,52600
2018-06-29,35.549999,38.084999,34.814999,36.299999,36.299999,9200
2018-07-02,36.750000,37.875000,35.549999,37.349998,37.349998,10600
2018-07-03,37.799999,38.250000,37.049999,37.650002,37.650002,4300
2018-07-05,38.099998,39.000000,37.500000,38.400002,38.400002,12400
2018-07-06,38.849998,39.450001,38.250000,38.400002,38.400002,8000
2018-07-09,39.000000,41.099998,38.264999,40.500000,40.500000,19400
2018-07-10,40.950001,43.334999,38.849998,38.849998,38.849998,25800
2018-07-11,39.150002,41.400002,38.384998,39.750000,39.750000,20200
2018-07-12,39.900002,41.849998,39.750000,40.799999,40.799999,21000
2018-07-13,41.549999,43.500000,40.200001,43.200001,43.200001,19500
2018-07-16,44.250000,44.985001,40.650002,41.849998,41.849998,18800
2018-07-17,41.700001,41.849998,40.650002,40.950001,40.950001,10600
2018-07-18,41.400002,42.000000,40.200001,40.950001,40.950001,17000
2018-07-19,40.950001,41.174999,39.450001,40.049999,40.049999,7200
2018-07-20,40.349998,40.424999,38.985001,39.299999,39.299999,5400
2018-07-23,39.150002,39.150002,37.334999,37.799999,37.799999,10600
2018-07-24,37.950001,41.099998,37.950001,38.849998,38.849998,18800
2018-07-25,39.599998,40.349998,39.150002,39.750000,39.750000,6300
2018-07-26,39.750000,39.900002,38.445000,39.750000,39.750000,6900
2018-07-27,39.750000,39.750000,37.049999,37.275002,37.275002,14400
2018-07-30,37.500000,38.099998,34.650002,35.250000,35.250000,12300
2018-07-31,35.250000,39.900002,34.950001,37.500000,37.500000,20700
2018-08-01,36.900002,41.775002,36.900002,37.950001,37.950001,46000
2018-08-02,38.250000,39.285000,36.299999,37.799999,37.799999,14600
2018-08-03,37.500000,38.250000,34.799999,35.400002,35.400002,28300
2018-08-06,35.400002,36.735001,33.000000,34.200001,34.200001,24900
2018-08-07,9.300000,11.250000,7.050000,10.650000,10.650000,831300
2018-08-08,11.100000,11.100000,9.000000,9.015000,9.015000,179300
2018-08-09,9.150000,10.050000,9.000000,9.900000,9.900000,100400
2018-08-10,10.200000,10.200000,9.300000,9.435000,9.435000,50300
2018-08-13,9.315000,9.900000,9.315000,9.675000,9.675000,79500
2018-08-14,9.900000,10.050000,9.420000,9.810000,9.810000,52200
2018-08-15,9.750000,9.855000,9.045000,9.750000,9.750000,48500
2018-08-16,9.750000,9.975000,9.450000,9.750000,9.750000,23200
2018-08-17,10.050000,13.590000,9.750000,11.850000,11.850000,240600
2018-08-20,12.315000,14.400000,12.075000,13.125000,13.125000,206400
2018-08-21,13.545000,14.400000,12.120000,12.300000,12.300000,85600
2018-08-22,13.800000,13.800000,12.300000,13.260000,13.260000,34800
2018-08-23,13.350000,13.800000,12.750000,13.050000,13.050000,47600
2018-08-24,13.050000,13.335000,12.300000,12.525000,12.525000,27800
2018-08-27,12.450000,13.050000,12.165000,12.600000,12.600000,19500
2018-08-28,12.420000,12.615000,12.000000,12.255000,12.255000,14400
2018-08-29,12.000000,12.450000,11.715000,12.300000,12.300000,22500
2018-08-30,12.165000,13.200000,12.165000,12.825000,12.825000,23000
2018-08-31,13.050000,13.200000,12.525000,12.975000,12.975000,18200
2018-09-04,12.600000,13.500000,12.450000,12.525000,12.525000,22500
2018-09-05,12.600000,12.960000,12.000000,12.750000,12.750000,22400
2018-09-06,12.210000,12.975000,12.015000,12.465000,12.465000,17600
2018-09-07,12.405000,17.250000,12.300000,14.985000,14.985000,287600
2018-09-10,15.600000,19.950001,15.000000,19.200001,19.200001,487100
2018-09-11,19.049999,19.049999,15.300000,16.049999,16.049999,167200
2018-09-12,16.500000,18.450001,16.350000,16.950001,16.950001,70900
2018-09-13,18.000000,18.900000,17.250000,18.299999,18.299999,80200
2018-09-14,18.900000,19.200001,17.400000,18.150000,18.150000,92400
2018-09-17,18.299999,18.299999,16.650000,17.700001,17.700001,53100
2018-09-18,18.000000,18.000000,16.799999,17.700001,17.700001,42300
2018-09-19,17.549999,18.150000,16.350000,16.799999,16.799999,41900
2018-09-20,17.100000,17.700001,16.500000,17.400000,17.400000,38400
2018-09-21,18.000000,18.000000,16.950001,17.700001,17.700001,26500
2018-09-24,17.700001,17.700001,15.450000,16.500000,16.500000,61500
2018-09-25,16.799999,16.950001,15.600000,16.049999,16.049999,17400
2018-09-26,16.049999,16.650000,16.049999,16.200001,16.200001,10500
2018-09-27,16.200001,16.500000,16.049999,16.500000,16.500000,8800
2018-09-28,16.500000,16.650000,16.049999,16.200001,16.200001,9200
2018-10-01,16.500000,16.799999,15.750000,16.200001,16.200001,32000
2018-10-02,16.200001,16.500000,15.900000,16.200001,16.200001,4500
2018-10-03,16.799999,17.100000,16.200001,16.605000,16.605000,15500
2018-10-04,16.799999,17.250000,16.200001,16.200001,16.200001,6300
2018-10-05,16.650000,18.600000,16.200001,18.000000,18.000000,96300
2018-10-08,18.000000,18.900000,17.549999,18.450001,18.450001,32900
2018-10-09,18.600000,18.750000,17.549999,17.549999,17.549999,16600
2018-10-10,17.850000,18.510000,16.500000,16.500000,16.500000,25000
2018-10-11,16.500000,16.530001,14.550000,15.600000,15.600000,28100
2018-10-12,15.600000,17.850000,15.600000,16.350000,16.350000,11800
2018-10-15,16.799999,17.250000,15.750000,15.900000,15.900000,15300
2018-10-16,16.799999,16.799999,15.750000,16.200001,16.200001,18200
2018-10-17,16.200001,16.200001,15.150000,15.300000,15.300000,13700
2018-10-18,15.300000,15.600000,15.000000,15.150000,15.150000,12600
2018-10-19,15.150000,15.300000,13.800000,14.310000,14.310000,16800
2018-10-22,14.400000,15.600000,13.800000,14.100000,14.100000,7500
2018-10-23,13.950000,14.100000,12.600000,13.200000,13.200000,30300
2018-10-24,12.750000,12.810000,11.670000,11.895000,11.895000,27900
2018-10-25,11.850000,12.450000,11.700000,12.090000,12.090000,12000
2018-10-26,11.940000,12.300000,11.850000,12.000000,12.000000,7600
2018-10-29,12.300000,12.660000,9.450000,10.560000,10.560000,23100
2018-10-30,13.050000,13.050000,10.950000,11.625000,11.625000,14200
2018-10-31,11.640000,12.075000,11.250000,11.745000,11.745000,8300
2018-11-01,11.550000,12.450000,11.280000,11.700000,11.700000,8400
2018-11-02,11.805000,12.600000,11.250000,12.000000,12.000000,6800
2018-11-05,12.000000,12.450000,11.700000,12.300000,12.300000,10400
2018-11-06,12.750000,14.550000,12.000000,13.425000,13.425000,27000
2018-11-07,14.550000,14.550000,13.200000,14.550000,14.550000,15200
2018-11-08,13.980000,17.250000,13.815000,16.500000,16.500000,63600
2018-11-09,16.500000,16.950001,14.850000,15.900000,15.900000,29200
2018-11-12,15.900000,15.900000,14.700000,15.150000,15.150000,12300
2018-11-13,15.000000,15.300000,14.835000,14.850000,14.850000,4500
2018-11-14,14.850000,14.850000,13.200000,14.175000,14.175000,4700
2018-11-15,14.700000,14.700000,13.635000,14.400000,14.400000,3500
2018-11-16,14.400000,14.850000,13.515000,14.190000,14.190000,2900
2018-11-19,14.250000,14.250000,13.650000,14.250000,14.250000,1200
2018-11-20,14.205000,14.250000,13.500000,13.650000,13.650000,3000
2018-11-21,14.100000,14.100000,13.500000,14.100000,14.100000,4400
2018-11-23,14.070000,14.250000,13.875000,14.250000,14.250000,2000
2018-11-26,13.950000,14.565000,13.500000,13.530000,13.530000,4000
2018-11-27,13.950000,14.100000,13.590000,13.980000,13.980000,3100
2018-11-28,13.950000,14.250000,13.350000,13.410000,13.410000,7900
2018-11-29,13.425000,14.100000,13.200000,13.950000,13.950000,7200
2018-11-30,13.950000,14.850000,13.515000,14.250000,14.250000,10700
2018-12-03,14.850000,17.100000,14.400000,16.500000,16.500000,75200
2018-12-04,16.350000,16.980000,15.750000,15.900000,15.900000,31000
2018-12-06,16.049999,16.350000,15.000000,15.600000,15.600000,20000
2018-12-07,15.450000,17.250000,15.450000,16.200001,16.200001,49900
2018-12-10,16.350000,16.950001,15.570000,16.500000,16.500000,27500
2018-12-11,16.500000,17.834999,16.500000,17.100000,17.100000,31300
2018-12-12,17.100000,18.000000,16.500000,16.650000,16.650000,23600
2018-12-13,16.650000,17.549999,16.500000,17.100000,17.100000,6800
2018-12-14,17.100000,17.100000,15.900000,16.200001,16.200001,15800
2018-12-17,16.500000,16.605000,15.300000,15.750000,15.750000,19000
2018-12-18,15.900000,16.200001,13.650000,14.910000,14.910000,42500
2018-12-19,14.835000,16.799999,14.100000,16.650000,16.650000,74300
2018-12-20,16.200001,16.500000,13.200000,14.145000,14.145000,80600
2018-12-21,13.050000,14.100000,11.550000,12.330000,12.330000,44400
2018-12-24,12.750000,12.750000,11.400000,11.550000,11.550000,8400
2018-12-26,11.850000,12.540000,11.550000,11.550000,11.550000,9600
2018-12-27,11.700000,11.700000,10.650000,10.725000,10.725000,10800
2018-12-28,10.725000,11.715000,10.725000,11.085000,11.085000,12500
2018-12-31,11.250000,12.510000,11.250000,12.015000,12.015000,9200
2019-01-02,12.405000,13.200000,11.805000,13.200000,13.200000,11300
2019-01-03,12.585000,13.200000,12.150000,12.600000,12.600000,4600
2019-01-04,12.600000,13.095000,12.000000,12.900000,12.900000,5400
2019-01-07,13.800000,17.100000,12.900000,16.350000,16.350000,111500
2019-01-08,16.350000,16.350000,14.100000,15.450000,15.450000,28200
2019-01-09,15.150000,15.900000,14.700000,15.000000,15.000000,9300
2019-01-10,15.000000,16.200001,14.850000,15.600000,15.600000,33900
2019-01-11,15.450000,18.299999,14.715000,15.150000,15.150000,167200
2019-01-14,15.150000,15.150000,13.590000,14.055000,14.055000,20100
2019-01-15,14.055000,14.220000,13.800000,13.875000,13.875000,6400
2019-01-16,13.800000,14.175000,13.500000,13.650000,13.650000,7400
2019-01-17,13.650000,14.250000,13.500000,13.575000,13.575000,6800
2019-01-18,13.650000,14.550000,13.500000,14.295000,14.295000,7200
2019-01-22,14.325000,14.625000,13.200000,13.215000,13.215000,15900
2019-01-23,10.200000,10.350000,9.750000,10.050000,10.050000,85700
2019-01-24,10.350000,10.350000,9.900000,9.900000,9.900000,31800
2019-01-25,10.050000,10.200000,9.600000,9.900000,9.900000,47300
2019-01-28,10.500000,10.635000,9.600000,10.050000,10.050000,114000
2019-01-29,10.200000,10.500000,9.900000,10.470000,10.470000,68600
2019-01-30,10.395000,10.500000,10.050000,10.440000,10.440000,46400
2019-01-31,10.470000,10.935000,10.200000,10.620000,10.620000,42400
2019-02-01,10.800000,11.100000,10.515000,10.905000,10.905000,46600
2019-02-04,10.950000,10.950000,10.050000,10.650000,10.650000,38900
2019-02-05,10.650000,10.650000,10.350000,10.380000,10.380000,23000
2019-02-06,10.500000,10.500000,10.200000,10.305000,10.305000,15100
2019-02-07,10.380000,10.410000,9.900000,9.990000,9.990000,16400
2019-02-08,10.200000,10.200000,9.675000,9.690000,9.690000,14200
2019-02-11,9.900000,10.200000,9.750000,9.975000,9.975000,11500
2019-02-12,10.050000,10.140000,9.765000,10.065000,10.065000,10500
2019-02-13,10.275000,10.485000,10.140000,10.215000,10.215000,10700
2019-02-14,10.950000,10.950000,10.260000,10.545000,10.545000,33400
2019-02-15,10.500000,10.500000,10.200000,10.350000,10.350000,8100
2019-02-19,10.305000,10.350000,10.200000,10.260000,10.260000,7600
2019-02-20,10.350000,10.500000,9.450000,10.050000,10.050000,22000
2019-02-21,10.200000,10.200000,9.450000,9.960000,9.960000,17000
2019-02-22,10.125000,10.260000,9.645000,10.050000,10.050000,6100
2019-02-25,9.930000,10.200000,9.750000,9.960000,9.960000,6100
2019-02-26,10.125000,10.170000,9.465000,9.630000,9.630000,11900
2019-02-27,9.300000,9.630000,9.300000,9.330000,9.330000,23800
2019-02-28,9.330000,10.095000,9.330000,9.600000,9.600000,9200
2019-03-01,9.675000,10.050000,9.600000,9.900000,9.900000,16500
2019-03-04,10.005000,10.005000,9.525000,9.720000,9.720000,7400
2019-03-05,9.900000,9.915000,9.570000,9.750000,9.750000,10000
2019-03-06,9.900000,10.200000,9.450000,9.510000,9.510000,8800
2019-03-07,9.720000,9.750000,9.000000,9.150000,9.150000,13100
2019-03-08,9.450000,9.480000,8.250000,8.520000,8.520000,22400
2019-03-11,8.715000,10.035000,8.550000,9.900000,9.900000,24200
2019-03-12,10.035000,10.200000,9.900000,10.050000,10.050000,13100
2019-03-13,10.200000,10.350000,10.050000,10.065000,10.065000,14600
2019-03-14,10.065000,10.350000,10.050000,10.275000,10.275000,25000
2019-03-15,10.500000,10.500000,10.215000,10.350000,10.350000,13200
2019-03-18,10.500000,10.500000,10.200000,10.485000,10.485000,6800
2019-03-19,10.485000,10.800000,10.350000,10.725000,10.725000,18300
2019-03-20,10.800000,10.800000,10.650000,10.725000,10.725000,7500
2019-03-21,10.800000,11.100000,10.650000,10.950000,10.950000,19300
2019-03-22,11.025000,11.400000,10.440000,10.800000,10.800000,27400
2019-03-25,10.845000,10.950000,10.380000,10.455000,10.455000,4100
2019-03-26,10.500000,10.560000,9.150000,9.750000,9.750000,34100
2019-03-27,9.720000,9.720000,9.300000,9.330000,9.330000,7900
2019-03-28,10.170000,10.410000,9.360000,9.735000,9.735000,14100
2019-03-29,9.645000,10.050000,9.450000,9.795000,9.795000,3800
2019-04-01,10.290000,10.350000,9.510000,9.660000,9.660000,4600
2019-04-02,10.200000,10.200000,9.675000,9.885000,9.885000,14400
2019-04-03,9.825000,10.200000,9.825000,10.050000,10.050000,3800
2019-04-04,10.170000,10.200000,9.390000,9.390000,9.390000,16000
2019-04-05,10.020000,10.020000,9.450000,9.750000,9.750000,2700
2019-04-08,10.950000,11.850000,10.215000,10.485000,10.485000,200700
2019-04-09,10.200000,10.605000,9.930000,10.605000,10.605000,17400
2019-04-10,10.650000,10.650000,10.125000,10.245000,10.245000,13500
2019-04-11,10.485000,10.485000,9.900000,9.900000,9.900000,9600
2019-04-12,9.900000,10.155000,9.750000,9.960000,9.960000,7600
2019-04-15,10.185000,10.215000,9.630000,9.675000,9.675000,4900
2019-04-16,10.500000,10.500000,9.780000,10.035000,10.035000,14700
2019-04-17,10.110000,10.380000,9.630000,9.630000,9.630000,9200
2019-04-18,10.050000,10.200000,9.630000,9.765000,9.765000,10900
2019-04-22,9.765000,10.080000,9.720000,9.780000,9.780000,4000
2019-04-23,9.975000,9.975000,9.600000,9.750000,9.750000,4600
2019-04-24,9.720000,9.720000,9.165000,9.390000,9.390000,7500
2019-04-25,9.450000,9.750000,9.180000,9.300000,9.300000,6200
2019-04-26,9.450000,9.720000,9.300000,9.585000,9.585000,5600
2019-04-29,9.750000,10.050000,9.615000,9.900000,9.900000,9600
2019-04-30,10.035000,10.035000,9.420000,9.420000,9.420000,7300
2019-05-01,9.450000,9.750000,9.345000,9.345000,9.345000,3600
2019-05-02,9.300000,9.810000,9.195000,9.300000,9.300000,5800
2019-05-03,9.510000,9.600000,9.330000,9.330000,9.330000,4800
2019-05-06,9.450000,9.600000,9.090000,9.375000,9.375000,6900
2019-05-07,9.585000,9.750000,9.375000,9.705000,9.705000,5100
2019-05-08,9.900000,9.900000,9.525000,9.750000,9.750000,8400
2019-05-09,9.765000,10.200000,9.600000,10.050000,10.050000,10500
2019-05-10,10.200000,10.200000,9.750000,9.765000,9.765000,6100
2019-05-13,9.750000,9.750000,9.345000,9.630000,9.630000,8600
2019-05-14,9.735000,9.750000,9.525000,9.675000,9.675000,10700
2019-05-15,9.750000,10.500000,9.450000,10.125000,10.125000,124600
2019-05-16,10.200000,10.425000,9.750000,10.245000,10.245000,36800
2019-05-17,10.350000,10.350000,9.675000,10.110000,10.110000,23800
2019-05-20,10.200000,10.335000,9.300000,9.750000,9.750000,38900
2019-05-21,10.050000,10.050000,7.950000,9.300000,9.300000,55600
2019-05-22,9.375000,9.450000,8.850000,9.210000,9.210000,54500
2019-05-23,9.120000,9.300000,8.790000,8.850000,8.850000,9600
2019-05-24,8.850000,9.600000,8.790000,9.600000,9.600000,28800
2019-05-28,9.600000,9.750000,9.300000,9.450000,9.450000,13000
2019-05-29,9.420000,9.750000,9.120000,9.435000,9.435000,15900
2019-05-30,9.450000,9.645000,9.180000,9.555000,9.555000,6300
2019-05-31,9.450000,9.450000,9.150000,9.300000,9.300000,4500
2019-06-03,9.285000,9.750000,8.715000,9.105000,9.105000,9000
2019-06-04,9.285000,9.555000,8.895000,9.150000,9.150000,9100
2019-06-05,9.210000,9.570000,8.925000,9.015000,9.015000,4200
2019-06-06,8.970000,9.000000,8.850000,8.880000,8.880000,5500
2019-06-07,8.850000,9.300000,8.850000,9.120000,9.120000,5000
2019-06-10,9.150000,9.150000,8.910000,8.940000,8.940000,3000
2019-06-11,8.715000,9.000000,8.415000,8.415000,8.415000,12100
2019-06-12,8.550000,9.750000,8.430000,9.465000,9.465000,34100
2019-06-13,9.465000,9.555000,9.000000,9.510000,9.510000,7500
2019-06-14,9.465000,9.750000,9.000000,9.300000,9.300000,9000
2019-06-17,9.600000,9.600000,9.300000,9.465000,9.465000,2000
2019-06-18,9.600000,10.200000,9.600000,9.960000,9.960000,23200
2019-06-19,10.005000,10.005000,9.600000,9.900000,9.900000,3500
2019-06-20,10.080000,10.080000,9.615000,9.750000,9.750000,5600
2019-06-21,9.750000,10.050000,9.615000,9.825000,9.825000,3700
2019-06-24,9.900000,10.005000,9.450000,9.600000,9.600000,2600
2019-06-25,9.630000,9.900000,9.600000,9.900000,9.900000,2100
2019-06-26,9.900000,9.900000,9.300000,9.345000,9.345000,2700
2019-06-27,9.345000,9.720000,9.300000,9.300000,9.300000,3500
2019-06-28,9.300000,9.750000,8.985000,8.985000,8.985000,5500
2019-07-01,9.000000,9.450000,9.000000,9.150000,9.150000,2600
2019-07-02,9.615000,9.615000,8.715000,9.075000,9.075000,7400
2019-07-03,9.015000,9.900000,9.015000,9.300000,9.300000,10100
2019-07-05,9.240000,9.900000,9.195000,9.390000,9.390000,1700
2019-07-08,9.750000,9.750000,9.375000,9.375000,9.375000,1600
2019-07-09,9.420000,9.750000,9.375000,9.375000,9.375000,4800
2019-07-10,9.375000,9.690000,9.375000,9.480000,9.480000,2300
2019-07-11,9.675000,9.675000,9.165000,9.600000,9.600000,2500
2019-07-12,9.555000,9.600000,9.300000,9.300000,9.300000,3700
2019-07-15,9.300000,9.675000,9.300000,9.405000,9.405000,800
2019-07-16,9.450000,9.600000,9.360000,9.495000,9.495000,1900
2019-07-17,9.480000,9.900000,9.390000,9.675000,9.675000,10700
2019-07-18,9.900000,10.950000,9.855000,10.650000,10.650000,27900
2019-07-19,10.605000,11.250000,9.345000,9.735000,9.735000,27600
2019-07-22,10.350000,10.350000,9.615000,9.735000,9.735000,4400
2019-07-23,9.675000,9.900000,9.450000,9.630000,9.630000,3000
2019-07-24,9.615000,9.660000,9.450000,9.585000,9.585000,1500
2019-07-25,9.660000,9.660000,9.450000,9.525000,9.525000,5700
2019-07-26,9.480000,9.750000,9.375000,9.405000,9.405000,3000
2019-07-29,9.405000,9.900000,9.210000,9.210000,9.210000,1600
2019-07-30,9.150000,9.525000,9.150000,9.300000,9.300000,8900
2019-07-31,9.600000,9.600000,9.150000,9.150000,9.150000,3300
2019-08-01,9.450000,10.950000,9.150000,9.435000,9.435000,39400
2019-08-02,9.900000,10.095000,9.600000,9.750000,9.750000,12200
2019-08-05,10.095000,10.500000,9.825000,10.350000,10.350000,12500
2019-08-06,10.350000,10.800000,9.750000,10.500000,10.500000,30600
2019-08-07,10.470000,10.515000,9.825000,9.930000,9.930000,13900
2019-08-08,9.915000,10.500000,9.375000,9.750000,9.750000,6500
2019-08-09,9.930000,10.500000,9.705000,10.170000,10.170000,11900
2019-08-12,10.124995,10.649995,9.809995,10.649995,10.649995,204600
2019-08-13,10.499994,10.949994,10.049995,10.049995,10.049995,339900
2019-08-14,10.259995,10.499994,9.164995,10.244995,10.244995,111700
2019-08-15,10.154995,10.499994,9.599996,9.854995,9.854995,120000
2019-08-16,10.139995,10.454995,9.149996,9.944995,9.944995,165600
2019-08-19,9.779995,9.899995,9.374995,9.599996,9.599996,186900
2019-08-20,9.299995,9.749995,9.299995,9.299995,9.299995,93600
2019-08-21,9.344995,9.749995,9.299995,9.614995,9.614995,43200
2019-08-22,9.554996,9.749995,9.119995,9.194995,9.194995,151000
2019-08-23,9.179996,9.374995,8.624995,8.624995,8.624995,175200
2019-08-26,8.639996,8.984996,8.429996,8.954995,8.954995,105000
2019-08-27,8.894996,9.149996,8.399996,8.669995,8.669995,89200
2019-08-28,8.774996,9.299995,8.324996,8.699996,8.699996,418400
2019-08-29,8.699996,9.149996,8.549995,8.654996,8.654996,57200
2019-08-30,8.504995,8.849996,8.399996,8.594995,8.594995,36500
2019-09-03,8.249996,8.399996,7.649996,8.234996,8.234996,101400
2019-09-04,8.234996,8.549995,8.234996,8.354996,8.354996,36100
2019-09-05,8.549995,8.549995,7.949996,8.174996,8.174996,106500
2019-09-06,8.219995,8.219995,7.349996,7.934996,7.934996,173200
2019-09-09,7.859996,7.994996,7.499996,7.634996,7.634996,86000
2019-09-10,7.649996,8.159996,7.649996,7.799996,7.799996,205400
2019-09-11,8.624995,8.744996,8.024996,8.249996,8.249996,196200
2019-09-12,8.264996,8.999995,8.264996,8.699996,8.699996,202400
2019-09-13,8.999995,9.449995,8.699996,8.849996,8.849996,436700
2019-09-16,9.149996,9.299995,8.624995,8.729996,8.729996,160000
2019-09-17,8.879995,9.299995,8.729996,8.984996,8.984996,77400
2019-09-18,9.164995,9.374995,8.804996,8.804996,8.804996,182100
2019-09-19,8.804996,9.149996,8.414996,8.759995,8.759995,40000
2019-09-20,8.714995,8.864996,8.414996,8.864996,8.864996,86400
2019-09-23,8.879995,8.999995,8.444996,8.474996,8.474996,85100
2019-09-24,8.474996,8.849996,7.979996,8.249996,8.249996,170700
2019-09-25,8.219995,8.474996,7.604996,7.874996,7.874996,159300
2019-09-26,8.084996,8.279996,7.199996,7.499996,7.499996,131300
2019-09-27,7.499996,7.874996,6.329997,7.199996,7.199996,478500
2019-09-30,7.499996,8.174996,7.229996,7.229996,7.229996,70300
2019-10-01,7.349996,7.799996,7.229996,7.784996,7.784996,58800
2019-10-02,7.799996,8.084996,7.199996,7.199996,7.199996,15600
2019-10-03,7.469996,7.949996,6.479997,7.049996,7.049996,106700
2019-10-04,7.019997,7.499996,6.599997,6.749997,6.749997,150400
2019-10-07,6.929996,6.929996,6.449997,6.599997,6.599997,71200
2019-10-08,6.704997,7.199996,6.599997,6.824996,6.824996,166000
2019-10-09,6.749997,7.199996,6.749997,6.974997,6.974997,43300
2019-10-10,7.034997,7.049996,6.899997,6.899997,6.899997,27000
2019-10-11,6.989996,7.349996,6.599997,6.734997,6.734997,81600
2019-10-14,6.869997,7.349996,6.869997,7.049996,7.049996,379000
2019-10-15,7.349996,7.499996,6.869997,6.899997,6.899997,80700
2019-10-16,6.899997,7.274996,6.464997,7.169996,7.169996,684600
2019-10-17,7.154996,7.484996,6.974997,7.319996,7.319996,140200
2019-10-18,7.319996,7.484996,7.154996,7.349996,7.349996,60800
2019-10-21,7.484996,7.799996,7.439996,7.499996,7.499996,310900
2019-10-22,7.949996,8.624995,7.799996,8.609996,8.609996,560700
2019-10-23,7.934996,8.609996,7.349996,8.504995,8.504995,380900
2019-10-24,8.549995,8.999995,7.049996,7.229996,7.229996,942900
2019-10-25,7.199996,7.349996,6.464997,6.599997,6.599997,219500
2019-10-28,6.899997,7.019997,5.549997,5.549997,5.549997,559300
2019-10-29,6.269997,7.139997,6.269997,6.749997,6.749997,388000
2019-10-30,6.899997,7.334996,6.149997,6.374997,6.374997,596900
2019-10-31,6.389997,6.899997,6.299997,6.764997,6.764997,53400
2019-11-01,6.299997,6.749997,6.299997,6.449997,6.449997,78500
2019-11-04,6.374997,6.899997,6.314997,6.524997,6.524997,99000
2019-11-05,6.599997,7.199996,6.539997,6.884996,6.884996,157400
2019-11-06,6.809997,7.019997,6.464997,6.854997,6.854997,120800
2019-11-07,6.644997,6.854997,6.524997,6.539997,6.539997,45800
2019-11-08,6.539997,6.794997,6.374997,6.749997,6.749997,122000
2019-11-11,6.749997,6.794997,6.449997,6.734997,6.734997,25800
2019-11-12,6.749997,6.749997,6.464997,6.569997,6.569997,56900
2019-11-13,6.299997,6.599997,5.999997,6.299997,6.299997,137500
2019-11-14,6.314997,6.314997,5.999997,6.284997,6.284997,44800
2019-11-15,5.849997,5.999997,4.679997,5.099998,5.099998,686900
2019-11-18,5.249997,5.549997,5.099998,5.504997,5.504997,82200
2019-11-19,5.474997,5.849997,5.474997,5.729997,5.729997,188600
2019-11-20,5.249997,5.774997,5.249997,5.534997,5.534997,50900
2019-11-21,5.504997,5.774997,5.249997,5.474997,5.474997,114100
2019-11-22,5.444997,5.849997,5.249997,5.699997,5.699997,165100
2019-11-25,5.834997,6.449997,5.699997,5.759997,5.759997,725200
2019-11-26,5.744997,6.419997,5.624997,5.909997,5.909997,48600
2019-11-27,6.104997,6.599997,5.774997,6.344997,6.344997,326600
2019-11-29,6.449997,6.449997,6.374997,6.434997,6.434997,18600
2019-12-02,6.389997,7.349996,6.254997,6.554996,6.554996,638200
2019-12-03,6.614997,6.749997,5.909997,5.999997,5.999997,386000
2019-12-04,6.089997,6.149997,5.849997,5.999997,5.999997,28200
2019-12-05,6.044997,6.299997,5.999997,5.999997,5.999997,66200
2019-12-06,6.299997,6.494997,6.149997,6.224997,6.224997,114400
2019-12-09,6.299997,6.479997,6.179997,6.479997,6.479997,275700
2019-12-10,6.464997,6.509997,6.344997,6.374997,6.374997,35800
2019-12-11,6.374997,6.734997,6.299997,6.389997,6.389997,130700
2019-12-12,6.299997,6.374997,6.044997,6.044997,6.044997,97000
2019-12-13,6.299997,6.314997,6.074997,6.254997,6.254997,66000
2019-12-16,6.269997,6.449997,5.999997,6.374997,6.374997,224400
2019-12-17,8.519996,9.239995,5.549997,5.684997,5.684997,10400100
2019-12-18,5.819997,5.984997,4.814998,4.964997,4.964997,1695600
2019-12-19,5.249997,5.399997,4.949997,5.174997,5.174997,1014000
2019-12-20,4.949997,5.369998,4.874998,4.964997,4.964997,1664800
2019-12-23,4.949997,5.249997,4.949997,5.099998,5.099998,263800
2019-12-24,5.249997,5.549997,5.099998,5.474997,5.474997,391900
2019-12-26,5.504997,5.534997,5.264997,5.369998,5.369998,420600
2019-12-27,5.339997,5.534997,5.099998,5.309998,5.309998,449000
2019-12-30,5.279997,5.339997,4.994998,5.099998,5.099998,665100
2019-12-31,5.204998,5.399997,5.099998,5.249997,5.249997,487300
2020-01-02,5.399997,5.474997,5.099998,5.249997,5.249997,891000
2020-01-03,5.249997,5.669997,5.174997,5.354997,5.354997,1013000
2020-01-06,5.549997,5.609997,5.174997,5.399997,5.399997,523700
2020-01-07,5.549997,5.549997,5.219997,5.249997,5.249997,573600
2020-01-08,5.249997,5.324997,4.964997,5.099998,5.099998,448700
2020-01-09,5.024998,5.174997,4.949997,4.979998,4.979998,369000
2020-01-10,5.024998,5.399997,4.904997,5.249997,5.249997,1604100
2020-01-13,5.249997,5.414997,5.249997,5.414997,5.414997,361800
2020-01-14,5.384997,5.399997,5.249997,5.249997,5.249997,206200
2020-01-15,5.249997,5.354997,5.249997,5.264997,5.264997,176500
2020-01-16,5.249997,6.149997,5.249997,5.849997,5.849997,1000100
2020-01-17,5.999997,6.149997,5.669997,5.849997,5.849997,306200
2020-01-21,5.864997,6.299997,5.849997,6.149997,6.149997,668100
2020-01-22,5.999997,6.149997,5.714997,6.104997,6.104997,247800
2020-01-23,6.104997,6.149997,5.699997,5.999997,5.999997,240400
2020-01-24,6.000000,6.150000,5.250000,5.550000,5.550000,24600
2020-01-27,5.550000,5.805000,5.325000,5.610000,5.610000,6400
2020-01-28,5.700000,5.700000,5.250000,5.355000,5.355000,19300
2020-01-29,5.550000,5.550000,5.250000,5.250000,5.250000,17900
2020-01-30,5.400000,5.430000,5.250000,5.265000,5.265000,7400
2020-01-31,5.250000,5.280000,5.250000,5.265000,5.265000,17800
2020-02-03,5.250000,5.370000,5.250000,5.250000,5.250000,3200
2020-02-04,5.250000,5.475000,4.995000,5.175000,5.175000,13600
2020-02-05,5.100000,5.400000,5.100000,5.160000,5.160000,7200
2020-02-06,5.160000,5.250000,4.950000,5.145000,5.145000,12200
2020-02-07,5.100000,5.250000,4.050000,4.185000,4.185000,86600
2020-02-10,3.770000,4.480000,3.770000,3.995000,3.995000,55200
2020-02-11,3.910000,4.000000,3.800000,3.860000,3.860000,48500
2020-02-12,3.800000,3.990000,3.550000,3.980000,3.980000,82300
2020-02-13,3.990000,5.264000,3.540000,3.640000,3.640000,756000
2020-02-14,3.630000,3.670000,3.260000,3.430000,3.430000,86100
2020-02-18,6.350000,11.980000,5.450000,9.205000,9.205000,23794000
2020-02-19,9.310000,10.700000,7.300000,8.110000,8.110000,5114400
2020-02-20,7.990000,8.900000,7.510000,7.720000,7.720000,604500
2020-02-21,7.660000,8.380000,7.100000,7.990000,7.990000,410500
2020-02-24,8.000000,8.100000,7.310000,7.500000,7.500000,128800
2020-02-25,7.450000,8.110000,7.300000,7.550000,7.550000,147600
2020-02-26,7.520000,8.950000,7.520000,8.850000,8.850000,245500
2020-02-27,8.930000,8.930000,7.733000,8.360000,8.360000,102400
2020-02-28,8.320000,8.320000,6.529000,7.000000,7.000000,105800
2020-03-02,6.970000,7.666000,6.790000,7.070000,7.070000,45900
2020-03-03,7.060000,7.625000,6.950000,7.370000,7.370000,80500
2020-03-04,7.330000,8.500000,7.330000,8.290000,8.290000,104300
2020-03-05,8.130000,8.610000,7.810000,8.310000,8.310000,60300
2020-03-06,8.280000,8.452000,7.921000,8.320000,8.320000,77000
2020-03-09,8.000000,8.490000,7.080000,7.110000,7.110000,45400
2020-03-10,7.510000,7.963000,6.665000,6.690000,6.690000,64100
2020-03-11,6.440000,6.924000,6.060000,6.290000,6.290000,53900
2020-03-12,5.740000,5.740000,5.290000,5.410000,5.410000,47000
2020-03-13,5.580000,6.770000,5.250000,5.500000,5.500000,41800
2020-03-16,5.010000,5.240000,4.570000,4.570000,4.570000,32100
2020-03-17,4.470000,4.509000,4.240000,4.440000,4.440000,16400
2020-03-18,4.290000,4.410000,3.213000,3.410000,3.410000,156100
2020-03-19,3.360000,3.900000,3.186000,3.390000,3.390000,49500
2020-03-20,25.620001,26.000000,14.780000,18.000000,18.000000,9427300
2020-03-23,14.000000,14.750000,11.000000,12.120000,12.120000,1575200
2020-03-24,12.410000,12.600000,8.770000,9.200000,9.200000,740700
2020-03-25,9.200000,13.455000,8.440000,11.990000,11.990000,1254000
2020-03-26,11.200000,12.200000,10.330000,11.370000,11.370000,299400
2020-03-27,11.040000,13.000000,10.550000,12.670000,12.670000,324500
2020-03-30,20.309999,21.000000,11.610000,12.300000,12.300000,5265700
2020-03-31,11.780000,12.400000,10.500000,10.960000,10.960000,926900
2020-04-01,10.240000,10.377000,9.010000,9.430000,9.430000,649500
2020-04-02,10.300000,10.840000,9.550000,10.060000,10.060000,466800
2020-04-03,10.340000,10.500000,9.700000,10.290000,10.290000,272700
2020-04-06,10.390000,10.750000,9.810000,10.240000,10.240000,334500
2020-04-07,9.750000,12.420000,9.600000,12.290000,12.290000,666300
2020-04-08,12.440000,12.890000,10.960000,11.200000,11.200000,598200
2020-04-09,11.000000,11.690000,10.500000,11.420000,11.420000,294400
2020-04-13,11.500000,12.000000,10.800000,11.910000,11.910000,469800
2020-04-14,14.250000,14.290000,12.375000,12.960000,12.960000,913900
2020-04-15,12.690000,12.784000,11.930000,12.590000,12.590000,284500
2020-04-16,12.360000,13.000000,12.230000,12.720000,12.720000,168100
2020-04-17,12.600000,13.480000,12.220000,13.340000,13.340000,293500
2020-04-20,12.940000,13.900000,12.710000,13.360000,13.360000,242100
2020-04-21,13.270000,13.895000,12.750000,13.230000,13.230000,181000
2020-04-22,13.840000,15.340000,13.350000,14.920000,14.920000,524200
2020-04-23,16.000000,17.400000,15.633000,17.400000,17.400000,588000
2020-04-24,17.840000,18.090000,16.070000,16.760000,16.760000,520100
2020-04-27,16.799999,17.000000,16.020000,16.650000,16.650000,191000
2020-04-28,16.590000,16.700001,14.750000,14.960000,14.960000,328700
2020-04-29,15.680000,15.680000,14.320000,14.805000,14.805000,255600
2020-04-30,14.500000,15.000000,13.930000,14.980000,14.980000,225700
2020-05-01,14.700000,16.450001,14.590000,15.900000,15.900000,184700
2020-05-04,15.630000,16.660000,15.500000,16.660000,16.660000,164100
2020-05-05,16.700001,17.350000,16.400000,16.719999,16.719999,234100
2020-05-06,16.709999,17.500000,16.680000,17.080000,17.080000,171200
2020-05-07,17.200001,17.330000,16.600000,16.780001,16.780001,114200
2020-05-08,16.950001,17.080000,16.090000,17.010000,17.010000,321100
2020-05-11,19.950001,20.680000,18.260000,20.280001,20.280001,1128300
2020-05-12,20.660000,21.280001,18.760000,19.059999,19.059999,367300
2020-05-13,19.219999,19.400000,16.870001,17.700001,17.700001,327200
2020-05-14,17.719999,18.190001,16.540001,17.700001,17.700001,191900
2020-05-15,17.680000,17.760000,15.610000,16.850000,16.850000,274200
2020-05-18,16.900000,17.218000,15.400000,16.160000,16.160000,362500
2020-05-19,14.000000,14.000000,12.990000,13.000000,13.000000,1896500
2020-05-20,13.400000,14.000000,13.150000,13.810000,13.810000,565200
2020-05-21,13.990000,14.250000,13.600000,13.770000,13.770000,311700
2020-05-22,13.900000,15.070000,13.330000,14.870000,14.870000,382700
2020-05-26,14.880000,14.950000,13.610000,13.710000,13.710000,356900
2020-05-27,13.740000,14.200000,12.832000,14.150000,14.150000,261900
2020-05-28,14.050000,14.540000,13.710000,13.930000,13.930000,184900
2020-05-29,13.720000,14.230000,13.480000,14.180000,14.180000,138600
2020-06-01,13.960000,14.490000,13.570000,13.660000,13.660000,209200
2020-06-02,13.640000,13.700000,13.070000,13.140000,13.140000,268800
2020-06-03,13.220000,13.810000,13.000000,13.770000,13.770000,194600
2020-06-04,13.560000,13.950000,12.500000,13.150000,13.150000,402800
2020-06-05,13.020000,13.205000,12.560000,12.790000,12.790000,257900
2020-06-08,12.780000,13.260000,12.680000,12.870000,12.870000,243300
2020-06-09,13.150000,13.240000,12.570000,12.940000,12.940000,205200
2020-06-10,13.500000,13.500000,12.650000,12.820000,12.820000,119700
2020-06-11,12.620000,12.770000,11.850000,12.490000,12.490000,320500
2020-06-12,13.000000,13.200000,12.205000,12.600000,12.600000,184600
2020-06-15,12.200000,13.450000,12.200000,12.920000,12.920000,188500
2020-06-16,12.980000,13.930000,12.780000,13.840000,13.840000,327700
2020-06-17,13.700000,13.890000,13.180000,13.370000,13.370000,180500
2020-06-18,13.180000,13.510000,13.020000,13.490000,13.490000,160600
2020-06-19,13.500000,13.740000,13.120000,13.280000,13.280000,309000
2020-06-22,13.180000,13.380000,12.920000,13.000000,13.000000,135700
2020-06-23,13.030000,13.240000,12.770000,13.200000,13.200000,170400
2020-06-24,12.990000,13.070000,12.440000,12.560000,12.560000,250700
2020-06-25,12.490000,12.760000,12.230000,12.580000,12.580000,245100
2020-06-26,12.540000,13.230000,12.410000,12.800000,12.800000,728500
2020-06-29,12.480000,13.110000,12.200000,12.960000,12.960000,224600
2020-06-30,12.860000,13.008000,12.480000,12.550000,12.550000,106500
2020-07-01,12.510000,12.860000,12.140000,12.180000,12.180000,169300
2020-07-02,12.430000,13.160000,11.860000,12.960000,12.960000,189000
2020-07-06,13.000000,13.595000,12.940000,13.450000,13.450000,255400
2020-07-07,13.280000,13.907000,13.020000,13.380000,13.380000,146700
2020-07-08,13.400000,13.570000,12.850000,12.980000,12.980000,152800
2020-07-09,13.150000,13.230000,12.670000,13.020000,13.020000,196000
2020-07-10,13.020000,13.260000,12.860000,12.970000,12.970000,106000
2020-07-13,13.450000,14.040000,12.930000,13.060000,13.060000,289500
2020-07-14,13.060000,13.610000,12.950000,13.570000,13.570000,154800
2020-07-15,13.490000,14.090000,13.210000,13.680000,13.680000,348000
2020-07-16,13.760000,14.000000,13.480000,13.790000,13.790000,172900
2020-07-17,13.750000,14.000000,13.340000,13.440000,13.440000,95600
2020-07-20,13.310000,13.550000,12.960000,13.460000,13.460000,133100
2020-07-21,13.520000,13.710000,13.130000,13.520000,13.520000,82700
2020-07-22,13.460000,13.550000,13.170000,13.340000,13.340000,44900
2020-07-23,13.320000,13.385000,12.880000,13.200000,13.200000,57300