Date,Open,High,Low,Close,Adj Close,Volume
2018-09-20,20.000000,20.740000,19.040001,19.090000,18.088299,1405000
2018-09-21,19.150000,19.600000,18.900000,19.100000,18.097775,214300
2018-09-24,19.049999,19.350000,19.049999,19.110001,18.107250,54500
2018-09-25,19.090000,19.200001,19.000000,19.090000,18.088299,29200
2018-09-26,19.090000,19.090000,19.000000,19.000000,18.003023,80900
2018-09-27,19.030001,19.480000,18.629999,19.000000,18.003023,40000
2018-09-28,18.930000,19.400000,18.340000,19.250000,18.239904,27300
2018-10-01,19.010000,19.440001,19.010000,19.020000,18.021975,12400
2018-10-02,18.910000,19.020000,18.500000,19.010000,18.012499,43600
2018-10-03,18.930000,19.059999,18.910000,18.950001,17.955647,7700
2018-10-04,18.900000,18.900000,18.500000,18.750000,17.766140,15100
2018-10-05,18.610001,18.809999,18.549999,18.549999,17.576635,9200
2018-10-08,18.580000,18.580000,18.080000,18.200001,17.245003,56000
2018-10-09,18.059999,18.500000,18.049999,18.150000,17.197624,21100
2018-10-10,18.160000,18.500000,18.049999,18.370001,17.406080,57500
2018-10-11,18.270000,18.299999,18.000000,18.129999,17.178673,7000
2018-10-12,18.490000,18.629999,18.020000,18.549999,17.576635,8300
2018-10-15,18.750000,19.360001,18.469999,19.000000,18.003023,42900
2018-10-16,18.950001,19.389999,18.820000,18.820000,17.832468,4300
2018-10-17,19.150000,19.299999,18.420000,18.990000,17.993549,6400
2018-10-18,19.160000,19.160000,18.549999,18.549999,17.576635,3200
2018-10-19,19.000000,19.000000,18.000000,18.500000,17.529259,6000
2018-10-22,18.450001,18.820000,17.049999,17.790001,16.856514,15000
2018-10-23,17.549999,17.549999,17.000000,17.469999,16.553303,6800
2018-10-24,17.059999,17.070000,14.340000,15.130000,14.336092,67400
2018-10-25,15.060000,15.950000,15.040000,15.570000,14.753004,36100
2018-10-26,15.940000,15.940000,15.000000,15.250000,14.449794,39400
2018-10-29,15.250000,16.950001,15.010000,16.900000,16.013212,12900
2018-10-30,16.950001,18.450001,15.550000,15.670000,14.847757,18700
2018-10-31,15.680000,17.469999,15.680000,16.549999,15.681580,11500
2018-11-01,16.480000,18.350000,16.080000,18.350000,17.387129,10400
2018-11-02,18.170000,19.000000,18.170000,18.879999,17.889318,3000
2018-11-05,18.670000,18.950001,18.000000,18.900000,17.908270,6800
2018-11-06,18.900000,18.900000,18.219999,18.219999,17.263948,2800
2018-11-07,18.500000,18.750000,18.490000,18.500000,17.529259,2300
2018-11-08,18.750000,18.750000,18.350000,18.350000,17.387129,17000
2018-11-09,18.290001,18.900000,18.230000,18.650000,17.671387,5300
2018-11-12,18.430000,18.500000,18.100000,18.170000,17.216576,5200
2018-11-13,18.110001,18.350000,18.100000,18.350000,17.387129,15600
2018-11-14,18.350000,18.540001,17.340000,18.490000,17.519785,7000
2018-11-15,18.000000,18.799999,18.000000,18.799999,17.813519,5500
2018-11-16,18.620001,18.900000,17.340000,18.799999,17.813519,19600
2018-11-19,18.299999,18.900000,18.000000,18.750000,17.766140,53000
2018-11-20,18.750000,18.809999,17.400000,17.400000,16.486977,3200
2018-11-21,17.990000,18.000000,17.889999,17.940001,16.998644,3600
2018-11-23,18.150000,18.700001,18.090000,18.700001,17.718763,1800
2018-11-26,18.900000,18.900000,17.350000,17.799999,16.865988,11300
2018-11-27,18.000000,18.000000,17.809999,17.809999,16.875463,2700
2018-11-28,17.940001,18.000000,17.500000,17.790001,16.856514,99700
2018-11-29,17.830000,18.980000,16.500000,18.400000,17.434505,10500
2018-11-30,18.690001,18.750000,16.870001,18.490000,17.519785,7700
2018-12-03,18.900000,18.950001,17.750000,17.750000,16.818613,39200
2018-12-04,17.719999,18.420000,17.040001,18.070000,17.121822,24700
2018-12-06,17.950001,18.059999,16.799999,17.260000,16.354326,30700
2018-12-07,17.459999,17.860001,17.150000,17.510000,16.591208,39300
2018-12-10,17.719999,17.850000,17.219999,17.450001,16.534355,29100
2018-12-11,17.700001,17.850000,17.350000,17.500000,16.581732,13000
2018-12-12,17.790001,17.790001,16.469999,17.400000,16.486977,9700
2018-12-13,17.600000,17.730000,15.190000,17.180000,16.278522,19300
2018-12-14,17.180000,17.180000,15.630000,16.969999,16.079540,20800
2018-12-17,17.100000,17.709999,16.020000,17.010000,16.117443,41700
2018-12-18,17.379999,17.379999,16.020000,16.440001,15.577353,31600
2018-12-19,17.490000,17.500000,16.010000,16.280001,15.425748,34800
2018-12-20,16.940001,16.940001,15.600000,16.010000,15.169916,33200
2018-12-21,16.600000,16.600000,14.630000,15.000000,14.212913,273800
2018-12-24,14.760000,14.760000,13.270000,13.270000,12.573690,19300
2018-12-26,13.460000,14.230000,12.150000,12.160000,11.521935,22000
2018-12-27,12.310000,12.500000,10.850000,11.950000,11.322954,78300
2018-12-28,11.900000,13.240000,11.350000,12.600000,11.938848,57200
2018-12-31,12.770000,13.710000,12.600000,13.350000,12.649492,24700
2019-01-02,13.400000,14.250000,13.050000,13.350000,12.649492,13200
2019-01-03,13.340000,13.810000,12.900000,13.400000,12.696868,29900
2019-01-04,13.610000,15.000000,13.610000,14.800000,14.023408,20900
2019-01-07,15.000000,15.010000,14.200000,14.240000,13.492791,20700
2019-01-08,14.240000,15.000000,14.240000,14.610000,13.843375,23100
2019-01-09,14.800000,15.190000,14.750000,14.940000,14.156060,7700
2019-01-10,14.810000,14.840000,14.220000,14.470000,13.710724,14700
2019-01-11,14.530000,14.850000,14.170000,14.750000,13.976031,13100
2019-01-14,14.260000,14.990000,14.260000,14.510000,13.748624,20900
2019-01-15,14.720000,15.050000,14.550000,14.750000,13.976031,103700
2019-01-16,14.690000,15.290000,14.650000,15.200000,14.402418,264400
2019-01-17,15.010000,15.570000,15.010000,15.500000,14.686676,13300
2019-01-18,15.650000,15.930000,15.250000,15.650000,14.828805,25100
2019-01-22,15.660000,16.209999,15.110000,15.510000,14.696152,15800
2019-01-23,15.560000,15.910000,15.100000,15.700000,14.876182,23200
2019-01-24,15.760000,15.760000,15.090000,15.250000,14.449794,4000
2019-01-25,15.160000,15.400000,15.020000,15.150000,14.355042,18500
2019-01-28,15.150000,15.240000,15.000000,15.170000,14.373992,20300
2019-01-29,15.050000,15.370000,15.020000,15.020000,14.231864,9100
2019-01-30,14.800000,15.700000,14.800000,15.500000,14.686676,24300
2019-01-31,15.690000,15.890000,15.590000,15.590000,14.771955,10700
2019-02-01,17.620001,17.620001,15.830000,16.670000,15.795283,5100
2019-02-04,16.670000,16.879999,16.660000,16.820000,15.937414,5400
2019-02-05,16.820000,17.350000,16.719999,17.020000,16.126919,16200
2019-02-06,17.010000,17.170000,16.660000,16.700001,15.823710,3300
2019-02-07,16.900000,17.400000,16.799999,16.889999,16.003738,18800
2019-02-08,16.959999,16.959999,16.110001,16.250000,15.397322,2800
2019-02-11,16.170000,16.790001,16.170000,16.379999,15.520501,38800
2019-02-12,16.379999,16.379999,16.379999,16.379999,15.520501,700
2019-02-13,16.219999,16.379999,15.940000,16.290001,15.435225,3000
2019-02-14,16.430000,17.500000,16.040001,16.420000,15.558402,21500
2019-02-15,16.430000,16.950001,16.370001,16.440001,15.577353,2500
2019-02-19,16.459999,17.260000,16.209999,16.469999,15.605776,13200
2019-02-20,16.330000,16.330000,16.250000,16.250000,15.397322,4700
2019-02-21,16.490000,16.490000,16.290001,16.450001,15.586828,3000
2019-02-22,16.290001,16.500000,16.250000,16.250000,15.397322,3400
2019-02-25,17.170000,17.170000,16.920000,16.920000,16.032164,1900
2019-02-26,16.750000,16.750000,16.309999,16.309999,15.454172,2700
2019-02-27,17.500000,17.500000,16.350000,16.350000,15.492075,1300
2019-02-28,16.490000,17.190001,16.000000,16.000000,15.160439,18700
2019-03-01,16.000000,16.850000,16.000000,16.309999,15.454172,3900
2019-03-04,16.330000,16.330000,16.270000,16.270000,15.416273,1200
2019-03-05,16.340000,16.340000,15.770000,15.930000,15.094113,1700
2019-03-06,15.900000,15.900000,15.770000,15.770000,14.942509,2700
2019-03-07,16.459999,16.459999,15.570000,15.570000,14.753004,4900
2019-03-08,15.530000,16.930000,15.370000,15.410000,14.601398,1800
2019-03-11,15.370000,15.370000,15.270000,15.310000,14.506646,3400
2019-03-12,16.250000,16.549999,15.270000,15.510000,14.696152,26700
2019-03-13,15.300000,15.570000,15.300000,15.570000,14.753004,1100
2019-03-14,15.890000,16.870001,15.580000,16.160000,15.312045,4600
2019-03-15,16.110001,16.790001,15.430000,15.430000,14.620350,18300
2019-03-18,16.100000,16.100000,15.830000,15.830000,14.999360,3400
2019-03-19,15.590000,15.630000,15.160000,15.170000,14.373992,6100
2019-03-20,15.150000,15.200000,15.100000,15.100000,14.307666,4100
2019-03-21,15.100000,15.320000,15.100000,15.320000,14.516122,2300
2019-03-22,15.550000,15.570000,15.100000,15.100000,14.307666,9300
2019-03-25,15.500000,16.219999,15.350000,16.120001,15.274143,4000
2019-03-26,15.500000,16.389999,15.500000,16.299999,15.444697,6900
2019-03-27,15.250000,17.049999,15.250000,17.000000,16.107967,8900
2019-03-28,16.870001,17.490000,16.719999,17.170000,16.269049,13800
2019-03-29,17.000000,17.700001,17.000000,17.370001,16.458553,9100
2019-04-01,17.680000,17.680000,17.080000,17.080000,16.183769,4600
2019-04-02,17.340000,17.340000,17.340000,17.340000,16.430126,500
2019-04-03,17.230000,17.230000,16.520000,16.520000,15.653153,2200
2019-04-04,16.670000,17.700001,16.660000,17.330000,16.420652,9200
2019-04-05,17.570000,17.650000,16.459999,17.500000,16.581732,7500
2019-04-08,17.490000,17.500000,17.100000,17.209999,16.306948,7600
2019-04-09,17.209999,17.209999,17.020000,17.020000,16.126919,1700
2019-04-10,16.719999,17.750000,16.719999,17.750000,16.818613,5700
2019-04-11,17.260000,17.260000,16.850000,16.850000,15.965840,1200
2019-04-12,16.889999,17.750000,16.889999,17.700001,16.771240,5000
2019-04-15,17.709999,17.709999,17.129999,17.500000,16.581732,2600
2019-04-16,17.200001,17.700001,17.200001,17.480000,16.562780,7100
2019-04-17,17.400000,17.500000,16.900000,17.450001,16.534355,2100
2019-04-18,17.280001,17.500000,17.120001,17.440001,16.524879,20300
2019-04-22,17.500000,17.500000,17.389999,17.420000,16.505928,6100
2019-04-23,17.809999,17.809999,17.469999,17.500000,16.581732,1800
2019-04-24,17.750000,17.750000,17.750000,17.750000,16.818613,500
2019-04-25,17.610001,17.610001,17.520000,17.610001,16.685961,1100
2019-04-26,17.790001,17.809999,17.360001,17.809999,16.875463,2900
2019-04-29,17.760000,18.000000,17.670000,17.670000,16.742811,4800
2019-04-30,17.969999,17.969999,17.250000,17.320000,16.411179,4000
2019-05-01,17.700001,17.700001,17.270000,17.270000,16.363800,1300
2019-05-02,17.440001,17.440001,17.440001,17.440001,16.524879,600
2019-05-03,17.629999,17.750000,17.500000,17.650000,16.723860,11000
2019-05-06,17.639999,18.000000,17.559999,17.650000,16.723860,9900
2019-05-07,17.770000,17.770000,17.510000,17.750000,16.818613,6100
2019-05-08,17.900000,17.900000,17.900000,17.900000,16.960743,900
2019-05-09,17.700001,17.700001,17.600000,17.600000,16.676483,2700
2019-05-10,17.500000,17.680000,17.500000,17.680000,16.752289,1100
2019-05-13,17.530001,17.700001,17.270000,17.500000,16.581732,11700
2019-05-14,17.370001,17.700001,17.370001,17.700001,16.771240,1400
2019-05-15,17.440001,17.700001,17.440001,17.700001,16.771240,1500
2019-05-16,17.450001,17.450001,17.450001,17.450001,16.534355,400
2019-05-17,17.410000,17.600000,17.410000,17.510000,16.591208,1800
2019-05-20,17.490000,17.500000,17.280001,17.480000,16.562780,1400
2019-05-21,17.430000,17.500000,17.350000,17.500000,16.581732,2900
2019-05-22,17.270000,17.270000,17.270000,17.270000,16.363800,600
2019-05-23,17.270000,17.430000,17.270000,17.270000,16.363800,1800
2019-05-24,17.250000,17.639999,17.250000,17.500000,16.581732,3700
2019-05-28,17.500000,17.500000,17.250000,17.250000,16.344849,2500
2019-05-29,17.250000,17.500000,17.250000,17.309999,16.401701,4900
2019-05-30,17.350000,17.490000,17.350000,17.450001,16.534355,1800
2019-05-31,17.299999,17.309999,16.940001,16.940001,16.051115,6500
2019-06-03,17.150000,17.150000,16.850000,17.090000,16.193245,4300
2019-06-04,17.299999,17.299999,16.969999,17.209999,16.306948,1700
2019-06-05,17.200001,17.379999,17.049999,17.049999,16.155342,1900
2019-06-06,16.930000,17.180000,16.930000,16.959999,16.070065,3200
2019-06-07,17.250000,17.250000,17.000000,17.000000,16.107967,2500
2019-06-10,17.049999,17.190001,17.010000,17.070000,16.174294,20600
2019-06-11,17.070000,17.070000,17.000000,17.000000,16.107967,10700
2019-06-12,17.030001,17.049999,16.900000,16.900000,16.013212,3100
2019-06-13,17.049999,17.049999,16.570000,16.750000,15.871086,9100
2019-06-14,16.799999,17.500000,16.600000,16.600000,15.728958,3500
2019-06-17,16.900000,17.000000,16.370001,16.750000,15.871086,12700
2019-06-18,16.670000,16.959999,16.660000,16.950001,16.060593,7500
2019-06-19,17.080000,17.080000,16.400000,16.950001,16.060593,4300
2019-06-20,16.950001,17.230000,16.500000,16.690001,15.814234,2200
2019-06-21,16.540001,17.070000,16.540001,16.950001,16.060593,6900
2019-06-24,16.950001,16.950001,16.650000,16.650000,15.776332,2000
2019-06-25,16.750000,16.959999,16.400000,16.450001,15.586828,4400
2019-06-26,16.930000,17.100000,16.600000,16.600000,15.728958,3600
2019-06-27,16.860001,16.940001,16.600000,16.930000,16.041641,12500
2019-06-28,16.950001,19.250000,16.790001,18.490000,17.519785,97100
2019-07-01,18.450001,18.650000,17.480000,18.260000,17.301851,16000
2019-07-02,18.600000,18.600000,17.629999,17.820000,16.884937,11400
2019-07-03,18.320000,18.320000,17.530001,18.150000,17.197624,4300
2019-07-05,18.020000,18.430000,17.799999,17.799999,16.865988,4300
2019-07-08,18.000000,18.180000,17.990000,18.120001,17.169201,3800
2019-07-09,18.049999,18.370001,18.049999,18.139999,17.188150,10500
2019-07-10,18.139999,18.280001,18.139999,18.219999,17.263948,2300
2019-07-11,18.240000,18.240000,18.010000,18.090000,17.140774,3300
2019-07-12,18.100000,18.100000,17.799999,17.799999,16.865988,4100
2019-07-15,17.940001,17.969999,17.940001,17.969999,17.027067,800
2019-07-16,17.940001,17.980000,17.639999,17.860001,16.922842,1900
2019-07-17,18.180000,18.180000,17.820000,17.860001,16.922842,1900
2019-07-18,18.170000,18.170000,17.950001,17.950001,17.008120,1600
2019-07-19,17.809999,18.110001,17.540001,18.000000,17.055494,1900
2019-07-22,17.670000,18.090000,17.549999,17.580000,16.657534,3100
2019-07-23,17.600000,17.870001,17.549999,17.870001,16.932318,4600
2019-07-24,18.030001,18.090000,17.660000,17.760000,16.828091,3900
2019-07-25,18.020000,18.049999,17.530001,17.840000,16.903889,2200
2019-07-26,17.969999,19.200001,17.610001,18.610001,17.633490,18400
2019-07-29,18.959999,19.000000,18.530001,18.570000,17.595585,3200
2019-07-30,18.700001,18.950001,18.600000,18.600000,17.624012,3300
2019-07-31,18.740000,18.980000,18.650000,18.910000,17.917746,6700
2019-08-01,19.000000,19.000000,18.469999,18.840000,17.851419,7200
2019-08-02,18.660000,18.660000,18.450001,18.450001,17.481884,3700
2019-08-05,18.010000,18.049999,17.500000,17.500000,16.581732,8400
2019-08-06,17.950001,18.000000,17.440001,17.440001,16.524879,3500
2019-08-07,17.389999,17.389999,16.559999,16.559999,15.691054,4800
2019-08-08,17.450001,17.510000,16.950001,16.950001,16.060593,2800
2019-08-09,16.809999,16.809999,16.650000,16.709999,15.833183,1200
2019-08-12,17.860001,17.860001,16.730000,17.070000,16.174294,4000
2019-08-13,17.020000,17.430000,17.020000,17.430000,16.515404,6400
2019-08-14,17.059999,17.059999,16.450001,16.450001,15.586828,5500
2019-08-15,17.340000,17.340000,16.570000,16.680000,15.804758,2800
2019-08-16,16.850000,17.350000,16.580000,17.350000,16.439602,13200
2019-08-19,17.799999,17.799999,17.070000,17.500000,16.581732,2000
2019-08-20,17.139999,17.190001,16.340000,16.600000,15.728958,7200
2019-08-21,16.520000,16.520000,16.520000,16.520000,15.653153,1900
2019-08-22,17.500000,17.500000,16.410000,16.410000,15.548927,4400
2019-08-23,16.330000,16.330000,16.209999,16.209999,15.359419,5400
2019-08-26,16.799999,16.959999,16.480000,16.900000,16.013212,1800
2019-08-27,16.750000,16.750000,16.450001,16.450001,15.586828,1600
2019-08-28,16.629999,17.100000,16.299999,17.100000,16.202721,2200
2019-08-29,17.049999,17.850000,17.049999,17.500000,16.581732,11300
2019-08-30,17.980000,18.410000,17.480000,17.990000,17.046019,11200
2019-09-03,17.889999,17.889999,17.490000,17.490000,16.572256,1000
2019-09-04,17.260000,17.760000,17.250000,17.760000,16.828091,900
2019-09-05,17.559999,17.809999,16.889999,17.700001,16.771240,12000
2019-09-06,17.570000,18.100000,17.570000,17.660000,16.733335,61300
2019-09-09,17.920000,17.940001,17.809999,17.809999,16.875463,3600
2019-09-10,17.629999,17.920000,17.629999,17.920000,16.979694,900
2019-09-11,18.180000,18.430000,18.080000,18.240000,17.282902,4400
2019-09-12,18.090000,18.370001,18.000000,18.150000,17.197624,18800
2019-09-13,18.280001,18.280001,18.000000,18.040001,17.093395,12500
2019-09-16,18.049999,18.580000,18.049999,18.549999,17.576635,21400
2019-09-17,18.730000,18.750000,18.660000,18.660000,17.680862,12500
2019-09-18,18.750000,18.780001,18.709999,18.709999,17.728239,5300
2019-09-19,18.830000,18.830000,18.350000,18.570000,17.595585,2300
2019-09-20,18.490000,19.000000,18.120001,18.520000,17.548210,46000
2019-09-23,18.680000,18.799999,18.680000,18.730000,17.747189,9000
2019-09-24,18.719999,18.719999,18.230000,18.580000,17.605062,8100
2019-09-25,18.730000,18.820000,18.730000,18.770000,17.785091,6300
2019-09-26,18.760000,18.930000,18.750000,18.799999,17.813519,6800
2019-09-27,18.930000,19.000000,18.910000,18.940001,17.946171,10000
2019-09-30,19.000000,19.000000,18.799999,18.799999,17.908068,10200
2019-10-01,18.889999,19.150000,18.650000,18.650000,17.765184,37300
2019-10-02,18.709999,18.930000,18.500000,18.790001,17.898544,8000
2019-10-03,18.010000,18.740000,18.010000,18.740000,17.850916,700
2019-10-04,18.610001,18.740000,18.110001,18.350000,17.479418,5100
2019-10-07,18.340000,18.340000,17.799999,17.799999,16.955513,1200
2019-10-08,17.799999,17.799999,17.549999,17.549999,16.717371,1600
2019-10-09,17.500000,17.500000,17.500000,17.500000,16.669744,800
2019-10-10,17.559999,17.559999,17.559999,17.559999,16.726898,700
2019-10-11,17.559999,18.500000,17.559999,18.070000,17.212704,1700
2019-10-14,18.000000,18.000000,18.000000,18.000000,17.146025,500
2019-10-15,17.889999,17.889999,17.889999,17.889999,17.041241,700
2019-10-16,18.049999,18.049999,18.049999,18.049999,17.193649,400
2019-10-17,17.850000,18.000000,17.850000,18.000000,17.146025,1900
2019-10-18,17.860001,18.139999,17.860001,18.100000,17.241280,8900
2019-10-21,18.110001,18.230000,18.010000,18.100000,17.241280,11300
2019-10-22,17.959999,17.959999,17.959999,17.959999,17.107920,500
2019-10-23,18.100000,18.100000,17.700001,18.090000,17.231752,6600
2019-10-24,17.400000,18.100000,17.400000,18.100000,17.241280,3000
2019-10-25,18.100000,18.190001,18.040001,18.100000,17.241280,4300
2019-10-28,17.520000,18.100000,17.520000,18.100000,17.241280,5800
2019-10-29,17.920000,18.200001,17.920000,18.200001,17.336536,2700
2019-10-30,18.200001,18.200001,18.059999,18.200001,17.336536,4300
2019-10-31,17.990000,18.219999,17.990000,18.200001,17.336536,3500
2019-11-01,18.650000,18.930000,18.639999,18.740000,17.850916,3900
2019-11-04,18.980000,18.980000,18.629999,18.629999,17.746132,2400
2019-11-05,18.240000,18.980000,18.240000,18.980000,18.079529,3500
2019-11-06,18.700001,18.700001,18.700001,18.700001,17.812813,300
2019-11-07,18.750000,18.950001,18.590000,18.750000,17.860441,5200
2019-11-08,18.750000,18.930000,18.719999,18.719999,17.831863,1300
2019-11-11,18.950001,18.950001,18.860001,18.950001,18.050953,4400
2019-11-12,18.900000,19.000000,18.900000,18.959999,18.060476,9400
2019-11-13,18.430000,19.070000,18.430000,19.070000,18.165260,500
2019-11-14,18.840000,18.840000,18.510000,18.750000,17.860441,1400
2019-11-15,18.900000,19.150000,18.750000,18.850000,17.955698,3700
2019-11-18,19.010000,19.100000,18.860001,18.920000,18.022375,5200
2019-11-19,18.959999,19.100000,18.940001,19.100000,18.193836,3600
2019-11-20,19.250000,19.250000,18.760000,18.760000,17.869967,10300
2019-11-21,19.030001,19.030001,18.940001,18.940001,18.041428,1100
2019-11-22,18.889999,19.100000,18.889999,19.010000,18.108107,2400
2019-11-25,18.930000,19.129999,18.920000,19.090000,18.184309,4400
2019-11-26,19.000000,19.090000,18.809999,18.809999,17.917595,3500
2019-11-27,19.070000,19.070000,19.059999,19.059999,18.155733,700
2019-11-29,18.910000,18.910000,18.910000,18.910000,18.012850,800
2019-12-02,18.549999,19.090000,18.549999,18.980000,18.079529,3700
2019-12-03,18.860001,19.010000,18.860001,18.879999,17.984274,1100
2019-12-04,18.900000,18.900000,18.780001,18.820000,17.927118,1200
2019-12-05,18.740000,19.090000,18.740000,19.030001,18.127157,13000
2019-12-06,19.100000,19.100000,18.850000,18.850000,17.955698,5800
2019-12-09,19.040001,19.040001,18.719999,18.750000,17.860441,3700
2019-12-10,18.780001,19.110001,18.510000,19.100000,18.193836,6000
2019-12-11,18.820000,19.150000,18.820000,19.000000,18.098581,1300
2019-12-12,19.000000,19.000000,18.830000,18.830000,17.936646,1200
2019-12-13,18.990000,19.000000,18.889999,19.000000,18.098581,3300
2019-12-16,19.000000,19.250000,19.000000,19.180000,18.270041,9900
2019-12-17,19.020000,19.330000,18.840000,19.250000,18.336720,5000
2019-12-18,19.389999,20.040001,19.360001,19.370001,18.451027,14900
2019-12-19,19.330000,19.330000,18.760000,19.139999,18.231939,3100
2019-12-20,19.139999,19.580000,18.410000,19.580000,18.651064,50500
2019-12-23,19.730000,19.730000,19.520000,19.600000,18.670115,8300
2019-12-24,19.520000,19.520000,19.520000,19.520000,18.593908,300
2019-12-26,19.510000,19.650000,19.309999,19.540001,18.612963,16000
2019-12-27,19.070000,19.070000,18.650000,18.969999,18.544531,5700
2019-12-30,18.750000,18.750000,18.230000,18.420000,18.006866,9000
2019-12-31,18.230000,19.090000,18.230000,18.959999,18.534754,1700
2020-01-02,19.020000,19.230000,18.870001,18.920000,18.495651,1900
2020-01-03,19.090000,19.090000,18.510000,18.510000,18.094849,1200
2020-01-06,18.709999,18.709999,18.209999,18.490000,18.075294,2200
2020-01-07,18.590000,18.590000,18.250000,18.309999,17.899334,44400
2020-01-08,18.410000,18.660000,18.110001,18.500000,18.085072,7700
2020-01-09,18.680000,18.680000,18.490000,18.629999,18.212154,111600
2020-01-10,18.690001,18.719999,18.549999,18.549999,18.133949,1800
2020-01-13,18.549999,18.680000,18.360001,18.680000,18.261036,3500
2020-01-14,18.650000,18.830000,18.570000,18.600000,18.182829,4600
2020-01-15,18.709999,18.730000,18.530001,18.690001,18.270811,3800
2020-01-16,18.790001,18.830000,18.750000,18.799999,18.378342,1700
2020-01-17,18.879999,18.879999,18.660000,18.660000,18.241484,2800
2020-01-21,18.719999,18.740000,18.660000,18.719999,18.300137,3900
2020-01-22,18.670000,18.820000,18.650000,18.799999,18.378342,1200
2020-01-23,18.719999,18.719999,18.700001,18.700001,18.280586,1400
2020-01-24,18.660000,18.830000,18.660000,18.660000,18.241484,1300
2020-01-27,18.629999,18.629999,18.420000,18.420000,18.006866,6700
2020-01-28,18.480000,18.480000,18.480000,18.480000,18.065521,900
2020-01-29,18.540001,18.570000,18.540001,18.570000,18.153502,1100
2020-01-30,18.100000,18.540001,18.100000,18.540001,18.124176,2000
2020-01-31,18.190001,18.190001,18.190001,18.190001,17.782024,1300
2020-02-03,18.250000,18.250000,18.200001,18.200001,17.791801,1700
2020-02-04,18.980000,18.980000,18.299999,18.799999,18.378342,4800
2020-02-05,18.790001,18.920000,18.420000,18.900000,18.476101,2500
2020-02-06,18.570000,18.570000,18.500000,18.520000,18.104624,2900
2020-02-07,18.370001,18.370001,18.370001,18.370001,17.957989,1100
2020-02-10,18.799999,18.799999,18.799999,18.799999,18.378342,500
2020-02-11,18.469999,18.520000,18.410000,18.510000,18.094849,2100
2020-02-12,18.889999,18.920000,18.500000,18.510000,18.094849,6300
2020-02-13,18.500000,18.629999,18.500000,18.629999,18.212154,600
2020-02-14,18.879999,18.879999,18.500000,18.750000,18.329466,1300
2020-02-18,18.750000,18.750000,18.750000,18.750000,18.329466,0
2020-02-19,18.500000,18.510000,18.500000,18.510000,18.094849,1300
2020-02-20,18.610001,18.610001,18.510000,18.510000,18.094849,700
2020-02-21,18.639999,18.639999,18.420000,18.469999,18.055744,7100
2020-02-24,18.430000,18.430000,18.350000,18.350000,17.938437,3100
2020-02-25,18.570000,18.570000,18.549999,18.549999,18.133949,1300
2020-02-26,18.379999,18.379999,18.379999,18.379999,17.967764,400
2020-02-27,18.160000,18.219999,18.000000,18.000000,17.596287,5100
2020-02-28,18.000000,18.190001,17.879999,17.900000,17.498529,16900
2020-03-02,17.940001,17.940001,16.610001,17.219999,16.833778,12500
2020-03-03,16.750000,16.750000,15.660000,15.660000,15.308769,3500
2020-03-04,16.219999,16.219999,15.300000,15.390000,15.044826,8900
2020-03-05,15.400000,15.400000,15.100000,15.260000,14.917741,7200
2020-03-06,14.720000,14.940000,14.590000,14.590000,14.262768,3600
2020-03-09,13.950000,13.950000,9.820000,10.840000,10.596875,19300
2020-03-10,11.000000,12.480000,10.130000,10.700000,10.460014,29500
2020-03-11,10.720000,10.720000,9.540000,9.970000,9.746387,238200
2020-03-12,10.300000,10.300000,7.030000,7.570000,7.400216,22500
2020-03-13,9.650000,9.950000,8.700000,8.970000,8.768816,44300
2020-03-16,8.640000,8.700000,7.610000,8.130000,7.947656,156900
2020-03-17,7.800000,7.830000,6.000000,6.480000,6.334663,60000
2020-03-18,6.190000,6.990000,5.580000,5.810000,5.679690,33700
2020-03-19,6.050000,7.970000,6.020000,6.650000,6.500850,27100
2020-03-20,6.310000,7.890000,6.310000,7.000000,6.843000,27600
2020-03-23,7.200000,7.500000,6.590000,7.240000,7.077617,6200
2020-03-24,7.950000,8.900000,7.210000,8.750000,8.553750,479300
2020-03-25,9.000000,9.230000,7.960000,9.170000,8.964331,23400
2020-03-26,8.170000,9.340000,8.170000,8.950000,8.749265,9000
2020-03-27,8.530000,8.880000,7.680000,8.030000,7.849899,5700
2020-03-30,8.750000,8.750000,7.990000,8.000000,7.919192,15000
2020-03-31,8.170000,8.250000,7.700000,7.940000,7.859798,15200
2020-04-01,7.500000,7.700000,6.910000,6.950000,6.879798,11900
2020-04-02,7.170000,7.210000,6.750000,7.000000,6.929293,18700
2020-04-03,6.850000,6.880000,6.650000,6.700000,6.632323,9200
2020-04-06,7.050000,7.730000,7.050000,7.150000,7.077778,7300
2020-04-07,7.290000,7.370000,6.710000,6.900000,6.830303,43800
2020-04-08,7.000000,7.240000,6.650000,7.240000,7.166868,39500
2020-04-09,7.730000,8.130000,7.300000,7.870000,7.790505,26900
2020-04-13,7.450000,7.950000,6.820000,6.820000,6.751111,53300
2020-04-14,7.160000,7.160000,6.850000,6.870000,6.800606,17200
2020-04-15,7.560000,7.740000,6.490000,6.820000,6.751111,14300
2020-04-16,7.040000,7.070000,6.650000,6.760000,6.691717,11800
2020-04-17,6.920000,7.170000,6.900000,7.170000,7.097576,10300
2020-04-20,7.480000,7.530000,6.720000,6.760000,6.691717,9100
2020-04-21,6.700000,6.750000,6.650000,6.710000,6.642222,14800
2020-04-22,6.790000,7.470000,6.790000,7.160000,7.087677,10700
2020-04-23,7.090000,7.570000,6.900000,7.090000,7.018384,4400
2020-04-24,6.800000,7.130000,6.780000,7.030000,6.958990,9800
2020-04-27,7.240000,8.080000,7.240000,7.680000,7.602424,15700
2020-04-28,8.150000,8.150000,7.750000,8.000000,7.919192,8200
2020-04-29,8.350000,8.470000,7.710000,8.160000,8.077576,25900
2020-04-30,7.770000,11.350000,7.770000,10.000000,9.898990,76200
2020-05-01,10.000000,11.250000,9.200000,9.660000,9.562424,26200
2020-05-04,9.650000,10.850000,9.650000,10.400000,10.294949,20500
2020-05-05,10.750000,10.750000,9.610000,10.130000,10.027677,16800
2020-05-06,10.650000,10.650000,9.920000,10.010000,9.908889,12300
2020-05-07,10.230000,10.380000,9.680000,10.040000,9.938585,16600
2020-05-08,10.390000,10.750000,9.990000,10.750000,10.641414,37500
2020-05-11,10.710000,10.730000,10.360000,10.360000,10.255353,15900
2020-05-12,10.140000,10.490000,10.020000,10.190000,10.087070,16300
2020-05-13,9.900000,9.960000,8.780000,9.120000,9.027879,35200
2020-05-14,8.800000,9.200000,8.670000,9.070000,8.978383,11600
2020-05-15,9.040000,9.300000,8.820000,9.050000,8.958586,41300
2020-05-18,9.850000,10.320000,9.750000,10.300000,10.195960,17100
2020-05-19,9.500000,9.560000,9.100000,9.210000,9.116970,48800
2020-05-20,9.450000,9.740000,9.170000,9.280000,9.186262,28300
2020-05-21,9.120000,9.400000,8.830000,8.910000,8.820000,37900
2020-05-22,8.780000,8.970000,8.780000,8.970000,8.879395,8600
2020-05-26,9.310000,9.740000,9.300000,9.570000,9.473333,10400
2020-05-27,9.880000,10.200000,9.790000,10.020000,9.918788,23800
2020-05-28,10.230000,10.480000,10.060000,10.060000,9.958385,14600
2020-05-29,10.220000,10.390000,10.200000,10.200000,10.096970,2600
2020-06-01,10.430000,10.440000,9.960000,10.010000,9.908889,11700
2020-06-02,10.250000,10.250000,9.750000,9.750000,9.651515,12200
2020-06-03,9.980000,10.250000,9.860000,10.130000,10.027677,14200
2020-06-04,10.110000,10.400000,10.050000,10.370000,10.265252,20900
2020-06-05,10.720000,12.000000,10.720000,11.150000,11.037374,44200
2020-06-08,11.250000,12.740000,11.250000,12.570000,12.443029,19500
2020-06-09,12.090000,13.190000,12.090000,13.190000,13.056767,15500
2020-06-10,12.070000,13.850000,11.640000,11.930000,11.809495,20500
2020-06-11,11.250000,11.250000,10.500000,10.530000,10.423636,12500
2020-06-12,10.890000,10.890000,9.720000,10.510000,10.403838,13400
2020-06-15,10.230000,10.380000,9.210000,10.320000,10.215757,22600
2020-06-16,10.750000,10.860000,9.910000,10.090000,9.988081,19300
2020-06-17,10.280000,10.280000,9.650000,9.860000,9.760404,6200
2020-06-18,9.850000,10.110000,9.820000,10.110000,10.007878,80100
2020-06-19,10.300000,10.300000,9.900000,10.270000,10.166263,22700
2020-06-22,10.180000,10.180000,9.990000,10.060000,9.958385,4700
2020-06-23,10.000000,10.130000,9.900000,9.900000,9.799999,6800
2020-06-24,9.340000,10.170000,9.160000,9.880000,9.880000,22700
2020-06-25,9.430000,10.250000,9.270000,10.040000,10.040000,10000
2020-06-26,9.870000,11.610000,9.590000,11.610000,11.610000,89400
2020-06-29,11.300000,11.300000,10.140000,10.680000,10.680000,21700
2020-06-30,10.740000,10.860000,10.740000,10.860000,10.860000,2600
2020-07-01,11.480000,11.480000,10.620000,10.890000,10.890000,10900
2020-07-02,10.970000,11.270000,10.910000,11.040000,11.040000,6500
2020-07-06,11.040000,11.040000,10.060000,10.500000,10.500000,37400
2020-07-07,10.500000,10.840000,10.040000,10.050000,10.050000,5300
2020-07-08,10.000000,10.290000,10.000000,10.210000,10.210000,21700
2020-07-09,10.330000,10.510000,9.900000,9.940000,9.940000,15700
2020-07-10,10.020000,10.020000,9.700000,10.010000,10.010000,9800
2020-07-13,9.920000,10.110000,9.880000,10.110000,10.110000,5600
2020-07-14,9.990000,9.990000,9.650000,9.650000,9.650000,26300
2020-07-15,9.890000,10.300000,9.880000,10.120000,10.120000,9500
2020-07-16,10.000000,10.020000,9.630000,9.950000,9.950000,12000