Date,Open,High,Low,Close,Adj Close,Volume
2015-06-25,31.600000,32.400002,30.480000,31.200001,31.010910,2000
2015-06-26,31.200001,31.200001,29.920000,30.559999,30.374788,3100
2015-06-29,28.320000,30.799999,28.320000,30.296000,30.112387,1900
2015-06-30,27.040001,30.799999,24.160000,25.232000,25.079079,7800
2015-07-01,25.743999,26.535999,25.360001,25.360001,25.206305,7200
2015-07-02,25.360001,25.600000,25.191999,25.464001,25.309673,1800
2015-07-06,25.520000,25.520000,24.959999,25.408001,25.254013,1500
2015-07-07,25.200001,25.440001,24.959999,25.280001,25.126789,900
2015-07-08,24.959999,25.320000,24.879999,25.152000,24.999565,100
2015-07-09,25.375999,25.375999,24.608000,24.719999,24.570181,1000
2015-07-10,24.639999,25.280001,24.639999,25.200001,25.047274,3600
2015-07-13,30.320000,30.320000,24.639999,25.048000,24.896194,2000
2015-07-14,25.200001,25.200001,24.160000,24.160000,24.013577,2100
2015-07-15,24.160000,24.480000,24.160000,24.400000,24.252121,300
2015-07-16,25.087999,28.000000,24.240000,25.848000,25.691345,10400
2015-07-17,25.280001,27.120001,24.639999,26.000000,25.842424,2800
2015-07-20,24.879999,25.799999,23.680000,23.752001,23.608049,4500
2015-07-21,23.840000,23.840000,23.360001,23.360001,23.218426,800
2015-07-22,23.360001,23.695999,21.440001,21.680000,21.548607,9900
2015-07-23,21.608000,23.680000,21.600000,23.120001,22.979879,900
2015-07-24,22.799999,22.799999,22.000000,22.656000,22.518692,700
2015-07-27,21.816000,23.280001,21.816000,23.280001,23.138910,600
2015-07-28,23.040001,23.327999,22.392000,22.392000,22.256290,100
2015-07-29,21.600000,23.120001,21.600000,22.080000,21.946182,1900
2015-07-30,24.480000,25.775999,22.879999,23.040001,22.900364,6400
2015-07-31,22.799999,23.440001,22.799999,23.120001,22.979879,2400
2015-08-03,22.559999,23.200001,21.600000,22.000000,21.866667,4100
2015-08-04,21.600000,23.120001,20.799999,21.040001,20.912485,2300
2015-08-05,22.799999,22.799999,20.879999,21.200001,21.071516,1600
2015-08-06,22.320000,23.200001,22.320000,22.480000,22.343758,400
2015-08-07,22.712000,22.712000,22.712000,22.712000,22.574352,100
2015-08-10,23.112000,23.360001,22.639999,23.360001,23.218426,800
2015-08-11,22.400000,22.799999,22.400000,22.600000,22.463030,700
2015-08-12,22.480000,22.480000,20.080000,20.400000,20.276363,3200
2015-08-13,20.400000,21.360001,20.000000,20.080000,19.958303,2900
2015-08-14,19.520000,22.959999,18.799999,20.520000,20.395638,23000
2015-08-17,21.600000,21.760000,19.200001,19.840000,19.719757,13800
2015-08-18,20.240000,20.719999,19.520000,20.000000,19.878788,2100
2015-08-19,20.400000,21.167999,20.240000,20.240000,20.117332,1200
2015-08-20,20.160000,20.320000,19.360001,19.360001,19.242668,1100
2015-08-21,18.959999,22.000000,18.959999,19.760000,19.640244,1700
2015-08-24,19.040001,22.224001,17.840000,17.840000,17.731878,1600
2015-08-25,18.639999,19.120001,18.080000,18.400000,18.288485,2000
2015-08-26,18.320000,18.320000,17.680000,18.176001,18.065844,1200
2015-08-27,19.056000,19.056000,18.240000,18.799999,18.686060,2000
2015-08-28,19.040001,19.920000,18.400000,19.280001,19.163153,700
2015-08-31,19.520000,19.520000,17.760000,18.160000,18.049940,1300
2015-09-01,22.000000,22.112000,18.799999,19.600000,19.481213,4400
2015-09-02,19.200001,19.200001,18.087999,19.200001,19.083637,1300
2015-09-03,19.200001,19.920000,18.879999,19.760000,19.640244,3800
2015-09-04,20.544001,20.544001,19.360001,19.920000,19.799273,3100
2015-09-08,20.000000,20.719999,19.360001,20.559999,20.435394,2500
2015-09-09,20.559999,22.959999,20.480000,22.959999,22.820848,24500
2015-09-10,23.600000,29.360001,22.360001,26.879999,26.717091,49800
2015-09-11,27.120001,30.160000,26.400000,29.680000,29.500122,18600
2015-09-14,32.000000,41.520000,31.200001,34.799999,34.589092,33000
2015-09-15,34.799999,34.799999,24.480000,31.200001,31.010910,79200
2015-09-16,31.600000,32.400002,29.280001,31.200001,31.010910,11300
2015-09-17,30.080000,31.200001,26.639999,30.959999,30.772364,22800
2015-09-18,29.040001,30.719999,25.200001,25.200001,25.047274,11300
2015-09-21,29.120001,29.440001,26.816000,27.920000,27.750788,9800
2015-09-22,26.000000,39.520000,24.879999,34.639999,34.430061,401200
2015-09-23,30.559999,31.600000,27.520000,28.879999,28.704969,81900
2015-09-24,28.080000,29.584000,26.799999,27.680000,27.512243,7900
2015-09-25,28.000000,29.200001,26.879999,28.320000,28.148363,12700
2015-09-28,28.320000,31.600000,27.520000,28.559999,28.386909,14600
2015-09-29,28.799999,30.320000,27.360001,28.240000,28.068848,5700
2015-09-30,28.920000,29.120001,26.680000,27.440001,27.273697,17200
2015-10-01,27.296000,28.000000,26.480000,26.559999,26.399031,3800
2015-10-02,26.160000,26.879999,25.775999,26.480000,26.319515,4700
2015-10-05,26.160000,26.240000,22.480000,22.959999,22.820848,27000
2015-10-06,22.959999,23.200001,21.440001,21.440001,21.310061,7100
2015-10-07,21.520000,23.760000,21.520000,22.400000,22.264242,8000
2015-10-08,22.160000,23.520000,22.160000,22.639999,22.502787,6600
2015-10-09,22.719999,23.200001,21.752001,22.000000,21.866667,7200
2015-10-12,21.520000,22.320000,21.032000,21.120001,20.992001,6100
2015-10-13,21.120001,22.400000,20.280001,20.639999,20.514908,7800
2015-10-14,20.959999,22.719999,20.480000,21.840000,21.707636,30100
2015-10-15,22.320000,22.712000,21.600000,22.320000,22.184727,13900
2015-10-16,22.320000,22.799999,21.600000,21.680000,21.548607,8500
2015-10-19,22.799999,22.799999,21.600000,21.600000,21.469091,1800
2015-10-20,24.799999,24.799999,21.440001,21.440001,21.310061,10100
2015-10-21,21.200001,22.232000,21.200001,21.680000,21.548607,3300
2015-10-22,21.920000,21.920000,21.240000,21.280001,21.151031,4400
2015-10-23,22.080000,22.080000,21.296000,21.600000,21.469091,2800
2015-10-26,20.639999,21.360001,20.552000,21.200001,21.071516,3600
2015-10-27,20.080000,21.040001,20.000000,20.400000,20.276363,5000
2015-10-28,21.920000,22.080000,20.799999,20.879999,20.753454,10600
2015-10-29,20.959999,22.719999,20.799999,21.520000,21.389576,9300
2015-10-30,21.200001,22.200001,20.400000,21.360001,21.230547,4800
2015-11-02,21.360001,21.840000,21.280001,21.600000,21.469091,2800
2015-11-03,21.360001,21.695999,20.879999,21.440001,21.310061,2400
2015-11-04,21.360001,21.360001,20.879999,21.360001,21.230547,2000
2015-11-05,21.568001,22.000000,21.040001,21.360001,21.230547,3200
2015-11-06,21.120001,22.000000,20.959999,21.040001,20.912485,1000
2015-11-09,21.680000,21.680000,20.719999,21.120001,20.992001,2500
2015-11-10,20.832001,21.120001,20.639999,21.040001,20.912485,1200
2015-11-11,21.040001,21.191999,20.559999,20.639999,20.514908,1900
2015-11-12,20.559999,21.200001,20.240000,21.200001,21.071516,4000
2015-11-13,20.639999,20.799999,20.080000,20.160000,20.037819,9200
2015-11-16,20.400000,20.400000,18.799999,19.440001,19.322182,17600
2015-11-17,19.040001,19.840000,19.040001,19.520000,19.401697,21700
2015-11-18,19.120001,19.584000,18.480000,18.879999,18.765575,16200
2015-11-19,19.600000,20.000000,18.639999,19.360001,19.242668,5900
2015-11-20,19.600000,22.400000,19.360001,20.719999,20.594423,7800
2015-11-23,21.120001,21.896000,21.120001,21.360001,21.230547,5100
2015-11-24,21.360001,21.360001,20.280001,20.959999,20.832970,2800
2015-11-25,21.040001,21.040001,20.431999,20.639999,20.514908,3400
2015-11-27,20.959999,20.959999,20.639999,20.799999,20.673939,2000
2015-11-30,20.799999,21.920000,20.639999,21.360001,21.230547,6600
2015-12-01,21.600000,23.120001,21.360001,22.400000,22.264242,18300
2015-12-02,22.559999,23.760000,22.080000,23.760000,23.616001,19100
2015-12-03,24.240000,25.120001,23.200001,23.680000,23.536486,18300
2015-12-04,24.080000,27.760000,23.680000,26.719999,26.558060,28400
2015-12-07,27.360001,29.920000,26.719999,27.520000,27.353212,29500
2015-12-08,27.120001,27.600000,26.480000,26.879999,26.717091,10200
2015-12-09,26.080000,26.639999,25.600000,25.879999,25.723150,7500
2015-12-10,26.080000,26.639999,24.480000,24.559999,24.411152,7700
2015-12-11,26.000000,26.032000,24.559999,24.719999,24.570181,4800
2015-12-14,24.719999,26.600000,23.440001,24.000000,23.854546,8800
2015-12-15,24.143999,24.504000,23.200001,24.000000,23.854546,11200
2015-12-16,24.799999,25.143999,24.000000,24.080000,23.934061,5600
2015-12-17,24.000000,26.320000,24.000000,25.600000,25.444849,14000
2015-12-18,25.920000,25.920000,23.200001,23.920000,23.775030,23300
2015-12-21,24.080000,24.719999,22.000000,22.719999,22.582302,14800
2015-12-22,22.480000,22.615999,20.799999,20.959999,20.832970,8000
2015-12-23,21.440001,22.544001,21.440001,21.760000,21.628122,3800
2015-12-24,21.600000,22.872000,20.959999,21.760000,21.628122,1200
2015-12-28,22.000000,22.264000,20.879999,20.879999,20.753454,9500
2015-12-29,21.520000,21.520000,18.639999,19.312000,19.194958,19100
2015-12-30,19.120001,20.000000,19.120001,19.280001,19.163153,3400
2015-12-31,19.600000,19.840000,18.719999,18.879999,18.765575,10500
2016-01-04,20.799999,22.160000,19.632000,20.000000,19.878788,18500
2016-01-05,20.000000,21.280001,20.000000,20.799999,20.673939,8100
2016-01-06,20.400000,20.799999,20.000000,20.320000,20.196848,3600
2016-01-07,20.000000,21.511999,19.120001,19.840000,19.719757,6700
2016-01-08,21.480000,21.480000,19.920000,20.000000,19.878788,3100
2016-01-11,20.000000,22.799999,19.952000,22.799999,22.661818,6400
2016-01-12,23.040001,23.040001,20.959999,21.600000,21.469091,7600
2016-01-13,21.120001,21.120001,18.400000,19.200001,19.083637,13200
2016-01-14,18.719999,19.600000,18.639999,19.600000,19.481213,4500
2016-01-15,18.959999,19.200001,17.920000,17.920000,17.811394,10100
2016-01-19,18.000000,18.160000,16.480000,17.200001,17.095758,11800
2016-01-20,17.680000,17.680000,16.559999,17.120001,17.016243,4900
2016-01-21,21.712000,21.712000,17.680000,18.632000,18.519079,1300
2016-01-22,19.176001,19.200001,18.160000,18.480000,18.368000,2000
2016-01-25,18.240000,18.639999,18.000000,18.000000,17.890909,2900
2016-01-26,20.799999,21.200001,17.040001,18.240000,18.129454,40500
2016-01-27,18.400000,18.400000,16.879999,17.440001,17.334303,6000
2016-01-28,17.440001,17.520000,16.160000,16.719999,16.618666,3800
2016-01-29,16.559999,16.639999,16.000000,16.559999,16.459637,9900
2016-02-01,16.488001,17.440001,16.488001,17.120001,17.016243,900
2016-02-02,17.440001,17.927999,16.480000,17.280001,17.175274,3500
2016-02-03,17.903999,18.056000,16.639999,17.760000,17.652365,7000
2016-02-04,17.959999,17.959999,16.480000,16.480000,16.380121,3000
2016-02-05,16.959999,17.440001,16.480000,17.040001,16.936728,7100
2016-02-08,16.799999,17.040001,16.240000,16.320000,16.221090,6100
2016-02-09,16.320000,16.400000,15.040000,15.680000,15.584970,12300
2016-02-10,15.920000,16.368000,15.360000,15.360000,15.266909,15700
2016-02-11,16.400000,16.799999,13.360000,14.160000,14.074182,12200
2016-02-12,14.160000,14.400000,12.480000,13.192000,13.112049,26700
2016-02-16,13.920000,18.360001,12.960000,16.559999,16.459637,14000
2016-02-17,17.600000,18.240000,15.280000,18.160000,18.049940,19000
2016-02-18,18.559999,18.559999,15.608000,18.400000,18.288485,10300
2016-02-19,17.920000,20.959999,17.200001,18.639999,18.527029,14000
2016-02-22,19.280001,20.799999,17.920000,19.520000,19.401697,19700
2016-02-23,19.840000,19.840000,17.280001,17.840000,17.731878,6400
2016-02-24,17.072001,19.040001,16.879999,17.840000,17.731878,9800
2016-02-25,18.240000,18.688000,17.520000,18.160000,18.049940,3700
2016-02-26,18.320000,18.320000,16.400000,16.480000,16.380121,4100
2016-02-29,16.080000,17.120001,16.080000,16.719999,16.618666,5400
2016-03-01,16.559999,17.600000,14.880000,15.760000,15.664485,22600
2016-03-02,15.840000,16.719999,13.760000,14.160000,14.074182,28600
2016-03-03,14.240000,15.600000,14.240000,15.040000,14.948849,4500
2016-03-04,15.440000,17.440001,15.440000,16.719999,16.618666,18200
2016-03-07,16.799999,19.624001,16.639999,18.080000,17.970425,11400
2016-03-08,17.920000,19.600000,17.920000,18.719999,18.606544,7900
2016-03-09,19.120001,19.120001,17.680000,18.320000,18.208969,5400
2016-03-10,18.480000,18.480000,16.879999,16.959999,16.857212,3800
2016-03-11,17.440001,17.440001,16.879999,17.040001,16.936728,1900
2016-03-14,17.200001,17.200001,16.559999,16.719999,16.618666,3100
2016-03-15,16.480000,16.752001,16.000000,16.160000,16.062061,5000
2016-03-16,16.104000,16.320000,16.000000,16.080000,15.982546,3600
2016-03-17,15.760000,16.639999,15.760000,16.160000,16.062061,1800
2016-03-18,16.000000,16.000000,14.800000,14.800000,14.710303,7600
2016-03-21,14.960000,16.000000,14.720000,15.680000,15.584970,2600
2016-03-22,15.760000,16.959999,15.680000,16.480000,16.380121,6500
2016-03-23,16.528000,16.639999,15.680000,15.840000,15.744000,1300
2016-03-24,15.920000,16.559999,14.880000,16.000000,15.903030,13600
2016-03-28,16.080000,16.559999,16.080000,16.559999,16.459637,4700
2016-03-29,16.719999,16.799999,16.400000,16.480000,16.380121,4600
2016-03-30,16.799999,16.799999,16.400000,16.400000,16.300606,1000
2016-03-31,16.639999,16.639999,16.400000,16.400000,16.300606,3200
2016-04-01,16.400000,17.200001,16.080000,16.799999,16.698181,19900
2016-04-04,17.200001,19.120001,17.200001,18.320000,18.208969,6800
2016-04-05,17.920000,19.680000,17.760000,18.959999,18.845091,18300
2016-04-06,19.360001,19.360001,18.048000,18.480000,18.368000,11300
2016-04-07,18.320000,19.040001,18.000000,18.664000,18.550884,7000
2016-04-08,18.559999,18.799999,16.000000,16.240000,16.141575,21800
2016-04-11,16.160000,17.120001,16.160000,16.559999,16.459637,3700
2016-04-12,16.799999,17.200001,16.160000,16.799999,16.698181,8200
2016-04-13,16.615999,16.959999,16.160000,16.160000,16.062061,4000
2016-04-14,16.080000,17.760000,16.080000,17.440001,17.334303,3700
2016-04-15,17.440001,18.400000,17.440001,17.600000,17.493334,4700
2016-04-18,17.840000,17.983999,17.280001,17.440001,17.334303,4000
2016-04-19,17.280001,17.472000,16.879999,16.959999,16.857212,3500
2016-04-20,17.280001,17.280001,16.240000,16.400000,16.300606,2900
2016-04-21,16.240000,17.040001,16.240000,16.559999,16.459637,1000
2016-04-22,17.360001,17.440001,16.639999,16.799999,16.698181,2900
2016-04-25,17.040001,17.264000,16.719999,17.040001,16.936728,2100
2016-04-26,17.200001,17.520000,16.879999,16.959999,16.857212,3300
2016-04-27,16.959999,17.440001,16.959999,16.959999,16.857212,3600
2016-04-28,17.040001,17.040001,16.000000,16.080000,15.982546,7600
2016-04-29,15.680000,16.320000,15.520000,16.240000,16.141575,6100
2016-05-02,16.656000,17.112000,15.920000,16.320000,16.221090,2800
2016-05-03,16.440001,17.000000,16.000000,16.400000,16.300606,4800
2016-05-04,16.400000,17.200001,16.400000,17.200001,17.095758,6400
2016-05-05,17.440001,17.440001,16.120001,16.320000,16.221090,3700
2016-05-06,16.000000,16.848000,15.600000,15.680000,15.584970,4300
2016-05-09,15.760000,15.920000,14.720000,15.360000,15.266909,9000
2016-05-10,15.760000,16.312000,15.120000,15.200000,15.107879,2600
2016-05-11,15.280000,16.080000,15.280000,15.280000,15.187394,2200
2016-05-12,15.520000,15.600000,15.280000,15.360000,15.266909,2000
2016-05-13,15.520000,17.360001,15.520000,17.120001,17.016243,18200
2016-05-16,17.360001,19.440001,17.280001,18.719999,18.606544,71200
2016-05-17,20.000000,23.920000,19.360001,19.920000,19.799273,293400
2016-05-18,20.160000,20.400000,17.920000,18.719999,18.606544,48400
2016-05-19,18.719999,19.200001,15.680000,16.959999,16.857212,35200
2016-05-20,17.440001,17.520000,15.680000,17.440001,17.334303,30400
2016-05-23,17.920000,18.000000,15.680000,16.240000,16.141575,13700
2016-05-24,16.000000,16.240000,15.360000,16.080000,15.982546,11200
2016-05-25,16.240000,16.240000,15.360000,15.520000,15.425940,7300
2016-05-26,15.440000,16.799999,15.360000,16.240000,16.141575,17400
2016-05-27,16.400000,17.520000,15.920000,16.240000,16.141575,21400
2016-05-31,16.400000,16.736000,16.240000,16.480000,16.380121,11500
2016-06-01,16.688000,17.600000,16.544001,17.200001,17.095758,15500
2016-06-02,18.080000,23.840000,18.080000,19.360001,19.242668,243800
2016-06-03,20.160000,23.440001,20.160000,22.080000,21.946182,114000
2016-06-06,24.000000,28.000000,23.600000,27.360001,27.194183,283200
2016-06-07,26.719999,29.040001,24.959999,26.400000,26.240000,138500
2016-06-08,25.600000,27.680000,24.959999,27.520000,27.353212,82800
2016-06-09,26.639999,27.360001,24.320000,25.760000,25.603880,83600
2016-06-10,26.879999,30.559999,26.400000,28.000000,27.830303,110000
2016-06-13,28.480000,30.000000,25.280001,26.400000,26.240000,49300
2016-06-14,25.760000,27.680000,25.440001,27.680000,27.512243,23900
2016-06-15,26.799999,28.312000,26.799999,27.440001,27.273697,17600
2016-06-16,27.200001,27.440001,26.400000,26.799999,26.637575,14900
2016-06-17,26.400000,27.600000,26.400000,27.120001,26.955637,13500
2016-06-20,26.799999,27.200001,25.440001,25.920000,25.762909,29200
2016-06-21,25.920000,25.920000,24.096001,24.639999,24.490665,20400
2016-06-22,24.320000,32.400002,24.320000,28.639999,28.466423,345700
2016-06-23,29.440001,29.440001,26.879999,28.959999,28.784485,46800
2016-06-24,28.160000,28.639999,26.639999,28.000000,27.830303,21800
2016-06-27,26.480000,27.120001,22.559999,24.559999,24.411152,59500
2016-06-28,24.799999,26.959999,24.799999,26.959999,26.796606,24900
2016-06-29,26.959999,27.840000,26.240000,27.760000,27.591759,21700
2016-06-30,32.000000,32.000000,28.959999,29.520000,29.341091,116000
2016-07-01,30.160000,30.320000,28.799999,29.680000,29.500122,27100
2016-07-05,29.680000,29.680000,27.280001,29.680000,29.500122,23100
2016-07-06,28.799999,31.600000,28.480000,31.440001,31.249454,36900
2016-07-07,31.680000,31.680000,30.568001,31.280001,31.090425,12400
2016-07-08,31.680000,31.680000,29.600000,31.120001,30.931395,22300
2016-07-11,31.600000,34.320000,30.568001,33.759998,33.555393,55400
2016-07-12,34.799999,36.560001,33.040001,34.080002,33.873455,77900
2016-07-13,34.240002,34.720001,32.639999,33.200001,32.998787,24400
2016-07-14,32.720001,33.183998,32.000000,32.400002,32.203636,21400
2016-07-15,32.000000,33.040001,30.344000,32.400002,32.203636,43700
2016-07-18,33.200001,35.119999,31.280001,33.599998,33.396362,31300
2016-07-19,34.080002,35.279999,33.279999,34.799999,34.589092,20100
2016-07-20,34.400002,35.919998,34.400002,35.759998,35.543270,22900
2016-07-21,36.000000,38.560001,35.903999,38.320000,38.087757,57100
2016-07-22,38.320000,42.320000,38.320000,40.480000,40.234665,122600
2016-07-25,40.959999,45.520000,40.799999,43.520000,43.256245,74900
2016-07-26,44.639999,49.360001,40.160000,42.959999,42.699635,130600
2016-07-27,43.360001,46.720001,42.000000,43.520000,43.256245,39600
2016-07-28,44.639999,44.792000,42.480000,43.279999,43.017696,14400
2016-07-29,43.360001,43.824001,41.439999,42.000000,41.745453,17600
2016-08-01,42.000000,42.400002,36.720001,39.040001,38.803394,69600
2016-08-02,38.160000,38.400002,34.720001,37.840000,37.610668,50100
2016-08-03,36.560001,41.344002,36.320000,40.639999,40.393696,37300
2016-08-04,40.400002,40.456001,38.000000,38.080002,37.849213,20200
2016-08-05,38.080002,40.639999,36.720001,40.560001,40.314182,29700
2016-08-08,46.400002,52.720001,45.200001,47.599998,47.311516,432000
2016-08-09,47.360001,48.080002,43.759998,44.959999,44.687515,71900
2016-08-10,44.799999,45.743999,42.647999,45.360001,45.085091,42400
2016-08-11,45.759998,46.320000,44.000000,45.759998,45.482666,41900
2016-08-12,46.000000,46.000000,44.487999,45.360001,45.085091,27500
2016-08-15,45.360001,45.632000,42.959999,43.200001,42.938183,30800
2016-08-16,41.599998,42.792000,37.200001,37.599998,37.372120,84100
2016-08-17,38.000000,41.520000,38.000000,40.480000,40.234665,33400
2016-08-18,40.639999,41.919998,40.000000,41.279999,41.029816,13700
2016-08-19,40.880001,40.880001,38.000000,39.119999,38.882908,28400
2016-08-22,38.080002,38.655998,36.480000,37.119999,36.895031,21900
2016-08-23,36.000000,38.240002,35.360001,37.520000,37.292606,35000
2016-08-24,37.599998,40.639999,37.599998,39.439999,39.200970,28700
2016-08-25,39.119999,39.520000,38.560001,38.560001,38.326305,9600
2016-08-26,38.799999,39.456001,38.080002,38.400002,38.167274,9000
2016-08-29,38.400002,42.712002,38.000000,41.439999,41.188847,62100
2016-08-30,42.720001,45.119999,42.320000,43.840000,43.574303,47500
2016-08-31,43.840000,45.040001,40.080002,40.880001,40.632244,33800
2016-09-01,40.880001,41.279999,40.000000,40.799999,40.552727,6900
2016-09-02,40.240002,41.112000,39.040001,39.200001,38.962425,12900
2016-09-06,39.200001,40.000000,38.000000,38.560001,38.326305,26700
2016-09-07,38.560001,39.032001,32.880001,34.160000,33.952969,43200
2016-09-08,34.400002,36.000000,34.000000,34.080002,33.873455,21800
2016-09-09,33.840000,34.000000,29.600000,31.360001,31.169941,54500
2016-09-12,30.879999,35.119999,30.240000,35.119999,34.907150,39800
2016-09-13,35.520000,36.000000,32.799999,32.959999,32.760242,11400
2016-09-14,32.639999,33.520000,31.200001,31.440001,31.249454,17800
2016-09-15,31.680000,31.760000,30.480000,30.559999,30.374788,19700
2016-09-16,30.559999,32.400002,30.080000,31.120001,30.931395,22200
2016-09-19,30.639999,33.439999,30.639999,32.639999,32.442181,18800
2016-09-20,32.320000,32.872002,31.760000,32.560001,32.362667,11600
2016-09-21,32.240002,32.720001,31.448000,31.920000,31.726545,10200
2016-09-22,32.400002,33.512001,31.760000,32.799999,32.601212,12300
2016-09-23,32.720001,33.119999,31.040001,31.040001,30.851879,7800
2016-09-26,31.440001,31.879999,30.080000,31.360001,31.169941,8100
2016-09-27,31.440001,32.000000,30.799999,31.600000,31.408485,10700
2016-09-28,31.840000,33.680000,31.672001,32.959999,32.760242,12300
2016-09-29,32.584000,32.799999,30.799999,30.799999,30.613333,12400
2016-09-30,31.200001,32.167999,31.200001,31.680000,31.488001,6500
2016-10-03,32.000000,32.320000,31.559999,31.680000,31.488001,1900
2016-10-04,32.160000,32.639999,31.760000,32.480000,32.283150,4200
2016-10-05,32.560001,34.160000,32.560001,33.599998,33.396362,14800
2016-10-06,33.840000,33.840000,31.840000,31.920000,31.726545,7000
2016-10-07,31.840000,32.287998,31.840000,32.080002,31.885578,2400
2016-10-10,32.000000,32.799999,31.600000,32.000000,31.806061,21700
2016-10-11,33.200001,33.919998,32.160000,32.160000,31.965092,25100
2016-10-12,32.400002,32.799999,32.000000,32.720001,32.521698,5200
2016-10-13,32.799999,33.512001,31.920000,31.920000,31.726545,16200
2016-10-14,32.160000,32.240002,31.600000,31.760000,31.567516,5700
2016-10-17,31.760000,32.256001,30.080000,30.080000,29.897697,8400
2016-10-18,30.240000,31.200001,30.080000,30.160000,29.977213,4200
2016-10-19,30.160000,31.920000,30.000000,31.920000,31.726545,7200
2016-10-20,31.600000,32.000000,30.799999,31.799999,31.607273,5000
2016-10-21,31.680000,32.000000,31.167999,31.840000,31.647030,4800
2016-10-24,31.840000,32.639999,31.840000,32.480000,32.283150,5500
2016-10-25,32.639999,32.799999,31.968000,32.720001,32.521698,4900
2016-10-26,32.720001,38.080002,32.720001,34.400002,34.191517,227900
2016-10-27,35.840000,36.720001,34.535999,36.160000,35.940849,50100
2016-10-28,36.320000,40.000000,36.000000,38.000000,37.769699,162700
2016-10-31,38.480000,41.520000,38.480000,40.000000,39.757576,89300
2016-11-01,40.000000,40.400002,37.119999,37.360001,37.133575,49200
2016-11-02,38.720001,38.720001,34.000000,34.240002,34.032486,42500
2016-11-03,34.240002,35.200001,31.888000,32.639999,32.442181,24400
2016-11-04,32.639999,33.792000,32.160000,33.279999,33.078300,12300
2016-11-07,34.000000,35.599998,33.911999,34.799999,34.589092,16400
2016-11-08,34.400002,34.400002,32.400002,34.080002,33.873455,14100
2016-11-09,32.480000,33.495998,32.160000,32.560001,32.362667,22300
2016-11-10,32.799999,33.200001,32.000000,32.160000,31.965092,11800
2016-11-11,32.000000,34.160000,32.000000,34.160000,33.952969,10300
2016-11-14,33.599998,34.304001,32.080002,32.720001,32.521698,10400
2016-11-15,32.320000,35.816002,32.320000,34.720001,34.509579,15200
2016-11-16,34.080002,36.560001,34.000000,36.320000,36.099880,15700
2016-11-17,36.000000,36.959999,34.080002,34.400002,34.191517,25100
2016-11-18,34.240002,34.400002,32.400002,33.279999,33.078300,32200
2016-11-21,33.759998,33.928001,32.400002,33.439999,33.237331,17400
2016-11-22,33.360001,35.751999,33.040001,34.320000,34.112000,9100
2016-11-23,34.320000,35.759998,33.431999,34.320000,34.112000,19100
2016-11-25,34.639999,35.680000,33.919998,35.360001,35.145699,7700
2016-11-28,35.360001,37.759998,34.400002,36.639999,36.417938,33300
2016-11-29,37.200001,37.279999,35.040001,36.560001,36.338425,15100
2016-11-30,36.560001,36.911999,35.599998,36.240002,36.020367,11700
2016-12-01,36.000000,36.728001,32.799999,32.959999,32.760242,34500
2016-12-02,33.200001,34.639999,33.040001,33.919998,33.714424,11500
2016-12-05,34.400002,35.200001,33.119999,33.919998,33.714424,18800
2016-12-06,34.000000,35.296001,33.759998,34.799999,34.589092,10000
2016-12-07,34.799999,35.599998,34.320000,35.200001,34.986668,8600
2016-12-08,34.880001,36.352001,34.480000,35.439999,35.225212,11400
2016-12-09,35.840000,35.959999,34.000000,34.080002,33.873455,10900
2016-12-12,34.080002,35.119999,34.080002,34.720001,34.509579,10100
2016-12-13,35.439999,40.400002,34.560001,40.400002,40.155151,186900
2016-12-14,41.200001,43.200001,38.400002,41.040001,40.791275,97400
2016-12-15,40.400002,42.240002,38.807999,39.599998,39.360001,35100
2016-12-16,38.880001,39.919998,36.799999,37.040001,36.815517,52800
2016-12-19,37.759998,40.320000,37.040001,40.320000,40.075638,33500
2016-12-20,40.000000,40.480000,38.799999,39.599998,39.360001,34000
2016-12-21,38.799999,39.599998,38.080002,38.480000,38.246788,16000
2016-12-22,44.000000,47.439999,42.000000,45.439999,45.164604,421600
2016-12-23,44.000000,45.480000,42.000000,45.200001,44.926060,102600
2016-12-27,45.599998,52.000000,44.160000,51.360001,51.048729,163800
2016-12-28,52.000000,52.071999,46.799999,48.560001,48.265697,109600
2016-12-29,48.720001,57.599998,47.439999,56.160000,55.819637,218200
2016-12-30,56.720001,59.840000,53.119999,59.040001,58.682182,240300
2017-01-03,59.279999,66.000000,57.599998,64.400002,64.009697,241400
2017-01-04,65.199997,65.575996,59.599998,61.919998,61.544727,113300
2017-01-05,64.879997,67.279999,62.080002,64.400002,64.009697,98700
2017-01-06,65.519997,66.720001,63.200001,64.160004,63.771156,57900
2017-01-09,64.879997,65.519997,60.000000,61.040001,60.670063,72600
2017-01-10,60.639999,61.000000,53.919998,58.799999,58.443638,132800
2017-01-11,58.400002,58.400002,53.759998,55.360001,55.024487,69500
2017-01-12,55.279999,55.599998,51.360001,54.000000,53.672729,55800
2017-01-13,53.680000,53.872002,51.360001,52.560001,52.241455,70500
2017-01-17,53.200001,56.880001,53.175999,54.400002,54.070305,83400
2017-01-18,53.599998,53.840000,49.792000,53.279999,52.957088,94100
2017-01-19,53.840000,55.919998,52.720001,55.119999,54.785938,53200
2017-01-20,54.560001,56.400002,52.279999,52.720001,52.400486,44600
2017-01-23,52.000000,53.599998,51.279999,52.320000,52.002911,44300
2017-01-24,52.000000,52.759998,50.144001,52.320000,52.002911,44600
2017-01-25,52.799999,52.799999,51.040001,52.000000,51.684849,31200
2017-01-26,52.000000,53.919998,51.680000,53.759998,53.434181,41500
2017-01-27,53.360001,53.759998,51.200001,51.599998,51.287273,37500
2017-01-30,51.279999,52.480000,49.360001,50.720001,50.412609,31500
2017-01-31,50.799999,50.984001,48.959999,50.400002,50.094547,31800
2017-02-01,51.200001,51.279999,49.200001,49.360001,49.060848,28300
2017-02-02,49.200001,49.360001,44.799999,45.119999,44.846546,85500
2017-02-03,45.520000,47.759998,44.799999,47.680000,47.391029,75100
2017-02-06,47.200001,52.400002,46.720001,50.720001,50.412609,87900
2017-02-07,50.959999,53.896000,48.959999,51.759998,51.446301,121600
2017-02-08,51.759998,52.320000,49.599998,51.840000,51.525818,63300
2017-02-09,54.400002,60.000000,47.743999,48.639999,48.345211,282500
2017-02-10,49.599998,52.480000,48.560001,48.560001,48.265697,94700
2017-02-13,48.000000,49.200001,45.360001,47.520000,47.232002,78000
2017-02-14,48.320000,48.512001,45.680000,46.480000,46.198303,36400
2017-02-15,45.599998,48.560001,45.360001,47.840000,47.550060,69300
2017-02-16,47.680000,48.560001,46.119999,47.200001,46.913940,35500
2017-02-17,47.119999,47.919998,45.919998,46.160000,45.880241,30600
2017-02-21,46.400002,46.639999,40.080002,40.959999,40.711758,121600
2017-02-22,41.200001,42.000000,22.080000,27.200001,27.035152,1028700
2017-02-23,29.680000,35.439999,28.104000,32.160000,31.965092,583800
2017-02-24,31.920000,34.000000,30.072001,32.080002,31.885578,104900
2017-02-27,30.559999,31.719999,29.600000,30.559999,30.374788,84600
2017-02-28,30.240000,30.639999,28.240000,28.320000,28.148363,80900
2017-03-01,26.559999,33.919998,26.320000,32.400002,32.203636,251600
2017-03-02,31.600000,32.400002,29.040001,29.280001,29.102547,68200
2017-03-03,29.440001,30.320000,29.120001,29.360001,29.182062,35500
2017-03-06,28.719999,28.719999,24.480000,26.799999,26.637575,148700
2017-03-07,27.760000,29.200001,26.480000,27.120001,26.955637,91600
2017-03-08,27.360001,27.760000,25.680000,26.959999,26.796606,56800
2017-03-09,26.639999,28.480000,25.879999,27.760000,27.591759,61400
2017-03-10,27.760000,28.400000,27.360001,28.160000,27.989334,16600
2017-03-13,28.719999,29.040001,27.200001,27.600000,27.432728,44500
2017-03-14,27.600000,27.736000,26.400000,26.639999,26.478544,36800
2017-03-15,26.400000,26.959999,25.360001,26.080000,25.921940,47600
2017-03-16,26.639999,27.040001,25.600000,26.559999,26.399031,22200
2017-03-17,26.799999,26.959999,25.360001,25.360001,25.206305,17900
2017-03-20,25.200001,25.680000,22.480000,24.480000,24.331636,66100
2017-03-21,25.120001,25.544001,24.080000,24.559999,24.411152,35600
2017-03-22,24.719999,26.320000,24.240000,25.360001,25.206305,32000
2017-03-23,25.520000,26.959999,25.120001,26.240000,26.080969,72700
2017-03-24,26.400000,27.600000,26.240000,26.480000,26.319515,54200
2017-03-27,26.559999,27.840000,25.120001,26.799999,26.637575,33100
2017-03-28,26.559999,27.559999,26.160000,26.400000,26.240000,27800
2017-03-29,26.400000,27.327999,26.400000,27.280001,27.280001,10700
2017-03-30,27.520000,30.719999,27.520000,28.799999,28.799999,58700
2017-03-31,29.920000,30.879999,28.000000,28.240000,28.240000,27200
2017-04-03,28.000000,28.639999,26.480000,26.799999,26.799999,18800
2017-04-04,26.400000,28.320000,26.000000,26.160000,26.160000,45600
2017-04-05,26.000000,26.400000,24.799999,25.200001,25.200001,30300
2017-04-06,25.200001,25.936001,24.528000,25.200001,25.200001,10700
2017-04-07,25.200001,25.920000,24.559999,24.799999,24.799999,14800
2017-04-10,28.080000,29.920000,24.879999,25.280001,25.280001,110500
2017-04-11,25.360001,25.840000,24.160000,24.480000,24.480000,20200
2017-04-12,24.559999,25.440001,24.240000,24.799999,24.799999,11700
2017-04-13,24.559999,25.976000,24.320000,24.799999,24.799999,13300
2017-04-17,24.959999,25.600000,24.639999,25.120001,25.120001,6900
2017-04-18,25.840000,26.559999,25.200001,25.760000,25.760000,16400
2017-04-19,26.879999,27.440001,25.768000,26.559999,26.559999,30000
2017-04-20,27.200001,27.200001,26.160000,26.799999,26.799999,10200
2017-04-21,26.639999,27.360001,26.160000,26.959999,26.959999,11400
2017-04-24,27.040001,27.040001,26.000000,26.000000,26.000000,18100
2017-04-25,26.000000,26.240000,25.200001,25.840000,25.840000,16600
2017-04-26,25.680000,26.656000,25.200001,25.440001,25.440001,7200
2017-04-27,25.280001,25.920000,25.240000,25.840000,25.840000,4100
2017-04-28,25.840000,25.840000,25.200001,25.520000,25.520000,5200
2017-05-01,25.440001,25.568001,24.400000,24.639999,24.639999,13800
2017-05-02,24.559999,25.944000,24.240000,25.360001,25.360001,16900
2017-05-03,25.360001,25.520000,24.799999,25.280001,25.280001,10000
2017-05-04,25.120001,25.280001,24.879999,25.280001,25.280001,10300
2017-05-05,25.440001,25.760000,25.080000,25.760000,25.760000,7200
2017-05-08,25.520000,26.063999,25.280001,25.840000,25.840000,10400
2017-05-09,26.000000,27.520000,25.920000,27.280001,27.280001,20000
2017-05-10,27.600000,27.600000,26.480000,26.719999,26.719999,19200
2017-05-11,24.400000,26.320000,24.320000,25.600000,25.600000,48400
2017-05-12,25.600000,26.000000,24.799999,25.760000,25.760000,13600
2017-05-15,26.000000,26.400000,25.600000,25.600000,25.600000,8700
2017-05-16,26.000000,26.000000,25.120001,25.200001,25.200001,9200
2017-05-17,29.840000,36.400002,29.600000,31.520000,31.520000,1911600
2017-05-18,31.440001,32.639999,28.799999,30.480000,30.480000,233400
2017-05-19,30.639999,30.879999,28.879999,30.559999,30.559999,132500
2017-05-22,30.799999,32.400002,29.200001,29.760000,29.760000,113300
2017-05-23,29.680000,30.143999,28.160000,29.040001,29.040001,43300
2017-05-24,29.280001,29.440001,26.400000,27.120001,27.120001,66000
2017-05-25,26.879999,28.143999,26.799999,27.600000,27.600000,29900
2017-05-26,27.440001,27.680000,26.799999,27.120001,27.120001,21600
2017-05-30,27.520000,29.600000,27.120001,29.600000,29.600000,46600
2017-05-31,29.920000,30.368000,28.240000,29.360001,29.360001,31900
2017-06-01,28.240000,29.504000,28.240000,28.559999,28.559999,21700
2017-06-02,28.879999,29.760000,28.559999,29.760000,29.760000,19600
2017-06-05,29.440001,29.840000,28.559999,28.799999,28.799999,20400
2017-06-06,28.559999,29.600000,28.400000,28.879999,28.879999,12800
2017-06-07,28.799999,29.007999,28.000000,28.400000,28.400000,9600
2017-06-08,28.400000,29.040001,28.400000,28.639999,28.639999,6000
2017-06-09,28.480000,29.360001,28.400000,28.559999,28.559999,8400
2017-06-12,28.879999,28.879999,27.200001,27.280001,27.280001,17900
2017-06-13,27.280001,27.840000,26.879999,27.200001,27.200001,13600
2017-06-14,27.520000,27.520000,26.559999,26.639999,26.639999,11600
2017-06-15,26.559999,26.559999,25.600000,25.760000,25.760000,14700
2017-06-16,25.760000,26.799999,25.760000,26.400000,26.400000,8900
2017-06-19,26.240000,26.799999,25.440001,26.320000,26.320000,13600
2017-06-20,26.320000,26.959999,25.856001,26.480000,26.480000,4500
2017-06-21,26.480000,26.959999,25.600000,26.799999,26.799999,8000
2017-06-22,26.799999,27.600000,26.400000,27.600000,27.600000,10700
2017-06-23,27.520000,28.400000,26.799999,28.400000,28.400000,9700
2017-06-26,28.000000,28.400000,27.360001,28.240000,28.240000,9200
2017-06-27,28.400000,29.520000,28.000000,29.040001,29.040001,11000
2017-06-28,28.719999,29.120001,28.480000,28.760000,28.760000,7800
2017-06-29,28.559999,29.440001,28.024000,28.559999,28.559999,10600
2017-06-30,28.712000,29.200001,28.080000,28.799999,28.799999,6300
2017-07-03,28.559999,29.288000,28.480000,28.879999,28.879999,4800
2017-07-05,28.879999,29.520000,28.400000,29.200001,29.200001,15300
2017-07-06,29.440001,29.440001,28.000000,28.320000,28.320000,4400
2017-07-07,27.920000,28.799999,27.728001,28.240000,28.240000,5400
2017-07-10,28.160000,28.760000,27.743999,28.080000,28.080000,3800
2017-07-11,28.240000,28.320000,27.840000,27.920000,27.920000,6900
2017-07-12,28.320000,29.680000,28.200001,28.480000,28.480000,9200
2017-07-13,28.639999,28.799999,28.160000,28.160000,28.160000,4300
2017-07-14,28.559999,28.719999,27.600000,28.000000,28.000000,7000
2017-07-17,28.160000,28.639999,27.920000,28.320000,28.320000,8500
2017-07-18,28.639999,28.639999,27.672001,28.559999,28.559999,4200
2017-07-19,28.559999,28.879999,27.280001,28.320000,28.320000,7500
2017-07-20,28.639999,28.903999,28.080000,28.719999,28.719999,6400
2017-07-21,28.799999,28.799999,27.808001,28.080000,28.080000,9200
2017-07-24,28.080000,28.400000,28.000000,28.240000,28.240000,5200
2017-07-25,28.160000,28.639999,27.520000,27.600000,27.600000,7200
2017-07-26,27.760000,27.920000,26.879999,26.879999,26.879999,17900
2017-07-27,27.040001,27.440001,26.480000,26.719999,26.719999,11100
2017-07-28,26.959999,27.120001,26.480000,26.639999,26.639999,4500
2017-07-31,26.719999,27.360001,26.480000,26.719999,26.719999,6900
2017-08-01,26.719999,27.360001,25.760000,25.920000,25.920000,14500
2017-08-02,26.080000,26.240000,25.440001,25.760000,25.760000,7100
2017-08-03,25.920000,25.920000,25.120001,25.280001,25.280001,8100
2017-08-04,25.120001,25.440001,24.936001,25.120001,25.120001,7800
2017-08-07,25.040001,25.840000,24.799999,24.799999,24.799999,9700
2017-08-08,25.440001,26.160000,25.256001,25.360001,25.360001,7400
2017-08-09,25.600000,25.799999,24.799999,25.120001,25.120001,6700
2017-08-10,25.360001,25.792000,24.879999,25.520000,25.520000,8500
2017-08-11,26.400000,28.000000,25.520000,27.360001,27.360001,42900
2017-08-14,27.600000,28.160000,25.040001,25.760000,25.760000,81700
2017-08-15,26.400000,26.672001,24.959999,25.600000,25.600000,30200
2017-08-16,25.280001,25.327999,24.080000,24.400000,24.400000,38900
2017-08-17,24.160000,24.280001,21.680000,22.559999,22.559999,53800
2017-08-18,23.200001,24.240000,22.879999,23.040001,23.040001,21900
2017-08-21,23.360001,23.360001,21.760000,22.639999,22.639999,21800
2017-08-22,22.400000,22.968000,21.680000,22.080000,22.080000,15600
2017-08-23,22.000000,22.240000,21.672001,21.920000,21.920000,9800
2017-08-24,22.000000,22.559999,21.840000,22.480000,22.480000,9000
2017-08-25,22.480000,23.520000,22.480000,22.959999,22.959999,12000
2017-08-28,23.040001,23.200001,22.879999,23.120001,23.120001,7200
2017-08-29,23.040001,23.040001,22.400000,22.559999,22.559999,8500
2017-08-30,22.559999,22.879999,22.480000,22.799999,22.799999,9400
2017-08-31,22.559999,23.760000,22.559999,23.360001,23.360001,9000
2017-09-01,23.360001,24.240000,23.200001,24.000000,24.000000,7900
2017-09-05,24.000000,25.200001,23.760000,24.959999,24.959999,22300
2017-09-06,24.719999,25.840000,24.719999,25.200001,25.200001,16500
2017-09-07,25.200001,25.280001,24.080000,24.320000,24.320000,8900
2017-09-08,24.240000,25.280001,24.080000,25.200001,25.200001,13700
2017-09-11,25.360001,26.000000,24.480000,24.719999,24.719999,12600
2017-09-12,24.879999,25.440001,24.559999,25.120001,25.120001,5800
2017-09-13,25.680000,26.559999,25.120001,25.280001,25.280001,32700
2017-09-14,25.280001,26.160000,25.200001,25.520000,25.520000,7000
2017-09-15,25.840000,27.920000,25.608000,26.799999,26.799999,38300
2017-09-18,27.040001,27.200001,25.680000,25.840000,25.840000,15400
2017-09-19,25.600000,26.400000,25.360001,25.920000,25.920000,8600
2017-09-20,25.760000,26.639999,25.712000,26.400000,26.400000,7700
2017-09-21,26.080000,26.240000,25.664000,25.680000,25.680000,5200
2017-09-22,25.680000,25.760000,25.368000,25.760000,25.760000,4600
2017-09-25,25.520000,26.320000,25.440001,25.680000,25.680000,11600
2017-09-26,25.440001,25.784000,24.559999,24.639999,24.639999,16600
2017-09-27,24.559999,24.799999,24.080000,24.400000,24.400000,10500
2017-09-28,24.559999,24.559999,24.040001,24.080000,24.080000,4400
2017-09-29,24.000000,24.320000,23.840000,23.920000,23.920000,4200
2017-10-02,23.920000,23.920000,22.799999,22.799999,22.799999,10500
2017-10-03,22.639999,23.840000,22.639999,22.639999,22.639999,10300
2017-10-04,22.639999,23.072001,22.639999,22.959999,22.959999,15100
2017-10-05,22.799999,24.320000,22.799999,24.112000,24.112000,16200
2017-10-06,24.000000,24.320000,22.879999,23.280001,23.280001,16000
2017-10-09,23.440001,23.440001,22.799999,22.959999,22.959999,7600
2017-10-10,22.959999,23.680000,22.959999,23.520000,23.520000,11500
2017-10-11,23.840000,23.856001,23.327999,23.360001,23.360001,7400
2017-10-12,23.280001,23.360001,22.959999,23.120001,23.120001,2500
2017-10-13,22.639999,23.200001,22.639999,22.639999,22.639999,10600
2017-10-16,22.799999,23.072001,22.400000,22.559999,22.559999,10500
2017-10-17,22.480000,23.440001,22.160000,23.440001,23.440001,14900
2017-10-18,23.280001,24.160000,22.719999,23.600000,23.600000,6100
2017-10-19,23.680000,23.912001,23.040001,23.120001,23.120001,4500
2017-10-20,23.040001,23.360001,22.799999,23.360001,23.360001,4900
2017-10-23,23.520000,23.879999,22.799999,23.760000,23.760000,9000
2017-10-24,24.000000,24.959999,23.600000,23.920000,23.920000,14400
2017-10-25,23.927999,23.927999,22.799999,23.440001,23.440001,5500
2017-10-26,23.520000,23.520000,22.400000,22.480000,22.480000,7900
2017-10-27,22.559999,23.920000,22.000000,23.840000,23.840000,19100
2017-10-30,23.680000,24.160000,23.360001,23.559999,23.559999,8800
2017-10-31,23.520000,23.600000,22.719999,22.879999,22.879999,4000
2017-11-01,22.799999,22.840000,22.160000,22.320000,22.320000,12900
2017-11-02,22.320000,22.639999,21.680000,22.639999,22.639999,10900
2017-11-03,22.320000,22.320000,21.752001,22.240000,22.240000,13000
2017-11-06,22.400000,22.400000,20.879999,21.280001,21.280001,28900
2017-11-07,21.200001,21.920000,21.040001,21.520000,21.520000,10700
2017-11-08,21.760000,22.400000,21.440001,22.240000,22.240000,8500
2017-11-09,22.400000,23.200001,22.056000,22.480000,22.480000,19500
2017-11-10,22.639999,23.200001,22.639999,22.879999,22.879999,11000
2017-11-13,22.799999,23.200001,22.704000,23.200001,23.200001,6900
2017-11-14,22.959999,23.200001,22.271999,22.400000,22.400000,4400
2017-11-15,22.320000,22.320000,21.400000,21.920000,21.920000,12400
2017-11-16,21.920000,22.400000,21.920000,22.160000,22.160000,3700
2017-11-17,22.320000,22.400000,22.048000,22.400000,22.400000,5000
2017-11-20,22.320000,22.400000,21.992001,22.320000,22.320000,3100
2017-11-21,22.639999,23.920000,22.591999,23.600000,23.600000,20900
2017-11-22,23.600000,23.600000,22.799999,23.056000,23.056000,5200
2017-11-24,23.120001,23.591999,22.879999,23.360001,23.360001,2400
2017-11-27,23.440001,23.680000,22.400000,22.799999,22.799999,5300
2017-11-28,23.040001,23.120001,22.400000,22.799999,22.799999,4100
2017-11-29,22.799999,23.040001,22.639999,22.799999,22.799999,3600
2017-11-30,22.879999,22.879999,21.728001,22.320000,22.320000,5900
2017-12-01,22.480000,22.520000,21.040001,21.520000,21.520000,7900
2017-12-04,21.600000,22.240000,21.120001,21.360001,21.360001,8000
2017-12-05,21.440001,21.520000,20.408001,20.799999,20.799999,7700
2017-12-06,20.959999,20.959999,19.040001,20.080000,20.080000,13000
2017-12-07,22.000000,22.719999,19.680000,20.959999,20.959999,24400
2017-12-08,21.600000,21.600000,20.712000,21.408001,21.408001,10300
2017-12-11,21.600000,21.752001,20.000000,20.639999,20.639999,14500
2017-12-12,20.639999,21.271999,19.840000,19.840000,19.840000,5200
2017-12-13,20.000000,21.520000,20.000000,20.559999,20.559999,12100
2017-12-14,20.799999,21.360001,20.799999,21.120001,21.120001,8600
2017-12-15,21.280001,21.360001,20.000000,20.000000,20.000000,5400
2017-12-18,20.000000,21.200001,20.000000,21.120001,21.120001,9700
2017-12-19,21.120001,21.440001,20.480000,20.719999,20.719999,6000
2017-12-20,20.959999,22.000000,20.480000,21.520000,21.520000,9600
2017-12-21,21.440001,22.639999,21.360001,22.160000,22.160000,12700
2017-12-22,22.000000,22.559999,21.760000,22.320000,22.320000,7500
2017-12-26,22.480000,22.480000,21.040001,21.600000,21.600000,11900
2017-12-27,21.600000,21.600000,20.559999,20.639999,20.639999,15100
2017-12-28,20.799999,20.799999,20.400000,20.719999,20.719999,6400
2017-12-29,20.639999,21.040001,20.080000,20.392000,20.392000,16300
2018-01-02,20.879999,21.600000,20.680000,21.200001,21.200001,9600
2018-01-03,21.440001,21.760000,21.200001,21.360001,21.360001,6100
2018-01-04,21.440001,21.440001,21.200001,21.440001,21.440001,7600
2018-01-05,21.440001,21.680000,21.288000,21.600000,21.600000,7800
2018-01-08,21.680000,21.680000,21.440001,21.520000,21.520000,4000
2018-01-09,21.200001,21.600000,20.400000,20.480000,20.480000,10900
2018-01-10,20.480000,21.080000,20.360001,20.639999,20.639999,9000
2018-01-11,20.480000,20.912001,20.160000,20.480000,20.480000,10900
2018-01-12,20.480000,20.799999,20.320000,20.680000,20.680000,3700
2018-01-16,20.799999,21.128000,20.000000,20.959999,20.959999,15200
2018-01-17,21.120001,24.799999,21.120001,23.040001,23.040001,63700
2018-01-18,23.680000,24.320000,22.920000,23.680000,23.680000,18000
2018-01-19,23.920000,24.240000,23.448000,23.920000,23.920000,13000
2018-01-22,24.160000,24.480000,23.360001,23.440001,23.440001,11000
2018-01-23,23.440001,23.440001,22.000000,22.535999,22.535999,10000
2018-01-24,26.480000,28.559999,23.920000,24.327999,24.327999,162400
2018-01-25,24.320000,24.719999,22.888000,24.080000,24.080000,17100
2018-01-26,24.000000,24.320000,23.048000,23.440001,23.440001,11000
2018-01-29,23.600000,24.000000,22.559999,23.280001,23.280001,10300
2018-01-30,23.280001,23.520000,22.719999,23.200001,23.200001,3900
2018-01-31,23.440001,23.440001,22.480000,22.480000,22.480000,7500
2018-02-01,22.400000,23.040001,22.400000,22.559999,22.559999,5800
2018-02-02,22.639999,23.200001,22.400000,22.879999,22.879999,8300
2018-02-05,22.879999,23.320000,22.400000,22.480000,22.480000,8300
2018-02-06,22.400000,22.936001,22.160000,22.240000,22.240000,5500
2018-02-07,22.160000,22.392000,21.639999,21.680000,21.680000,5100
2018-02-08,22.000000,23.600000,21.040001,21.040001,21.040001,9400
2018-02-09,21.200001,21.760000,18.959999,20.000000,20.000000,23100
2018-02-12,20.160000,21.191999,20.000000,20.799999,20.799999,6000
2018-02-13,20.879999,22.128000,20.000000,21.920000,21.920000,6000
2018-02-14,22.080000,22.840000,20.520000,20.799999,20.799999,21900
2018-02-15,21.520000,21.760000,21.048000,21.120001,21.120001,3800
2018-02-16,21.040001,21.840000,20.799999,20.959999,20.959999,6300
2018-02-20,20.639999,21.600000,20.400000,20.959999,20.959999,5200
2018-02-21,20.959999,20.959999,20.559999,20.879999,20.879999,5100
2018-02-22,20.808001,21.200001,20.480000,20.480000,20.480000,3400
2018-02-23,20.480000,20.952000,20.160000,20.320000,20.320000,7300
2018-02-26,20.639999,20.959999,19.799999,20.559999,20.559999,18100
2018-02-27,20.480000,20.799999,19.920000,20.080000,20.080000,3600
2018-02-28,20.320000,20.320000,19.200001,19.680000,19.680000,9100
2018-03-01,20.160000,21.600000,19.608000,20.240000,20.240000,39100
2018-03-02,20.000000,20.559999,19.608000,20.559999,20.559999,5200
2018-03-05,20.719999,20.719999,20.000000,20.639999,20.639999,4200
2018-03-06,20.559999,20.639999,19.768000,19.920000,19.920000,4000
2018-03-07,20.000000,20.639999,19.848000,20.080000,20.080000,2100
2018-03-08,20.320000,20.440001,19.760000,20.400000,20.400000,1800
2018-03-09,20.799999,20.799999,19.760000,20.639999,20.639999,6100
2018-03-12,20.799999,21.040001,20.400000,20.559999,20.559999,7100
2018-03-13,20.639999,21.600000,20.400000,21.200001,21.200001,7700
2018-03-14,21.520000,21.600000,20.920000,21.040001,21.040001,1400
2018-03-15,21.520000,22.000000,20.959999,21.520000,21.520000,11400
2018-03-16,22.000000,23.600000,22.000000,23.360001,23.360001,28800
2018-03-19,23.600000,23.816000,22.400000,23.280001,23.280001,16900
2018-03-20,23.760000,23.760000,22.808001,23.200001,23.200001,5600
2018-03-21,23.360001,23.360001,22.160000,22.480000,22.480000,4200
2018-03-22,22.559999,23.600000,22.480000,23.520000,23.520000,12200
2018-03-23,23.600000,26.639999,23.368000,24.240000,24.240000,66800
2018-03-26,25.200001,25.832001,22.879999,22.959999,22.959999,26800
2018-03-27,22.959999,23.680000,21.760000,22.959999,22.959999,9300
2018-03-28,23.120001,23.656000,22.743999,23.440001,23.440001,7600
2018-03-29,24.000000,24.000000,22.879999,22.879999,22.879999,4800
2018-04-02,22.480000,23.096001,21.840000,22.143999,22.143999,5100
2018-04-03,22.080000,23.200001,21.608000,21.760000,21.760000,4000
2018-04-04,21.680000,21.920000,21.200001,21.760000,21.760000,5100
2018-04-05,21.840000,22.879999,21.840000,22.400000,22.400000,3100
2018-04-06,22.160000,22.959999,21.888000,22.080000,22.080000,3600
2018-04-09,22.240000,22.240000,20.959999,22.000000,22.000000,4600
2018-04-10,22.000000,22.240000,21.760000,21.920000,21.920000,2900
2018-04-11,21.920000,22.240000,21.600000,22.000000,22.000000,2100
2018-04-12,22.080000,23.040001,22.080000,22.879999,22.879999,4200
2018-04-13,22.959999,23.440001,22.080000,22.959999,22.959999,4200
2018-04-16,22.959999,23.760000,22.959999,23.440001,23.440001,4200
2018-04-17,23.520000,23.520000,22.160000,22.559999,22.559999,4700
2018-04-18,22.639999,22.879999,22.400000,22.559999,22.559999,1500
2018-04-19,22.559999,22.959999,22.559999,22.799999,22.799999,1800
2018-04-20,22.879999,22.879999,22.080000,22.719999,22.719999,2200
2018-04-23,22.559999,22.799999,22.488001,22.719999,22.719999,2400
2018-04-24,22.799999,22.799999,22.400000,22.719999,22.719999,4000
2018-04-25,22.240000,22.440001,22.000000,22.000000,22.000000,3900
2018-04-26,22.000000,22.000000,21.680000,21.920000,21.920000,2700
2018-04-27,22.080000,22.104000,21.680000,21.680000,21.680000,3500
2018-04-30,21.760000,22.799999,21.760000,22.480000,22.480000,3500
2018-05-01,22.480000,22.559999,22.080000,22.480000,22.480000,1200
2018-05-02,22.504000,22.719999,21.808001,22.400000,22.400000,3000
2018-05-03,22.240000,22.240000,21.200001,21.600000,21.600000,5900
2018-05-04,21.280001,21.920000,21.280001,21.600000,21.600000,2200
2018-05-07,21.600000,22.000000,21.392000,21.680000,21.680000,3300
2018-05-08,21.840000,21.920000,21.040001,21.920000,21.920000,2200
2018-05-09,21.920000,21.920000,21.440001,21.600000,21.600000,1300
2018-05-10,21.360001,21.840000,21.120001,21.760000,21.760000,3700
2018-05-11,21.920000,21.920000,20.920000,20.959999,20.959999,5600
2018-05-14,20.959999,21.408001,20.400000,20.559999,20.559999,3900
2018-05-15,20.480000,21.200001,20.480000,21.200001,21.200001,3100
2018-05-16,18.000000,18.719999,15.200000,16.400000,16.400000,95600
2018-05-17,16.480000,17.832001,16.480000,17.360001,17.360001,20600
2018-05-18,17.360001,18.080000,17.120001,18.080000,18.080000,11800
2018-05-21,18.160000,18.320000,16.879999,17.400000,17.400000,10300
2018-05-22,17.280001,17.440001,16.719999,16.799999,16.799999,10200
2018-05-23,16.639999,17.040001,16.639999,16.879999,16.879999,3300
2018-05-24,17.040001,17.440001,16.568001,17.120001,17.120001,11000
2018-05-25,17.280001,17.360001,16.808001,17.360001,17.360001,3600
2018-05-29,17.360001,17.360001,17.000000,17.080000,17.080000,1800
2018-05-30,17.120001,17.600000,16.959999,17.360001,17.360001,3100
2018-05-31,17.280001,17.760000,16.896000,17.760000,17.760000,2000
2018-06-01,17.760000,18.240000,17.520000,18.240000,18.240000,6700
2018-06-04,18.240000,19.200001,18.000000,18.000000,18.000000,11100
2018-06-05,18.160000,18.799999,18.128000,18.400000,18.400000,6800
2018-06-06,18.559999,18.559999,18.143999,18.240000,18.240000,3700
2018-06-07,18.320000,18.392000,18.160000,18.320000,18.320000,2100
2018-06-08,18.320000,19.760000,18.247999,19.600000,19.600000,19100
2018-06-11,19.280001,20.080000,18.559999,18.559999,18.559999,6000
2018-06-12,18.639999,19.600000,18.559999,18.559999,18.559999,5300
2018-06-13,19.280001,19.280001,18.160000,18.160000,18.160000,1600
2018-06-14,18.240000,19.360001,17.736000,18.799999,18.799999,2400
2018-06-15,18.799999,19.040001,17.840000,18.240000,18.240000,3100
2018-06-18,18.400000,18.455999,16.080000,16.959999,16.959999,10000
2018-06-19,16.799999,17.520000,16.799999,17.360001,17.360001,7000
2018-06-20,17.600000,18.256001,16.799999,17.600000,17.600000,6400
2018-06-21,17.903999,18.000000,17.200001,17.920000,17.920000,2600
2018-06-22,17.600000,17.920000,16.559999,17.120001,17.120001,6100
2018-06-25,16.959999,16.959999,16.320000,16.559999,16.559999,6000
2018-06-26,16.799999,17.280001,16.400000,16.799999,16.799999,1800
2018-06-27,16.799999,17.360001,16.288000,16.559999,16.559999,2500
2018-06-28,16.639999,16.959999,16.320000,16.496000,16.496000,3100
2018-06-29,17.120001,17.120001,16.400000,16.719999,16.719999,2800
2018-07-02,16.799999,16.912001,16.408001,16.879999,16.879999,1300
2018-07-03,16.959999,17.152000,16.639999,17.040001,17.040001,4400
2018-07-05,17.280001,17.280001,16.400000,17.040001,17.040001,3900
2018-07-06,16.879999,17.040001,16.680000,16.879999,16.879999,1100
2018-07-09,16.879999,17.040001,16.752001,16.799999,16.799999,2200
2018-07-10,16.959999,17.120001,16.480000,16.480000,16.480000,4700
2018-07-11,16.400000,17.760000,16.400000,17.760000,17.760000,9100
2018-07-12,17.760000,18.240000,17.695999,18.080000,18.080000,3100
2018-07-13,18.160000,18.160000,17.200001,17.360001,17.360001,6000
2018-07-16,17.600000,17.600000,16.879999,17.280001,17.280001,800
2018-07-17,17.120001,17.600000,17.040001,17.120001,17.120001,2600
2018-07-18,17.104000,17.280001,16.480000,16.535999,16.535999,5900
2018-07-19,16.160000,17.063999,16.160000,16.400000,16.400000,3700
2018-07-20,16.480000,16.719999,16.160000,16.160000,16.160000,2000
2018-07-23,16.959999,20.240000,16.400000,16.959999,16.959999,144400
2018-07-24,16.240000,17.280001,16.080000,16.080000,16.080000,17000
2018-07-25,16.007999,17.600000,16.000000,17.200001,17.200001,13700
2018-07-26,17.040001,17.200001,16.559999,17.200001,17.200001,3800
2018-07-27,16.719999,17.200001,16.559999,16.559999,16.559999,3800
2018-07-30,16.480000,16.799999,16.240000,16.400000,16.400000,2800
2018-07-31,16.160000,16.719999,16.000000,16.080000,16.080000,7500
2018-08-01,16.000000,16.480000,16.000000,16.320000,16.320000,5100
2018-08-02,16.240000,16.400000,16.000000,16.240000,16.240000,3700
2018-08-03,16.320000,16.320000,16.000000,16.080000,16.080000,3000
2018-08-06,16.080000,16.320000,16.080000,16.320000,16.320000,3400
2018-08-07,16.320000,16.320000,16.000000,16.000000,16.000000,4300
2018-08-08,16.000000,16.559999,16.000000,16.240000,16.240000,4000
2018-08-09,16.000000,16.559999,15.992000,16.160000,16.160000,6700
2018-08-10,16.320000,16.480000,16.160000,16.160000,16.160000,3700
2018-08-13,16.000000,16.320000,15.360000,15.760000,15.760000,11200
2018-08-14,16.080000,16.320000,15.928000,16.240000,16.240000,4500
2018-08-15,15.040000,15.040000,13.120000,14.800000,14.800000,35500
2018-08-16,14.720000,15.520000,14.560000,15.440000,15.440000,5200
2018-08-17,14.816000,15.040000,14.160000,15.040000,15.040000,6000
2018-08-20,15.200000,15.360000,14.800000,15.040000,15.040000,5000
2018-08-21,14.960000,15.840000,14.480000,14.560000,14.560000,9800
2018-08-22,13.920000,14.000000,13.040000,13.200000,13.200000,44000
2018-08-23,13.200000,13.520000,13.200000,13.200000,13.200000,15600
2018-08-24,13.200000,13.280000,13.200000,13.200000,13.200000,17500
2018-08-27,13.200000,13.280000,13.200000,13.200000,13.200000,4300
2018-08-28,13.200000,13.600000,13.200000,13.200000,13.200000,10800
2018-08-29,13.280000,13.440000,13.200000,13.280000,13.280000,3100
2018-08-30,13.200000,13.440000,13.200000,13.200000,13.200000,2300
2018-08-31,13.200000,13.280000,13.200000,13.200000,13.200000,6200
2018-09-04,13.200000,13.280000,12.320000,12.320000,12.320000,13200
2018-09-05,12.400000,12.640000,12.000000,12.240000,12.240000,4600
2018-09-06,12.000000,12.160000,10.960000,11.600000,11.600000,18600
2018-09-07,11.600000,12.000000,10.400000,11.840000,11.840000,13600
2018-09-10,11.760000,11.840000,11.280000,11.280000,11.280000,3300
2018-09-11,11.280000,11.832000,11.280000,11.520000,11.520000,1800
2018-09-12,11.440000,12.000000,11.288000,11.680000,11.680000,11100
2018-09-13,11.600000,13.440000,11.600000,12.800000,12.800000,15400
2018-09-14,13.280000,13.360000,12.160000,12.320000,12.320000,7800
2018-09-17,12.160000,12.640000,11.848000,12.080000,12.080000,4200
2018-09-18,12.080000,12.952000,11.840000,12.080000,12.080000,4800
2018-09-19,12.000000,12.320000,11.448000,11.760000,11.760000,8800
2018-09-20,12.160000,12.160000,11.360000,11.520000,11.520000,7400
2018-09-21,11.280000,12.320000,11.000000,12.080000,12.080000,10500
2018-09-24,12.000000,12.480000,11.840000,11.840000,11.840000,1500
2018-09-25,11.920000,12.560000,11.360000,12.560000,12.560000,11300
2018-09-26,12.000000,12.176000,11.360000,11.760000,11.760000,3200
2018-09-27,11.760000,12.320000,11.360000,11.600000,11.600000,2400
2018-09-28,11.440000,11.600000,11.440000,11.440000,11.440000,3500
2018-10-01,11.520000,12.080000,11.440000,11.600000,11.600000,3300
2018-10-02,11.840000,12.400000,11.280000,11.520000,11.520000,5100
2018-10-03,12.080000,12.320000,11.520000,12.000000,12.000000,8900
2018-10-04,12.000000,12.080000,11.200000,11.840000,11.840000,9700
2018-10-05,11.680000,11.680000,10.480000,11.520000,11.520000,4200
2018-10-08,11.360000,11.360000,10.000000,10.800000,10.800000,4300
2018-10-09,10.800000,13.120000,10.800000,11.520000,11.520000,33900
2018-10-10,11.600000,11.600000,10.608000,10.960000,10.960000,10600
2018-10-11,10.400000,11.200000,10.160000,10.400000,10.400000,12500
2018-10-12,10.480000,11.200000,10.280000,10.720000,10.720000,3800
2018-10-15,10.640000,11.200000,10.160000,10.160000,10.160000,5800
2018-10-16,10.240000,11.032000,8.720000,9.840000,9.840000,26600
2018-10-17,10.320000,11.200000,10.000000,10.400000,10.400000,4300
2018-10-18,10.800000,11.200000,10.080000,10.160000,10.160000,10200
2018-10-19,10.240000,11.072000,10.000000,10.000000,10.000000,5200
2018-10-22,10.240000,10.320000,9.520000,9.520000,9.520000,5500
2018-10-23,9.120000,9.624000,9.120000,9.360000,9.360000,8500
2018-10-24,9.120000,9.520000,9.120000,9.520000,9.520000,3500
2018-10-25,9.200000,9.600000,9.200000,9.360000,9.360000,3500
2018-10-26,9.360000,9.912000,9.280000,9.440000,9.440000,3700
2018-10-29,9.440000,10.000000,9.440000,10.000000,10.000000,1700
2018-10-30,9.920000,9.920000,9.280000,9.920000,9.920000,4400
2018-10-31,9.840000,9.928000,9.440000,9.440000,9.440000,6900
2018-11-01,9.520000,10.000000,9.520000,9.680000,9.680000,3600
2018-11-02,9.760000,9.920000,9.760000,9.920000,9.920000,7200
2018-11-05,10.000000,10.392000,10.000000,10.160000,10.160000,6000
2018-11-06,10.320000,10.320000,9.440000,10.320000,10.320000,3700
2018-11-07,10.320000,10.320000,10.064000,10.320000,10.320000,10000
2018-11-08,10.240000,10.320000,9.888000,10.160000,10.160000,4100
2018-11-09,10.000000,10.240000,9.504000,9.520000,9.520000,6600
2018-11-12,9.760000,10.320000,9.680000,10.160000,10.160000,3200
2018-11-13,10.320000,10.400000,9.840000,10.240000,10.240000,1900
2018-11-14,10.320000,10.320000,8.800000,9.120000,9.120000,16900
2018-11-15,9.120000,9.120000,8.800000,8.960000,8.960000,6100
2018-11-16,9.920000,9.920000,8.480000,8.640000,8.640000,8800
2018-11-19,8.880000,8.880000,8.480000,8.560000,8.560000,3900
2018-11-20,8.560000,8.640000,8.000000,8.080000,8.080000,12400
2018-11-21,8.240000,8.720000,6.760000,7.352000,7.352000,10900
2018-11-23,7.600000,7.800000,7.520000,7.680000,7.680000,2100
2018-11-26,7.920000,7.920000,7.280000,7.480000,7.480000,3600
2018-11-27,7.280000,8.320000,7.280000,7.920000,7.920000,8100
2018-11-28,7.920000,8.160000,7.840000,7.936000,7.936000,5400
2018-11-29,8.000000,8.072000,7.856000,7.904000,7.904000,2800
2018-11-30,7.960000,8.080000,7.600000,7.760000,7.760000,2700
2018-12-03,7.600000,7.808000,7.200000,7.512000,7.512000,7500
2018-12-04,7.432000,7.768000,6.880000,7.440000,7.440000,3100
2018-12-06,7.480000,8.000000,6.720000,7.272000,7.272000,5200
2018-12-07,7.280000,7.840000,7.040000,7.600000,7.600000,8200
2018-12-10,7.280000,7.360000,6.720000,6.880000,6.880000,5400
2018-12-11,6.720000,7.240000,6.720000,6.992000,6.992000,6100
2018-12-12,6.720000,7.600000,6.720000,7.040000,7.040000,10100
2018-12-13,6.800000,7.480000,6.424000,6.512000,6.512000,8600
2018-12-14,6.560000,6.640000,5.760000,6.560000,6.560000,18100
2018-12-17,6.400000,6.400000,5.872000,6.160000,6.160000,7700
2018-12-18,6.000000,6.000000,5.440000,5.760000,5.760000,15700
2018-12-19,6.000000,6.640000,5.520000,6.304000,6.304000,8700
2018-12-20,6.000000,6.800000,6.000000,6.400000,6.400000,5500
2018-12-21,6.400000,6.640000,5.680000,6.200000,6.200000,5600
2018-12-24,5.760000,6.240000,5.680000,5.920000,5.920000,4000
2018-12-26,5.680000,6.320000,4.800000,5.056000,5.056000,27300
2018-12-27,4.840000,5.120000,4.800000,4.816000,4.816000,5800
2018-12-28,4.720000,5.200000,4.320000,4.800000,4.800000,13700
2018-12-31,4.800000,4.800000,4.400000,4.592000,4.592000,17600
2019-01-02,4.800000,5.600000,4.800000,5.120000,5.120000,8900
2019-01-03,5.112000,5.560000,4.976000,5.360000,5.360000,400
2019-01-04,5.520000,6.136000,5.520000,5.800000,5.800000,6800
2019-01-07,5.760000,6.400000,5.600000,5.904000,5.904000,5500
2019-01-08,6.024000,6.240000,5.216000,5.680000,5.680000,5500
2019-01-09,5.544000,6.048000,5.216000,5.752000,5.752000,4800
2019-01-10,5.920000,5.920000,5.280000,5.400000,5.400000,5300
2019-01-11,5.424000,6.080000,5.424000,5.824000,5.824000,14700
2019-01-14,6.640000,6.640000,5.640000,5.776000,5.776000,7000
2019-01-15,5.776000,6.320000,5.536000,6.320000,6.320000,5200
2019-01-16,5.840000,6.560000,5.680000,6.000000,6.000000,6000
2019-01-17,6.400000,7.040000,5.680000,6.240000,6.240000,34000
2019-01-18,6.400000,6.480000,5.920000,6.392000,6.392000,5800
2019-01-22,6.400000,6.400000,6.000000,6.000000,6.000000,5200
2019-01-23,6.296000,6.320000,6.056000,6.240000,6.240000,2800
2019-01-24,6.096000,6.320000,6.000000,6.000000,6.000000,2300
2019-01-25,6.304000,7.200000,6.304000,6.720000,6.720000,43900
2019-01-28,6.712000,6.800000,6.640000,6.800000,6.800000,8200
2019-01-29,6.400000,6.400000,6.008000,6.056000,6.056000,11100
2019-01-30,6.080000,6.160000,5.920000,5.920000,5.920000,6900
2019-01-31,5.920000,6.032000,5.280000,5.496000,5.496000,13400
2019-02-01,5.712000,6.032000,5.520000,5.696000,5.696000,9500
2019-02-04,5.920000,6.160000,5.760000,5.960000,5.960000,16200
2019-02-05,6.160000,6.160000,5.360000,5.880000,5.880000,11400
2019-02-06,6.160000,8.080000,6.000000,7.440000,7.440000,149600
2019-02-07,6.800000,7.432000,6.320000,6.440000,6.440000,78000
2019-02-08,6.560000,6.800000,6.400000,6.480000,6.480000,18400
2019-02-11,6.800000,6.800000,6.504000,6.672000,6.672000,13400
2019-02-12,6.880000,7.440000,6.752000,7.120000,7.120000,33400
2019-02-13,7.440000,7.920000,7.120000,7.280000,7.280000,71500
2019-02-14,7.440000,7.680000,6.408000,6.640000,6.640000,29100
2019-02-15,6.976000,6.976000,6.744000,6.800000,6.800000,18600
2019-02-19,6.800000,6.960000,6.600000,6.720000,6.720000,13700
2019-02-20,6.880000,6.880000,5.760000,6.064000,6.064000,68100
2019-02-21,6.240000,6.240000,5.680000,5.840000,5.840000,21500
2019-02-22,6.088000,6.088000,5.440000,5.600000,5.600000,19700
2019-02-25,5.880000,5.920000,4.800000,5.104000,5.104000,57200
2019-02-26,5.168000,5.248000,4.944000,4.944000,4.944000,11700
2019-02-27,4.888000,4.992000,4.640000,4.784000,4.784000,25600
2019-02-28,4.800000,4.960000,4.648000,4.720000,4.720000,19500
2019-03-01,4.768000,4.920000,4.720000,4.800000,4.800000,8600
2019-03-04,4.944000,4.960000,4.024000,4.480000,4.480000,23600
2019-03-05,4.480000,4.640000,4.168000,4.640000,4.640000,9200
2019-03-06,4.640000,4.880000,4.216000,4.496000,4.496000,8600
2019-03-07,4.400000,4.632000,4.320000,4.400000,4.400000,7800
2019-03-08,4.392000,4.800000,4.360000,4.800000,4.800000,7600
2019-03-11,4.800000,4.880000,4.480000,4.720000,4.720000,105600
2019-03-12,5.200000,5.584000,4.880000,4.880000,4.880000,717700
2019-03-13,5.040000,5.192000,4.800000,4.992000,4.992000,144600
2019-03-14,5.040000,5.056000,4.808000,5.032000,5.032000,59600
2019-03-15,5.024000,5.040000,4.824000,4.824000,4.824000,70500
2019-03-18,4.800000,5.040000,4.640000,5.040000,5.040000,79500
2019-03-19,4.912000,5.040000,4.480000,4.752000,4.752000,149500
2019-03-20,4.568000,4.752000,4.560000,4.560000,4.560000,21200
2019-03-21,4.560000,4.800000,4.480000,4.488000,4.488000,119700
2019-03-22,4.520000,4.584000,4.080000,4.376000,4.376000,82000
2019-03-25,4.400000,4.800000,4.248000,4.336000,4.336000,75100
2019-03-26,4.400000,4.664000,4.040000,4.080000,4.080000,94900
2019-03-27,4.128000,4.272000,4.120000,4.272000,4.272000,67000
2019-03-28,4.272000,4.272000,4.032000,4.032000,4.032000,105200
2019-03-29,4.104000,4.184000,4.000000,4.000000,4.000000,66100
2019-04-01,4.120000,4.312000,4.120000,4.312000,4.312000,58800
2019-04-02,4.280000,4.320000,4.120000,4.216000,4.216000,46800
2019-04-03,4.312000,4.312000,3.840000,3.936000,3.936000,208500
2019-04-04,4.040000,4.160000,3.520000,3.664000,3.664000,148700
2019-04-05,3.680000,3.848000,3.680000,3.680000,3.680000,111500
2019-04-08,3.840000,3.856000,3.624000,3.680000,3.680000,95900
2019-04-09,3.752000,4.160000,3.600000,3.840000,3.840000,376200
2019-04-10,3.760000,3.912000,3.680000,3.760000,3.760000,78000
2019-04-11,3.760000,3.896000,3.720000,3.728000,3.728000,49700
2019-04-12,3.720000,3.800000,3.680000,3.800000,3.800000,25300
2019-04-15,3.800000,4.024000,3.760000,3.760000,3.760000,145600
2019-04-16,3.760000,3.960000,3.520000,3.680000,3.680000,117800
2019-04-17,3.680000,3.680000,3.048000,3.192000,3.192000,532400
2019-04-18,3.088000,3.192000,2.760000,3.120000,3.120000,1880600
2019-04-22,3.120000,3.120000,2.400000,2.880000,2.880000,640400
2019-04-23,2.800000,2.960000,2.584000,2.944000,2.944000,668700
2019-04-24,2.944000,2.944000,2.696000,2.696000,2.696000,246100
2019-04-25,2.720000,2.960000,2.712000,2.816000,2.816000,517200
2019-04-26,2.848000,2.920000,2.640000,2.768000,2.768000,202100
2019-04-29,2.800000,3.200000,2.664000,3.056000,3.056000,1480500
2019-04-30,3.200000,3.200000,2.480000,2.640000,2.640000,717400
2019-05-01,2.680000,2.712000,2.512000,2.560000,2.560000,324500
2019-05-02,2.528000,2.880000,2.496000,2.696000,2.696000,1045100
2019-05-03,2.648000,2.760000,2.528000,2.544000,2.544000,283400
2019-05-06,2.560000,2.624000,2.104000,2.520000,2.520000,473000
2019-05-07,2.440000,2.576000,2.208000,2.480000,2.480000,155500
2019-05-08,2.544000,2.552000,2.320000,2.448000,2.448000,166400
2019-05-09,2.400000,2.480000,2.240000,2.424000,2.424000,93300
2019-05-10,2.504000,2.504000,2.280000,2.480000,2.480000,47600
2019-05-13,2.560000,2.560000,2.240000,2.320000,2.320000,120500
2019-05-14,2.440000,2.472000,2.320000,2.472000,2.472000,127600
2019-05-15,2.472000,2.480000,2.320000,2.440000,2.440000,194700
2019-05-16,2.440000,2.480000,2.256000,2.344000,2.344000,116300
2019-05-17,2.280000,2.320000,2.000000,2.080000,2.080000,319800
2019-05-20,2.184000,2.192000,2.016000,2.128000,2.128000,99400
2019-05-21,2.200000,2.264000,2.000000,2.080000,2.080000,460400
2019-05-22,2.120000,2.200000,1.760000,1.864000,1.864000,537400
2019-05-23,1.920000,2.840000,1.776000,1.960000,1.960000,1616400
2019-05-24,2.000000,2.080000,1.760000,1.840000,1.840000,624400
2019-05-28,1.840000,2.168000,1.840000,2.000000,2.000000,435100
2019-05-29,2.160000,2.160000,1.800000,1.960000,1.960000,321200
2019-05-30,1.952000,1.952000,1.760000,1.808000,1.808000,212200
2019-05-31,1.880000,1.880000,1.400000,1.800000,1.800000,390200
2019-06-03,1.696000,1.784000,1.568000,1.704000,1.704000,95700
2019-06-04,1.784000,2.000000,1.600000,1.904000,1.904000,413800
2019-06-05,1.904000,2.560000,1.648000,1.808000,1.808000,516400
2019-06-06,1.840000,1.968000,1.744000,1.920000,1.920000,172000
2019-06-07,1.912000,2.320000,1.720000,1.808000,1.808000,873000
2019-06-10,1.808000,2.008000,1.680000,1.920000,1.920000,320000
2019-06-11,1.920000,2.000000,1.760000,1.760000,1.760000,242700
2019-06-12,1.784000,2.240000,1.696000,2.240000,2.240000,883700
2019-06-13,2.240000,2.240000,2.240000,2.240000,2.240000,0
2019-06-14,2.700000,2.900000,2.414000,2.690000,2.690000,312400
2019-06-17,2.690000,2.938000,2.450000,2.910000,2.910000,373400
2019-06-18,2.870000,3.282000,2.720000,3.080000,3.080000,538000
2019-06-19,3.040000,3.370000,2.930000,3.280000,3.280000,373300
2019-06-20,3.330000,3.550000,3.070000,3.390000,3.390000,490400
2019-06-21,3.350000,3.400000,3.050000,3.270000,3.270000,312400
2019-06-24,3.220000,3.400000,3.010000,3.280000,3.280000,201400
2019-06-25,2.600000,2.600000,2.211000,2.310000,2.310000,1175400
2019-06-26,2.260000,2.270000,1.800000,1.830000,1.830000,292900
2019-06-27,2.160000,5.390000,2.130000,3.800000,3.800000,25844700
2019-06-28,3.270000,3.480000,2.850000,3.180000,3.180000,3322600
2019-07-01,2.810000,2.850000,2.360000,2.480000,2.480000,1499700
2019-07-02,2.500000,2.505000,2.250000,2.350000,2.350000,480600
2019-07-03,2.370000,2.500000,2.330000,2.370000,2.370000,274100
2019-07-05,2.400000,2.490000,2.350000,2.450000,2.450000,211700
2019-07-08,2.470000,2.500000,2.320000,2.350000,2.350000,151100
2019-07-09,2.330000,2.460000,2.300000,2.370000,2.370000,205000
2019-07-10,2.380000,2.420000,2.120000,2.150000,2.150000,222700
2019-07-11,3.070000,3.200000,2.270000,2.380000,2.380000,5146700
2019-07-12,2.280000,2.400000,2.180000,2.250000,2.250000,476400
2019-07-15,2.150000,2.300000,2.080000,2.160000,2.160000,249300
2019-07-16,2.150000,2.250000,2.095000,2.190000,2.190000,194200
2019-07-17,2.170000,2.230000,2.030000,2.080000,2.080000,116200
2019-07-18,2.050000,2.150000,2.000000,2.050000,2.050000,156800
2019-07-19,2.050000,2.380000,2.010000,2.020000,2.020000,234300
2019-07-22,2.030000,2.080000,1.900000,1.990000,1.990000,236500
2019-07-23,2.000000,2.090000,1.971000,2.020000,2.020000,179500
2019-07-24,2.020000,2.080000,1.934000,1.990000,1.990000,110000
2019-07-25,2.000000,2.030000,1.950000,2.010000,2.010000,61400
2019-07-26,2.000000,2.010000,1.910000,1.930000,1.930000,73200
2019-07-29,1.910000,1.950000,1.800000,1.810000,1.810000,84000
2019-07-30,1.860000,1.899000,1.660000,1.740000,1.740000,218900
2019-07-31,1.720000,1.750000,1.620000,1.700000,1.700000,108000
2019-08-01,1.690000,1.709000,1.570000,1.600000,1.600000,239800
2019-08-02,1.680000,1.730000,1.626000,1.680000,1.680000,62300
2019-08-05,1.620000,1.660000,1.569000,1.660000,1.660000,56900
2019-08-06,1.670000,1.670000,1.570000,1.600000,1.600000,41300
2019-08-07,1.570000,1.625000,1.540000,1.600000,1.600000,50800
2019-08-08,1.630000,1.830000,1.520000,1.620000,1.620000,278600
2019-08-09,1.640000,1.750000,1.570000,1.690000,1.690000,256300
2019-08-12,1.690000,1.760000,1.630000,1.730000,1.730000,280200
2019-08-13,1.720000,1.950000,1.650000,1.740000,1.740000,296100
2019-08-14,1.720000,1.720000,1.530000,1.580000,1.580000,165900
2019-08-15,1.560000,1.670000,1.520000,1.600000,1.600000,81900
2019-08-16,1.550000,1.550000,1.200000,1.360000,1.360000,262300
2019-08-19,1.440000,1.540000,1.393000,1.520000,1.520000,99500
2019-08-20,2.190000,3.300000,1.960000,1.970000,1.970000,38242500
2019-08-21,1.950000,2.030000,1.750000,1.820000,1.820000,1747200
2019-08-22,2.350000,2.590000,2.100000,2.230000,2.230000,9951500
2019-08-23,2.180000,2.190000,1.930000,1.980000,1.980000,799600
2019-08-26,1.870000,1.908000,1.800000,1.810000,1.810000,403600
2019-08-27,1.830000,1.840000,1.610000,1.650000,1.650000,369400
2019-08-28,1.630000,1.824000,1.610000,1.710000,1.710000,546300
2019-08-29,1.750000,1.780000,1.650000,1.720000,1.720000,176900
2019-08-30,1.720000,1.720000,1.520000,1.580000,1.580000,218900
2019-09-03,1.500000,1.550000,1.500000,1.540000,1.540000,145700
2019-09-04,1.540000,1.640000,1.415000,1.580000,1.580000,520300
2019-09-05,1.590000,1.640000,1.520000,1.550000,1.550000,142200
2019-09-06,1.550000,1.585000,1.500000,1.520000,1.520000,81200
2019-09-09,1.520000,1.570000,1.450000,1.480000,1.480000,136700
2019-09-10,1.470000,1.560000,1.450000,1.480000,1.480000,68700
2019-09-11,1.470000,1.620000,1.430000,1.565000,1.565000,842400
2019-09-12,1.550000,1.620000,1.470000,1.470000,1.470000,244200
2019-09-13,1.490000,1.510000,1.460000,1.480000,1.480000,76700
2019-09-16,1.590000,1.590000,1.460000,1.540000,1.540000,160600
2019-09-17,1.550000,1.570000,1.470000,1.520000,1.520000,82600
2019-09-18,1.520000,1.570000,1.460000,1.470000,1.470000,85300
2019-09-19,1.500000,1.530000,1.400000,1.410000,1.410000,115200
2019-09-20,1.420000,1.480000,1.320000,1.420000,1.420000,327300
2019-09-23,1.430000,1.500000,1.350000,1.400000,1.400000,231400
2019-09-24,1.370000,1.460000,1.330000,1.330000,1.330000,78800
2019-09-25,1.330000,1.410000,1.310000,1.350000,1.350000,49700
2019-09-26,1.340000,1.548000,1.330000,1.370000,1.370000,417400
2019-09-27,1.440000,1.440000,1.330000,1.410000,1.410000,55400
2019-09-30,1.351000,1.380000,1.300000,1.350000,1.350000,83900
2019-10-01,1.357000,1.357000,1.250000,1.300000,1.300000,51200
2019-10-02,1.300000,1.300000,1.250000,1.280000,1.280000,78600
2019-10-03,1.280000,1.300000,1.240000,1.250000,1.250000,37300
2019-10-04,1.300000,1.314000,1.270000,1.300000,1.300000,48900
2019-10-07,1.330000,1.460000,1.324000,1.330000,1.330000,33600
2019-10-08,1.340000,1.350000,1.290000,1.300000,1.300000,26300
2019-10-09,1.280000,1.360000,1.280000,1.310000,1.310000,13000
2019-10-10,1.300000,1.330000,1.290000,1.300000,1.300000,17700
2019-10-11,1.300000,1.350000,1.300000,1.310000,1.310000,26900
2019-10-14,1.310000,1.540000,1.300000,1.430000,1.430000,386800
2019-10-15,1.380000,1.540000,1.290000,1.300000,1.300000,123500
2019-10-16,1.300000,1.450000,1.270000,1.330000,1.330000,134300
2019-10-17,1.320000,1.470000,1.320000,1.370000,1.370000,83600
2019-10-18,1.410000,1.540000,1.386000,1.510000,1.510000,273400
2019-10-21,1.530000,1.650000,1.410000,1.420000,1.420000,296800
2019-10-22,1.410000,1.500000,1.370000,1.400000,1.400000,92900
2019-10-23,1.690000,2.320000,1.640000,1.640000,1.640000,21290700
2019-10-24,1.550000,1.730000,1.436000,1.560000,1.560000,860200
2019-10-25,1.520000,1.540000,1.430000,1.430000,1.430000,248100
2019-10-28,1.440000,1.440000,1.350000,1.400000,1.400000,202800
2019-10-29,1.360000,1.460000,1.340000,1.450000,1.450000,216600
2019-10-30,1.490000,1.490000,1.360000,1.430000,1.430000,97000
2019-10-31,1.430000,1.432000,1.370000,1.380000,1.380000,71000
2019-11-01,1.370000,1.520000,1.370000,1.470000,1.470000,268400
2019-11-04,1.480000,1.480000,1.340000,1.430000,1.430000,135300
2019-11-05,1.410000,1.440000,1.399000,1.430000,1.430000,74300
2019-11-06,1.410000,1.470000,1.410000,1.450000,1.450000,65700
2019-11-07,1.470000,1.470000,1.380000,1.410000,1.410000,66200
2019-11-08,1.410000,1.430000,1.400000,1.420000,1.420000,31800
2019-11-11,1.400000,1.440000,1.400000,1.420000,1.420000,16900
2019-11-12,1.410000,1.450000,1.405000,1.410000,1.410000,106000
2019-11-13,1.400000,1.410000,1.370000,1.380000,1.380000,63600
2019-11-14,1.350000,1.390000,1.330000,1.380000,1.380000,69800
2019-11-15,1.360000,1.410000,1.340000,1.410000,1.410000,44500
2019-11-18,1.390000,1.440000,1.360000,1.397000,1.397000,81800
2019-11-19,1.370000,1.470000,1.340000,1.450000,1.450000,59000
2019-11-20,1.420000,1.430000,1.384000,1.400000,1.400000,22000
2019-11-21,1.380000,1.402000,1.350000,1.380000,1.380000,39900
2019-11-22,1.350000,1.440000,1.350000,1.410000,1.410000,42100
2019-11-25,1.440000,1.550000,1.390000,1.390000,1.390000,308000
2019-11-26,1.400000,1.446000,1.390000,1.430000,1.430000,46200
2019-11-27,1.400000,1.450000,1.390000,1.450000,1.450000,28800
2019-11-29,1.440000,1.440000,1.383000,1.410000,1.410000,18000
2019-12-02,1.417000,1.426000,1.380000,1.380000,1.380000,36800
2019-12-03,1.410000,1.420000,1.380000,1.420000,1.420000,16500
2019-12-04,1.400000,1.450000,1.380000,1.400000,1.400000,33100
2019-12-05,1.390000,1.440000,1.251000,1.400000,1.400000,118300
2019-12-06,1.350000,1.440000,1.320000,1.350000,1.350000,66400
2019-12-09,1.360000,1.400000,1.230000,1.246000,1.246000,218000
2019-12-10,1.220000,1.267000,1.110000,1.180000,1.180000,179800
2019-12-11,1.150000,1.260000,1.150000,1.200000,1.200000,172500
2019-12-12,1.250000,1.300000,1.180000,1.270000,1.270000,219900
2019-12-13,1.250000,1.260000,1.180000,1.259000,1.259000,131000
2019-12-16,1.230000,1.250000,1.180000,1.200000,1.200000,144200
2019-12-17,1.190000,1.270000,1.190000,1.240000,1.240000,158200
2019-12-18,1.250000,1.290000,1.190000,1.230000,1.230000,259600
2019-12-19,1.210000,1.260000,1.200000,1.250000,1.250000,123400
2019-12-20,1.230000,1.370000,1.200000,1.290000,1.290000,389700
2019-12-23,1.260000,1.320000,1.250000,1.260000,1.260000,192700
2019-12-24,1.290000,1.290000,1.210000,1.260000,1.260000,89200
2019-12-26,1.250000,1.276000,1.220000,1.225000,1.225000,120600
2019-12-27,1.220000,1.290000,1.200000,1.240000,1.240000,167300
2019-12-30,1.270000,1.320000,1.240000,1.290000,1.290000,141000
2019-12-31,1.260000,1.340000,1.260000,1.300000,1.300000,160500
2020-01-02,1.270000,1.290000,1.250000,1.250000,1.250000,139600
2020-01-03,1.250000,1.250000,1.180000,1.230000,1.230000,89000
2020-01-06,1.230000,1.230000,1.160000,1.210000,1.210000,114400
2020-01-07,1.200000,1.200000,1.105000,1.140000,1.140000,173300
2020-01-08,1.140000,1.200000,1.130000,1.150000,1.150000,93100
2020-01-09,1.180000,1.180000,1.110000,1.160000,1.160000,59700
2020-01-10,1.160000,1.170000,1.130000,1.140000,1.140000,38100
2020-01-13,1.150000,1.170000,1.110000,1.120000,1.120000,81200
2020-01-14,1.110000,1.210000,1.110000,1.180000,1.180000,454300
2020-01-15,1.940000,2.750000,1.820000,1.820000,1.820000,53958300
2020-01-16,3.200000,3.310000,2.230000,2.510000,2.510000,16609000
2020-01-17,2.270000,2.370000,2.010000,2.020000,2.020000,3434700
2020-01-21,1.940000,2.000000,1.850000,1.880000,1.880000,1281500
2020-01-22,1.880000,2.030000,1.800000,1.910000,1.910000,942500
2020-01-23,1.860000,1.950000,1.710000,1.730000,1.730000,684500
2020-01-24,1.740000,1.740000,1.500000,1.530000,1.530000,755200
2020-01-27,1.470000,1.490000,1.400000,1.430000,1.430000,455200
2020-01-28,1.420000,1.424000,1.290000,1.370000,1.370000,825300
2020-01-29,1.370000,1.370000,1.290000,1.290000,1.290000,304000
2020-01-30,1.310000,1.430000,1.300000,1.410000,1.410000,505700
2020-01-31,1.410000,1.418000,1.330000,1.370000,1.370000,206700
2020-02-03,1.360000,1.390000,1.320000,1.320000,1.320000,178800
2020-02-04,1.330000,1.350000,1.180000,1.300000,1.300000,406000
2020-02-05,1.570000,1.750000,1.260000,1.330000,1.330000,3754600
2020-02-06,1.290000,1.330000,1.230000,1.270000,1.270000,442300
2020-02-07,1.270000,1.270000,1.190000,1.220000,1.220000,591300
2020-02-10,1.270000,1.280000,1.160000,1.180000,1.180000,787800
2020-02-11,1.230000,1.230000,1.130000,1.170000,1.170000,630500
2020-02-12,1.150000,1.300000,1.140000,1.290000,1.290000,936000
2020-02-13,1.290000,1.290000,1.200000,1.220000,1.220000,357100
2020-02-14,1.250000,1.450000,1.230000,1.310000,1.310000,1413100
2020-02-18,1.650000,1.650000,1.400000,1.540000,1.540000,1684900
2020-02-19,1.880000,1.920000,1.560000,1.740000,1.740000,4973500
2020-02-20,1.620000,1.670000,1.420000,1.450000,1.450000,1288800
2020-02-21,1.430000,1.460000,1.350000,1.390000,1.390000,1994600
2020-02-24,1.800000,2.050000,1.550000,1.630000,1.630000,11019500
2020-02-25,1.570000,1.640000,1.440000,1.600000,1.600000,1674000
2020-02-26,1.510000,1.850000,1.470000,1.540000,1.540000,1346600
2020-02-27,1.470000,1.480000,1.350000,1.370000,1.370000,675900
2020-02-28,1.350000,1.430000,1.250000,1.420000,1.420000,564700
2020-03-02,1.380000,1.450000,1.300000,1.340000,1.340000,357500
2020-03-03,1.300000,1.340000,1.280000,1.320000,1.320000,463200
2020-03-04,1.300000,1.320000,1.260000,1.300000,1.300000,427800
2020-03-05,1.270000,1.290000,1.220000,1.250000,1.250000,340700
2020-03-06,1.210000,1.250000,1.160000,1.170000,1.170000,454100
2020-03-09,1.150000,1.210000,0.990000,0.990000,0.990000,621800
2020-03-10,1.100000,1.140000,0.910000,0.959000,0.959000,515500
2020-03-11,1.000000,1.000000,0.891000,0.898000,0.898000,313700
2020-03-12,0.790000,0.800000,0.600000,0.755000,0.755000,707100
2020-03-13,0.800000,0.800000,0.617000,0.673000,0.673000,435000
2020-03-16,0.600000,0.787000,0.600000,0.662000,0.662000,346900
2020-03-17,0.870000,0.910000,0.660000,0.720000,0.720000,980000
2020-03-18,0.710000,0.736000,0.650000,0.660000,0.660000,392000
2020-03-19,0.650000,0.770000,0.630000,0.750000,0.750000,243500
2020-03-20,0.770000,0.797000,0.700000,0.717000,0.717000,246700
2020-03-23,0.720000,0.785000,0.655000,0.682000,0.682000,192600
2020-03-24,0.707000,0.730000,0.650000,0.680000,0.680000,197300
2020-03-25,0.686000,0.830000,0.670000,0.736000,0.736000,594200
2020-03-26,0.750000,0.800000,0.705000,0.758000,0.758000,180800
2020-03-27,0.770000,0.817000,0.700000,0.748000,0.748000,186700
2020-03-30,0.738000,0.750000,0.673000,0.689000,0.689000,197500
2020-03-31,0.675000,0.710000,0.675000,0.695000,0.695000,210600
2020-04-01,0.690000,0.770000,0.660000,0.712000,0.712000,464100
2020-04-02,0.700000,0.700000,0.655000,0.670000,0.670000,194200
2020-04-03,0.660000,0.725000,0.650000,0.667000,0.667000,160900
2020-04-06,0.670000,0.727000,0.640000,0.700000,0.700000,381600
2020-04-07,0.720000,0.790000,0.670000,0.775000,0.775000,759600
2020-04-08,0.760000,0.800000,0.710000,0.765000,0.765000,353300
2020-04-09,0.750000,0.818000,0.720000,0.756000,0.756000,427500
2020-04-13,0.765000,0.768000,0.720000,0.768000,0.768000,75800
2020-04-14,0.795000,0.950000,0.785000,0.859000,0.859000,894400
2020-04-15,0.860000,0.970000,0.806000,0.866000,0.866000,739600
2020-04-16,0.900000,0.930000,0.800000,0.815000,0.815000,762500
2020-04-17,0.820000,0.861000,0.770000,0.806000,0.806000,278200
2020-04-20,0.800000,0.804000,0.750000,0.770000,0.770000,234200
2020-04-21,0.780000,0.780000,0.702000,0.770000,0.770000,448200
2020-04-22,0.780000,0.829000,0.750000,0.770000,0.770000,267600
2020-04-23,0.755000,0.776000,0.741000,0.770000,0.770000,103500
2020-04-24,0.750000,0.770000,0.730000,0.763000,0.763000,131500
2020-04-27,0.760000,0.848000,0.735000,0.810000,0.810000,653400
2020-04-28,0.810000,0.830000,0.760000,0.795000,0.795000,181000
2020-04-29,0.820000,0.895000,0.780000,0.845000,0.845000,855700
2020-04-30,0.845000,0.862000,0.770000,0.845000,0.845000,671000
2020-05-01,0.830000,0.839000,0.770000,0.820000,0.820000,412200
2020-05-04,0.850000,0.870000,0.795000,0.850000,0.850000,623300
2020-05-05,0.880000,0.990000,0.810000,0.933000,0.933000,2107100
2020-05-06,0.880000,0.919000,0.790000,0.825000,0.825000,1285300
2020-05-07,0.840000,0.840000,0.770000,0.799000,0.799000,492000
2020-05-08,0.800000,0.830000,0.760000,0.813000,0.813000,245800
2020-05-11,0.820000,0.829000,0.762000,0.801000,0.801000,709900
2020-05-12,0.800000,0.819000,0.780000,0.805000,0.805000,387800
2020-05-13,1.050000,1.170000,0.788000,0.870000,0.870000,9348400
2020-05-14,0.850000,0.875000,0.790000,0.850000,0.850000,1392500
2020-05-15,0.850000,0.875000,0.810000,0.820000,0.820000,612000
2020-05-18,0.850000,0.890000,0.820000,0.831000,0.831000,1137500
2020-05-19,0.840000,0.840000,0.770000,0.808000,0.808000,719500
2020-05-20,0.802000,0.804000,0.780000,0.797000,0.797000,537400
2020-05-21,0.805000,0.815000,0.780000,0.811000,0.811000,286200
2020-05-22,0.810000,0.816000,0.790000,0.798000,0.798000,207900
2020-05-26,0.805000,0.845000,0.805000,0.840000,0.840000,474500
2020-05-27,0.839000,0.879000,0.803000,0.865000,0.865000,592800
2020-05-28,0.895000,0.949000,0.865000,0.930000,0.930000,1334300
2020-05-29,0.949000,0.955000,0.859000,0.947000,0.947000,719700
2020-06-01,2.510000,3.180000,2.080000,2.580000,2.580000,198727100
2020-06-02,1.920000,1.990000,1.580000,1.800000,1.800000,21249900
2020-06-03,1.960000,1.960000,1.690000,1.780000,1.780000,8363300
2020-06-04,1.900000,2.350000,1.780000,2.150000,2.150000,12775900
2020-06-05,2.200000,2.250000,1.900000,2.100000,2.100000,6223500
2020-06-08,2.040000,2.160000,1.970000,2.030000,2.030000,3102900
2020-06-09,2.200000,3.750000,2.150000,3.110000,3.110000,39291700
2020-06-10,2.700000,2.750000,2.210000,2.300000,2.300000,11676700
2020-06-11,2.030000,2.240000,1.990000,2.020000,2.020000,3446300
2020-06-12,2.230000,2.300000,2.030000,2.260000,2.260000,2530800
2020-06-15,2.190000,2.250000,1.970000,2.210000,2.210000,1981900
2020-06-16,2.260000,2.300000,2.080000,2.180000,2.180000,1987500
2020-06-17,2.170000,2.180000,2.060000,2.100000,2.100000,1581400
2020-06-18,2.000000,2.030000,1.920000,2.000000,2.000000,1554200
2020-06-19,1.940000,1.980000,1.770000,1.840000,1.840000,2497300
2020-06-22,1.800000,1.810000,1.680000,1.740000,1.740000,1395800
2020-06-23,1.780000,1.780000,1.610000,1.650000,1.650000,1927500
2020-06-24,1.620000,1.690000,1.530000,1.600000,1.600000,1598800
2020-06-25,1.620000,1.900000,1.600000,1.770000,1.770000,2429200
2020-06-26,1.740000,1.780000,1.610000,1.680000,1.680000,1291300
2020-06-29,1.660000,1.735000,1.610000,1.680000,1.680000,754600
2020-06-30,1.650000,1.680000,1.610000,1.640000,1.640000,574500
2020-07-01,1.630000,1.650000,1.560000,1.590000,1.590000,1127200
2020-07-02,1.580000,1.610000,1.520000,1.540000,1.540000,1139300
2020-07-06,1.540000,1.590000,1.420000,1.460000,1.460000,1324600
2020-07-07,1.460000,1.472000,1.340000,1.390000,1.390000,945200
2020-07-08,1.370000,1.423000,1.340000,1.380000,1.380000,890000
2020-07-09,1.370000,1.630000,1.342000,1.530000,1.530000,4063400
2020-07-10,1.500000,1.520000,1.420000,1.430000,1.430000,3064500
2020-07-13,1.720000,1.950000,1.560000,1.630000,1.630000,8308800
2020-07-14,1.660000,1.770000,1.630000,1.750000,1.750000,1808900
2020-07-15,1.777000,1.800000,1.600000,1.660000,1.660000,1535500
2020-07-16,1.650000,1.785000,1.650000,1.690000,1.690000,1400300
2020-07-17,1.710000,1.749000,1.560000,1.670000,1.670000,1275700
2020-07-20,1.640000,1.690000,1.601000,1.660000,1.660000,1009700
2020-07-21,1.590000,1.590000,1.480000,1.510000,1.510000,1549100
2020-07-22,1.450000,1.510000,1.440000,1.460000,1.460000,972400
2020-07-23,1.450000,1.550000,1.440000,1.520000,1.520000,1843300
2020-07-24,1.550000,1.580000,1.460000,1.470000,1.470000,1198700
2020-07-27,1.480000,1.570000,1.440000,1.520000,1.520000,1455300
2020-07-28,1.530000,1.550000,1.470000,1.480000,1.480000,616000
2020-07-29,1.480000,1.510000,1.360000,1.400000,1.400000,887900
2020-07-30,1.380000,1.430000,1.320000,1.410000,1.410000,748400
2020-07-31,1.380000,1.450000,1.350000,1.370000,1.370000,891900
2020-08-03,1.370000,1.409000,1.360000,1.400000,1.400000,399300
2020-08-04,1.410000,1.430000,1.380000,1.410000,1.410000,428700
2020-08-05,1.440000,1.650000,1.400000,1.570000,1.570000,4868800
2020-08-06,1.530000,1.550000,1.450000,1.480000,1.480000,717700
2020-08-07,1.430000,1.450000,1.400000,1.420000,1.420000,778800
2020-08-10,1.400000,1.485000,1.400000,1.450000,1.450000,971500
2020-08-11,1.440000,1.460000,1.350000,1.390000,1.390000,467400
2020-08-12,1.390000,1.420000,1.350000,1.400000,1.400000,631400