Date,Open,High,Low,Close,Adj Close,Volume
2019-02-06,9.750000,9.750000,9.750000,9.750000,9.750000,0
2019-02-07,9.750000,9.750000,9.750000,9.750000,9.750000,0
2019-02-08,9.750000,9.750000,9.750000,9.750000,9.750000,0
2019-02-11,9.750000,9.750000,9.750000,9.750000,9.750000,0
2019-02-12,9.750000,9.750000,9.750000,9.750000,9.750000,0
2019-02-13,9.750000,9.750000,9.750000,9.750000,9.750000,0
2019-02-14,9.810000,9.830000,9.810000,9.830000,9.830000,892100
2019-02-15,9.830000,9.880000,9.830000,9.880000,9.880000,126300
2019-02-19,9.835000,9.850000,9.830000,9.830000,9.830000,4000
2019-02-20,9.830000,9.830000,9.830000,9.830000,9.830000,0
2019-02-21,9.830000,9.880000,9.830000,9.880000,9.880000,283500
2019-02-22,9.880000,9.880000,9.880000,9.880000,9.880000,0
2019-02-25,9.880000,9.880000,9.880000,9.880000,9.880000,100
2019-02-26,9.880000,9.880000,9.880000,9.880000,9.880000,100
2019-02-27,9.840000,9.850000,9.840000,9.850000,9.850000,200
2019-02-28,9.850000,9.850000,9.850000,9.850000,9.850000,0
2019-03-01,9.850000,9.850000,9.850000,9.850000,9.850000,0
2019-03-04,9.520000,9.850000,9.520000,9.850000,9.850000,2100
2019-03-05,9.850000,9.850000,9.850000,9.850000,9.850000,100
2019-03-06,9.850000,9.850000,9.850000,9.850000,9.850000,0
2019-03-07,9.840000,9.850000,9.840000,9.850000,9.850000,51100
2019-03-08,9.850000,9.850000,9.850000,9.850000,9.850000,0
2019-03-11,9.850000,9.850000,9.850000,9.850000,9.850000,100
2019-03-12,9.850000,9.860000,9.850000,9.860000,9.860000,122700
2019-03-13,9.860000,9.860000,9.860000,9.860000,9.860000,100
2019-03-14,9.860000,9.860000,9.860000,9.860000,9.860000,0
2019-03-15,9.950000,9.950000,9.870000,9.950000,9.950000,100800
2019-03-18,9.930000,9.930000,9.930000,9.930000,9.930000,300
2019-03-19,9.910000,9.910000,9.910000,9.910000,9.910000,1000
2019-03-20,9.910000,9.910000,9.889000,9.900000,9.900000,4600
2019-03-21,9.900000,9.900000,9.900000,9.900000,9.900000,1000
2019-03-22,9.910000,9.910000,9.900000,9.900000,9.900000,1200
2019-03-25,9.900000,9.900000,9.900000,9.900000,9.900000,0
2019-03-26,9.900000,9.900000,9.900000,9.900000,9.900000,0
2019-03-27,9.900000,9.900000,9.900000,9.900000,9.900000,0
2019-03-28,9.900000,9.900000,9.900000,9.900000,9.900000,0
2019-03-29,9.860000,9.900000,9.860000,9.900000,9.900000,67800
2019-04-01,9.900000,9.900000,9.850000,9.890000,9.890000,14800
2019-04-02,9.880000,9.880000,9.880000,9.880000,9.880000,160200
2019-04-03,9.880000,9.880000,9.880000,9.880000,9.880000,0
2019-04-04,9.640000,9.950000,9.640000,9.950000,9.950000,13700
2019-04-05,9.930000,9.930000,9.930000,9.930000,9.930000,300
2019-04-08,9.930000,9.930000,9.930000,9.930000,9.930000,0
2019-04-09,9.930000,9.930000,9.930000,9.930000,9.930000,0
2019-04-10,9.930000,9.930000,9.930000,9.930000,9.930000,0
2019-04-11,9.930000,9.930000,9.930000,9.930000,9.930000,0
2019-04-12,9.930000,9.930000,9.930000,9.930000,9.930000,0
2019-04-15,9.930000,9.930000,9.930000,9.930000,9.930000,0
2019-04-16,9.910000,9.910000,9.910000,9.910000,9.910000,300
2019-04-17,9.910000,9.910000,9.910000,9.910000,9.910000,600
2019-04-18,9.920000,9.920000,9.920000,9.920000,9.920000,1300
2019-04-22,9.920000,9.920000,9.920000,9.920000,9.920000,0
2019-04-23,9.920000,9.920000,9.920000,9.920000,9.920000,0
2019-04-24,9.920000,9.920000,9.920000,9.920000,9.920000,0
2019-04-25,9.950000,9.950000,9.920000,9.920000,9.920000,5300
2019-04-26,9.690000,9.900000,9.690000,9.900000,9.900000,1600
2019-04-29,9.900000,9.900000,9.900000,9.900000,9.900000,5000
2019-04-30,9.900000,9.900000,9.900000,9.900000,9.900000,1000
2019-05-01,9.900000,9.900000,9.900000,9.900000,9.900000,0
2019-05-02,9.900000,9.900000,9.900000,9.900000,9.900000,0
2019-05-03,9.900000,9.900000,9.900000,9.900000,9.900000,0
2019-05-06,9.940000,9.940000,9.923000,9.923000,9.923000,201300
2019-05-07,9.930000,9.930000,9.930000,9.930000,9.930000,3000
2019-05-08,9.930000,9.930000,9.930000,9.930000,9.930000,0
2019-05-09,9.910000,9.910000,9.910000,9.910000,9.910000,22300
2019-05-10,9.910000,9.910000,9.910000,9.910000,9.910000,1000
2019-05-13,9.980000,9.980000,9.980000,9.980000,9.980000,25000
2019-05-14,9.980000,9.980000,9.980000,9.980000,9.980000,0
2019-05-15,9.980000,9.980000,9.980000,9.980000,9.980000,0
2019-05-16,9.960000,9.960000,9.960000,9.960000,9.960000,800
2019-05-17,9.960000,9.960000,9.960000,9.960000,9.960000,1800
2019-05-20,9.960000,9.960000,9.960000,9.960000,9.960000,0
2019-05-21,9.960000,9.960000,9.960000,9.960000,9.960000,0
2019-05-22,9.960000,9.960000,9.960000,9.960000,9.960000,0
2019-05-23,9.960000,9.960000,9.960000,9.960000,9.960000,0
2019-05-24,9.960000,9.960000,9.960000,9.960000,9.960000,0
2019-05-28,9.960000,9.970000,9.960000,9.970000,9.970000,64200
2019-05-29,9.960000,9.960000,9.920000,9.950000,9.950000,60100
2019-05-30,9.940000,9.950000,9.939000,9.940000,9.940000,10900
2019-05-31,9.980000,9.990000,9.960000,9.960000,9.960000,2276400
2019-06-03,9.960000,9.960000,9.960000,9.960000,9.960000,0
2019-06-04,9.960000,9.980000,9.960000,9.970000,9.970000,146000
2019-06-05,10.000000,10.020000,9.950000,10.020000,10.020000,900
2019-06-06,10.020000,10.020000,10.020000,10.020000,10.020000,100
2019-06-07,9.990000,9.990000,9.990000,9.990000,9.990000,1000
2019-06-10,9.990000,9.990000,9.990000,9.990000,9.990000,0
2019-06-11,9.990000,9.990000,9.990000,9.990000,9.990000,0
2019-06-12,10.026000,10.026000,9.985000,9.985000,9.985000,3100
2019-06-13,9.985000,9.985000,9.985000,9.985000,9.985000,0
2019-06-14,9.985000,9.985000,9.985000,9.985000,9.985000,0
2019-06-17,9.990000,10.030000,9.990000,9.990000,9.990000,194600
2019-06-18,9.990000,9.990000,9.990000,9.990000,9.990000,0
2019-06-19,9.990000,10.000000,9.990000,10.000000,10.000000,1200
2019-06-20,10.000000,10.000000,10.000000,10.000000,10.000000,50000
2019-06-21,10.000000,10.000000,10.000000,10.000000,10.000000,0
2019-06-24,10.000000,10.000000,10.000000,10.000000,10.000000,100
2019-06-25,10.000000,10.000000,10.000000,10.000000,10.000000,0
2019-06-26,10.040000,10.040000,10.040000,10.040000,10.040000,2000
2019-06-27,9.981000,10.030000,9.980000,10.030000,10.030000,5700
2019-06-28,10.020000,10.020000,10.020000,10.020000,10.020000,200
2019-07-01,10.000000,10.000000,10.000000,10.000000,10.000000,100000
2019-07-02,10.000000,10.000000,10.000000,10.000000,10.000000,1500
2019-07-03,10.000000,10.000000,10.000000,10.000000,10.000000,0
2019-07-05,10.040000,10.040000,10.040000,10.040000,10.040000,1400
2019-07-08,9.990000,10.000000,9.990000,9.999000,9.999000,548300
2019-07-09,9.999000,9.999000,9.999000,9.999000,9.999000,200
2019-07-10,10.010000,10.020000,10.010000,10.020000,10.020000,51700
2019-07-11,10.050000,10.050000,10.050000,10.050000,10.050000,400
2019-07-12,10.050000,10.050000,10.050000,10.050000,10.050000,100
2019-07-15,10.050000,10.050000,10.050000,10.050000,10.050000,100
2019-07-16,10.050000,10.050000,10.050000,10.050000,10.050000,100
2019-07-17,10.050000,10.050000,10.050000,10.050000,10.050000,100
2019-07-18,10.000000,10.120000,10.000000,10.070000,10.070000,1200
2019-07-19,10.050000,10.050000,10.000000,10.000000,10.000000,8500
2019-07-22,10.030000,10.040000,10.000000,10.020000,10.020000,2100
2019-07-23,10.010000,10.010000,10.010000,10.010000,10.010000,50000
2019-07-24,10.020000,10.060000,10.020000,10.020000,10.020000,59500
2019-07-25,10.020000,10.020000,10.020000,10.020000,10.020000,100
2019-07-26,10.020000,10.020000,10.020000,10.020000,10.020000,100
2019-07-29,10.085000,10.085000,10.069000,10.069000,10.069000,600
2019-07-30,10.000000,10.040000,10.000000,10.040000,10.040000,2100
2019-07-31,10.000000,10.030000,10.000000,10.030000,10.030000,900
2019-08-01,10.000000,10.040000,9.970000,10.040000,10.040000,1700
2019-08-02,10.020000,10.020000,10.020000,10.020000,10.020000,1000
2019-08-05,10.030000,10.030000,10.030000,10.030000,10.030000,25100
2019-08-06,10.030000,10.030000,10.030000,10.030000,10.030000,200
2019-08-07,10.000000,10.040000,10.000000,10.040000,10.040000,100100
2019-08-08,10.020000,10.040000,10.020000,10.020000,10.020000,251100
2019-08-09,10.020000,10.040000,10.020000,10.020000,10.020000,251100
2019-08-12,10.020000,10.040000,10.020000,10.020000,10.020000,100
2019-08-13,10.040000,10.040000,10.020000,10.020000,10.020000,100
2019-08-14,10.020000,10.040000,10.020000,10.020000,10.020000,100
2019-08-15,10.040000,10.040000,10.020000,10.020000,10.020000,100
2019-08-16,10.020000,10.020000,10.020000,10.020000,10.020000,0
2019-08-19,10.020000,10.020000,10.020000,10.020000,10.020000,0
2019-08-20,10.020000,10.020000,10.020000,10.020000,10.020000,0
2019-08-21,10.060000,10.085000,10.060000,10.060000,10.060000,409000
2019-08-22,10.060000,10.060000,10.060000,10.060000,10.060000,0
2019-08-23,10.060000,10.065000,10.060000,10.065000,10.065000,18100
2019-08-26,10.070000,10.095000,10.060000,10.060000,10.060000,77500
2019-08-27,10.080000,10.140000,10.070000,10.090000,10.090000,1188400
2019-08-28,10.090000,10.090000,10.090000,10.090000,10.090000,0
2019-08-29,10.090000,10.100000,10.070000,10.100000,10.100000,208200
2019-08-30,10.120000,10.120000,10.070000,10.070000,10.070000,1700
2019-09-03,10.070000,10.100000,10.070000,10.085000,10.085000,24700
2019-09-04,10.100000,10.100000,10.100000,10.100000,10.100000,10000
2019-09-05,10.100000,10.100000,10.090000,10.100000,10.100000,111100
2019-09-06,10.100000,10.110000,10.100000,10.110000,10.110000,3600
2019-09-09,10.100000,10.100000,10.100000,10.100000,10.100000,1000
2019-09-10,10.100000,10.120000,10.100000,10.100000,10.100000,411800
2019-09-11,10.100000,10.120000,10.100000,10.120000,10.120000,385300
2019-09-12,10.100000,10.100000,10.100000,10.100000,10.100000,25000
2019-09-13,10.100000,10.100000,10.100000,10.100000,10.100000,0
2019-09-16,10.100000,10.120000,10.100000,10.100000,10.100000,26100
2019-09-17,10.090000,10.140000,10.090000,10.140000,10.140000,200
2019-09-18,10.140000,10.140000,10.140000,10.140000,10.140000,99300
2019-09-19,10.140000,10.140000,10.140000,10.140000,10.140000,0
2019-09-20,10.140000,10.140000,10.140000,10.140000,10.140000,0
2019-09-23,10.140000,10.140000,10.140000,10.140000,10.140000,0
2019-09-24,10.140000,10.140000,10.140000,10.140000,10.140000,100
2019-09-25,10.110000,10.120000,10.110000,10.120000,10.120000,75200
2019-09-26,10.110000,10.140000,10.110000,10.140000,10.140000,10100
2019-09-27,10.140000,10.140000,10.140000,10.140000,10.140000,100
2019-09-30,10.140000,10.140000,10.140000,10.140000,10.140000,0
2019-10-01,10.140000,10.140000,10.140000,10.140000,10.140000,100
2019-10-02,10.140000,10.140000,10.140000,10.140000,10.140000,200
2019-10-03,10.140000,10.140000,10.140000,10.140000,10.140000,100
2019-10-04,10.140000,10.140000,10.140000,10.140000,10.140000,100
2019-10-07,10.110000,10.140000,10.110000,10.130000,10.130000,1198300
2019-10-08,10.120000,10.130000,10.120000,10.130000,10.130000,402200
2019-10-09,10.130000,10.130000,10.130000,10.130000,10.130000,0
2019-10-10,10.120000,10.140000,10.120000,10.140000,10.140000,475100
2019-10-11,10.140000,10.140000,10.140000,10.140000,10.140000,115000
2019-10-14,10.130000,10.150000,10.130000,10.150000,10.150000,3200
2019-10-15,10.130000,10.150000,10.130000,10.130000,10.130000,790600
2019-10-16,10.150000,10.150000,10.150000,10.150000,10.150000,300
2019-10-17,10.140000,10.140000,10.140000,10.140000,10.140000,400
2019-10-18,10.140000,10.140000,10.140000,10.140000,10.140000,1000
2019-10-21,10.140000,10.140000,10.140000,10.140000,10.140000,0
2019-10-22,10.140000,10.160000,10.131000,10.140000,10.140000,2000
2019-10-23,10.140000,10.140000,10.140000,10.140000,10.140000,100
2019-10-24,10.130000,10.130000,10.130000,10.130000,10.130000,2000
2019-10-25,10.150000,10.150000,10.150000,10.150000,10.150000,6900
2019-10-28,10.150000,10.150000,10.150000,10.150000,10.150000,100
2019-10-29,10.140000,10.140000,10.140000,10.140000,10.140000,200
2019-10-30,10.140000,10.140000,10.140000,10.140000,10.140000,100
2019-10-31,10.150000,10.150000,10.150000,10.150000,10.150000,10000
2019-11-01,10.142000,10.142000,10.142000,10.142000,10.142000,200
2019-11-04,10.142000,10.142000,10.142000,10.142000,10.142000,0
2019-11-05,10.142000,10.142000,10.142000,10.142000,10.142000,0
2019-11-06,10.160000,10.170000,10.160000,10.170000,10.170000,11000
2019-11-07,10.150000,10.150000,10.150000,10.150000,10.150000,2800
2019-11-08,10.130000,10.160000,10.130000,10.155000,10.155000,44900
2019-11-11,10.130000,10.130000,10.130000,10.130000,10.130000,10000
2019-11-12,10.130000,10.130000,10.130000,10.130000,10.130000,0
2019-11-13,10.130000,10.139000,10.130000,10.139000,10.139000,503400
2019-11-14,10.150000,10.150000,10.150000,10.150000,10.150000,2800
2019-11-15,10.160000,10.160000,10.150000,10.150000,10.150000,700
2019-11-18,10.140000,10.170000,10.140000,10.170000,10.170000,25700
2019-11-19,10.180000,10.180000,10.130000,10.180000,10.180000,27100
2019-11-20,10.160000,10.160000,10.160000,10.160000,10.160000,100
2019-11-21,10.180000,10.190000,10.180000,10.190000,10.190000,116600
2019-11-22,10.190000,10.190000,10.190000,10.190000,10.190000,10000
2019-11-25,10.190000,10.190000,10.190000,10.190000,10.190000,0
2019-11-26,10.180000,10.190000,10.180000,10.190000,10.190000,5800
2019-11-27,10.190000,10.200000,10.180000,10.200000,10.200000,13100
2019-11-29,10.200000,10.200000,10.200000,10.200000,10.200000,0
2019-12-02,10.210000,10.210000,10.210000,10.210000,10.210000,5200
2019-12-03,10.190000,10.190000,10.190000,10.190000,10.190000,94000
2019-12-04,10.203000,10.203000,10.203000,10.203000,10.203000,500
2019-12-05,10.210000,10.210000,10.210000,10.210000,10.210000,700
2019-12-06,10.210000,10.210000,10.210000,10.210000,10.210000,4100
2019-12-09,10.210000,10.210000,10.210000,10.210000,10.210000,600
2019-12-10,10.210000,10.210000,10.210000,10.210000,10.210000,0
2019-12-11,10.210000,10.210000,10.210000,10.210000,10.210000,0
2019-12-12,10.220000,10.220000,10.220000,10.220000,10.220000,64200
2019-12-13,10.220000,10.220000,10.220000,10.220000,10.220000,0
2019-12-16,10.220000,10.220000,10.220000,10.220000,10.220000,0
2019-12-17,10.250000,10.250000,10.250000,10.250000,10.250000,50100
2019-12-18,10.250000,10.250000,10.250000,10.250000,10.250000,0
2019-12-19,10.230000,10.230000,10.230000,10.230000,10.230000,9900
2019-12-20,10.230000,10.230000,10.230000,10.230000,10.230000,0
2019-12-23,10.230000,10.230000,10.230000,10.230000,10.230000,0
2019-12-24,10.230000,10.230000,10.230000,10.230000,10.230000,0
2019-12-26,10.230000,10.230000,10.230000,10.230000,10.230000,0
2019-12-27,10.230000,10.230000,10.230000,10.230000,10.230000,0
2019-12-30,10.250000,10.250000,10.250000,10.250000,10.250000,400
2019-12-31,10.250000,10.250000,10.250000,10.250000,10.250000,0
2020-01-02,10.250000,10.260000,10.250000,10.260000,10.260000,223300
2020-01-03,10.260000,10.270000,10.260000,10.270000,10.270000,155000
2020-01-06,10.270000,10.270000,10.270000,10.270000,10.270000,0
2020-01-07,10.270000,10.270000,10.270000,10.270000,10.270000,78300
2020-01-08,10.270000,10.270000,10.270000,10.270000,10.270000,70100
2020-01-09,10.300000,10.300000,10.300000,10.300000,10.300000,10400
2020-01-10,10.310000,10.330000,10.310000,10.330000,10.330000,215600
2020-01-13,10.330000,10.330000,10.320000,10.320000,10.320000,117100
2020-01-14,10.320000,10.320000,10.320000,10.320000,10.320000,0
2020-01-15,10.320000,10.320000,10.310000,10.310000,10.310000,200400
2020-01-16,10.350000,10.350000,10.310000,10.330000,10.330000,82100
2020-01-17,10.330000,10.401000,10.330000,10.380000,10.380000,868000
2020-01-21,10.390000,10.400000,10.380000,10.400000,10.400000,400100
2020-01-22,10.400000,10.400000,10.400000,10.400000,10.400000,900
2020-01-23,10.400000,10.400000,10.387000,10.387000,10.387000,1800
2020-01-24,10.387000,10.387000,10.387000,10.387000,10.387000,0
2020-01-27,10.370000,10.370000,10.360000,10.360000,10.360000,5400
2020-01-28,10.360000,10.360000,10.360000,10.360000,10.360000,0
2020-01-29,10.400000,10.400000,10.400000,10.400000,10.400000,113100
2020-01-30,10.400000,10.400000,10.400000,10.400000,10.400000,112900
2020-01-31,10.400000,10.400000,10.400000,10.400000,10.400000,116300
2020-02-03,10.400000,10.400000,10.400000,10.400000,10.400000,0
2020-02-04,10.400000,10.400000,10.400000,10.400000,10.400000,0
2020-02-05,10.400000,10.400000,10.400000,10.400000,10.400000,0
2020-02-06,10.400000,10.400000,10.400000,10.400000,10.400000,500
2020-02-07,10.400000,10.400000,10.400000,10.400000,10.400000,4400
2020-02-10,10.400000,10.400000,10.400000,10.400000,10.400000,0
2020-02-11,10.380000,10.380000,10.360000,10.380000,10.380000,1100
2020-02-12,10.380000,10.380000,10.380000,10.380000,10.380000,0
2020-02-13,10.360000,10.360000,10.300000,10.330000,10.330000,412300
2020-02-14,10.330000,10.330000,10.330000,10.330000,10.330000,0
2020-02-18,10.330000,10.330000,10.330000,10.330000,10.330000,400
2020-02-19,10.330000,10.330000,10.330000,10.330000,10.330000,0
2020-02-20,10.330000,10.330000,10.330000,10.330000,10.330000,200
2020-02-21,10.330000,10.330000,10.325000,10.330000,10.330000,800
2020-02-24,10.350000,10.500000,10.350000,10.500000,10.500000,800
2020-02-25,10.500000,10.500000,10.500000,10.500000,10.500000,0
2020-02-26,10.500000,10.500000,10.500000,10.500000,10.500000,0
2020-02-27,10.500000,10.500000,10.500000,10.500000,10.500000,0
2020-02-28,10.400000,10.400000,10.270000,10.330000,10.330000,205700
2020-03-02,10.330000,10.330000,10.330000,10.330000,10.330000,0
2020-03-03,10.358000,10.358000,10.330000,10.330000,10.330000,1800
2020-03-04,10.360000,10.390000,10.360000,10.390000,10.390000,150200
2020-03-05,10.400000,10.400000,10.400000,10.400000,10.400000,4400
2020-03-06,10.400000,10.400000,10.400000,10.400000,10.400000,300
2020-03-09,10.300000,10.390000,10.300000,10.300000,10.300000,507300
2020-03-10,10.300000,10.350000,10.290000,10.300000,10.300000,593200
2020-03-11,10.323000,10.331000,10.280000,10.290000,10.290000,122300
2020-03-12,10.200000,10.200000,10.190000,10.200000,10.200000,321100
2020-03-13,10.300000,10.300000,10.200000,10.200000,10.200000,975200
2020-03-16,10.230000,10.250000,10.000000,10.050000,10.050000,900
2020-03-17,10.100000,10.100000,10.100000,10.100000,10.100000,1350000
2020-03-18,10.149000,10.172000,10.000000,10.000000,10.000000,16500
2020-03-19,10.000000,10.150000,9.900000,10.080000,10.080000,269100
2020-03-20,10.150000,10.190000,10.090000,10.100000,10.100000,287100
2020-03-23,10.100000,10.150000,10.080000,10.150000,10.150000,123400
2020-03-24,10.110000,10.250000,10.110000,10.250000,10.250000,215000
2020-03-25,10.200000,10.300000,10.200000,10.260000,10.260000,149400
2020-03-26,10.260000,10.260000,10.260000,10.260000,10.260000,0
2020-03-27,10.250000,10.270000,10.250000,10.270000,10.270000,1500
2020-03-30,10.290000,10.290000,10.260000,10.260000,10.260000,276200
2020-03-31,10.270000,10.290000,10.270000,10.290000,10.290000,20400
2020-04-01,10.280000,10.280000,10.250000,10.260000,10.260000,191600
2020-04-02,10.260000,10.260000,10.260000,10.260000,10.260000,0
2020-04-03,10.260000,10.290000,10.260000,10.260000,10.260000,94100
2020-04-06,10.290000,10.300000,10.260000,10.260000,10.260000,255200
2020-04-07,10.260000,10.260000,10.260000,10.260000,10.260000,0
2020-04-08,10.270000,10.350000,10.270000,10.350000,10.350000,347800
2020-04-09,10.300000,10.350000,10.280000,10.280000,10.280000,5200
2020-04-13,10.330000,10.330000,10.330000,10.330000,10.330000,300
2020-04-14,10.339000,10.350000,10.320000,10.350000,10.350000,73200
2020-04-15,10.340000,10.340000,10.280000,10.280000,10.280000,400
2020-04-16,10.280000,10.280000,10.280000,10.280000,10.280000,0
2020-04-17,10.280000,10.280000,10.280000,10.280000,10.280000,0
2020-04-20,10.300000,10.300000,10.300000,10.300000,10.300000,1800
2020-04-21,10.300000,10.300000,10.300000,10.300000,10.300000,0
2020-04-22,10.330000,10.330000,10.330000,10.330000,10.330000,5500
2020-04-23,10.330000,10.330000,10.320000,10.330000,10.330000,1369100
2020-04-24,10.330000,10.330000,10.320000,10.320000,10.320000,311100
2020-04-27,10.280000,10.340000,10.270000,10.340000,10.340000,900
2020-04-28,10.320000,10.340000,10.320000,10.340000,10.340000,202000
2020-04-29,10.320000,10.340000,10.320000,10.330000,10.330000,273000
2020-04-30,10.320000,10.340000,10.320000,10.320000,10.320000,138900
2020-05-01,10.340000,10.340000,10.340000,10.340000,10.340000,300
2020-05-04,10.340000,10.350000,10.320000,10.340000,10.340000,45500
2020-05-05,10.330000,10.340000,10.320000,10.320000,10.320000,4300
2020-05-06,10.320000,10.320000,10.320000,10.320000,10.320000,115000
2020-05-07,10.320000,10.320000,10.320000,10.320000,10.320000,400
2020-05-08,10.310000,10.320000,10.310000,10.320000,10.320000,4200
2020-05-11,10.320000,10.320000,10.320000,10.320000,10.320000,200000
2020-05-12,10.320000,10.320000,10.320000,10.320000,10.320000,0
2020-05-13,10.320000,10.320000,10.320000,10.320000,10.320000,0
2020-05-14,10.300000,10.310000,10.285000,10.300000,10.300000,83300
2020-05-15,10.310000,10.350000,10.300000,10.320000,10.320000,120100
2020-05-18,10.320000,10.320000,10.320000,10.320000,10.320000,0
2020-05-19,10.280000,10.280000,10.270000,10.270000,10.270000,200
2020-05-20,10.270000,10.270000,10.270000,10.270000,10.270000,0
2020-05-21,10.300000,10.340000,10.300000,10.340000,10.340000,3300
2020-05-22,10.340000,10.340000,10.340000,10.340000,10.340000,0
2020-05-26,10.340000,10.340000,10.340000,10.340000,10.340000,0
2020-05-27,10.310000,10.310000,10.310000,10.310000,10.310000,1000
2020-05-28,10.320000,10.320000,10.320000,10.320000,10.320000,10400
2020-05-29,10.340000,10.680000,10.270000,10.350000,10.350000,67100
2020-06-01,10.520000,10.665000,10.320000,10.350000,10.350000,272200
2020-06-02,10.385000,10.385000,10.320000,10.380000,10.380000,17000
2020-06-03,10.350000,10.370000,10.320000,10.360000,10.360000,1034900
2020-06-04,10.370000,10.370000,10.340000,10.360000,10.360000,307200
2020-06-05,10.290000,10.560000,10.290000,10.400000,10.400000,957100
2020-06-08,10.380000,10.850000,10.380000,10.400000,10.400000,139400
2020-06-09,10.390000,10.400000,10.350000,10.350000,10.350000,630700
2020-06-10,10.350000,10.390000,10.350000,10.390000,10.390000,587900
2020-06-11,10.355000,10.390000,10.350000,10.390000,10.390000,12200
2020-06-12,10.500000,10.500000,10.360000,10.380000,10.380000,5500
2020-06-15,10.390000,10.434000,10.363000,10.390000,10.390000,77400
2020-06-16,10.401000,10.500000,10.380000,10.380000,10.380000,403000
2020-06-17,10.450000,10.450000,10.400000,10.450000,10.450000,561700
2020-06-18,10.490000,10.660000,10.410000,10.550000,10.550000,269700
2020-06-19,10.500000,10.578000,10.429000,10.490000,10.490000,63600
2020-06-22,10.620000,10.750000,10.400000,10.550000,10.550000,61600
2020-06-23,10.550000,10.583000,10.500000,10.500000,10.500000,150500
2020-06-24,10.512000,10.700000,10.510000,10.690000,10.690000,93700
2020-06-25,10.700000,10.700000,10.510000,10.650000,10.650000,353900
2020-06-26,10.700000,10.700000,10.500000,10.500000,10.500000,45600
2020-06-29,10.700000,10.700000,10.550000,10.680000,10.680000,21900
2020-06-30,10.700000,10.920000,10.660000,10.850000,10.850000,676800
2020-07-01,10.915000,10.915000,10.750000,10.800000,10.800000,379300
2020-07-02,10.860000,10.860000,10.660000,10.850000,10.850000,136700
2020-07-06,11.050000,11.100000,10.850000,10.900000,10.900000,155600
2020-07-07,10.900000,10.900000,10.789000,10.840000,10.840000,244300
2020-07-08,10.800000,10.840000,10.715000,10.810000,10.810000,31700
2020-07-09,10.760000,10.995000,10.660000,10.890000,10.890000,201600
2020-07-10,11.000000,12.100000,10.990000,11.260000,11.260000,690000
2020-07-13,11.400000,11.450000,10.750000,10.950000,10.950000,233900
2020-07-14,10.750000,10.990000,10.750000,10.830000,10.830000,167500
2020-07-15,10.780000,11.250000,10.777000,10.900000,10.900000,258600
2020-07-16,10.860000,11.000000,10.750000,10.990000,10.990000,155900
2020-07-17,11.140000,11.190000,10.925000,11.090000,11.090000,242500
2020-07-20,11.100000,11.140000,10.960000,11.070000,11.070000,132500
2020-07-21,11.050000,11.150000,11.000000,11.090000,11.090000,146300
2020-07-22,11.050000,11.090000,11.000000,11.013000,11.013000,56100
2020-07-23,11.090000,11.490000,10.938000,11.250000,11.250000,662200
2020-07-24,11.300000,11.300000,11.120000,11.260000,11.260000,201000
2020-07-27,11.270000,11.449000,10.870000,11.020000,11.020000,241800
2020-07-28,11.005000,11.020000,10.940000,11.000000,11.000000,91200
2020-07-29,10.950000,11.150000,10.900000,11.150000,11.150000,167100
2020-07-30,10.930000,11.010000,10.600000,10.600000,10.600000,505200
2020-07-31,10.780000,10.780000,10.410000,10.450000,10.450000,299300
2020-08-03,10.360000,10.437000,10.300000,10.430000,10.430000,1782600
2020-08-04,10.440000,10.470000,10.360000,10.440000,10.440000,1429800
2020-08-05,10.410000,10.450000,10.310000,10.350000,10.350000,346800
2020-08-06,10.350000,10.450000,10.330000,10.350000,10.350000,140200
2020-08-07,10.400000,10.450000,10.350000,10.420000,10.420000,140300
2020-08-10,10.370000,10.400000,10.330000,10.370000,10.370000,150800
2020-08-11,10.375000,10.400000,10.340000,10.390000,10.390000,379100
2020-08-12,10.370000,10.390000,10.340000,10.350000,10.350000,80500