Date,Open,High,Low,Close,Adj Close,Volume
2019-11-07,14.250000,14.250000,11.810000,12.490000,12.490000,928300
2019-11-08,12.500000,13.150000,12.110000,12.990000,12.990000,255800
2019-11-11,14.540000,15.590000,13.200000,13.920000,13.920000,116000
2019-11-12,13.890000,13.980000,13.120000,13.760000,13.760000,57100
2019-11-13,13.950000,15.000000,13.220000,14.600000,14.600000,108500
2019-11-14,14.580000,14.580000,13.940000,14.190000,14.190000,45200
2019-11-15,14.270000,14.300000,13.560000,14.040000,14.040000,63400
2019-11-18,14.230000,14.330000,13.520000,14.330000,14.330000,9400
2019-11-19,14.350000,14.880000,13.920000,14.070000,14.070000,60000
2019-11-20,14.080000,14.432000,13.750000,13.850000,13.850000,14600
2019-11-21,14.150000,14.275000,13.680000,13.700000,13.700000,24900
2019-11-22,13.550000,14.020000,13.040000,13.350000,13.350000,15200
2019-11-25,13.210000,13.600000,12.920000,13.350000,13.350000,11400
2019-11-26,13.100000,13.450000,12.750000,13.050000,13.050000,19500
2019-11-27,13.050000,13.150000,12.615000,12.615000,12.615000,5000
2019-11-29,12.420000,13.150000,12.420000,12.971000,12.971000,3200
2019-12-02,12.950000,13.000000,12.000000,12.250000,12.250000,96700
2019-12-03,12.100000,12.940000,12.000000,12.200000,12.200000,91200
2019-12-04,12.720000,13.050000,11.610000,12.750000,12.750000,143000
2019-12-05,12.680000,13.000000,10.450000,10.650000,10.650000,105100
2019-12-06,10.660000,12.110000,9.690000,9.810000,9.810000,71600
2019-12-09,10.020000,11.100000,7.800000,8.100000,8.100000,119100
2019-12-10,8.590000,9.200000,8.040000,9.050000,9.050000,77100
2019-12-11,10.000000,11.310000,10.000000,11.200000,11.200000,103900
2019-12-12,11.300000,11.669000,10.810000,11.280000,11.280000,32900
2019-12-13,11.370000,11.945000,10.830000,11.340000,11.340000,40000
2019-12-16,11.240000,11.432000,10.800000,10.880000,10.880000,33500
2019-12-17,11.000000,11.270000,10.800000,10.990000,10.990000,47700
2019-12-18,10.910000,11.000000,10.500000,10.560000,10.560000,12100
2019-12-19,10.900000,11.950000,10.500000,10.660000,10.660000,34600
2019-12-20,10.600000,11.190000,10.015000,10.460000,10.460000,201500
2019-12-23,10.450000,11.000000,10.346000,10.620000,10.620000,37500
2019-12-24,10.664000,10.700000,10.600000,10.600000,10.600000,4200
2019-12-26,10.630000,10.786000,10.045000,10.480000,10.480000,9400
2019-12-27,10.500000,10.830000,9.690000,9.840000,9.840000,22400
2019-12-30,11.580000,11.580000,9.900000,9.990000,9.990000,40400
2019-12-31,9.960000,10.430000,9.890000,10.070000,10.070000,109400
2020-01-02,10.170000,11.180000,10.170000,10.930000,10.930000,23000
2020-01-03,11.000000,11.130000,10.580000,10.800000,10.800000,17500
2020-01-06,10.680000,11.100000,10.680000,10.770000,10.770000,5800
2020-01-07,11.000000,11.500000,11.000000,11.480000,11.480000,7400
2020-01-08,11.810000,11.810000,11.300000,11.700000,11.700000,9300
2020-01-09,11.950000,13.198000,11.800000,12.990000,12.990000,36400
2020-01-10,13.160000,14.760000,13.160000,14.460000,14.460000,20200
2020-01-13,14.600000,14.870000,13.830000,14.260000,14.260000,18400
2020-01-14,14.263000,14.812000,14.260000,14.490000,14.490000,6400
2020-01-15,14.524000,14.524000,13.010000,13.830000,13.830000,9400
2020-01-16,13.800000,13.975000,13.500000,13.970000,13.970000,6600
2020-01-17,13.990000,13.990000,13.660000,13.660000,13.660000,4500
2020-01-21,13.820000,13.820000,13.370000,13.420000,13.420000,1200
2020-01-22,13.100000,13.500000,13.000000,13.420000,13.420000,3000
2020-01-23,13.320000,13.950000,13.240000,13.240000,13.240000,5400
2020-01-24,13.743000,13.743000,13.000000,13.000000,13.000000,3200
2020-01-27,12.980000,12.980000,12.260000,12.300000,12.300000,3600
2020-01-28,12.650000,12.650000,11.310000,11.450000,11.450000,7000
2020-01-29,11.071000,11.644000,11.000000,11.150000,11.150000,5500
2020-01-30,11.500000,11.570000,10.030000,10.030000,10.030000,11800
2020-01-31,10.000000,10.280000,9.500000,9.760000,9.760000,16000
2020-02-03,10.490000,10.490000,9.847000,10.120000,10.120000,11500
2020-02-04,10.020000,10.500000,10.020000,10.200000,10.200000,6500
2020-02-05,10.300000,10.955000,10.300000,10.400000,10.400000,7600
2020-02-06,10.540000,10.920000,10.500000,10.690000,10.690000,8700
2020-02-07,11.110000,11.120000,10.090000,10.130000,10.130000,10800
2020-02-10,11.250000,11.250000,10.300000,10.690000,10.690000,10000
2020-02-11,10.230000,10.890000,10.230000,10.865000,10.865000,5900
2020-02-12,10.990000,11.250000,10.125000,10.895000,10.895000,9200
2020-02-13,10.550000,11.460000,10.550000,10.670000,10.670000,3900
2020-02-14,10.100000,11.030000,10.100000,11.020000,11.020000,9600
2020-02-18,11.360000,11.460000,10.807000,11.460000,11.460000,6900
2020-02-19,11.030000,11.740000,11.030000,11.290000,11.290000,13100
2020-02-20,11.500000,11.790000,11.100000,11.790000,11.790000,15700
2020-02-21,11.780000,12.920000,10.950000,11.730000,11.730000,15000
2020-02-24,11.700000,13.550000,11.293000,13.050000,13.050000,29200
2020-02-25,11.970000,13.400000,11.885000,12.350000,12.350000,15000
2020-02-26,11.190000,13.000000,11.190000,12.310000,12.310000,10900
2020-02-27,11.700000,12.330000,11.435000,11.440000,11.440000,14300
2020-02-28,11.473000,13.300000,10.950000,13.300000,13.300000,18900
2020-03-02,13.290000,13.500000,11.654000,13.500000,13.500000,14200
2020-03-03,14.500000,14.500000,12.930000,13.710000,13.710000,19100
2020-03-04,13.470000,15.200000,13.470000,15.200000,15.200000,16800
2020-03-05,14.490000,16.139999,14.454000,15.490000,15.490000,39200
2020-03-06,15.440000,16.639999,14.550000,15.980000,15.980000,22600
2020-03-09,16.990000,17.190001,15.540000,17.190001,17.190001,24900
2020-03-10,17.650000,19.500000,17.190001,19.010000,19.010000,15600
2020-03-11,18.920000,21.013000,17.160000,18.799999,18.799999,27100
2020-03-12,17.545000,17.545000,15.000000,17.250000,17.250000,22900
2020-03-13,17.250000,17.250000,15.285000,16.309999,16.309999,22300
2020-03-16,16.950001,16.950001,14.400000,14.400000,14.400000,19200
2020-03-17,15.330000,15.940000,13.580000,15.110000,15.110000,19100
2020-03-18,17.250000,26.400000,17.100000,23.799999,23.799999,134700
2020-03-19,25.750000,28.711000,19.830000,22.670000,22.670000,63200
2020-03-20,21.040001,21.049999,17.080000,21.049999,21.049999,87100
2020-03-23,19.270000,20.301001,17.600000,18.410000,18.410000,20200
2020-03-24,17.600000,18.955000,17.209999,18.000000,18.000000,26900
2020-03-25,17.990000,18.450001,17.020000,17.930000,17.930000,7600
2020-03-26,16.010000,17.740000,15.800000,17.000000,17.000000,26600
2020-03-27,16.790001,16.870001,14.610000,15.980000,15.980000,12900
2020-03-30,15.800000,16.870001,15.230000,16.549999,16.549999,9200
2020-03-31,17.040001,20.000000,15.230000,20.000000,20.000000,13000
2020-04-01,19.799999,19.799999,17.600000,19.520000,19.520000,6800
2020-04-02,19.549999,20.000000,18.000000,20.000000,20.000000,7200
2020-04-03,21.000000,24.889999,17.155001,17.650000,17.650000,33000
2020-04-06,17.620001,20.790001,17.620001,19.740000,19.740000,10800
2020-04-07,20.000000,20.400000,19.325001,20.400000,20.400000,16100
2020-04-08,20.570000,20.620001,18.240000,19.500000,19.500000,12600
2020-04-09,20.190001,20.250000,19.100000,19.900000,19.900000,16200
2020-04-13,20.340000,20.340000,17.340000,18.290001,18.290001,18100
2020-04-14,19.500000,21.834999,19.000000,19.340000,19.340000,17300
2020-04-15,20.113001,20.113001,18.090000,18.090000,18.090000,12800
2020-04-16,18.559999,18.559999,17.799999,18.020000,18.020000,7000
2020-04-17,18.590000,18.590000,17.219999,18.459999,18.459999,9300
2020-04-20,18.299999,18.459999,16.000000,16.000000,16.000000,7400
2020-04-21,15.910000,19.190001,15.500000,19.190001,19.190001,26200
2020-04-22,20.139999,20.500000,18.410000,18.410000,18.410000,18600
2020-04-23,18.000000,19.799999,17.700001,18.690001,18.690001,10200
2020-04-24,18.490000,19.770000,18.000000,18.660000,18.660000,10700
2020-04-27,19.040001,19.885000,19.040001,19.059999,19.059999,13400
2020-04-28,19.879999,20.360001,19.440001,19.750000,19.750000,13300
2020-04-29,20.000000,20.200001,19.510000,19.510000,19.510000,22700
2020-04-30,19.389999,19.990000,18.868999,19.500000,19.500000,2800
2020-05-01,19.500000,19.500000,18.510000,18.870001,18.870001,2100
2020-05-04,18.900000,19.583000,18.010000,18.010000,18.010000,4700
2020-05-05,18.400000,19.299999,18.010000,18.250000,18.250000,10900
2020-05-06,18.660000,19.000000,18.299999,18.600000,18.600000,3800
2020-05-07,18.700001,19.240000,18.500000,19.240000,19.240000,4700
2020-05-08,18.855000,19.450001,18.855000,19.000000,19.000000,19500
2020-05-11,19.000000,19.799999,18.521999,19.330000,19.330000,7700
2020-05-12,19.254999,19.730000,18.010000,18.010000,18.010000,25900
2020-05-13,18.010000,18.985001,18.010000,18.280001,18.280001,7200
2020-05-14,19.219999,19.219999,16.600000,17.780001,17.780001,14600
2020-05-15,18.410000,18.410000,17.299999,18.190001,18.190001,10800
2020-05-18,18.200001,18.200001,17.000000,17.200001,17.200001,21300
2020-05-19,17.000000,17.788000,16.200001,16.690001,16.690001,9800
2020-05-20,16.520000,17.020000,15.350000,16.665001,16.665001,8300
2020-05-21,17.530001,18.000000,16.215000,16.900000,16.900000,12000
2020-05-22,16.370001,17.450001,16.340000,16.719999,16.719999,7900
2020-05-26,17.049999,18.070000,16.559999,16.719999,16.719999,11300
2020-05-27,17.245001,18.790001,16.292000,18.790001,18.790001,25900
2020-05-28,17.510000,18.600000,17.209999,17.209999,17.209999,3400
2020-05-29,17.590000,17.620001,17.590000,17.620001,17.620001,2100
2020-06-01,16.850000,17.385000,15.990000,15.990000,15.990000,9500
2020-06-02,16.299999,18.000000,16.299999,16.320000,16.320000,5400
2020-06-03,16.980000,18.200001,16.389999,18.150000,18.150000,5500
2020-06-04,17.850000,18.545000,16.850000,17.530001,17.530001,8100
2020-06-05,18.600000,19.500000,18.129999,19.360001,19.360001,5900
2020-06-08,18.520000,19.490000,17.610001,18.830000,18.830000,7300
2020-06-09,19.400000,19.400000,17.459999,18.670000,18.670000,7800
2020-06-10,18.410000,19.500000,18.150000,18.750000,18.750000,8600
2020-06-11,18.500000,19.219999,17.510000,18.860001,18.860001,11200
2020-06-12,19.200001,21.990000,18.990000,21.320000,21.320000,16100
2020-06-15,21.900000,21.900000,18.905001,20.730000,20.730000,31900
2020-06-16,21.100000,21.100000,19.110001,20.250000,20.250000,11000
2020-06-17,20.250000,20.250000,19.250000,19.250000,19.250000,9400
2020-06-18,19.700001,20.105000,19.000000,20.000000,20.000000,8400
2020-06-19,19.990000,19.990000,19.059999,19.059999,19.059999,22400
2020-06-22,20.000000,21.365000,19.719999,20.250000,20.250000,47600
2020-06-23,20.730000,21.549999,19.980000,19.980000,19.980000,41300
2020-06-24,20.000000,20.070000,19.389999,19.389999,19.389999,24600
2020-06-25,20.000000,20.129999,19.480000,19.910000,19.910000,37700
2020-06-26,20.000000,20.000000,19.379999,19.610001,19.610001,244600
2020-06-29,22.520000,23.510000,20.389999,21.100000,21.100000,192900
2020-06-30,23.820000,24.414000,21.882999,22.879999,22.879999,128000
2020-07-01,24.830000,27.100000,23.304001,25.160000,25.160000,112400
2020-07-02,26.500000,26.559999,24.450001,24.500000,24.500000,101600
2020-07-06,25.760000,25.840000,22.142000,23.040001,23.040001,64800
2020-07-07,22.639999,24.257999,22.639999,23.580000,23.580000,17700
2020-07-08,21.500000,21.990000,19.020000,19.180000,19.180000,170900
2020-07-09,19.780001,19.780001,16.860001,17.070000,17.070000,231600
2020-07-10,13.710000,13.920000,13.200000,13.300000,13.300000,2248200
2020-07-13,13.600000,13.870000,12.950000,13.010000,13.010000,585100
2020-07-14,13.000000,13.135000,12.070000,12.430000,12.430000,541500
2020-07-15,12.570000,12.640000,11.800000,11.930000,11.930000,287400
2020-07-16,11.930000,12.200000,11.250000,11.930000,11.930000,221300
2020-07-17,12.100000,12.541000,11.900000,12.010000,12.010000,251000
2020-07-20,12.180000,12.460000,11.440000,11.550000,11.550000,206400
2020-07-21,11.590000,12.240000,11.360000,11.930000,11.930000,196200
2020-07-22,12.410000,12.410000,11.880000,11.980000,11.980000,148000
2020-07-23,14.000000,14.340000,13.140000,13.310000,13.310000,2051500
2020-07-24,13.800000,13.900000,12.450000,13.060000,13.060000,657000
2020-07-27,13.370000,13.440000,12.750000,13.370000,13.370000,219400
2020-07-28,13.430000,13.430000,12.500000,13.010000,13.010000,168800
2020-07-29,13.310000,13.410000,12.780000,13.050000,13.050000,286200
2020-07-30,12.790000,13.210000,12.520000,12.880000,12.880000,186800
2020-07-31,13.140000,13.210000,12.510000,12.700000,12.700000,94500
2020-08-03,12.690000,13.030000,12.610000,12.770000,12.770000,100700
2020-08-04,12.870000,13.190000,12.310000,12.990000,12.990000,96400
2020-08-05,13.060000,13.190000,12.908000,13.150000,13.150000,43400
2020-08-06,13.060000,13.180000,12.550000,12.560000,12.560000,100000