Date,Open,High,Low,Close,Adj Close,Volume
2019-02-06,49.841000,50.000000,44.869999,46.189999,46.189999,417700
2019-02-07,45.750000,46.139999,41.500000,43.049999,43.049999,1754200
2019-02-08,42.959999,43.830002,39.849998,41.009998,41.009998,20387300
2019-02-11,40.160000,41.000000,36.779999,37.560001,37.560001,5954200
2019-02-12,37.610001,38.020000,36.119999,36.820000,36.820000,3577200
2019-02-13,36.410000,38.209999,36.150002,37.740002,37.740002,4082800
2019-02-14,37.150002,37.590000,36.000000,36.560001,36.560001,4100100
2019-02-15,36.599998,36.950001,35.759998,36.549999,36.549999,2833700
2019-02-19,36.139999,39.520000,36.090000,39.349998,39.349998,3864700
2019-02-20,39.009998,39.119999,35.049999,35.090000,35.090000,3173100
2019-02-21,34.680000,35.820000,34.255001,35.450001,35.450001,2293100
2019-02-22,35.419998,38.200001,35.419998,37.189999,37.189999,8125200
2019-02-25,37.220001,39.650002,37.009998,39.110001,39.110001,1785800
2019-02-26,38.939999,39.980000,38.099998,39.910000,39.910000,1358000
2019-02-27,39.160000,39.820000,37.380001,37.470001,37.470001,1152400
2019-02-28,37.259998,37.320000,35.230000,35.779999,35.779999,1852200
2019-03-01,36.090000,36.520000,35.669998,36.230000,36.230000,1129000
2019-03-04,36.189999,36.285000,34.490002,34.540001,34.540001,1080600
2019-03-05,34.439999,35.450001,34.000000,35.099998,35.099998,1058200
2019-03-06,35.000000,35.080002,34.139999,34.150002,34.150002,897600
2019-03-07,34.119999,34.180000,32.110001,32.349998,32.349998,1429400
2019-03-08,32.000000,33.549999,32.000000,33.410000,33.410000,872000
2019-03-11,33.459999,34.070000,33.125000,34.009998,34.009998,818600
2019-03-12,34.070000,34.849998,33.790001,33.970001,33.970001,672400
2019-03-13,34.099998,35.014999,34.000000,34.810001,34.810001,1256500
2019-03-14,34.939999,36.110001,34.876999,35.889999,35.889999,1305800
2019-03-15,35.830002,36.077000,33.810001,34.459999,34.459999,1917200
2019-03-18,34.529999,35.279999,34.070000,34.230000,34.230000,1091500
2019-03-19,34.230000,34.970001,34.070000,34.770000,34.770000,605400
2019-03-20,35.000000,35.299999,34.380001,35.060001,35.060001,844700
2019-03-21,34.840000,36.919998,34.340000,36.060001,36.060001,633800
2019-03-22,35.709999,36.610001,34.709999,34.779999,34.779999,720300
2019-03-25,34.689999,34.750000,32.669998,33.570000,33.570000,1851600
2019-03-26,33.930000,33.930000,33.174999,33.509998,33.509998,530400
2019-03-27,33.299999,33.419998,32.009998,32.389999,32.389999,815600
2019-03-28,32.349998,32.650002,30.709999,31.520000,31.520000,1744000
2019-03-29,32.060001,32.139999,31.330000,31.850000,31.850000,1004500
2019-04-01,32.240002,32.724998,31.780001,32.349998,32.349998,1054300
2019-04-02,32.400002,33.230000,32.119999,32.450001,32.450001,983000
2019-04-03,32.500000,32.560001,31.725000,32.230000,32.230000,702300
2019-04-04,32.259998,32.599998,32.029999,32.230000,32.230000,413000
2019-04-05,32.459999,33.459999,32.444000,33.150002,33.150002,1820200
2019-04-08,33.180000,33.180000,32.511002,32.660000,32.660000,394900
2019-04-09,32.610001,33.700001,32.480000,32.549999,32.549999,791000
2019-04-10,32.529999,33.049999,31.830000,32.000000,32.000000,730800
2019-04-11,32.000000,32.549999,31.690001,32.480000,32.480000,447900
2019-04-12,32.689999,32.990002,32.250000,32.650002,32.650002,812300
2019-04-15,32.669998,33.169998,32.500000,32.799999,32.799999,921200
2019-04-16,32.959999,33.099998,32.400002,32.650002,32.650002,1114300
2019-04-17,32.730000,33.119999,32.240002,32.959999,32.959999,910300
2019-04-18,32.820000,33.610001,32.259998,32.650002,32.650002,720300
2019-04-22,32.529999,32.919998,32.330002,32.490002,32.490002,287300
2019-04-23,32.410000,33.084999,32.410000,33.040001,33.040001,449300
2019-04-24,32.990002,33.395000,32.790001,32.830002,32.830002,489600
2019-04-25,32.820000,33.340000,32.700001,32.990002,32.990002,550500
2019-04-26,33.040001,33.320000,32.759998,32.980000,32.980000,603700
2019-04-29,32.799999,33.000000,32.669998,32.959999,32.959999,421800
2019-04-30,33.040001,33.099998,32.669998,32.869999,32.869999,1012500
2019-05-01,32.939999,33.099998,32.759998,32.840000,32.840000,563100
2019-05-02,32.680000,33.160000,32.459999,32.980000,32.980000,745100
2019-05-03,33.070000,33.500000,32.939999,33.270000,33.270000,843000
2019-05-06,32.970001,33.310001,32.400002,33.020000,33.020000,717500
2019-05-07,32.790001,33.040001,31.990000,32.169998,32.169998,1442100
2019-05-08,31.450001,31.750000,29.830000,30.530001,30.530001,2590800
2019-05-09,30.160000,30.180000,29.200001,29.889999,29.889999,1783800
2019-05-10,29.690001,29.830000,28.190001,28.370001,28.370001,2174700
2019-05-13,28.150000,29.070000,27.340000,27.450001,27.450001,2396100
2019-05-14,27.549999,29.500000,27.025000,29.160000,29.160000,2534200
2019-05-15,28.240000,30.250000,27.200001,29.280001,29.280001,3724000
2019-05-16,29.500000,30.580000,27.610001,28.320000,28.320000,2347600
2019-05-17,28.200001,29.090000,27.420000,28.690001,28.690001,1946700
2019-05-20,28.010000,28.840000,27.445000,28.120001,28.120001,1416000
2019-05-21,28.299999,28.719999,28.010000,28.049999,28.049999,1022700
2019-05-22,28.020000,28.580000,27.219999,27.350000,27.350000,1233700
2019-05-23,26.850000,26.850000,25.680000,25.830000,25.830000,1419200
2019-05-24,25.500000,26.480000,24.830000,26.129999,26.129999,2276300
2019-05-28,25.990000,26.459999,25.410000,25.650000,25.650000,2303600
2019-05-29,25.559999,26.090000,25.100000,25.990000,25.990000,3159800
2019-05-30,26.160000,26.170000,25.070000,25.200001,25.200001,1294300
2019-05-31,25.049999,25.049999,24.320000,24.660000,24.660000,1235800
2019-06-03,24.760000,25.309999,24.750000,25.250000,25.250000,1322600
2019-06-04,25.490000,26.090000,25.375000,26.080000,26.080000,955200
2019-06-05,26.170000,26.400000,25.629999,25.809999,25.809999,686400
2019-06-06,25.690001,25.980000,25.305000,25.629999,25.629999,589400
2019-06-07,25.680000,26.219999,25.240000,25.799999,25.799999,435700
2019-06-10,26.020000,26.580000,25.240000,25.510000,25.510000,2058400
2019-06-11,25.780001,26.120001,25.150000,25.219999,25.219999,953900
2019-06-12,25.030001,25.340000,24.700001,24.969999,24.969999,1283900
2019-06-13,24.940001,25.370001,24.700001,25.230000,25.230000,818300
2019-06-14,25.270000,25.450001,24.879999,25.010000,25.010000,682300
2019-06-17,24.930000,25.000000,24.309999,24.440001,24.440001,1156200
2019-06-18,24.879999,25.639999,24.540001,25.469999,25.469999,979700
2019-06-19,25.700001,25.799999,24.750000,25.240000,25.240000,1504000
2019-06-20,25.469999,25.660000,24.700001,24.740000,24.740000,1231500
2019-06-21,24.639999,24.695000,23.629999,23.650000,23.650000,2295400
2019-06-24,23.660000,23.895000,22.997000,23.549999,23.549999,1170300
2019-06-25,23.459999,23.840000,23.330000,23.490000,23.490000,1315500
2019-06-26,23.590000,23.715000,22.495001,22.879999,22.879999,1512300
2019-06-27,24.270000,24.270000,22.940001,23.799999,23.799999,1379500
2019-06-28,23.790001,24.570000,23.790001,24.459999,24.459999,3481200
2019-07-01,24.889999,25.559999,24.420000,24.600000,24.600000,1184400
2019-07-02,24.600000,24.900000,24.290001,24.680000,24.680000,912400
2019-07-03,24.700001,25.280001,24.240000,24.730000,24.730000,4596500
2019-07-05,24.889999,25.170000,24.650000,25.020000,25.020000,881300
2019-07-08,24.990000,25.049999,23.780001,24.260000,24.260000,1121500
2019-07-09,24.080000,24.289000,23.639999,23.990000,23.990000,974700
2019-07-10,24.030001,24.469999,23.790001,24.260000,24.260000,761300
2019-07-11,24.370001,25.145000,24.370001,25.020000,25.020000,1787700
2019-07-12,25.000000,25.430000,24.850000,25.020000,25.020000,1738000
2019-07-15,25.059999,25.730000,24.670000,25.570000,25.570000,1317200
2019-07-16,25.500000,25.889999,25.160000,25.330000,25.330000,1186400
2019-07-17,25.330000,25.740000,24.740000,24.950001,24.950001,1292800
2019-07-18,24.900000,25.570000,24.750000,25.459999,25.459999,825800
2019-07-19,25.540001,25.540001,24.709999,24.719999,24.719999,837400
2019-07-22,24.790001,24.975000,23.920000,23.990000,23.990000,722900
2019-07-23,24.110001,24.830000,23.690001,23.980000,23.980000,589900
2019-07-24,23.879999,24.160000,23.650000,24.110001,24.110001,726500
2019-07-25,24.010000,24.677999,23.670000,23.719999,23.719999,601700
2019-07-26,23.809999,24.540001,23.180000,23.480000,23.480000,743000
2019-07-29,23.510000,23.605000,22.950001,23.309999,23.309999,720500
2019-07-30,23.160000,23.860001,22.895000,23.730000,23.730000,961000
2019-07-31,23.840000,24.125000,23.046000,23.670000,23.670000,1408500
2019-08-01,23.700001,24.000000,23.540001,23.889999,23.889999,1258800
2019-08-02,23.750000,23.830000,23.160000,23.270000,23.270000,806200
2019-08-05,22.889999,23.655001,22.514999,23.320000,23.320000,953700
2019-08-06,23.360001,24.290001,23.225000,24.240000,24.240000,1144300
2019-08-07,23.920000,24.379999,23.370001,23.410000,23.410000,1221000
2019-08-08,23.549999,24.170000,23.400000,23.980000,23.980000,993300
2019-08-09,24.000000,24.129999,23.510000,23.820000,23.820000,1051900
2019-08-12,23.750000,23.750000,22.879999,23.190001,23.190001,1143900
2019-08-13,14.040000,15.010000,12.400000,13.890000,13.890000,17583900
2019-08-14,13.460000,13.700000,12.220000,12.350000,12.350000,4482200
2019-08-15,12.510000,15.280000,12.390000,15.120000,15.120000,6716300
2019-08-16,14.890000,14.900000,13.770000,14.850000,14.850000,3005900
2019-08-19,14.700000,15.200000,14.675000,15.020000,15.020000,2604400
2019-08-20,15.000000,15.290000,14.700000,14.840000,14.840000,3121300
2019-08-21,15.000000,15.070000,13.540000,13.800000,13.800000,2553000
2019-08-22,14.210000,14.625000,14.110000,14.510000,14.510000,1965000
2019-08-23,14.390000,14.710000,13.990000,14.050000,14.050000,1691300
2019-08-26,14.160000,14.350000,13.710000,14.030000,14.030000,1201600
2019-08-27,14.130000,14.256000,12.920000,13.010000,13.010000,1131000
2019-08-28,12.930000,13.170000,12.810000,13.030000,13.030000,1216300
2019-08-29,13.100000,13.280000,12.960000,13.190000,13.190000,999300
2019-08-30,13.210000,13.520000,13.100000,13.290000,13.290000,862900
2019-09-03,13.250000,13.520000,12.940000,13.460000,13.460000,1153100
2019-09-04,13.550000,14.140000,13.490000,13.500000,13.500000,1055300
2019-09-05,13.620000,14.100000,13.550000,13.700000,13.700000,761600
2019-09-06,13.750000,13.820000,13.210000,13.360000,13.360000,1280700
2019-09-09,12.650000,13.260000,12.630000,13.200000,13.200000,1637300
2019-09-10,13.180000,15.000000,13.080000,14.910000,14.910000,1644400
2019-09-11,15.020000,15.150000,14.510000,14.980000,14.980000,1780600
2019-09-12,15.090000,15.099000,13.920000,14.440000,14.440000,993300
2019-09-13,14.300000,14.670000,13.750000,13.890000,13.890000,1142800
2019-09-16,13.840000,14.010000,13.430000,13.780000,13.780000,1007500
2019-09-17,13.810000,13.810000,13.110000,13.280000,13.280000,1013300
2019-09-18,13.240000,13.350000,12.750000,12.810000,12.810000,1500300
2019-09-19,12.850000,12.850000,12.430000,12.750000,12.750000,1581700
2019-09-20,12.710000,12.910000,12.200000,12.270000,12.270000,2106200
2019-09-23,12.210000,12.910000,12.120000,12.850000,12.850000,1425700
2019-09-24,12.890000,13.080000,12.370000,12.510000,12.510000,1296800
2019-09-25,12.530000,12.620000,11.845000,11.900000,11.900000,1415900
2019-09-26,11.900000,11.900000,11.460000,11.800000,11.800000,1737400
2019-09-27,11.850000,12.310000,11.670000,11.755000,11.755000,1326200
2019-09-30,11.760000,12.040000,11.640000,11.890000,11.890000,1422500
2019-10-01,11.550000,12.290000,11.500000,11.880000,11.880000,1896000
2019-10-02,11.810000,11.920000,11.320000,11.485000,11.485000,1842300
2019-10-03,11.560000,11.750000,11.350000,11.465000,11.465000,2983200
2019-10-04,11.570000,11.785000,10.750000,11.000000,11.000000,2011000
2019-10-07,10.900000,11.290000,10.870000,11.190000,11.190000,1677800
2019-10-08,11.080000,11.190000,10.760000,10.885000,10.885000,1466900
2019-10-09,11.070000,11.190000,10.780000,11.100000,11.100000,1290200
2019-10-10,11.110000,11.400000,11.020000,11.250000,11.250000,1028700
2019-10-11,11.370000,11.610000,11.200000,11.320000,11.320000,1370300
2019-10-14,11.290000,11.290000,10.470000,10.840000,10.840000,1059000
2019-10-15,10.900000,11.340000,10.800000,11.100000,11.100000,3383400
2019-10-16,11.180000,11.330000,10.830000,10.880000,10.880000,1801000
2019-10-17,10.890000,11.020000,10.610000,10.650000,10.650000,1966200
2019-10-18,10.660000,10.690000,10.075000,10.140000,10.140000,2410900
2019-10-21,10.200000,10.350000,9.960000,10.120000,10.120000,2248300
2019-10-22,10.020000,10.061000,8.160000,9.460000,9.460000,8425100
2019-10-23,9.580000,9.595000,8.660000,9.010000,9.010000,4171900
2019-10-24,9.030000,9.320000,8.750000,8.800000,8.800000,2280600
2019-10-25,8.920000,9.105000,8.790000,8.840000,8.840000,1978700
2019-10-28,8.910000,9.030000,8.710000,8.860000,8.860000,1553200
2019-10-29,8.760000,8.930000,8.730000,8.840000,8.840000,1954600
2019-10-30,8.850000,9.380000,8.750000,9.290000,9.290000,2496900
2019-10-31,9.650000,10.015000,9.500000,9.915000,9.915000,4373000
2019-11-01,10.000000,10.290000,9.690000,10.100000,10.100000,2212700
2019-11-04,10.150000,10.690000,10.070000,10.460000,10.460000,21853500
2019-11-05,10.500000,10.970000,10.360000,10.430000,10.430000,2944900
2019-11-06,10.420000,10.500000,10.070000,10.160000,10.160000,1792800
2019-11-07,10.100000,10.470000,10.010000,10.075000,10.075000,1457700
2019-11-08,10.000000,10.260000,9.800000,10.195000,10.195000,2783800
2019-11-11,10.020000,10.490000,9.980000,10.050000,10.050000,1936800
2019-11-12,10.360000,12.600000,10.360000,12.260000,12.260000,6213200
2019-11-13,12.260000,13.900000,12.230000,13.690000,13.690000,5538300
2019-11-14,13.810000,13.850000,13.270000,13.480000,13.480000,2868000
2019-11-15,13.610000,14.940000,13.570000,14.930000,14.930000,3229800
2019-11-18,14.880000,15.090000,14.220000,14.530000,14.530000,3186600
2019-11-19,14.500000,14.825000,14.420000,14.750000,14.750000,2077900
2019-11-20,14.630000,15.120000,13.770000,13.930000,13.930000,2050200
2019-11-21,13.920000,14.280000,13.770000,14.115000,14.115000,959600
2019-11-22,14.200000,14.460000,14.130000,14.360000,14.360000,892300
2019-11-25,14.410000,14.610000,14.350000,14.420000,14.420000,852600
2019-11-26,14.350000,14.350000,13.455000,13.540000,13.540000,1498200
2019-11-27,13.600000,14.260000,13.360000,14.210000,14.210000,996800
2019-11-29,14.130000,14.310000,13.970000,14.310000,14.310000,421800
2019-12-02,14.325000,14.358000,13.530000,13.710000,13.710000,1050900
2019-12-03,13.500000,14.040000,13.400000,13.990000,13.990000,934900
2019-12-04,14.030000,14.290000,13.640000,13.680000,13.680000,1237300
2019-12-05,13.860000,14.040000,13.570000,13.780000,13.780000,1172000
2019-12-06,13.820000,14.670000,13.696000,14.530000,14.530000,2326800
2019-12-09,14.470000,14.710000,13.720000,13.800000,13.800000,1188300
2019-12-10,13.800000,13.900000,13.150000,13.550000,13.550000,902800
2019-12-11,13.500000,13.760000,13.290000,13.500000,13.500000,790900
2019-12-12,13.490000,13.700000,13.170000,13.205000,13.205000,1018000
2019-12-13,13.210000,13.310000,12.720000,13.030000,13.030000,1103900
2019-12-16,13.080000,13.710000,12.980000,13.280000,13.280000,1315700
2019-12-17,13.200000,13.610000,13.110000,13.400000,13.400000,1296000
2019-12-18,13.310000,13.350000,12.890000,13.210000,13.210000,1342700
2019-12-19,13.200000,13.600000,13.120000,13.590000,13.590000,1020600
2019-12-20,13.430000,13.770000,13.320000,13.460000,13.460000,2642500
2019-12-23,13.560000,13.880000,13.300000,13.570000,13.570000,834000
2019-12-24,13.530000,13.770000,13.330000,13.360000,13.360000,333900
2019-12-26,13.410000,13.470000,12.790000,13.160000,13.160000,631800
2019-12-27,13.200000,13.220000,12.585000,12.640000,12.640000,879400
2019-12-30,12.660000,13.050000,12.533000,12.870000,12.870000,715100
2019-12-31,12.800000,13.430000,12.780000,13.200000,13.200000,1335000
2020-01-02,13.280000,13.460000,12.770000,13.280000,13.280000,1003100
2020-01-03,13.050000,13.150000,12.280000,12.720000,12.720000,2319800
2020-01-06,12.650000,13.230000,12.170000,13.060000,13.060000,5049300
2020-01-07,12.950000,13.920000,12.880000,13.780000,13.780000,2151000
2020-01-08,13.710000,13.800000,13.190000,13.600000,13.600000,1082200
2020-01-09,13.700000,13.770000,13.050000,13.070000,13.070000,807700
2020-01-10,13.020000,13.590000,12.980000,13.540000,13.540000,892600
2020-01-13,13.540000,13.770000,13.325000,13.680000,13.680000,723100
2020-01-14,13.660000,13.810000,13.465000,13.700000,13.700000,911700
2020-01-15,13.800000,14.850000,13.800000,14.380000,14.380000,3477600
2020-01-16,14.530000,15.020000,14.500000,14.920000,14.920000,1791900
2020-01-17,14.980000,15.130000,14.780000,15.010000,15.010000,1388000
2020-01-21,14.950000,15.530000,14.830000,15.070000,15.070000,2097500
2020-01-22,15.100000,15.590000,15.078000,15.230000,15.230000,1760900
2020-01-23,15.190000,15.190000,14.310000,14.780000,14.780000,1620700
2020-01-24,14.800000,14.890000,14.030000,14.470000,14.470000,1937000
2020-01-27,14.090000,14.350000,13.660000,13.980000,13.980000,2403200
2020-01-28,14.120000,14.160000,13.210000,13.390000,13.390000,1700600
2020-01-29,13.410000,13.640000,12.955000,13.210000,13.210000,1419400
2020-01-30,13.050000,13.300000,12.790000,13.080000,13.080000,1123100
2020-01-31,12.950000,13.200000,12.190000,12.300000,12.300000,1289400
2020-02-03,12.220000,12.940000,12.220000,12.775000,12.775000,2220800
2020-02-04,12.960000,13.210000,12.610000,13.030000,13.030000,865900
2020-02-05,13.220000,13.620000,13.060000,13.140000,13.140000,767700
2020-02-06,13.280000,13.380000,13.140000,13.240000,13.240000,625200
2020-02-07,13.230000,13.230000,12.850000,13.000000,13.000000,488000
2020-02-10,12.990000,13.040000,12.801000,13.000000,13.000000,702800
2020-02-11,13.090000,13.700000,12.920000,13.670000,13.670000,739000
2020-02-12,13.410000,13.650000,13.000000,13.485000,13.485000,851900
2020-02-13,13.410000,13.435000,13.030000,13.070000,13.070000,1186200
2020-02-14,13.130000,13.130000,12.630000,12.730000,12.730000,837600
2020-02-18,12.660000,13.111000,12.590000,12.940000,12.940000,1496500
2020-02-19,12.920000,13.120000,12.750000,12.950000,12.950000,2743600
2020-02-20,12.950000,13.220000,12.450000,12.530000,12.530000,995000
2020-02-21,12.460000,12.620000,11.940000,12.000000,12.000000,1625700
2020-02-24,11.530000,11.805000,10.990000,11.200000,11.200000,1183500
2020-02-25,11.300000,11.310000,10.510000,10.750000,10.750000,1030800
2020-02-26,10.840000,11.090000,10.630000,10.770000,10.770000,1382900
2020-02-27,10.520000,11.450000,10.320000,10.710000,10.710000,2137100
2020-02-28,10.500000,11.140000,10.475000,11.110000,11.110000,1866000
2020-03-02,11.170000,11.270000,10.680000,10.900000,10.900000,1392200
2020-03-03,10.950000,11.420000,10.650000,11.100000,11.100000,2269100
2020-03-04,12.960000,13.000000,11.160000,11.320000,11.320000,4913900
2020-03-05,11.160000,11.190000,9.550000,9.670000,9.670000,3637000
2020-03-06,9.390000,11.540000,9.260000,10.820000,10.820000,3912800
2020-03-09,10.180000,10.200000,9.320000,9.660000,9.660000,1889200
2020-03-10,9.860000,10.410000,9.700000,10.390000,10.390000,1371400
2020-03-11,10.160000,10.220000,8.940000,9.040000,9.040000,2144100
2020-03-12,8.410000,8.970000,7.450000,7.530000,7.530000,2005000
2020-03-13,7.700000,8.500000,7.120000,8.190000,8.190000,1889900
2020-03-16,7.720000,7.930000,6.450000,6.510000,6.510000,3236100
2020-03-17,6.590000,6.850000,5.780000,6.640000,6.640000,1989200
2020-03-18,6.130000,6.260000,4.045000,5.640000,5.640000,2010600
2020-03-19,5.510000,6.095000,4.750000,5.850000,5.850000,2977400
2020-03-20,6.040000,6.820000,5.550000,6.220000,6.220000,3757300
2020-03-23,6.290000,6.800000,5.560000,6.200000,6.200000,2161900
2020-03-24,6.690000,7.240000,6.500000,7.150000,7.150000,1579000
2020-03-25,7.100000,7.960000,6.800000,7.450000,7.450000,2284100
2020-03-26,7.520000,8.070000,7.320000,7.900000,7.900000,1714300
2020-03-27,7.540000,8.090000,7.400000,7.970000,7.970000,1819300
2020-03-30,8.020000,8.070000,7.370000,7.720000,7.720000,1842700
2020-03-31,7.860000,8.220000,7.540000,8.140000,8.140000,2325100
2020-04-01,7.860000,7.920000,6.930000,7.200000,7.200000,3989500
2020-04-02,7.100000,7.670000,7.000000,7.430000,7.430000,1667600
2020-04-03,7.450000,7.590000,6.260000,6.460000,6.460000,1240600
2020-04-06,6.810000,7.290000,6.730000,6.830000,6.830000,769800
2020-04-07,7.230000,7.520000,6.870000,6.950000,6.950000,994100
2020-04-08,7.080000,7.700000,6.870000,7.510000,7.510000,1858500
2020-04-09,7.750000,8.880000,7.620000,8.400000,8.400000,1372600
2020-04-13,8.420000,8.470000,7.810000,8.160000,8.160000,1033900
2020-04-14,8.290000,9.180000,8.150000,9.140000,9.140000,1689200
2020-04-15,8.730000,8.920000,8.120000,8.740000,8.740000,1559600
2020-04-16,8.760000,9.000000,7.950000,8.060000,8.060000,1150800
2020-04-17,8.430000,8.606000,8.130000,8.410000,8.410000,1003800
2020-04-20,8.180000,8.840000,8.000000,8.600000,8.600000,918000
2020-04-21,8.380000,8.860000,7.955000,8.090000,8.090000,1702100
2020-04-22,8.300000,8.660000,7.510000,7.560000,7.560000,1348100
2020-04-23,7.680000,8.125000,7.660000,7.920000,7.920000,1908000
2020-04-24,7.970000,8.950000,7.800000,8.770000,8.770000,3010700
2020-04-27,8.790000,11.870000,8.790000,11.620000,11.620000,4216500
2020-04-28,11.650000,11.830000,10.340000,10.460000,10.460000,2491700
2020-04-29,10.980000,12.410000,10.670000,11.590000,11.590000,1513800
2020-04-30,11.460000,12.060000,10.990000,11.890000,11.890000,2317400
2020-05-01,11.540000,12.210000,10.680000,10.920000,10.920000,1321200
2020-05-04,10.650000,10.920000,10.290000,10.660000,10.660000,1176200
2020-05-05,10.920000,11.570000,10.650000,11.230000,11.230000,886400
2020-05-06,11.240000,11.270000,10.560000,10.760000,10.760000,1154000
2020-05-07,10.880000,11.365000,10.570000,11.100000,11.100000,901100
2020-05-08,11.360000,11.840000,11.250000,11.800000,11.800000,986800
2020-05-11,11.790000,11.880000,11.240000,11.700000,11.700000,856400
2020-05-12,11.700000,12.115000,11.340000,11.350000,11.350000,1010300
2020-05-13,11.290000,11.315000,10.600000,10.930000,10.930000,1422900
2020-05-14,10.840000,11.390000,10.450000,11.210000,11.210000,1499800
2020-05-15,10.500000,12.650000,10.450000,12.180000,12.180000,3416100
2020-05-18,12.780000,14.340000,12.768000,13.720000,13.720000,2137900
2020-05-19,13.790000,14.290000,13.530000,13.800000,13.800000,1193200
2020-05-20,14.210000,14.420000,13.910000,14.300000,14.300000,1250000
2020-05-21,14.250000,15.695000,14.225000,15.130000,15.130000,2034400
2020-05-22,15.270000,15.980000,14.715000,15.600000,15.600000,1348100
2020-05-26,15.980000,16.139999,15.010000,15.180000,15.180000,1856500
2020-05-27,15.640000,15.770000,15.130000,15.720000,15.720000,1932200
2020-05-28,15.860000,16.120001,15.400000,15.400000,15.400000,1836300
2020-05-29,15.490000,15.770000,15.140000,15.280000,15.280000,1433400
2020-06-01,15.270000,16.049999,15.200000,15.890000,15.890000,1189000
2020-06-02,16.049999,16.709999,15.660000,16.610001,16.610001,1594300
2020-06-03,16.930000,18.334999,16.799999,17.910000,17.910000,2234300
2020-06-04,18.030001,18.370001,17.309999,17.639999,17.639999,2518400
2020-06-05,18.000000,19.270000,17.879999,18.170000,18.170000,1909900
2020-06-08,18.459999,19.520000,18.459999,19.190001,19.190001,1418800
2020-06-09,18.730000,19.040001,17.549999,18.070000,18.070000,1111500
2020-06-10,18.090000,18.830000,17.840000,18.360001,18.360001,1024900
2020-06-11,17.040001,17.930000,15.030000,15.480000,15.480000,1876700
2020-06-12,16.459999,17.400000,15.930000,16.620001,16.620001,1272500
2020-06-15,15.970000,17.469999,15.660000,17.129999,17.129999,983100
2020-06-16,18.120001,18.129999,17.049999,17.340000,17.340000,673300
2020-06-17,17.450001,18.309999,17.120001,18.049999,18.049999,1052000
2020-06-18,17.790001,18.270000,17.680000,17.725000,17.725000,764400
2020-06-19,18.030001,18.440001,17.420000,17.650000,17.650000,1497900
2020-06-22,17.570000,18.830000,17.360001,18.629999,18.629999,903300
2020-06-23,18.870001,18.990000,18.469999,18.610001,18.610001,838000
2020-06-24,18.299999,19.250000,18.209999,18.870001,18.870001,1348800
2020-06-25,18.709999,19.379999,18.240999,19.270000,19.270000,1967100
2020-06-26,19.030001,19.290001,17.620001,17.799999,17.799999,11390000
2020-06-29,17.959999,18.280001,17.264999,17.379999,17.379999,1266100
2020-06-30,17.309999,17.969999,17.000000,17.889999,17.889999,1073400
2020-07-01,17.709999,18.120001,16.969999,17.219999,17.219999,1040900