Date,Open,High,Low,Close,Adj Close,Volume
2014-09-22,14.080000,14.400000,13.830000,14.110000,14.110000,1726100
2014-09-23,14.020000,14.090000,13.520000,13.600000,13.600000,1191100
2014-09-24,13.620000,13.880000,13.110000,13.620000,13.620000,977800
2014-09-25,13.600000,13.670000,13.150000,13.200000,13.200000,945000
2014-09-26,13.240000,13.700000,13.220000,13.400000,13.400000,922100
2014-09-29,13.180000,13.600000,13.040000,13.170000,13.170000,805500
2014-09-30,13.190000,13.240000,12.580000,12.580000,12.580000,1221700
2014-10-01,12.580000,12.700000,12.110000,12.320000,12.320000,1775900
2014-10-02,12.260000,12.450000,11.810000,12.080000,12.080000,2423800
2014-10-03,12.180000,12.280000,11.910000,11.980000,11.980000,877900
2014-10-06,12.000000,12.270000,11.640000,11.650000,11.650000,1395900
2014-10-07,11.600000,11.660000,11.390000,11.400000,11.400000,964200
2014-10-08,11.380000,11.480000,10.660000,11.250000,11.250000,1637300
2014-10-09,11.180000,11.360000,10.950000,11.060000,11.060000,1279100
2014-10-10,11.000000,11.110000,9.130000,9.140000,9.140000,3520300
2014-10-13,9.150000,9.180000,8.580000,8.590000,8.590000,2193500
2014-10-14,8.600000,9.400000,8.510000,9.390000,9.390000,2555000
2014-10-15,9.200000,10.070000,9.000000,10.040000,10.040000,2003600
2014-10-16,9.800000,10.600000,9.800000,10.390000,10.390000,1760500
2014-10-17,10.230000,11.750000,10.000000,11.710000,11.710000,3549700
2014-10-20,11.640000,12.390000,11.240000,11.410000,11.410000,1476600
2014-10-21,11.470000,12.580000,11.440000,12.440000,12.440000,2230200
2014-10-22,12.410000,12.600000,11.530000,11.570000,11.570000,1543700
2014-10-23,11.660000,11.990000,11.540000,11.730000,11.730000,724600
2014-10-24,11.710000,12.140000,11.520000,12.070000,12.070000,695700
2014-10-27,11.960000,12.010000,11.480000,11.560000,11.560000,1088100
2014-10-28,11.580000,11.970000,11.300000,11.730000,11.730000,820600
2014-10-29,11.800000,11.970000,11.260000,11.730000,11.730000,690500
2014-10-30,11.700000,12.200000,11.340000,12.000000,12.000000,550200
2014-10-31,12.390000,12.580000,12.040000,12.190000,12.190000,1185500
2014-11-03,12.230000,12.470000,12.020000,12.190000,12.190000,787100
2014-11-04,12.090000,12.290000,11.350000,11.630000,11.630000,1066300
2014-11-05,11.680000,11.740000,11.340000,11.560000,11.560000,794300
2014-11-06,11.620000,11.740000,11.340000,11.450000,11.450000,918700
2014-11-07,11.410000,12.230000,11.400000,12.100000,12.100000,1114100
2014-11-10,12.160000,12.360000,11.240000,11.540000,11.540000,1703300
2014-11-11,11.080000,11.780000,10.450000,11.140000,11.140000,1822700
2014-11-12,11.410000,14.380000,11.410000,13.670000,13.670000,7275200
2014-11-13,13.210000,16.650000,13.210000,16.510000,16.510000,7816500
2014-11-14,16.180000,17.049999,15.840000,16.500000,16.500000,3605400
2014-11-17,16.379999,16.520000,15.450000,15.780000,15.780000,1295400
2014-11-18,15.820000,16.379999,15.070000,15.320000,15.320000,952800
2014-11-19,15.210000,15.650000,14.130000,14.370000,14.370000,1675400
2014-11-20,15.860000,16.400000,14.900000,15.140000,15.140000,2710100
2014-11-21,15.390000,16.100000,15.300000,16.020000,16.020000,1335600
2014-11-24,15.940000,16.410000,15.670000,16.129999,16.129999,1025500
2014-11-25,16.510000,17.250000,15.940000,16.309999,16.309999,1053800
2014-11-26,16.299999,17.389999,16.250000,17.129999,17.129999,1779100
2014-11-28,17.129999,17.299999,16.660000,16.959999,16.959999,616600
2014-12-01,16.850000,17.240000,15.910000,15.980000,15.980000,1097500
2014-12-02,16.020000,16.719999,15.940000,16.240000,16.240000,903000
2014-12-03,16.010000,16.860001,16.010000,16.139999,16.139999,818900
2014-12-04,16.139999,16.139999,15.390000,15.680000,15.680000,967200
2014-12-05,15.680000,16.100000,15.530000,15.860000,15.860000,538400
2014-12-08,15.830000,16.000000,15.090000,15.180000,15.180000,525400
2014-12-09,15.010000,15.830000,14.870000,15.620000,15.620000,909300
2014-12-10,15.560000,15.880000,14.580000,14.590000,14.590000,1021900
2014-12-11,14.670000,15.500000,14.230000,14.860000,14.860000,759700
2014-12-12,14.000000,14.250000,12.710000,12.830000,12.830000,5117200
2014-12-15,12.860000,12.900000,11.850000,12.290000,12.290000,2213700
2014-12-16,12.210000,12.720000,11.770000,12.160000,12.160000,1694500
2014-12-17,12.160000,13.110000,11.960000,12.690000,12.690000,2287600
2014-12-18,12.990000,13.570000,12.990000,13.170000,13.170000,2387100
2014-12-19,13.270000,13.750000,13.120000,13.490000,13.490000,2660600
2014-12-22,15.000000,16.469999,14.940000,15.000000,15.000000,3706400
2014-12-23,15.140000,15.990000,15.040000,15.240000,15.240000,890300
2014-12-24,15.280000,15.630000,15.040000,15.440000,15.440000,522600
2014-12-26,15.530000,15.870000,15.390000,15.460000,15.460000,366500
2014-12-29,15.470000,15.860000,15.120000,15.450000,15.450000,542200
2014-12-30,15.430000,16.400000,15.330000,16.160000,16.160000,593400
2014-12-31,16.240000,16.299999,15.360000,15.690000,15.690000,643900
2015-01-02,15.730000,16.000000,15.150000,15.440000,15.440000,523900
2015-01-05,15.360000,15.440000,14.130000,14.280000,14.280000,1082000
2015-01-06,14.430000,14.600000,12.840000,13.310000,13.310000,1665800
2015-01-07,13.480000,13.540000,12.910000,13.200000,13.200000,944300
2015-01-08,13.310000,14.300000,13.200000,14.080000,14.080000,1304900
2015-01-09,13.980000,14.170000,13.440000,13.830000,13.830000,756000
2015-01-12,13.810000,13.810000,13.120000,13.250000,13.250000,685100
2015-01-13,13.350000,13.820000,12.190000,12.630000,12.630000,1076700
2015-01-14,12.220000,12.730000,11.720000,12.710000,12.710000,1618300
2015-01-15,12.700000,12.700000,11.570000,11.900000,11.900000,2081000
2015-01-16,11.930000,12.000000,11.180000,11.830000,11.830000,1352700
2015-01-20,11.760000,11.760000,11.240000,11.430000,11.430000,1154900
2015-01-21,11.360000,11.770000,11.270000,11.390000,11.390000,533700
2015-01-22,11.510000,11.620000,10.990000,11.590000,11.590000,1099900
2015-01-23,11.630000,11.950000,11.560000,11.660000,11.660000,487400
2015-01-26,11.580000,12.070000,11.550000,12.000000,12.000000,841400
2015-01-27,11.990000,12.070000,11.670000,11.670000,11.670000,726600
2015-01-28,11.720000,12.600000,11.470000,11.710000,11.710000,1114000
2015-01-29,11.730000,11.890000,11.340000,11.710000,11.710000,474000
2015-01-30,11.600000,11.700000,10.850000,10.890000,10.890000,838900
2015-02-02,10.920000,11.040000,10.300000,10.850000,10.850000,641900
2015-02-03,10.890000,11.410000,10.840000,11.280000,11.280000,632200
2015-02-04,11.250000,11.540000,11.120000,11.290000,11.290000,679300
2015-02-05,11.500000,11.660000,11.290000,11.510000,11.510000,278500
2015-02-06,11.560000,11.630000,11.000000,11.070000,11.070000,599700
2015-02-09,11.000000,11.140000,10.700000,10.930000,10.930000,536900
2015-02-10,11.040000,11.040000,10.600000,10.840000,10.840000,410200
2015-02-11,10.850000,10.860000,10.470000,10.530000,10.530000,335900
2015-02-12,10.620000,10.790000,10.530000,10.600000,10.600000,766100
2015-02-13,10.820000,11.120000,10.570000,10.790000,10.790000,550500
2015-02-17,10.990000,10.990000,10.680000,10.790000,10.790000,429800
2015-02-18,10.730000,11.000000,10.710000,10.860000,10.860000,667600
2015-02-19,10.770000,11.100000,10.730000,10.930000,10.930000,487000
2015-02-20,10.980000,11.010000,10.710000,10.940000,10.940000,395200
2015-02-23,10.870000,10.890000,10.090000,10.840000,10.840000,762600
2015-02-24,10.750000,10.850000,10.410000,10.800000,10.800000,484300
2015-02-25,10.800000,11.830000,10.690000,11.540000,11.540000,2368300
2015-02-26,11.560000,11.870000,10.790000,10.790000,10.790000,1000800
2015-02-27,10.760000,10.800000,10.420000,10.600000,10.600000,707000
2015-03-02,10.630000,11.060000,10.620000,11.020000,11.020000,1012500
2015-03-03,10.480000,11.250000,9.900000,10.580000,10.580000,1892700
2015-03-04,10.490000,10.530000,10.090000,10.360000,10.360000,866200
2015-03-05,10.490000,10.490000,10.090000,10.160000,10.160000,732200
2015-03-06,10.120000,10.200000,9.280000,9.630000,9.630000,1558800
2015-03-09,9.630000,9.890000,9.010000,9.880000,9.880000,1328400
2015-03-10,9.670000,9.750000,9.400000,9.620000,9.620000,856700
2015-03-11,9.660000,9.660000,9.420000,9.610000,9.610000,391400
2015-03-12,9.660000,9.750000,9.370000,9.740000,9.740000,474800
2015-03-13,9.750000,9.810000,9.360000,9.550000,9.550000,358100
2015-03-16,9.570000,9.800000,9.300000,9.620000,9.620000,375000
2015-03-17,9.540000,9.700000,9.060000,9.390000,9.390000,1077100
2015-03-18,9.280000,9.370000,8.780000,9.260000,9.260000,597300
2015-03-19,9.250000,9.470000,9.160000,9.440000,9.440000,405000
2015-03-20,9.470000,9.870000,9.270000,9.440000,9.440000,641800
2015-03-23,9.410000,9.850000,9.340000,9.660000,9.660000,628000
2015-03-24,9.620000,9.940000,9.570000,9.880000,9.880000,666000
2015-03-25,9.880000,9.880000,9.280000,9.400000,9.400000,466800
2015-03-26,9.400000,9.800000,9.280000,9.550000,9.550000,703800
2015-03-27,9.510000,9.720000,9.410000,9.700000,9.700000,539900
2015-03-30,9.850000,10.210000,9.710000,10.020000,10.020000,1086900
2015-03-31,9.950000,10.550000,9.900000,10.530000,10.530000,964000
2015-04-01,10.480000,10.940000,10.440000,10.830000,10.830000,1099000
2015-04-02,10.790000,11.020000,10.660000,10.910000,10.910000,721600
2015-04-06,10.790000,11.110000,10.640000,11.090000,11.090000,385500
2015-04-07,11.100000,11.100000,10.680000,10.910000,10.910000,596500
2015-04-08,10.970000,11.170000,10.920000,11.120000,11.120000,769400
2015-04-09,11.080000,11.330000,10.990000,11.270000,11.270000,1029900
2015-04-10,11.330000,11.500000,10.960000,11.320000,11.320000,560900
2015-04-13,11.220000,11.750000,11.040000,11.640000,11.640000,963600
2015-04-14,11.650000,11.800000,11.450000,11.710000,11.710000,1108600
2015-04-15,11.720000,12.400000,11.500000,12.390000,12.390000,1891200
2015-04-16,12.400000,12.480000,12.020000,12.210000,12.210000,822100
2015-04-17,12.120000,12.450000,11.990000,12.050000,12.050000,748100
2015-04-20,11.670000,11.670000,9.820000,10.000000,10.000000,3317800
2015-04-21,10.050000,10.180000,9.470000,9.920000,9.920000,1383600
2015-04-22,9.920000,10.210000,9.580000,9.680000,9.680000,875100
2015-04-23,9.700000,9.900000,9.560000,9.650000,9.650000,579300
2015-04-24,9.680000,9.960000,9.650000,9.830000,9.830000,686000
2015-04-27,9.830000,9.860000,9.370000,9.470000,9.470000,807100
2015-04-28,9.480000,9.510000,9.240000,9.430000,9.430000,1037900
2015-04-29,9.310000,9.450000,9.260000,9.370000,9.370000,407000
2015-04-30,9.260000,9.550000,9.190000,9.490000,9.490000,722600
2015-05-01,9.540000,9.600000,9.230000,9.320000,9.320000,749500
2015-05-04,9.340000,9.510000,9.250000,9.300000,9.300000,553400
2015-05-05,9.340000,9.510000,9.260000,9.410000,9.410000,747700
2015-05-06,9.440000,9.520000,9.170000,9.310000,9.310000,645300
2015-05-07,9.260000,10.110000,9.260000,10.000000,10.000000,1582000
2015-05-08,10.250000,10.490000,9.900000,10.190000,10.190000,1074900
2015-05-11,10.190000,10.530000,10.140000,10.210000,10.210000,740500
2015-05-12,10.170000,10.480000,10.010000,10.310000,10.310000,813100
2015-05-13,10.450000,10.920000,10.400000,10.670000,10.670000,1037600
2015-05-14,10.660000,10.850000,10.390000,10.400000,10.400000,474900
2015-05-15,10.350000,10.550000,10.110000,10.270000,10.270000,535700
2015-05-18,10.190000,10.300000,9.960000,9.990000,9.990000,658000
2015-05-19,9.940000,10.090000,9.840000,9.970000,9.970000,431600
2015-05-20,10.000000,10.090000,9.900000,9.960000,9.960000,275300
2015-05-21,9.940000,10.170000,9.870000,10.010000,10.010000,553400
2015-05-22,9.980000,10.140000,9.870000,9.980000,9.980000,270200
2015-05-26,10.470000,10.550000,9.850000,9.930000,9.930000,574400
2015-05-27,9.940000,9.980000,9.700000,9.840000,9.840000,534900
2015-05-28,9.790000,9.870000,9.650000,9.800000,9.800000,1063000
2015-05-29,9.750000,9.990000,9.280000,9.360000,9.360000,764500
2015-06-01,9.420000,9.420000,7.810000,7.860000,7.860000,4375700
2015-06-02,7.810000,7.850000,7.050000,7.600000,7.600000,4509500
2015-06-03,7.640000,7.900000,7.410000,7.880000,7.880000,1875800
2015-06-04,7.880000,7.960000,7.070000,7.160000,7.160000,5628700
2015-06-05,7.150000,7.270000,5.950000,6.410000,6.410000,7350100
2015-06-08,6.480000,6.570000,6.120000,6.260000,6.260000,2506600
2015-06-09,6.250000,6.690000,6.250000,6.520000,6.520000,1764800
2015-06-10,6.540000,7.040000,6.500000,6.900000,6.900000,1361900
2015-06-11,6.890000,7.030000,6.780000,6.910000,6.910000,979400
2015-06-12,6.850000,7.080000,6.830000,6.970000,6.970000,838600
2015-06-15,6.920000,7.000000,6.690000,6.870000,6.870000,754600
2015-06-16,7.010000,7.010000,6.500000,6.600000,6.600000,1770200
2015-06-17,6.590000,6.600000,6.380000,6.490000,6.490000,800500
2015-06-18,6.500000,6.670000,6.420000,6.500000,6.500000,750800
2015-06-19,6.530000,6.620000,6.400000,6.590000,6.590000,1073300
2015-06-22,6.630000,6.820000,6.500000,6.520000,6.520000,700300
2015-06-23,6.520000,6.710000,6.450000,6.480000,6.480000,638200
2015-06-24,6.480000,6.580000,6.160000,6.250000,6.250000,963100
2015-06-25,6.260000,6.260000,6.040000,6.210000,6.210000,671400
2015-06-26,6.250000,6.360000,6.160000,6.340000,6.340000,1017800
2015-06-29,6.280000,6.300000,6.050000,6.120000,6.120000,1359700
2015-06-30,6.190000,6.230000,6.010000,6.120000,6.120000,1132300
2015-07-01,6.180000,6.320000,6.090000,6.260000,6.260000,2429800
2015-07-02,6.300000,6.440000,6.130000,6.230000,6.230000,672500
2015-07-06,6.180000,6.340000,6.020000,6.150000,6.150000,1062300
2015-07-07,6.160000,6.310000,5.940000,6.280000,6.280000,1310200
2015-07-08,6.240000,6.400000,6.050000,6.090000,6.090000,973700
2015-07-09,6.150000,6.480000,6.150000,6.330000,6.330000,1488700
2015-07-10,6.450000,6.660000,6.290000,6.450000,6.450000,1659700
2015-07-13,6.550000,6.990000,6.350000,6.790000,6.790000,1013000
2015-07-14,6.740000,7.050000,6.640000,6.890000,6.890000,972500
2015-07-15,6.880000,6.880000,6.550000,6.650000,6.650000,671600
2015-07-16,6.760000,6.900000,6.600000,6.850000,6.850000,622700
2015-07-17,6.870000,6.980000,6.750000,6.810000,6.810000,1215500
2015-07-20,6.890000,6.890000,6.420000,6.550000,6.550000,923400
2015-07-21,6.840000,8.310000,6.840000,8.020000,8.020000,5106400
2015-07-22,7.690000,7.790000,3.300000,4.760000,4.760000,12627700
2015-07-23,4.850000,5.240000,4.700000,5.140000,5.140000,5421200
2015-07-24,5.070000,5.230000,4.710000,4.840000,4.840000,2249200
2015-07-27,4.910000,4.930000,4.610000,4.920000,4.920000,1179400
2015-07-28,4.900000,5.160000,4.760000,5.050000,5.050000,1994300
2015-07-29,5.050000,5.170000,4.930000,5.090000,5.090000,2246600
2015-07-30,5.040000,5.200000,5.010000,5.190000,5.190000,917200
2015-07-31,5.170000,5.280000,5.090000,5.210000,5.210000,953500
2015-08-03,5.180000,5.470000,5.160000,5.400000,5.400000,1000600
2015-08-04,5.320000,5.460000,5.230000,5.340000,5.340000,1094800
2015-08-05,5.300000,5.970000,5.300000,5.860000,5.860000,1893400
2015-08-06,5.810000,7.440000,5.810000,6.480000,6.480000,2669700
2015-08-07,6.300000,6.860000,6.190000,6.860000,6.860000,2024800
2015-08-10,6.760000,7.870000,6.710000,7.620000,7.620000,2855200
2015-08-11,7.440000,7.890000,7.300000,7.400000,7.400000,3078700
2015-08-12,7.230000,7.870000,7.210000,7.800000,7.800000,1366200
2015-08-13,7.780000,7.990000,7.540000,7.610000,7.610000,1150700
2015-08-14,7.500000,7.770000,7.300000,7.360000,7.360000,697600
2015-08-17,7.900000,7.920000,7.320000,7.500000,7.500000,952200
2015-08-18,7.640000,7.720000,7.270000,7.350000,7.350000,1189700
2015-08-19,7.200000,7.290000,6.830000,6.930000,6.930000,939100
2015-08-20,6.950000,7.160000,6.720000,6.870000,6.870000,955800
2015-08-21,6.740000,8.090000,6.690000,8.020000,8.020000,2271700
2015-08-24,7.440000,9.230000,7.370000,8.980000,8.980000,3726700
2015-08-25,9.170000,9.560000,8.340000,8.470000,8.470000,2133600
2015-08-26,8.600000,8.750000,8.320000,8.460000,8.460000,1027800
2015-08-27,8.510000,10.610000,7.830000,8.710000,8.710000,4506900
2015-08-28,8.650000,9.330000,8.640000,9.170000,9.170000,1314700
2015-08-31,9.140000,9.660000,8.880000,9.550000,9.550000,1034000
2015-09-01,9.380000,9.530000,8.850000,9.040000,9.040000,1128100
2015-09-02,9.130000,9.250000,8.620000,8.970000,8.970000,751700
2015-09-03,8.980000,9.580000,8.930000,9.190000,9.190000,763000
2015-09-04,9.060000,9.410000,9.030000,9.310000,9.310000,535000
2015-09-08,9.490000,9.910000,9.330000,9.600000,9.600000,1047800
2015-09-09,9.560000,9.770000,9.370000,9.460000,9.460000,678500
2015-09-10,9.390000,9.510000,9.190000,9.410000,9.410000,603000
2015-09-11,9.320000,9.460000,9.200000,9.380000,9.380000,391500
2015-09-14,9.350000,9.690000,9.350000,9.600000,9.600000,467200
2015-09-15,9.560000,9.750000,9.430000,9.740000,9.740000,508300
2015-09-16,9.630000,9.850000,9.430000,9.520000,9.520000,694800
2015-09-17,9.460000,9.690000,9.370000,9.400000,9.400000,802800
2015-09-18,9.230000,9.530000,9.130000,9.200000,9.200000,1154800
2015-09-21,9.020000,9.280000,8.880000,8.970000,8.970000,746200
2015-09-22,8.850000,9.000000,8.640000,8.680000,8.680000,700500
2015-09-23,8.640000,8.870000,8.030000,8.040000,8.040000,706800
2015-09-24,7.900000,7.910000,6.830000,7.510000,7.510000,2341800
2015-09-25,7.490000,7.730000,7.070000,7.170000,7.170000,896700
2015-09-28,7.110000,7.130000,6.750000,6.850000,6.850000,760500
2015-09-29,6.820000,6.990000,6.560000,6.690000,6.690000,823100
2015-09-30,6.760000,6.870000,5.600000,5.890000,5.890000,2703800
2015-10-01,5.800000,6.780000,5.750000,6.780000,6.780000,1427600
2015-10-02,6.590000,7.300000,6.050000,7.300000,7.300000,828400
2015-10-05,7.260000,7.690000,7.260000,7.550000,7.550000,483800
2015-10-06,7.460000,7.700000,7.360000,7.450000,7.450000,578000
2015-10-07,7.480000,7.900000,7.350000,7.820000,7.820000,518200
2015-10-08,7.900000,8.390000,7.340000,7.950000,7.950000,1380700
2015-10-09,8.000000,8.100000,7.510000,8.000000,8.000000,636300
2015-10-12,7.970000,8.000000,7.660000,7.710000,7.710000,349600
2015-10-13,7.740000,8.010000,7.640000,7.710000,7.710000,420700
2015-10-14,7.670000,7.950000,7.590000,7.920000,7.920000,321000
2015-10-15,8.030000,8.140000,7.820000,8.060000,8.060000,562900
2015-10-16,8.050000,8.230000,7.980000,8.050000,8.050000,575300
2015-10-19,7.990000,8.030000,7.800000,8.000000,8.000000,333900
2015-10-20,7.940000,8.060000,7.820000,7.990000,7.990000,330000
2015-10-21,8.040000,8.100000,7.620000,7.670000,7.670000,659300
2015-10-22,7.820000,8.060000,7.600000,7.930000,7.930000,476200
2015-10-23,8.000000,8.290000,7.890000,8.030000,8.030000,578100
2015-10-26,8.010000,8.120000,7.910000,7.970000,7.970000,429800
2015-10-27,7.980000,8.170000,7.850000,8.000000,8.000000,439300
2015-10-28,7.980000,8.190000,7.880000,8.030000,8.030000,831700
2015-10-29,8.010000,8.150000,7.950000,8.080000,8.080000,461200
2015-10-30,8.080000,8.260000,7.980000,8.050000,8.050000,623500
2015-11-02,8.020000,9.170000,8.010000,9.030000,9.030000,924200
2015-11-03,8.960000,9.120000,8.570000,8.870000,8.870000,665300
2015-11-04,8.930000,9.050000,8.720000,8.800000,8.800000,637700
2015-11-05,8.800000,9.000000,8.610000,8.840000,8.840000,417800
2015-11-06,8.810000,9.000000,8.720000,8.740000,8.740000,405900
2015-11-09,8.890000,8.890000,8.270000,8.590000,8.590000,904500
2015-11-10,8.220000,8.480000,7.600000,7.840000,7.840000,1305900
2015-11-11,7.870000,8.250000,7.840000,7.950000,7.950000,832400
2015-11-12,7.880000,7.880000,7.450000,7.670000,7.670000,925700
2015-11-13,7.640000,7.990000,7.470000,7.940000,7.940000,1172300
2015-11-16,7.940000,8.020000,7.570000,7.570000,7.570000,650500
2015-11-17,7.570000,7.600000,6.910000,6.950000,6.950000,915500
2015-11-18,6.920000,7.060000,6.670000,6.940000,6.940000,726100
2015-11-19,6.870000,7.460000,6.760000,7.430000,7.430000,742400
2015-11-20,7.480000,7.600000,7.290000,7.290000,7.290000,548400
2015-11-23,7.340000,7.560000,7.200000,7.390000,7.390000,461100
2015-11-24,7.330000,7.680000,6.980000,7.660000,7.660000,464900
2015-11-25,7.690000,8.020000,7.560000,7.990000,7.990000,337700
2015-11-27,7.960000,8.120000,7.850000,8.090000,8.090000,271100
2015-11-30,8.070000,8.500000,7.990000,8.470000,8.470000,565400
2015-12-01,8.450000,8.850000,8.210000,8.250000,8.250000,938400
2015-12-02,8.200000,8.880000,8.110000,8.680000,8.680000,610900
2015-12-03,8.600000,8.770000,7.930000,7.960000,7.960000,526100
2015-12-04,7.950000,8.500000,7.560000,7.850000,7.850000,537100
2015-12-07,7.780000,7.890000,7.060000,7.140000,7.140000,817300
2015-12-08,7.060000,7.320000,7.000000,7.260000,7.260000,889700
2015-12-09,7.250000,7.780000,7.150000,7.760000,7.760000,1115400
2015-12-10,7.750000,8.140000,7.530000,8.140000,8.140000,706200
2015-12-11,8.000000,8.340000,7.810000,7.840000,7.840000,1147900
2015-12-14,7.790000,7.800000,7.370000,7.560000,7.560000,817400
2015-12-15,7.560000,7.650000,7.270000,7.320000,7.320000,972300
2015-12-16,7.390000,7.680000,7.330000,7.640000,7.640000,901700
2015-12-17,7.640000,8.130000,7.640000,7.680000,7.680000,747900
2015-12-18,7.700000,7.850000,7.370000,7.590000,7.590000,1073900
2015-12-21,7.630000,7.950000,7.450000,7.710000,7.710000,582800
2015-12-22,7.710000,8.010000,7.660000,8.000000,8.000000,648900
2015-12-23,8.070000,8.300000,7.910000,8.130000,8.130000,1016300
2015-12-24,8.220000,8.390000,8.150000,8.320000,8.320000,281400
2015-12-28,8.250000,8.300000,7.850000,7.890000,7.890000,405100
2015-12-29,7.960000,8.500000,7.850000,8.250000,8.250000,675600
2015-12-30,8.230000,8.350000,7.900000,8.010000,8.010000,388700
2015-12-31,8.000000,8.290000,7.810000,7.890000,7.890000,419200
2016-01-04,7.780000,8.110000,7.510000,7.740000,7.740000,976600
2016-01-05,7.790000,8.200000,7.670000,7.910000,7.910000,594900
2016-01-06,7.770000,8.110000,7.260000,7.330000,7.330000,626400
2016-01-07,7.180000,7.190000,6.530000,6.550000,6.550000,1454600
2016-01-08,6.610000,7.090000,6.610000,6.710000,6.710000,679600
2016-01-11,6.770000,6.900000,6.030000,6.240000,6.240000,921600
2016-01-12,6.350000,6.640000,6.260000,6.620000,6.620000,1268000
2016-01-13,6.660000,6.860000,6.020000,6.140000,6.140000,1202200
2016-01-14,6.190000,6.420000,5.840000,6.330000,6.330000,1038300
2016-01-15,6.160000,6.620000,6.050000,6.540000,6.540000,958600
2016-01-19,6.580000,6.700000,6.130000,6.490000,6.490000,1060300
2016-01-20,6.410000,6.480000,5.880000,6.270000,6.270000,944200
2016-01-21,6.150000,6.520000,5.650000,6.500000,6.500000,1518700
2016-01-22,6.570000,6.940000,6.500000,6.670000,6.670000,801100
2016-01-25,6.600000,6.760000,6.080000,6.130000,6.130000,633200
2016-01-26,6.130000,6.590000,5.920000,6.450000,6.450000,605000
2016-01-27,6.400000,6.560000,6.210000,6.410000,6.410000,625600
2016-01-28,6.550000,6.670000,6.240000,6.480000,6.480000,606000
2016-01-29,6.540000,6.950000,6.510000,6.930000,6.930000,732500
2016-02-01,6.830000,6.830000,6.520000,6.680000,6.680000,513400
2016-02-02,6.650000,6.650000,6.200000,6.550000,6.550000,877300
2016-02-03,6.610000,6.620000,6.200000,6.480000,6.480000,645800
2016-02-04,6.430000,6.750000,6.370000,6.400000,6.400000,527200
2016-02-05,6.330000,6.500000,6.280000,6.390000,6.390000,649400
2016-02-08,6.320000,6.340000,6.010000,6.160000,6.160000,465600
2016-02-09,6.050000,6.260000,5.900000,6.050000,6.050000,699800
2016-02-10,6.110000,6.350000,5.920000,6.040000,6.040000,609900
2016-02-11,5.920000,6.250000,5.830000,6.240000,6.240000,1318300
2016-02-12,6.290000,6.420000,5.990000,6.030000,6.030000,808800
2016-02-16,6.150000,6.610000,6.060000,6.500000,6.500000,747800
2016-02-17,6.590000,7.500000,6.500000,7.490000,7.490000,1185500
2016-02-18,7.560000,7.560000,6.930000,7.330000,7.330000,709400
2016-02-19,7.280000,7.340000,6.940000,7.280000,7.280000,585100
2016-02-22,7.500000,7.750000,7.320000,7.730000,7.730000,778200
2016-02-23,7.870000,7.990000,7.510000,7.520000,7.520000,787900
2016-02-24,6.440000,8.090000,6.420000,7.750000,7.750000,1108500
2016-02-25,7.800000,8.210000,7.740000,8.200000,8.200000,1284600
2016-02-26,8.210000,9.490000,8.210000,9.050000,9.050000,3313900
2016-02-29,9.100000,9.640000,9.020000,9.040000,9.040000,1646900
2016-03-01,9.210000,9.470000,9.110000,9.210000,9.210000,1313900
2016-03-02,9.200000,9.450000,8.730000,9.210000,9.210000,1249300
2016-03-03,9.340000,9.370000,8.900000,8.950000,8.950000,1484700
2016-03-04,8.920000,9.110000,8.750000,8.800000,8.800000,933900
2016-03-07,8.780000,8.970000,8.610000,8.750000,8.750000,876900
2016-03-08,8.660000,8.700000,7.520000,7.530000,7.530000,1454300
2016-03-09,7.570000,7.970000,7.380000,7.850000,7.850000,662800
2016-03-10,8.030000,8.060000,7.240000,7.270000,7.270000,1900700
2016-03-11,7.490000,7.630000,7.270000,7.450000,7.450000,732700
2016-03-14,7.450000,7.450000,6.950000,7.080000,7.080000,1184400
2016-03-15,7.200000,7.400000,7.000000,7.200000,7.200000,652000
2016-03-16,6.040000,7.230000,5.910000,6.230000,6.230000,4626100
2016-03-17,6.180000,6.640000,6.160000,6.560000,6.560000,1806300
2016-03-18,6.650000,6.940000,6.510000,6.570000,6.570000,1584100
2016-03-21,6.500000,6.560000,6.270000,6.300000,6.300000,724400
2016-03-22,6.300000,6.480000,6.170000,6.380000,6.380000,814500
2016-03-23,6.410000,6.410000,6.180000,6.270000,6.270000,781800
2016-03-24,6.250000,6.370000,6.170000,6.220000,6.220000,408600
2016-03-28,6.260000,6.440000,6.110000,6.400000,6.400000,729500
2016-03-29,6.370000,6.530000,6.220000,6.490000,6.490000,812600
2016-03-30,6.490000,6.760000,6.470000,6.570000,6.570000,861600
2016-03-31,6.540000,6.800000,6.540000,6.800000,6.800000,1437800
2016-04-01,6.670000,6.790000,6.530000,6.590000,6.590000,531600
2016-04-04,6.600000,6.610000,6.260000,6.400000,6.400000,1484600
2016-04-05,6.340000,6.510000,6.270000,6.300000,6.300000,618200
2016-04-06,6.310000,6.390000,6.240000,6.370000,6.370000,479200
2016-04-07,6.320000,6.600000,6.320000,6.570000,6.570000,1313600
2016-04-08,6.630000,7.140000,6.590000,6.780000,6.780000,1434000
2016-04-11,6.780000,6.850000,6.580000,6.780000,6.780000,545700
2016-04-12,6.820000,6.880000,6.360000,6.850000,6.850000,1053300
2016-04-13,6.900000,7.050000,6.770000,7.020000,7.020000,984100
2016-04-14,7.080000,7.410000,7.060000,7.170000,7.170000,706900
2016-04-15,7.130000,7.330000,7.080000,7.250000,7.250000,577600
2016-04-18,7.170000,7.380000,7.140000,7.330000,7.330000,645400
2016-04-19,7.370000,7.550000,7.340000,7.520000,7.520000,742700
2016-04-20,7.540000,7.700000,7.360000,7.440000,7.440000,492400
2016-04-21,7.360000,7.550000,7.270000,7.470000,7.470000,545300
2016-04-22,7.500000,7.570000,7.190000,7.370000,7.370000,229000
2016-04-25,7.310000,7.440000,7.010000,7.090000,7.090000,420900
2016-04-26,7.150000,7.280000,7.000000,7.280000,7.280000,465000
2016-04-27,7.320000,7.390000,6.930000,7.200000,7.200000,482200
2016-04-28,7.160000,7.360000,7.070000,7.080000,7.080000,395300
2016-04-29,7.040000,7.100000,6.680000,6.830000,6.830000,534200
2016-05-02,6.900000,7.110000,6.740000,7.090000,7.090000,864900
2016-05-03,7.030000,7.080000,6.800000,6.870000,6.870000,464100
2016-05-04,6.790000,6.950000,6.720000,6.750000,6.750000,528200
2016-05-05,6.840000,6.880000,6.620000,6.740000,6.740000,500500
2016-05-06,6.630000,6.900000,6.560000,6.770000,6.770000,974500
2016-05-09,6.790000,6.920000,6.500000,6.900000,6.900000,722200
2016-05-10,7.040000,7.260000,6.740000,7.180000,7.180000,1012900
2016-05-11,7.220000,7.240000,6.980000,7.160000,7.160000,390300
2016-05-12,7.180000,7.280000,6.850000,7.140000,7.140000,896800
2016-05-13,7.120000,7.320000,6.900000,6.940000,6.940000,1004300
2016-05-16,7.040000,7.510000,6.900000,7.470000,7.470000,1139000
2016-05-17,7.450000,7.530000,7.210000,7.290000,7.290000,972200
2016-05-18,7.220000,7.300000,6.850000,6.870000,6.870000,642900
2016-05-19,6.820000,6.880000,6.660000,6.710000,6.710000,577700
2016-05-20,6.820000,6.920000,6.700000,6.850000,6.850000,429000
2016-05-23,6.860000,6.980000,6.770000,6.920000,6.920000,311500
2016-05-24,6.990000,7.050000,6.920000,7.010000,7.010000,353700
2016-05-25,7.040000,7.130000,6.980000,7.070000,7.070000,402300
2016-05-26,7.100000,7.190000,6.950000,7.040000,7.040000,311600
2016-05-27,7.050000,7.520000,6.970000,7.380000,7.380000,511500
2016-05-31,7.390000,7.490000,7.250000,7.330000,7.330000,529900
2016-06-01,7.310000,7.770000,7.200000,7.750000,7.750000,882200
2016-06-02,7.700000,8.060000,7.620000,7.990000,7.990000,515800
2016-06-03,7.970000,8.230000,7.810000,8.110000,8.110000,604200
2016-06-06,8.050000,8.340000,8.030000,8.280000,8.280000,559300
2016-06-07,8.260000,8.770000,8.130000,8.680000,8.680000,676000
2016-06-08,8.710000,8.710000,8.090000,8.190000,8.190000,1419800
2016-06-09,8.130000,8.500000,8.030000,8.350000,8.350000,837800
2016-06-10,8.210000,8.670000,8.090000,8.320000,8.320000,603200
2016-06-13,8.220000,8.390000,8.080000,8.080000,8.080000,407500
2016-06-14,8.060000,8.070000,7.720000,7.850000,7.850000,756500
2016-06-15,7.830000,8.680000,7.790000,8.590000,8.590000,820900
2016-06-16,8.420000,8.530000,8.210000,8.310000,8.310000,487300
2016-06-17,8.340000,8.730000,8.310000,8.580000,8.580000,1113800
2016-06-20,8.660000,8.860000,8.320000,8.330000,8.330000,581000
2016-06-21,8.350000,8.580000,8.280000,8.450000,8.450000,738500
2016-06-22,8.460000,8.560000,8.230000,8.380000,8.380000,654000
2016-06-23,8.510000,8.780000,8.400000,8.670000,8.670000,2309300
2016-06-24,8.200000,8.500000,8.030000,8.300000,8.300000,1101500
2016-06-27,8.130000,8.140000,7.690000,7.730000,7.730000,666200
2016-06-28,7.920000,8.060000,7.800000,7.910000,7.910000,325400
2016-06-29,8.050000,8.230000,8.010000,8.130000,8.130000,310900
2016-06-30,8.050000,8.060000,7.620000,7.690000,7.690000,2269000
2016-07-01,7.660000,7.680000,6.890000,6.980000,6.980000,1692100
2016-07-05,7.120000,7.120000,6.610000,6.650000,6.650000,1189600
2016-07-06,6.740000,6.790000,6.430000,6.760000,6.760000,1088400
2016-07-07,6.830000,6.870000,6.670000,6.770000,6.770000,764100
2016-07-08,6.810000,7.000000,6.790000,6.850000,6.850000,706400
2016-07-11,6.900000,7.180000,6.810000,6.980000,6.980000,1036900
2016-07-12,7.090000,7.220000,6.900000,7.070000,7.070000,514100
2016-07-13,7.070000,7.090000,6.900000,6.960000,6.960000,532500
2016-07-14,7.080000,7.080000,6.760000,6.940000,6.940000,917500
2016-07-15,7.020000,7.050000,6.910000,7.000000,7.000000,524200
2016-07-18,7.000000,7.180000,6.950000,6.980000,6.980000,427900
2016-07-19,7.000000,7.000000,6.760000,6.770000,6.770000,399000
2016-07-20,6.800000,6.990000,6.750000,6.970000,6.970000,678100
2016-07-21,6.910000,7.100000,6.830000,6.870000,6.870000,484800
2016-07-22,6.860000,7.020000,6.850000,6.990000,6.990000,495700
2016-07-25,6.930000,7.270000,6.930000,6.960000,6.960000,509500
2016-07-26,6.970000,7.190000,6.970000,7.140000,7.140000,469300
2016-07-27,7.170000,7.200000,6.970000,7.090000,7.090000,438300
2016-07-28,7.060000,7.090000,6.960000,7.040000,7.040000,394100
2016-07-29,7.070000,7.070000,6.900000,6.900000,6.900000,504400
2016-08-01,7.610000,7.690000,7.210000,7.360000,7.360000,1357800
2016-08-02,7.370000,8.370000,7.370000,7.940000,7.940000,4520200
2016-08-03,7.540000,7.840000,7.120000,7.290000,7.290000,1831700
2016-08-04,7.340000,7.650000,7.280000,7.470000,7.470000,633200
2016-08-05,7.470000,7.800000,7.390000,7.410000,7.410000,807500
2016-08-08,7.410000,7.630000,7.390000,7.440000,7.440000,582700
2016-08-09,7.410000,7.600000,7.410000,7.500000,7.500000,389000
2016-08-10,7.550000,7.600000,7.410000,7.410000,7.410000,400800
2016-08-11,7.480000,7.610000,7.410000,7.480000,7.480000,437500
2016-08-12,7.580000,7.580000,7.430000,7.430000,7.430000,396900
2016-08-15,7.400000,7.560000,7.400000,7.450000,7.450000,613800
2016-08-16,7.480000,7.480000,7.290000,7.300000,7.300000,726500
2016-08-17,7.300000,7.870000,7.230000,7.760000,7.760000,3246500
2016-08-18,7.730000,7.800000,7.550000,7.750000,7.750000,770400
2016-08-19,7.720000,7.810000,7.570000,7.720000,7.720000,845100
2016-08-22,7.770000,7.770000,7.510000,7.670000,7.670000,321900
2016-08-23,7.620000,7.810000,7.530000,7.660000,7.660000,458400
2016-08-24,7.600000,7.760000,7.530000,7.600000,7.600000,539100
2016-08-25,7.540000,7.810000,7.520000,7.560000,7.560000,578400
2016-08-26,7.550000,7.760000,7.380000,7.530000,7.530000,754500
2016-08-29,5.680000,6.590000,5.390000,6.350000,6.350000,6370600
2016-08-30,6.380000,6.640000,6.300000,6.340000,6.340000,1114600
2016-08-31,6.300000,6.440000,6.210000,6.320000,6.320000,704000
2016-09-01,6.280000,6.450000,6.180000,6.230000,6.230000,841000
2016-09-02,6.330000,6.390000,6.120000,6.150000,6.150000,823300
2016-09-06,6.190000,6.240000,6.060000,6.170000,6.170000,561200
2016-09-07,6.200000,6.510000,6.180000,6.490000,6.490000,1176300
2016-09-08,6.510000,6.740000,6.500000,6.680000,6.680000,852500
2016-09-09,6.620000,6.670000,6.210000,6.320000,6.320000,981600
2016-09-12,6.220000,6.690000,6.160000,6.670000,6.670000,1059900
2016-09-13,6.570000,6.670000,6.490000,6.630000,6.630000,599600
2016-09-14,6.650000,6.830000,6.650000,6.770000,6.770000,663100
2016-09-15,6.790000,6.900000,6.750000,6.850000,6.850000,474100
2016-09-16,6.810000,6.870000,6.720000,6.800000,6.800000,1017100
2016-09-19,6.850000,6.890000,6.740000,6.780000,6.780000,355400
2016-09-20,6.800000,6.830000,6.640000,6.670000,6.670000,1178500
2016-09-21,6.670000,8.270000,6.610000,8.100000,8.100000,2997500
2016-09-22,8.140000,10.840000,8.140000,9.780000,9.780000,5104100
2016-09-23,9.210000,9.690000,9.010000,9.540000,9.540000,2614600
2016-09-26,9.510000,10.200000,9.320000,9.460000,9.460000,1545100
2016-09-27,7.900000,8.800000,7.660000,7.670000,7.670000,7684300
2016-09-28,7.650000,7.900000,7.590000,7.610000,7.610000,2199700
2016-09-29,7.670000,7.720000,7.280000,7.400000,7.400000,1709600
2016-09-30,7.450000,7.520000,7.370000,7.450000,7.450000,2115200
2016-10-03,7.480000,7.600000,7.470000,7.580000,7.580000,1033800
2016-10-04,7.580000,7.750000,7.550000,7.640000,7.640000,1323300
2016-10-05,7.650000,7.930000,7.650000,7.700000,7.700000,1488500
2016-10-06,7.710000,7.790000,7.670000,7.680000,7.680000,584300
2016-10-07,7.690000,7.740000,7.560000,7.690000,7.690000,834400
2016-10-10,7.700000,7.750000,7.600000,7.650000,7.650000,569700
2016-10-11,7.700000,7.750000,7.400000,7.500000,7.500000,583000
2016-10-12,7.550000,7.600000,7.470000,7.600000,7.600000,441300
2016-10-13,7.500000,7.550000,7.300000,7.450000,7.450000,452500
2016-10-14,7.450000,7.500000,7.350000,7.500000,7.500000,661600
2016-10-17,7.550000,7.550000,7.350000,7.550000,7.550000,347600
2016-10-18,7.600000,7.600000,7.250000,7.300000,7.300000,821000
2016-10-19,7.350000,7.650000,7.270000,7.450000,7.450000,720400
2016-10-20,7.400000,7.450000,7.230000,7.300000,7.300000,557800
2016-10-21,7.250000,7.400000,7.100000,7.200000,7.200000,926600
2016-10-24,7.300000,7.350000,7.250000,7.350000,7.350000,364200
2016-10-25,7.300000,7.400000,7.180000,7.250000,7.250000,816200
2016-10-26,7.250000,7.350000,7.100000,7.150000,7.150000,742700
2016-10-27,7.150000,7.200000,6.970000,7.150000,7.150000,599300
2016-10-28,7.100000,7.200000,7.000000,7.100000,7.100000,680400
2016-10-31,7.100000,7.180000,7.000000,7.100000,7.100000,525400
2016-11-01,7.150000,7.230000,6.950000,7.100000,7.100000,1266400
2016-11-02,7.050000,7.150000,7.000000,7.050000,7.050000,429500
2016-11-03,7.100000,7.150000,6.750000,6.850000,6.850000,526300
2016-11-04,6.800000,7.050000,6.700000,6.800000,6.800000,861800
2016-11-07,6.950000,7.080000,6.800000,6.900000,6.900000,526200
2016-11-08,6.750000,7.230000,6.750000,6.950000,6.950000,757900
2016-11-09,6.950000,7.300000,6.860000,7.250000,7.250000,793700
2016-11-10,7.250000,7.400000,7.030000,7.150000,7.150000,755300
2016-11-11,7.150000,7.300000,7.050000,7.250000,7.250000,771500
2016-11-14,7.400000,7.400000,7.100000,7.150000,7.150000,625200
2016-11-15,7.200000,7.200000,7.000000,7.000000,7.000000,622100
2016-11-16,7.000000,7.100000,6.950000,7.000000,7.000000,649400
2016-11-17,7.050000,7.200000,6.850000,6.900000,6.900000,993000
2016-11-18,6.950000,7.150000,6.950000,7.100000,7.100000,485700
2016-11-21,7.050000,7.400000,7.050000,7.250000,7.250000,648700
2016-11-22,7.200000,7.350000,7.200000,7.350000,7.350000,368800
2016-11-23,7.300000,7.400000,7.250000,7.400000,7.400000,308300
2016-11-25,7.350000,7.550000,7.350000,7.550000,7.550000,321400
2016-11-28,7.500000,7.600000,7.400000,7.550000,7.550000,659500
2016-11-29,7.550000,7.630000,7.200000,7.350000,7.350000,1266600
2016-11-30,7.450000,7.600000,7.280000,7.500000,7.500000,1239100
2016-12-01,7.500000,7.600000,7.480000,7.550000,7.550000,727600
2016-12-02,7.550000,7.830000,7.540000,7.800000,7.800000,722200
2016-12-05,7.750000,8.300000,7.750000,8.150000,8.150000,1090100
2016-12-06,8.150000,8.300000,7.850000,8.250000,8.250000,2122000
2016-12-07,8.250000,8.350000,8.000000,8.200000,8.200000,1557600
2016-12-08,8.300000,8.300000,7.850000,8.100000,8.100000,1670800
2016-12-09,8.150000,8.300000,8.000000,8.250000,8.250000,1532200
2016-12-12,8.300000,8.430000,8.100000,8.200000,8.200000,945200
2016-12-13,8.250000,8.350000,8.200000,8.250000,8.250000,409600
2016-12-14,8.200000,8.250000,8.000000,8.050000,8.050000,599300
2016-12-15,8.050000,8.250000,7.580000,7.600000,7.600000,886800
2016-12-16,7.600000,7.730000,7.200000,7.500000,7.500000,1636000
2016-12-19,7.550000,7.600000,7.250000,7.300000,7.300000,986400
2016-12-20,7.300000,7.450000,7.200000,7.400000,7.400000,651300
2016-12-21,7.450000,7.550000,7.330000,7.450000,7.450000,964900
2016-12-22,7.450000,7.500000,7.150000,7.150000,7.150000,667900
2016-12-23,7.200000,7.900000,7.050000,7.850000,7.850000,1526400
2016-12-27,7.800000,8.200000,7.800000,8.200000,8.200000,1235700
2016-12-28,8.150000,8.250000,7.900000,8.050000,8.050000,825600
2016-12-29,8.050000,8.350000,8.050000,8.300000,8.300000,721300
2016-12-30,8.300000,8.500000,8.150000,8.500000,8.500000,1095400
2017-01-03,8.550000,8.600000,8.200000,8.300000,8.300000,785600
2017-01-04,8.350000,8.450000,8.180000,8.400000,8.400000,1200400
2017-01-05,8.400000,8.680000,8.320000,8.550000,8.550000,1261200
2017-01-06,8.550000,8.950000,8.460000,8.900000,8.900000,858300
2017-01-09,8.850000,9.200000,8.800000,9.150000,9.150000,1010200
2017-01-10,9.150000,9.150000,8.750000,8.800000,8.800000,1960600
2017-01-11,8.650000,8.750000,8.600000,8.650000,8.650000,508000
2017-01-12,8.600000,8.750000,8.500000,8.650000,8.650000,754100
2017-01-13,8.700000,9.250000,8.650000,8.950000,8.950000,2654800
2017-01-17,8.950000,9.250000,8.650000,8.950000,8.950000,1364100
2017-01-18,9.000000,9.040000,8.700000,8.800000,8.800000,468700
2017-01-19,8.800000,9.000000,8.700000,8.950000,8.950000,854600
2017-01-20,9.000000,9.100000,8.850000,8.950000,8.950000,993200
2017-01-23,8.950000,9.100000,8.950000,9.100000,9.100000,342900
2017-01-24,9.100000,9.200000,9.000000,9.200000,9.200000,641200
2017-01-25,9.300000,9.400000,9.100000,9.150000,9.150000,515500
2017-01-26,9.100000,9.250000,9.000000,9.150000,9.150000,458000
2017-01-27,9.200000,9.250000,9.030000,9.150000,9.150000,652400
2017-01-30,9.050000,9.100000,8.700000,8.850000,8.850000,664500
2017-01-31,8.850000,8.950000,8.750000,8.950000,8.950000,693900
2017-02-01,8.950000,9.150000,8.850000,9.100000,9.100000,601500
2017-02-02,9.050000,9.280000,9.000000,9.200000,9.200000,652100
2017-02-03,9.250000,9.300000,8.930000,9.200000,9.200000,1089300
2017-02-06,9.100000,9.200000,8.900000,8.950000,8.950000,865800
2017-02-07,8.950000,9.050000,8.630000,8.800000,8.800000,685400
2017-02-08,8.750000,8.900000,8.500000,8.700000,8.700000,557800
2017-02-09,8.700000,8.800000,8.600000,8.800000,8.800000,500700
2017-02-10,8.850000,8.900000,8.550000,8.650000,8.650000,470100
2017-02-13,8.700000,8.850000,8.500000,8.800000,8.800000,598400
2017-02-14,8.750000,8.850000,8.650000,8.800000,8.800000,721200
2017-02-15,8.600000,9.400000,8.500000,9.200000,9.200000,1627300
2017-02-16,9.250000,9.300000,9.100000,9.150000,9.150000,1224600
2017-02-17,9.100000,9.400000,9.100000,9.200000,9.200000,834800
2017-02-21,9.150000,9.180000,9.050000,9.100000,9.100000,671500
2017-02-22,9.050000,9.150000,9.050000,9.050000,9.050000,898100
2017-02-23,9.100000,9.400000,9.100000,9.300000,9.300000,1385900
2017-02-24,9.300000,9.430000,9.050000,9.150000,9.150000,1078900
2017-02-27,9.150000,9.500000,9.000000,9.450000,9.450000,1527300
2017-02-28,9.500000,9.500000,9.250000,9.450000,9.450000,1255500
2017-03-01,9.500000,10.500000,9.500000,9.700000,9.700000,2026200
2017-03-02,10.100000,10.100000,9.450000,9.550000,9.550000,752500
2017-03-03,9.500000,9.800000,9.400000,9.700000,9.700000,1232800
2017-03-06,9.550000,9.750000,9.550000,9.700000,9.700000,609400
2017-03-07,9.700000,9.800000,9.550000,9.650000,9.650000,1100200
2017-03-08,9.600000,9.750000,9.400000,9.500000,9.500000,830300
2017-03-09,9.500000,9.650000,9.300000,9.350000,9.350000,415300
2017-03-10,9.450000,9.500000,9.100000,9.150000,9.150000,559200
2017-03-13,9.200000,9.450000,9.100000,9.350000,9.350000,492900
2017-03-14,9.350000,9.570000,9.200000,9.450000,9.450000,809500
2017-03-15,9.450000,9.450000,9.250000,9.450000,9.450000,717900
2017-03-16,9.450000,9.600000,9.300000,9.450000,9.450000,665000
2017-03-17,9.400000,9.480000,9.350000,9.450000,9.450000,1009700
2017-03-20,9.400000,9.680000,9.300000,9.500000,9.500000,477200
2017-03-21,9.500000,9.650000,9.350000,9.450000,9.450000,1024700
2017-03-22,9.450000,9.600000,9.280000,9.350000,9.350000,586000
2017-03-23,9.350000,9.650000,9.350000,9.450000,9.450000,951100
2017-03-24,9.450000,9.550000,9.100000,9.200000,9.200000,1385800
2017-03-27,9.050000,9.450000,9.000000,9.250000,9.250000,778200
2017-03-28,9.300000,9.300000,9.150000,9.300000,9.300000,1622500
2017-03-29,9.250000,9.550000,9.250000,9.400000,9.400000,684100
2017-03-30,9.400000,9.500000,9.300000,9.500000,9.500000,443300
2017-03-31,9.500000,9.700000,9.300000,9.550000,9.550000,1127100
2017-04-03,9.500000,9.700000,9.350000,9.400000,9.400000,950000
2017-04-04,9.350000,9.450000,9.250000,9.400000,9.400000,715000
2017-04-05,9.400000,9.550000,9.300000,9.400000,9.400000,1445900
2017-04-06,9.300000,9.640000,9.200000,9.550000,9.550000,609600
2017-04-07,9.550000,9.700000,9.550000,9.650000,9.650000,735300
2017-04-10,9.600000,9.850000,9.550000,9.750000,9.750000,647500
2017-04-11,9.750000,9.900000,9.600000,9.800000,9.800000,604800
2017-04-12,9.800000,9.850000,9.500000,9.550000,9.550000,531000
2017-04-13,9.550000,9.750000,9.500000,9.500000,9.500000,438300
2017-04-17,9.500000,9.600000,9.450000,9.550000,9.550000,470100
2017-04-18,9.550000,9.650000,9.500000,9.650000,9.650000,168900
2017-04-19,9.650000,9.700000,9.500000,9.550000,9.550000,363700
2017-04-20,10.350000,10.350000,9.450000,9.600000,9.600000,2962900
2017-04-21,9.600000,9.800000,9.550000,9.700000,9.700000,2138200
2017-04-24,9.850000,10.050000,9.780000,9.950000,9.950000,2759300
2017-04-25,10.000000,10.200000,9.950000,10.000000,10.000000,3328400
2017-04-26,10.050000,10.550000,10.050000,10.500000,10.500000,3384300
2017-04-27,10.500000,11.030000,10.350000,10.950000,10.950000,3892000
2017-04-28,11.050000,11.200000,10.950000,11.100000,11.100000,3028000
2017-05-01,11.200000,11.450000,11.100000,11.200000,11.200000,2137800
2017-05-02,11.250000,11.450000,11.150000,11.400000,11.400000,3179500
2017-05-03,11.550000,11.830000,11.250000,11.350000,11.350000,4511400
2017-05-04,11.300000,11.500000,11.100000,11.150000,11.150000,1941200
2017-05-05,11.150000,11.250000,10.950000,11.050000,11.050000,1925600
2017-05-08,11.000000,11.200000,10.800000,10.900000,10.900000,1339100
2017-05-09,10.900000,11.150000,10.750000,10.850000,10.850000,1339700
2017-05-10,10.850000,11.000000,10.650000,10.750000,10.750000,2827000
2017-05-11,10.750000,11.050000,10.600000,11.050000,11.050000,5077100
2017-05-12,11.100000,11.400000,10.950000,11.200000,11.200000,2587100
2017-05-15,11.150000,11.400000,11.150000,11.350000,11.350000,2994600
2017-05-16,11.400000,11.400000,11.200000,11.300000,11.300000,1329500
2017-05-17,11.200000,11.350000,10.900000,11.000000,11.000000,2913900
2017-05-18,10.950000,11.250000,10.800000,10.900000,10.900000,2041100
2017-05-19,10.950000,11.000000,10.650000,10.900000,10.900000,2126800
2017-05-22,10.850000,11.200000,10.800000,11.050000,11.050000,2136000
2017-05-23,11.100000,11.150000,10.980000,11.100000,11.100000,1683400
2017-05-24,11.100000,11.200000,11.000000,11.150000,11.150000,1967900
2017-05-25,11.200000,11.250000,11.080000,11.200000,11.200000,1555000
2017-05-26,11.200000,11.350000,11.050000,11.350000,11.350000,1557100
2017-05-30,11.300000,11.300000,11.100000,11.100000,11.100000,1170300
2017-05-31,11.050000,11.200000,10.930000,10.950000,10.950000,1043500
2017-06-01,11.250000,11.600000,11.150000,11.550000,11.550000,6235900
2017-06-02,11.700000,12.450000,11.550000,12.450000,12.450000,7239900
2017-06-05,12.500000,12.650000,12.000000,12.530000,12.530000,3353100
2017-06-06,12.350000,12.600000,12.050000,12.350000,12.350000,2710100
2017-06-07,12.400000,12.800000,12.230000,12.750000,12.750000,2299000
2017-06-08,12.800000,13.050000,12.700000,12.800000,12.800000,4472400
2017-06-09,12.800000,12.900000,12.230000,12.450000,12.450000,2145100
2017-06-12,12.350000,12.500000,11.830000,12.400000,12.400000,3327600
2017-06-13,12.450000,12.800000,12.400000,12.750000,12.750000,1936600
2017-06-14,12.800000,12.900000,12.450000,12.650000,12.650000,2624500
2017-06-15,12.450000,12.650000,12.150000,12.250000,12.250000,1596900
2017-06-16,12.200000,12.350000,12.150000,12.300000,12.300000,1194900
2017-06-19,12.350000,12.600000,12.250000,12.550000,12.550000,1253800
2017-06-20,12.600000,12.650000,12.150000,12.250000,12.250000,1299000
2017-06-21,12.300000,12.430000,12.150000,12.350000,12.350000,2281600
2017-06-22,12.300000,12.600000,12.300000,12.550000,12.550000,2874100
2017-06-23,12.600000,12.650000,12.350000,12.450000,12.450000,3050600
2017-06-26,12.450000,12.580000,12.280000,12.550000,12.550000,1852500
2017-06-27,12.550000,12.600000,12.150000,12.350000,12.350000,1598800
2017-06-28,12.400000,12.550000,12.200000,12.550000,12.550000,1698800
2017-06-29,12.550000,12.600000,11.950000,12.250000,12.250000,2703500
2017-06-30,12.250000,12.350000,11.950000,12.000000,12.000000,1455200
2017-07-03,12.100000,12.100000,11.800000,11.900000,11.900000,860000
2017-07-05,11.800000,12.100000,11.650000,12.050000,12.050000,2141300
2017-07-06,12.000000,12.050000,11.850000,11.900000,11.900000,1744500
2017-07-07,11.900000,12.200000,11.850000,12.100000,12.100000,697400
2017-07-10,12.100000,12.500000,11.950000,12.250000,12.250000,1367100
2017-07-11,12.250000,12.400000,12.050000,12.250000,12.250000,1149500
2017-07-12,12.350000,12.500000,12.100000,12.350000,12.350000,1600400
2017-07-13,12.400000,12.550000,12.200000,12.500000,12.500000,1121200
2017-07-14,12.450000,12.600000,12.350000,12.500000,12.500000,604000
2017-07-17,12.550000,12.550000,12.250000,12.500000,12.500000,958300
2017-07-18,12.450000,13.200000,12.350000,13.150000,13.150000,5351600
2017-07-19,13.400000,13.450000,12.850000,12.850000,12.850000,4175000
2017-07-20,12.800000,12.900000,12.350000,12.700000,12.700000,2073100
2017-07-21,12.900000,13.030000,12.700000,12.700000,12.700000,1537700
2017-07-24,12.750000,13.100000,12.750000,12.900000,12.900000,1873000
2017-07-25,12.900000,13.150000,12.750000,12.850000,12.850000,1670800
2017-07-26,12.900000,13.100000,12.750000,12.800000,12.800000,2677800
2017-07-27,12.850000,13.000000,12.600000,12.750000,12.750000,2678000
2017-07-28,12.650000,12.850000,12.350000,12.400000,12.400000,2449200
2017-07-31,12.500000,12.600000,12.030000,12.350000,12.350000,3337900
2017-08-01,12.450000,12.450000,12.100000,12.200000,12.200000,2191800
2017-08-02,12.200000,12.300000,11.980000,12.100000,12.100000,2446200
2017-08-03,12.200000,12.280000,12.050000,12.200000,12.200000,2519600
2017-08-04,12.250000,12.600000,11.950000,12.250000,12.250000,2646000
2017-08-07,12.250000,12.500000,12.000000,12.050000,12.050000,1313700
2017-08-08,12.050000,12.400000,11.950000,12.050000,12.050000,1526400
2017-08-09,11.950000,12.130000,11.850000,11.980000,11.980000,1025800
2017-08-10,11.950000,12.000000,11.750000,11.950000,11.950000,1562400
2017-08-11,12.000000,12.230000,11.880000,12.150000,12.150000,1399500
2017-08-14,12.250000,12.300000,12.000000,12.000000,12.000000,3381900
2017-08-15,12.100000,12.180000,11.950000,12.050000,12.050000,855800
2017-08-16,12.050000,12.200000,12.000000,12.050000,12.050000,1652200
2017-08-17,12.000000,12.080000,11.600000,11.650000,11.650000,2134500
2017-08-18,11.600000,11.740000,11.250000,11.300000,11.300000,3029800
2017-08-21,11.350000,11.700000,11.200000,11.500000,11.500000,2763400
2017-08-22,11.500000,11.550000,11.300000,11.500000,11.500000,881300
2017-08-23,11.400000,11.600000,11.050000,11.200000,11.200000,1722200
2017-08-24,11.200000,11.700000,10.950000,11.300000,11.300000,4580300
2017-08-25,11.400000,11.500000,11.180000,11.300000,11.300000,2013300
2017-08-28,11.300000,11.450000,11.300000,11.300000,11.300000,1852400
2017-08-29,11.250000,11.400000,11.050000,11.150000,11.150000,2297400
2017-08-30,11.150000,11.350000,11.100000,11.200000,11.200000,988800
2017-08-31,11.250000,11.700000,11.250000,11.600000,11.600000,1381900
2017-09-01,11.600000,11.750000,11.500000,11.750000,11.750000,1771500
2017-09-05,11.600000,11.850000,11.400000,11.650000,11.650000,1813400
2017-09-06,11.700000,11.750000,11.460000,11.550000,11.550000,701200
2017-09-07,11.550000,11.750000,11.550000,11.650000,11.650000,1464000
2017-09-08,11.600000,11.750000,11.450000,11.500000,11.500000,2387300
2017-09-11,11.600000,11.780000,11.530000,11.700000,11.700000,2191700
2017-09-12,11.750000,11.750000,11.600000,11.700000,11.700000,479100
2017-09-13,11.750000,11.800000,11.600000,11.700000,11.700000,529700
2017-09-14,11.650000,11.850000,11.550000,11.850000,11.850000,1646300
2017-09-15,12.000000,12.100000,11.800000,11.950000,11.950000,4958300
2017-09-18,12.050000,12.450000,12.000000,12.250000,12.250000,3053800
2017-09-19,12.200000,12.800000,12.200000,12.400000,12.400000,6112300
2017-09-20,12.350000,12.700000,12.300000,12.650000,12.650000,3081300
2017-09-21,12.750000,12.780000,12.550000,12.750000,12.750000,2086200
2017-09-22,12.750000,12.750000,12.400000,12.700000,12.700000,3829400
2017-09-25,12.600000,12.650000,12.400000,12.500000,12.500000,1359400
2017-09-26,12.550000,12.600000,12.330000,12.400000,12.400000,2840000
2017-09-27,12.450000,12.780000,12.450000,12.700000,12.700000,6346700
2017-09-28,12.800000,13.100000,12.700000,13.050000,13.050000,11414900
2017-09-29,13.250000,13.450000,12.950000,13.350000,13.350000,11934500
2017-10-02,12.850000,13.580000,12.850000,13.350000,13.350000,7870100
2017-10-03,13.400000,13.600000,12.950000,13.050000,13.050000,4987700
2017-10-04,13.050000,13.550000,13.050000,13.400000,13.400000,3721700
2017-10-05,13.350000,13.500000,13.050000,13.100000,13.100000,5301400
2017-10-06,13.150000,13.200000,12.550000,12.800000,12.800000,12035700
2017-10-09,12.800000,12.880000,12.500000,12.650000,12.650000,5800900
2017-10-10,12.650000,12.800000,12.300000,12.350000,12.350000,15760900
2017-10-11,12.450000,12.450000,11.900000,12.250000,12.250000,25945900
2017-10-12,12.350000,12.350000,12.000000,12.300000,12.300000,13065800
2017-10-13,12.200000,12.450000,11.950000,12.150000,12.150000,13691200
2017-10-16,12.150000,12.300000,11.600000,11.850000,11.850000,11797700
2017-10-17,11.750000,12.100000,11.650000,11.900000,11.900000,11128100
2017-10-18,11.850000,12.300000,11.750000,12.300000,12.300000,10163000
2017-10-19,12.150000,12.300000,12.000000,12.050000,12.050000,6133400
2017-10-20,12.100000,12.280000,12.000000,12.200000,12.200000,8663600
2017-10-23,12.500000,12.750000,12.200000,12.500000,12.500000,21043300
2017-10-24,12.500000,12.700000,12.300000,12.350000,12.350000,13571800
2017-10-25,12.400000,12.400000,11.950000,12.300000,12.300000,13876500
2017-10-26,12.250000,12.550000,12.050000,12.300000,12.300000,14989800
2017-10-27,12.400000,12.600000,12.300000,12.550000,12.550000,14007100
2017-10-30,12.500000,12.700000,12.500000,12.600000,12.600000,8964700
2017-10-31,12.650000,12.950000,12.600000,12.950000,12.950000,19962300
2017-11-01,13.000000,13.150000,12.800000,12.950000,12.950000,15693600
2017-11-02,13.300000,13.450000,12.850000,12.950000,12.950000,16584400
2017-11-03,12.950000,13.150000,12.830000,12.950000,12.950000,6329300
2017-11-06,12.950000,13.100000,12.900000,13.100000,13.100000,11923500
2017-11-07,13.100000,13.100000,12.800000,12.950000,12.950000,7619200
2017-11-08,12.850000,13.050000,12.650000,13.050000,13.050000,9332200
2017-11-09,12.900000,12.980000,12.650000,12.700000,12.700000,10569700
2017-11-10,12.650000,12.850000,12.450000,12.500000,12.500000,9672900
2017-11-13,12.450000,12.600000,12.350000,12.400000,12.400000,6933000
2017-11-14,12.400000,12.450000,12.150000,12.400000,12.400000,9755700
2017-11-15,12.300000,13.050000,12.200000,12.850000,12.850000,16880900
2017-11-16,12.900000,13.000000,12.700000,12.750000,12.750000,5322800
2017-11-17,12.700000,12.700000,12.200000,12.330000,12.330000,11950400
2017-11-20,12.350000,13.000000,12.350000,12.950000,12.950000,11255200
2017-11-21,13.000000,13.100000,12.730000,13.050000,13.050000,9867700
2017-11-22,13.050000,13.250000,12.980000,13.150000,13.150000,7945500
2017-11-24,13.150000,13.430000,13.080000,13.400000,13.400000,2757500
2017-11-27,13.400000,13.430000,13.050000,13.150000,13.150000,6495800
2017-11-28,13.250000,13.300000,13.100000,13.250000,13.250000,9650100
2017-11-29,13.350000,13.550000,13.050000,13.100000,13.100000,10705200
2017-11-30,13.250000,13.350000,13.000000,13.250000,13.250000,12762500
2017-12-01,13.150000,13.350000,12.800000,13.250000,13.250000,12808500
2017-12-04,13.450000,13.500000,12.850000,12.930000,12.930000,10495200
2017-12-05,12.950000,13.000000,12.550000,12.650000,12.650000,18426100
2017-12-06,12.500000,12.800000,12.350000,12.500000,12.500000,11084500
2017-12-07,12.550000,12.650000,12.450000,12.550000,12.550000,7877400
2017-12-08,12.700000,12.850000,12.550000,12.600000,12.600000,10483700
2017-12-11,12.600000,12.850000,12.600000,12.750000,12.750000,5941700
2017-12-12,12.850000,12.950000,12.500000,12.500000,12.500000,8657200
2017-12-13,12.500000,12.750000,12.500000,12.600000,12.600000,10037000
2017-12-14,12.600000,12.750000,12.450000,12.600000,12.600000,11585000
2017-12-15,12.700000,12.800000,12.550000,12.550000,12.550000,20562900
2017-12-18,12.750000,12.850000,12.550000,12.600000,12.600000,16373700
2017-12-19,12.650000,12.800000,12.550000,12.700000,12.700000,8727100
2017-12-20,12.750000,12.880000,12.700000,12.700000,12.700000,5961500
2017-12-21,12.700000,12.850000,12.650000,12.750000,12.750000,4231200
2017-12-22,12.700000,12.750000,12.450000,12.550000,12.550000,6067600
2017-12-26,12.500000,12.600000,12.350000,12.350000,12.350000,4471500
2017-12-27,12.350000,12.530000,12.200000,12.500000,12.500000,8268700
2017-12-28,12.550000,12.730000,12.450000,12.550000,12.550000,4868400
2017-12-29,12.550000,12.750000,12.400000,12.650000,12.650000,3554200
2018-01-02,12.650000,12.850000,12.400000,12.450000,12.450000,7616800
2018-01-03,12.400000,12.550000,12.350000,12.480000,12.480000,7385000
2018-01-04,12.550000,12.950000,12.450000,12.900000,12.900000,8066900
2018-01-05,12.950000,13.000000,12.780000,12.850000,12.850000,6018100
2018-01-08,12.800000,12.900000,12.580000,12.650000,12.650000,5340200
2018-01-09,12.800000,12.850000,12.630000,12.750000,12.750000,5203600
2018-01-10,12.750000,13.000000,12.650000,13.000000,13.000000,12930600
2018-01-11,13.000000,13.180000,12.900000,13.150000,13.150000,12934100
2018-01-12,13.200000,13.200000,12.930000,13.050000,13.050000,3368100
2018-01-16,13.050000,13.200000,12.900000,13.000000,13.000000,6885800
2018-01-17,13.000000,13.450000,12.950000,13.400000,13.400000,14274600
2018-01-18,13.500000,14.180000,13.400000,13.950000,13.950000,25005500
2018-01-19,14.000000,14.000000,13.750000,13.750000,13.750000,8519500
2018-01-22,13.850000,14.050000,13.700000,13.900000,13.900000,6384000
2018-01-23,13.900000,14.000000,13.750000,13.900000,13.900000,2849400
2018-01-24,13.950000,14.200000,13.700000,13.900000,13.900000,8495200
2018-01-25,14.000000,14.150000,13.700000,13.850000,13.850000,4064200
2018-01-26,13.850000,14.050000,13.700000,13.950000,13.950000,4730300
2018-01-29,13.850000,14.200000,13.800000,14.050000,14.050000,4546400
2018-01-30,13.950000,14.050000,13.800000,13.850000,13.850000,2615600
2018-01-31,13.900000,14.100000,13.700000,13.950000,13.950000,4901300
2018-02-01,14.000000,14.500000,13.900000,14.350000,14.350000,7665100
2018-02-02,14.200000,14.250000,13.850000,13.900000,13.900000,5759200
2018-02-05,13.650000,14.000000,13.200000,13.250000,13.250000,5556300
2018-02-06,13.000000,13.680000,12.900000,13.500000,13.500000,7135100
2018-02-07,13.550000,13.850000,13.450000,13.550000,13.550000,4429600
2018-02-08,13.600000,13.650000,12.730000,12.800000,12.800000,7673800
2018-02-09,12.950000,13.050000,11.850000,12.350000,12.350000,14823300
2018-02-12,12.400000,12.830000,12.250000,12.300000,12.300000,7923600
2018-02-13,12.150000,12.450000,12.150000,12.250000,12.250000,5956000
2018-02-14,12.150000,12.900000,12.130000,12.800000,12.800000,5929400
2018-02-15,12.950000,13.300000,12.750000,13.150000,13.150000,7616600
2018-02-16,13.150000,13.400000,12.950000,13.200000,13.200000,3367800
2018-02-20,13.100000,13.400000,13.000000,13.150000,13.150000,3841800
2018-02-21,13.200000,13.450000,13.000000,13.000000,13.000000,7195800
2018-02-22,13.100000,13.200000,12.950000,13.050000,13.050000,4640800
2018-02-23,13.100000,13.200000,12.980000,13.100000,13.100000,4193100
2018-02-26,13.150000,13.450000,13.000000,13.200000,13.200000,5634600
2018-02-27,13.100000,13.400000,12.700000,12.800000,12.800000,5497700
2018-02-28,12.800000,12.830000,12.500000,12.700000,12.700000,6614600
2018-03-01,12.650000,12.700000,12.250000,12.350000,12.350000,10355200
2018-03-02,12.200000,12.300000,11.900000,12.250000,12.250000,9216400
2018-03-05,12.300000,12.450000,12.150000,12.250000,12.250000,5413900
2018-03-06,12.350000,12.400000,12.050000,12.350000,12.350000,11096900
2018-03-07,12.300000,12.750000,12.300000,12.500000,12.500000,12584200
2018-03-08,13.200000,13.300000,12.550000,12.600000,12.600000,28365400
2018-03-09,12.600000,12.750000,12.450000,12.700000,12.700000,15270000
2018-03-12,12.700000,12.780000,12.480000,12.600000,12.600000,11249900
2018-03-13,12.600000,12.700000,12.330000,12.450000,12.450000,11998000
2018-03-14,12.550000,12.750000,12.300000,12.650000,12.650000,9011200
2018-03-15,12.600000,12.750000,12.400000,12.400000,12.400000,11918800
2018-03-16,12.500000,12.850000,12.500000,12.750000,12.750000,10826100
2018-03-19,12.700000,12.750000,12.000000,12.300000,12.300000,17051700
2018-03-20,12.300000,12.550000,12.080000,12.150000,12.150000,9659800
2018-03-21,12.300000,12.430000,12.000000,12.200000,12.200000,7350800
2018-03-22,12.050000,12.150000,11.750000,11.800000,11.800000,17797600
2018-03-23,11.850000,11.900000,11.150000,11.250000,11.250000,19755800
2018-03-26,11.400000,11.550000,11.100000,11.180000,11.180000,16492600
2018-03-27,11.250000,11.650000,10.880000,11.000000,11.000000,12784500
2018-03-28,10.950000,11.130000,10.650000,10.900000,10.900000,14855500
2018-03-29,10.900000,11.550000,10.750000,11.250000,11.250000,17353500
2018-04-02,11.050000,11.400000,10.750000,10.800000,10.800000,14819100
2018-04-03,10.800000,10.950000,10.500000,10.650000,10.650000,14343900
2018-04-04,10.550000,11.150000,10.480000,11.050000,11.050000,24577000
2018-04-05,11.200000,11.500000,11.100000,11.500000,11.500000,48921200
2018-04-06,11.400000,11.480000,10.800000,11.000000,11.000000,11487200
2018-04-09,11.000000,11.130000,10.700000,10.700000,10.700000,9548500
2018-04-10,10.950000,11.150000,10.800000,11.000000,11.000000,30536500
2018-04-11,10.950000,11.100000,10.800000,10.900000,10.900000,9012300
2018-04-12,10.950000,11.400000,10.900000,11.300000,11.300000,17216000
2018-04-13,11.400000,11.480000,10.950000,11.000000,11.000000,7333400
2018-04-16,11.150000,11.450000,11.050000,11.350000,11.350000,4777200
2018-04-17,11.450000,11.750000,11.400000,11.550000,11.550000,10304000
2018-04-18,11.550000,12.050000,11.500000,11.750000,11.750000,9228300
2018-04-19,11.650000,11.850000,11.400000,11.650000,11.650000,10144200
2018-04-20,11.650000,11.700000,11.450000,11.500000,11.500000,4004900
2018-04-23,11.500000,11.850000,11.450000,11.600000,11.600000,6709500
2018-04-24,11.700000,11.800000,11.300000,11.500000,11.500000,6813700
2018-04-25,11.600000,11.650000,11.250000,11.500000,11.500000,9018700
2018-04-26,11.500000,11.750000,11.350000,11.400000,11.400000,8929400
2018-04-27,11.500000,11.580000,11.120000,11.200000,11.200000,9427600
2018-04-30,11.250000,11.500000,11.180000,11.350000,11.350000,6507700
2018-05-01,11.300000,11.750000,11.250000,11.700000,11.700000,12954000
2018-05-02,11.600000,11.880000,11.450000,11.500000,11.500000,13402900
2018-05-03,12.400000,12.400000,11.250000,11.700000,11.700000,32353200
2018-05-04,11.650000,12.100000,11.600000,11.750000,11.750000,11515200
2018-05-07,11.900000,12.200000,11.800000,12.050000,12.050000,7282300
2018-05-08,12.000000,12.100000,11.800000,11.800000,11.800000,6992300
2018-05-09,11.950000,12.000000,11.800000,11.950000,11.950000,8379800
2018-05-10,11.950000,12.250000,11.850000,12.100000,12.100000,14538100
2018-05-11,12.150000,12.230000,11.830000,11.900000,11.900000,5567300
2018-05-14,11.900000,12.980000,11.900000,12.550000,12.550000,38207200
2018-05-15,12.700000,12.950000,12.600000,12.700000,12.700000,16477200
2018-05-16,12.950000,13.350000,12.800000,13.200000,13.200000,26128200
2018-05-17,13.250000,13.540000,13.050000,13.150000,13.150000,17661600
2018-05-18,12.850000,13.050000,12.650000,12.850000,12.850000,24251500
2018-05-21,12.900000,13.050000,12.700000,12.850000,12.850000,12957700
2018-05-22,12.950000,12.950000,12.600000,12.700000,12.700000,8949400
2018-05-23,12.600000,12.750000,12.250000,12.450000,12.450000,10057800
2018-05-24,12.750000,12.800000,12.370000,12.550000,12.550000,7167700
2018-05-25,12.500000,12.600000,12.350000,12.500000,12.500000,5129300
2018-05-29,12.400000,12.500000,12.200000,12.300000,12.300000,10738800
2018-05-30,12.300000,12.700000,12.300000,12.350000,12.350000,7888500
2018-05-31,12.350000,12.480000,11.950000,12.150000,12.150000,13804000
2018-06-01,12.450000,12.550000,11.900000,12.000000,12.000000,11526900
2018-06-04,12.100000,12.100000,11.800000,12.000000,12.000000,10151300
2018-06-05,11.900000,12.150000,11.550000,11.700000,11.700000,26497800
2018-06-06,11.600000,12.200000,11.600000,12.150000,12.150000,11578700
2018-06-07,12.200000,12.300000,11.950000,12.000000,12.000000,9037400
2018-06-08,12.000000,12.130000,11.700000,11.750000,11.750000,6738500
2018-06-11,11.750000,12.050000,11.750000,11.950000,11.950000,5257800
2018-06-12,11.950000,12.150000,11.850000,11.930000,11.930000,7232000
2018-06-13,11.950000,12.000000,11.530000,11.600000,11.600000,10056400
2018-06-14,11.650000,11.700000,11.350000,11.600000,11.600000,13876600
2018-06-15,11.500000,11.550000,11.300000,11.350000,11.350000,15440700
2018-06-18,11.200000,11.830000,11.200000,11.750000,11.750000,11656200
2018-06-19,11.550000,11.600000,11.150000,11.400000,11.400000,11131500
2018-06-20,11.450000,11.730000,11.300000,11.350000,11.350000,7468700
2018-06-21,11.400000,11.600000,11.200000,11.350000,11.350000,8129600
2018-06-22,11.400000,11.530000,11.120000,11.300000,11.300000,36976800
2018-06-25,11.150000,11.250000,10.650000,10.800000,10.800000,22726800
2018-06-26,10.850000,10.980000,10.550000,10.900000,10.900000,11552400
2018-06-27,10.850000,11.000000,10.500000,10.650000,10.650000,15526000
2018-06-28,10.550000,10.650000,10.450000,10.600000,10.600000,12125100
2018-06-29,10.700000,10.980000,10.650000,10.700000,10.700000,9508100
2018-07-02,10.650000,10.800000,10.250000,10.450000,10.450000,12251400
2018-07-03,10.500000,10.750000,10.450000,10.550000,10.550000,3613600
2018-07-05,10.600000,10.950000,10.550000,10.800000,10.800000,6929900
2018-07-06,10.800000,11.350000,10.700000,11.280000,11.280000,8596200
2018-07-09,11.300000,11.400000,11.200000,11.350000,11.350000,9118800
2018-07-10,11.400000,11.480000,11.220000,11.400000,11.400000,7021900
2018-07-11,11.250000,11.350000,11.050000,11.150000,11.150000,10827200
2018-07-12,11.200000,11.600000,11.150000,11.500000,11.500000,12133000
2018-07-13,11.550000,11.600000,11.350000,11.500000,11.500000,4427900
2018-07-16,11.550000,11.800000,11.400000,11.650000,11.650000,9704100
2018-07-17,11.600000,11.800000,11.450000,11.480000,11.480000,7623200
2018-07-18,11.550000,11.650000,11.450000,11.500000,11.500000,6199600
2018-07-19,11.400000,11.680000,11.200000,11.550000,11.550000,7525800
2018-07-20,11.550000,11.800000,11.480000,11.700000,11.700000,7509800
2018-07-23,11.800000,11.900000,11.500000,11.550000,11.550000,8785400
2018-07-24,11.650000,11.850000,11.600000,11.700000,11.700000,12914900
2018-07-25,11.650000,11.800000,11.550000,11.600000,11.600000,7326900
2018-07-26,11.500000,11.700000,11.380000,11.450000,11.450000,8133300
2018-07-27,11.450000,11.600000,11.100000,11.250000,11.250000,8997000
2018-07-30,11.250000,11.350000,10.950000,11.000000,11.000000,7983700
2018-07-31,11.100000,11.500000,10.950000,11.300000,11.300000,16948300
2018-08-01,11.450000,11.500000,8.550000,9.630000,9.630000,98904400
2018-08-02,9.600000,9.750000,9.450000,9.700000,9.700000,26816900
2018-08-03,9.650000,9.850000,9.250000,9.350000,9.350000,22031000
2018-08-06,9.400000,9.950000,9.350000,9.800000,9.800000,24408400
2018-08-07,9.850000,10.000000,9.750000,9.750000,9.750000,21785000
2018-08-08,9.750000,10.150000,9.750000,9.800000,9.800000,23719100
2018-08-09,9.900000,10.100000,9.850000,9.900000,9.900000,15535600
2018-08-10,9.800000,10.050000,9.700000,9.800000,9.800000,9913900
2018-08-13,9.750000,10.100000,9.680000,9.750000,9.750000,10778700
2018-08-14,9.800000,9.900000,9.550000,9.600000,9.600000,17907500
2018-08-15,9.500000,9.600000,9.200000,9.300000,9.300000,16627700
2018-08-16,9.400000,9.800000,9.400000,9.600000,9.600000,9115000
2018-08-17,9.550000,10.050000,9.550000,10.000000,10.000000,13482800
2018-08-20,9.950000,10.080000,9.880000,10.050000,10.050000,11410800
2018-08-21,10.100000,10.150000,9.950000,10.150000,10.150000,8475100
2018-08-22,10.150000,10.400000,10.000000,10.350000,10.350000,10291100
2018-08-23,10.350000,10.550000,10.170000,10.300000,10.300000,10190800
2018-08-24,10.350000,10.550000,10.250000,10.350000,10.350000,7438400
2018-08-27,10.450000,10.550000,10.350000,10.380000,10.380000,7764300
2018-08-28,10.350000,10.530000,10.300000,10.400000,10.400000,10728700
2018-08-29,10.450000,10.650000,10.360000,10.600000,10.600000,11296000
2018-08-30,10.600000,10.600000,10.200000,10.300000,10.300000,14686900
2018-08-31,10.300000,10.450000,10.050000,10.200000,10.200000,18879800
2018-09-04,10.200000,10.250000,9.800000,9.900000,9.900000,17498800
2018-09-05,10.150000,10.200000,9.850000,10.050000,10.050000,10829500
2018-09-06,10.050000,10.150000,9.600000,9.600000,9.600000,14533600
2018-09-07,9.650000,9.750000,9.450000,9.700000,9.700000,15318900
2018-09-10,9.700000,9.900000,9.650000,9.850000,9.850000,9723700
2018-09-11,10.000000,10.150000,9.700000,10.050000,10.050000,11119500
2018-09-12,10.000000,10.380000,9.950000,10.350000,10.350000,13597900
2018-09-13,10.350000,10.750000,10.250000,10.450000,10.450000,25200800
2018-09-14,10.550000,10.800000,10.450000,10.650000,10.650000,12955100
2018-09-17,10.700000,10.800000,10.450000,10.600000,10.600000,11189900
2018-09-18,10.550000,10.850000,10.350000,10.800000,10.800000,14770800
2018-09-19,10.850000,11.000000,10.750000,10.950000,10.950000,8599900
2018-09-20,11.000000,11.050000,10.850000,10.950000,10.950000,10840300
2018-09-21,11.000000,11.000000,10.750000,10.800000,10.800000,30956100
2018-09-24,10.600000,10.650000,10.350000,10.400000,10.400000,11351800
2018-09-25,10.350000,10.550000,10.250000,10.350000,10.350000,7968800
2018-09-26,10.300000,10.400000,10.150000,10.200000,10.200000,6773600
2018-09-27,10.150000,10.300000,10.000000,10.150000,10.150000,6018800
2018-09-28,10.100000,10.350000,10.050000,10.250000,10.250000,6293900
2018-10-01,10.340000,10.350000,10.100000,10.150000,10.150000,11269500
2018-10-02,10.120000,10.380000,10.100000,10.330000,10.330000,11368600
2018-10-03,10.340000,10.510000,10.260000,10.320000,10.320000,10751000
2018-10-04,10.320000,10.350000,9.950000,10.170000,10.170000,11688400
2018-10-05,10.140000,10.280000,9.450000,9.700000,9.700000,26414800
2018-10-08,9.630000,9.680000,9.370000,9.550000,9.550000,17324200
2018-10-09,9.540000,9.950000,9.430000,9.710000,9.710000,15938900
2018-10-10,9.680000,9.690000,9.090000,9.100000,9.100000,23763400
2018-10-11,9.000000,9.240000,8.850000,8.890000,8.890000,19141800
2018-10-12,9.080000,9.150000,8.830000,9.030000,9.030000,14086200
2018-10-15,9.000000,9.060000,8.830000,8.850000,8.850000,12418400
2018-10-16,8.960000,9.150000,8.850000,9.090000,9.090000,12698100
2018-10-17,9.120000,11.280000,8.880000,10.200000,10.200000,89331000
2018-10-18,10.170000,10.660000,10.160000,10.250000,10.250000,33695200
2018-10-19,10.360000,10.770000,10.100000,10.200000,10.200000,23808000
2018-10-22,9.850000,9.980000,9.410000,9.490000,9.490000,21825100
2018-10-23,9.470000,9.470000,8.950000,9.030000,9.030000,28199300
2018-10-24,9.050000,9.140000,8.430000,8.470000,8.470000,24584800
2018-10-25,8.500000,9.060000,8.390000,9.040000,9.040000,23903400
2018-10-26,9.120000,9.240000,8.790000,8.800000,8.800000,18479900
2018-10-29,8.880000,9.020000,8.050000,8.210000,8.210000,26789500
2018-10-30,8.140000,8.440000,7.950000,8.130000,8.130000,37602700
2018-10-31,8.300000,8.710000,8.190000,8.590000,8.590000,19850400
2018-11-01,8.600000,8.890000,8.560000,8.850000,8.850000,32914800
2018-11-02,9.880000,9.910000,9.270000,9.530000,9.530000,39527600
2018-11-05,9.750000,9.850000,9.320000,9.500000,9.500000,28849000
2018-11-06,9.440000,9.620000,9.160000,9.410000,9.410000,18149600
2018-11-07,9.420000,9.560000,9.310000,9.520000,9.520000,16289400
2018-11-08,9.200000,9.410000,8.980000,9.010000,9.010000,21518000
2018-11-09,8.930000,9.070000,8.490000,8.510000,8.510000,20955800
2018-11-12,8.430000,8.500000,8.100000,8.180000,8.180000,20559100
2018-11-13,8.250000,8.470000,8.100000,8.140000,8.140000,16288400
2018-11-14,8.110000,8.430000,8.090000,8.160000,8.160000,13109200
2018-11-15,8.240000,8.570000,8.140000,8.500000,8.500000,14469700
2018-11-16,8.400000,8.530000,8.270000,8.510000,8.510000,8623400
2018-11-19,8.340000,8.590000,8.150000,8.250000,8.250000,12757100
2018-11-20,8.090000,8.150000,7.640000,7.840000,7.840000,29878100
2018-11-21,7.940000,8.260000,7.930000,8.190000,8.190000,12659000
2018-11-23,8.080000,8.300000,7.890000,8.220000,8.220000,6074200
2018-11-26,8.360000,8.570000,8.360000,8.560000,8.560000,20262600
2018-11-27,8.460000,8.720000,8.420000,8.590000,8.590000,12468500
2018-11-28,8.660000,8.780000,8.310000,8.670000,8.670000,9493400
2018-11-29,8.680000,8.820000,8.470000,8.660000,8.660000,8615500
2018-11-30,8.610000,8.720000,8.450000,8.520000,8.520000,8657700
2018-12-03,8.780000,8.930000,8.340000,8.370000,8.370000,10691000
2018-12-04,8.290000,8.400000,7.900000,7.960000,7.960000,16386500
2018-12-06,7.750000,7.970000,7.450000,7.950000,7.950000,18021800
2018-12-07,7.940000,8.030000,7.530000,7.580000,7.580000,12461600
2018-12-10,7.550000,7.640000,7.180000,7.230000,7.230000,20691000
2018-12-11,7.330000,7.490000,7.070000,7.170000,7.170000,15684500
2018-12-12,7.330000,7.620000,7.260000,7.480000,7.480000,23331100
2018-12-13,7.570000,7.610000,7.370000,7.420000,7.420000,14334200
2018-12-14,7.230000,7.530000,7.230000,7.450000,7.450000,13867900
2018-12-17,7.410000,7.540000,7.100000,7.120000,7.120000,19203100
2018-12-18,7.150000,7.330000,6.960000,7.000000,7.000000,18387900
2018-12-19,7.010000,7.230000,6.510000,6.550000,6.550000,25695100
2018-12-20,6.640000,6.690000,6.190000,6.380000,6.380000,60859700
2018-12-21,6.380000,6.410000,5.930000,6.030000,6.030000,31166600
2018-12-24,5.990000,6.130000,5.840000,5.900000,5.900000,9282200
2018-12-26,5.940000,6.690000,5.920000,6.600000,6.600000,17390700
2018-12-27,6.490000,6.720000,6.380000,6.710000,6.710000,23654900
2018-12-28,6.760000,6.820000,6.450000,6.630000,6.630000,14943900
2018-12-31,6.690000,6.800000,6.450000,6.790000,6.790000,13478100
2019-01-02,6.580000,7.010000,6.550000,6.920000,6.920000,16592800
2019-01-03,6.800000,6.920000,6.490000,6.740000,6.740000,26938400
2019-01-04,6.940000,7.060000,6.790000,7.040000,7.040000,20373200
2019-01-07,7.060000,7.250000,6.940000,7.160000,7.160000,12706000
2019-01-08,7.260000,7.540000,7.230000,7.490000,7.490000,17455000
2019-01-09,7.630000,7.860000,7.530000,7.780000,7.780000,32827000
2019-01-10,7.680000,8.050000,7.650000,7.990000,7.990000,28655800
2019-01-11,8.040000,8.930000,8.000000,8.710000,8.710000,46573500
2019-01-14,8.630000,8.760000,8.450000,8.750000,8.750000,29851100
2019-01-15,8.700000,8.790000,8.540000,8.750000,8.750000,17687700
2019-01-16,8.600000,8.790000,8.600000,8.730000,8.730000,17948600
2019-01-17,8.710000,8.850000,8.700000,8.810000,8.810000,11167500
2019-01-18,8.920000,8.990000,8.780000,8.950000,8.950000,9163400
2019-01-22,8.860000,8.910000,8.510000,8.660000,8.660000,40842000
2019-01-23,8.750000,8.770000,8.530000,8.660000,8.660000,36631100
2019-01-24,8.640000,8.900000,8.620000,8.650000,8.650000,43595400
2019-01-25,8.750000,8.950000,8.660000,8.870000,8.870000,30827800
2019-01-28,8.720000,8.870000,8.650000,8.750000,8.750000,17963200
2019-01-29,8.750000,8.780000,8.590000,8.610000,8.610000,14562400
2019-01-30,8.800000,9.120000,8.780000,8.960000,8.960000,76467500
2019-01-31,9.000000,9.170000,8.920000,9.140000,9.140000,36437400
2019-02-01,9.190000,9.320000,9.100000,9.260000,9.260000,117216700
2019-02-04,9.240000,9.300000,9.160000,9.220000,9.220000,21536600
2019-02-05,9.200000,9.320000,9.180000,9.300000,9.300000,23244000
2019-02-06,9.300000,9.300000,9.190000,9.250000,9.250000,38921500
2019-02-07,9.220000,9.290000,9.120000,9.250000,9.250000,24408900
2019-02-08,9.200000,9.400000,9.160000,9.320000,9.320000,22557500
2019-02-11,9.370000,9.440000,9.260000,9.400000,9.400000,15954900
2019-02-12,9.480000,9.490000,9.320000,9.410000,9.410000,19289300
2019-02-13,9.430000,9.490000,9.330000,9.400000,9.400000,21823400
2019-02-14,9.270000,9.420000,9.130000,9.400000,9.400000,26970700
2019-02-15,9.620000,9.650000,9.100000,9.150000,9.150000,53656400
2019-02-19,9.320000,9.720000,9.210000,9.620000,9.620000,29463300
2019-02-20,9.790000,9.810000,9.600000,9.620000,9.620000,17633700
2019-02-21,9.670000,9.700000,9.350000,9.430000,9.430000,18409700
2019-02-22,9.310000,9.380000,8.860000,9.050000,9.050000,46500100
2019-02-25,9.130000,9.320000,8.920000,8.960000,8.960000,26494100
2019-02-26,9.000000,9.090000,8.710000,8.720000,8.720000,21315300
2019-02-27,8.700000,8.830000,8.390000,8.450000,8.450000,29858000
2019-02-28,8.400000,8.660000,8.400000,8.620000,8.620000,31622600
2019-03-01,8.820000,8.990000,8.620000,8.970000,8.970000,24836400
2019-03-04,9.000000,9.100000,8.680000,8.750000,8.750000,15905300
2019-03-05,8.770000,9.010000,8.730000,8.870000,8.870000,11782500
2019-03-06,8.870000,8.990000,8.670000,8.690000,8.690000,13791800
2019-03-07,8.640000,8.750000,8.450000,8.580000,8.580000,14447200
2019-03-08,8.570000,8.630000,8.360000,8.450000,8.450000,22268800
2019-03-11,8.560000,8.730000,8.380000,8.670000,8.670000,55215900
2019-03-12,8.690000,8.760000,8.490000,8.500000,8.500000,39720900
2019-03-13,8.500000,8.610000,8.300000,8.350000,8.350000,17637100
2019-03-14,8.340000,8.420000,8.000000,8.160000,8.160000,26015200
2019-03-15,8.180000,8.280000,8.060000,8.080000,8.080000,16586200
2019-03-18,8.400000,8.500000,8.220000,8.450000,8.450000,20639300
2019-03-19,8.470000,8.630000,8.450000,8.520000,8.520000,20182500
2019-03-20,8.600000,8.650000,8.330000,8.370000,8.370000,41891200
2019-03-21,8.510000,8.980000,8.480000,8.890000,8.890000,37210100
2019-03-22,8.910000,8.950000,8.620000,8.670000,8.670000,17825400
2019-03-25,8.670000,8.700000,8.500000,8.560000,8.560000,12683300
2019-03-26,8.570000,8.740000,8.430000,8.450000,8.450000,21814300
2019-03-27,8.450000,8.520000,8.270000,8.460000,8.460000,19688200
2019-03-28,8.470000,8.790000,8.470000,8.710000,8.710000,26215400
2019-03-29,8.780000,8.860000,8.620000,8.690000,8.690000,38327600
2019-04-01,8.750000,9.010000,8.750000,8.840000,8.840000,26399200
2019-04-02,8.810000,8.850000,8.690000,8.830000,8.830000,18196300
2019-04-03,8.870000,9.090000,8.760000,8.850000,8.850000,36057500
2019-04-04,8.820000,9.130000,8.810000,9.080000,9.080000,25089900
2019-04-05,9.160000,9.250000,9.110000,9.190000,9.190000,20967900
2019-04-08,9.180000,9.240000,9.110000,9.110000,9.110000,15559500
2019-04-09,9.070000,9.130000,8.740000,8.790000,8.790000,21820200
2019-04-10,8.770000,9.080000,8.740000,9.050000,9.050000,17127000
2019-04-11,9.150000,9.500000,9.150000,9.400000,9.400000,68413300
2019-04-12,9.420000,9.550000,9.370000,9.470000,9.470000,39013300
2019-04-15,9.500000,9.510000,9.150000,9.380000,9.380000,33838300
2019-04-16,9.290000,9.650000,9.270000,9.520000,9.520000,42596100
2019-04-17,9.580000,9.670000,9.450000,9.470000,9.470000,12003100
2019-04-18,9.520000,9.650000,9.370000,9.560000,9.560000,25511800
2019-04-22,9.520000,9.540000,9.380000,9.470000,9.470000,14277600
2019-04-23,9.510000,9.540000,9.440000,9.470000,9.470000,20750600
2019-04-24,9.480000,9.520000,9.390000,9.460000,9.460000,7040900
2019-04-25,9.490000,9.490000,9.310000,9.420000,9.420000,9062500
2019-04-26,9.450000,9.590000,9.160000,9.590000,9.590000,9183600
2019-04-29,9.540000,9.650000,9.450000,9.560000,9.560000,19679800
2019-04-30,9.490000,9.510000,9.190000,9.360000,9.360000,21193300
2019-05-01,9.450000,9.480000,9.100000,9.100000,9.100000,16714100
2019-05-02,9.410000,9.580000,9.090000,9.150000,9.150000,46803200
2019-05-03,9.230000,9.420000,9.190000,9.350000,9.350000,22680600
2019-05-06,9.140000,9.280000,9.060000,9.250000,9.250000,13062900
2019-05-07,9.160000,9.180000,8.900000,9.030000,9.030000,20337900
2019-05-08,8.970000,9.110000,8.910000,8.920000,8.920000,16062700
2019-05-09,8.900000,9.120000,8.690000,9.090000,9.090000,21062600
2019-05-10,9.010000,9.300000,8.900000,9.250000,9.250000,11389000
2019-05-13,9.000000,9.050000,8.810000,8.880000,8.880000,16381000
2019-05-14,9.000000,9.170000,8.870000,9.090000,9.090000,14969100
2019-05-15,9.060000,9.260000,8.910000,9.180000,9.180000,16486000
2019-05-16,9.220000,9.370000,9.150000,9.250000,9.250000,12493500
2019-05-17,9.100000,9.270000,8.990000,9.030000,9.030000,12306200
2019-05-20,9.000000,9.050000,8.810000,9.030000,9.030000,13915100
2019-05-21,9.100000,9.260000,9.080000,9.110000,9.110000,11846500
2019-05-22,9.060000,9.160000,9.040000,9.110000,9.110000,6300100
2019-05-23,8.960000,9.260000,8.880000,9.060000,9.060000,11854600
2019-05-24,9.140000,9.230000,8.990000,9.020000,9.020000,7944000
2019-05-28,9.050000,9.110000,8.900000,8.930000,8.930000,16054300
2019-05-29,9.010000,9.170000,8.900000,9.150000,9.150000,14993000
2019-05-30,9.130000,9.230000,8.970000,9.060000,9.060000,9809300
2019-05-31,8.950000,9.050000,8.760000,8.790000,8.790000,16323600
2019-06-03,8.760000,8.810000,8.520000,8.610000,8.610000,20083200
2019-06-04,8.750000,9.010000,8.680000,9.000000,9.000000,11854400
2019-06-05,9.020000,9.060000,8.780000,9.020000,9.020000,8843900
2019-06-06,9.030000,9.250000,8.910000,9.130000,9.130000,15310000
2019-06-07,9.660000,9.720000,9.430000,9.480000,9.480000,36089300
2019-06-10,9.520000,9.790000,9.520000,9.780000,9.780000,21388400
2019-06-11,9.800000,9.860000,9.660000,9.700000,9.700000,9665900
2019-06-12,9.660000,9.850000,9.590000,9.800000,9.800000,11379000
2019-06-13,9.860000,9.900000,9.760000,9.810000,9.810000,14608000
2019-06-14,9.810000,9.870000,9.720000,9.820000,9.820000,6574600
2019-06-17,9.900000,9.910000,9.760000,9.850000,9.850000,8311700
2019-06-18,9.890000,10.070000,9.810000,9.950000,9.950000,21767000
2019-06-19,9.920000,10.100000,9.880000,10.070000,10.070000,14053400
2019-06-20,10.100000,10.170000,9.980000,10.050000,10.050000,7870500
2019-06-21,9.990000,10.120000,9.950000,9.990000,9.990000,14303800
2019-06-24,11.520000,11.730000,11.250000,11.440000,11.440000,216554000
2019-06-25,11.560000,11.740000,11.470000,11.560000,11.560000,99505800
2019-06-26,11.600000,11.730000,11.580000,11.620000,11.620000,45711300
2019-06-27,11.690000,11.700000,11.610000,11.660000,11.660000,67512300
2019-06-28,11.640000,11.870000,11.580000,11.820000,11.820000,58767300
2019-07-01,11.890000,12.010000,11.820000,11.990000,11.990000,33359100
2019-07-02,11.960000,12.090000,11.950000,12.090000,12.090000,18745000
2019-07-03,12.110000,12.160000,12.050000,12.140000,12.140000,13284000
2019-07-05,12.060000,12.230000,12.050000,12.180000,12.180000,13786300
2019-07-08,12.110000,12.210000,12.060000,12.110000,12.110000,20877000
2019-07-09,12.030000,12.130000,11.990000,12.090000,12.090000,32617800
2019-07-10,12.150000,12.150000,11.950000,11.980000,11.980000,33494800
2019-07-11,11.970000,12.000000,11.830000,11.850000,11.850000,13459400
2019-07-12,11.940000,11.940000,11.740000,11.840000,11.840000,33048700
2019-07-15,11.860000,11.930000,11.800000,11.840000,11.840000,15435300
2019-07-16,11.830000,11.950000,11.820000,11.920000,11.920000,11061400
2019-07-17,11.920000,11.930000,11.800000,11.910000,11.910000,18169600
2019-07-18,11.890000,11.930000,11.800000,11.860000,11.860000,9099900
2019-07-19,11.880000,11.890000,11.780000,11.800000,11.800000,7330400
2019-07-22,11.800000,11.830000,11.680000,11.740000,11.740000,6549000
2019-07-23,11.770000,11.880000,11.720000,11.840000,11.840000,15151700
2019-07-24,11.770000,11.980000,11.750000,11.950000,11.950000,6923500
2019-07-25,12.000000,12.000000,11.870000,11.900000,11.900000,4855300
2019-07-26,11.960000,12.040000,11.920000,11.990000,11.990000,10472800
2019-07-29,12.000000,12.000000,11.830000,11.860000,11.860000,11133900
2019-07-30,11.810000,12.120000,11.760000,12.090000,12.090000,20511000
2019-07-31,12.040000,12.100000,11.830000,11.840000,11.840000,17229600
2019-08-01,11.830000,12.070000,11.780000,11.800000,11.800000,12529600
2019-08-02,11.740000,11.820000,11.590000,11.740000,11.740000,10635800
2019-08-05,11.620000,11.630000,11.500000,11.590000,11.590000,24495200
2019-08-06,11.460000,11.630000,11.420000,11.520000,11.520000,17458500
2019-08-07,11.440000,11.710000,11.400000,11.590000,11.590000,20826200
2019-08-08,11.640000,11.710000,11.570000,11.650000,11.650000,19559700
2019-08-09,11.630000,11.650000,11.520000,11.520000,11.520000,10807500
2019-08-12,11.450000,11.530000,11.400000,11.430000,11.430000,10829600
2019-08-13,11.400000,11.620000,11.400000,11.600000,11.600000,8908000
2019-08-14,11.470000,11.520000,11.400000,11.460000,11.460000,21661000
2019-08-15,11.430000,11.520000,11.350000,11.450000,11.450000,8219500
2019-08-16,11.530000,11.550000,11.420000,11.550000,11.550000,14358800
2019-08-19,11.700000,11.700000,11.480000,11.480000,11.480000,8999200
2019-08-20,11.480000,11.510000,11.460000,11.490000,11.490000,11473200
2019-08-21,11.580000,11.610000,11.510000,11.600000,11.600000,8361300
2019-08-22,11.610000,11.670000,11.510000,11.570000,11.570000,4135700
2019-08-23,11.480000,11.550000,11.300000,11.310000,11.310000,17796300
2019-08-26,11.430000,11.490000,11.310000,11.480000,11.480000,8460300
2019-08-27,11.540000,11.540000,11.300000,11.340000,11.340000,8516400
2019-08-28,11.330000,11.470000,11.270000,11.430000,11.430000,10623200
2019-08-29,11.500000,11.600000,11.440000,11.520000,11.520000,9289400
2019-08-30,11.570000,11.580000,11.470000,11.510000,11.510000,4230900
2019-09-03,11.490000,11.490000,11.160000,11.190000,11.190000,9361200
2019-09-04,11.260000,11.460000,11.260000,11.440000,11.440000,11108400
2019-09-05,11.500000,11.600000,11.490000,11.510000,11.510000,11007900
2019-09-06,11.470000,11.570000,11.470000,11.510000,11.510000,18300400
2019-09-09,11.550000,11.570000,11.500000,11.550000,11.550000,10444500
2019-09-10,11.540000,11.730000,11.500000,11.670000,11.670000,14093400
2019-09-11,11.710000,11.920000,11.680000,11.850000,11.850000,8909900
2019-09-12,11.870000,11.900000,11.720000,11.860000,11.860000,5285300
2019-09-13,11.800000,11.970000,11.800000,11.900000,11.900000,18897400
2019-09-16,11.840000,11.960000,11.800000,11.920000,11.920000,15227700
2019-09-17,11.880000,11.900000,11.800000,11.880000,11.880000,9654400
2019-09-18,11.870000,11.940000,11.850000,11.910000,11.910000,7810700
2019-09-19,11.930000,11.970000,11.890000,11.890000,11.890000,10470600
2019-09-20,11.940000,12.010000,11.900000,11.900000,11.900000,13170600
2019-09-23,11.950000,12.030000,11.850000,11.850000,11.850000,9016100
2019-09-24,11.830000,11.880000,11.680000,11.730000,11.730000,10180300
2019-09-25,11.720000,11.740000,11.600000,11.700000,11.700000,14891800
2019-09-26,11.700000,11.710000,11.490000,11.590000,11.590000,7548200
2019-09-27,11.590000,11.650000,11.500000,11.530000,11.530000,8690700
2019-09-30,11.520000,11.670000,11.500000,11.660000,11.660000,4848000
2019-10-01,11.730000,11.800000,11.660000,11.730000,11.730000,9034400
2019-10-02,11.690000,11.720000,11.600000,11.700000,11.700000,6983000
2019-10-03,11.710000,11.750000,11.590000,11.660000,11.660000,8470600
2019-10-04,11.670000,11.700000,11.590000,11.660000,11.660000,7279900
2019-10-07,11.660000,11.770000,11.560000,11.750000,11.750000,10273500
2019-10-08,11.650000,11.750000,11.610000,11.620000,11.620000,10791700
2019-10-09,11.620000,11.740000,11.620000,11.650000,11.650000,5659100
2019-10-10,11.660000,11.780000,11.630000,11.750000,11.750000,11788600
2019-10-11,11.800000,11.970000,11.800000,11.950000,11.950000,12186300
2019-10-14,11.900000,11.980000,11.890000,11.960000,11.960000,3922800
2019-10-15,11.950000,12.060000,11.930000,12.010000,12.010000,8551600
2019-10-16,12.030000,12.040000,11.880000,12.020000,12.020000,10705000
2019-10-17,12.030000,12.060000,11.950000,12.010000,12.010000,6865300
2019-10-18,12.020000,12.080000,11.970000,12.050000,12.050000,9450000
2019-10-21,12.100000,12.100000,12.000000,12.070000,12.070000,5432200
2019-10-22,12.050000,12.140000,12.020000,12.100000,12.100000,6336400
2019-10-23,12.090000,12.160000,12.040000,12.140000,12.140000,12139700
2019-10-24,12.170000,12.210000,12.150000,12.180000,12.180000,7532900
2019-10-25,12.160000,12.260000,12.150000,12.220000,12.220000,9601000
2019-10-28,12.230000,12.270000,12.220000,12.250000,12.250000,9520500
2019-10-29,12.240000,12.320000,12.190000,12.240000,12.240000,9131200
2019-10-30,12.240000,12.250000,12.090000,12.180000,12.180000,4286600
2019-10-31,12.250000,12.370000,12.100000,12.280000,12.280000,16549400
2019-11-01,12.400000,12.400000,12.110000,12.350000,12.350000,7229800
2019-11-04,12.350000,12.440000,12.340000,12.380000,12.380000,15828000
2019-11-05,12.380000,12.410000,12.310000,12.320000,12.320000,12860700
2019-11-06,12.340000,12.430000,12.320000,12.420000,12.420000,9349500
2019-11-07,12.430000,12.770000,12.400000,12.750000,12.750000,18985300
2019-11-08,12.670000,12.830000,12.670000,12.720000,12.720000,7389700
2019-11-11,12.690000,12.860000,12.670000,12.840000,12.840000,3947300
2019-11-12,12.850000,12.920000,12.770000,12.810000,12.810000,6944600
2019-11-13,12.720000,12.840000,12.710000,12.760000,12.760000,5373300
2019-11-14,12.740000,12.870000,12.740000,12.860000,12.860000,4963300
2019-11-15,12.880000,12.960000,12.830000,12.960000,12.960000,7208300
2019-11-18,12.990000,13.070000,12.940000,13.050000,13.050000,15335200
2019-11-19,13.020000,13.120000,13.020000,13.060000,13.060000,6092900
2019-11-20,13.000000,13.130000,12.960000,13.060000,13.060000,9502900
2019-11-21,13.050000,13.070000,12.970000,12.990000,12.990000,7323700
2019-11-22,13.040000,13.060000,12.950000,13.000000,13.000000,6563100
2019-11-25,13.070000,13.120000,13.040000,13.090000,13.090000,4365600
2019-11-26,13.100000,13.130000,13.050000,13.080000,13.080000,6332800
2019-11-27,13.090000,13.100000,13.030000,13.060000,13.060000,4189900
2019-11-29,13.050000,13.130000,13.010000,13.040000,13.040000,2935300
2019-12-02,13.080000,13.080000,12.930000,12.930000,12.930000,7587800
2019-12-03,12.850000,12.970000,12.830000,12.950000,12.950000,11258300
2019-12-04,12.920000,12.970000,12.920000,12.930000,12.930000,18724100
2019-12-05,12.950000,12.960000,12.870000,12.880000,12.880000,18933900
2019-12-06,12.920000,13.070000,12.900000,13.040000,13.040000,11607400
2019-12-09,12.990000,13.030000,12.920000,12.970000,12.970000,20248500
2019-12-10,12.980000,13.020000,12.940000,13.020000,13.020000,19190200
2019-12-11,13.010000,13.090000,12.960000,13.020000,13.020000,15759100
2019-12-12,13.030000,13.200000,13.010000,13.190000,13.190000,8427100
2019-12-13,13.140000,13.270000,13.120000,13.180000,13.180000,14853200
2019-12-16,13.350000,13.350000,13.210000,13.250000,13.250000,19495500
2019-12-17,13.250000,13.390000,13.220000,13.360000,13.360000,37765200
2019-12-18,13.350000,13.450000,13.330000,13.390000,13.390000,7723500
2019-12-19,13.400000,13.500000,13.400000,13.470000,13.470000,7021000
2019-12-20,13.500000,13.530000,13.400000,13.460000,13.460000,15444100
2019-12-23,13.460000,13.600000,13.440000,13.580000,13.580000,6500100
2019-12-24,13.590000,13.600000,13.540000,13.600000,13.600000,10721800
2019-12-26,13.610000,13.610000,13.530000,13.600000,13.600000,14505300
2019-12-27,13.630000,13.640000,13.530000,13.620000,13.620000,12640700
2019-12-30,13.620000,13.650000,13.520000,13.540000,13.540000,7396100
2019-12-31,13.520000,13.650000,13.520000,13.600000,13.600000,4695100
2020-01-02,13.620000,13.690000,13.590000,13.600000,13.600000,10971000
2020-01-03,13.460000,13.590000,13.400000,13.470000,13.470000,18409900
2020-01-06,13.440000,13.570000,13.360000,13.540000,13.540000,17359400
2020-01-07,13.520000,13.610000,13.480000,13.560000,13.560000,29987200
2020-01-08,13.550000,13.690000,13.530000,13.640000,13.640000,12168800
2020-01-09,13.640000,13.690000,13.600000,13.640000,13.640000,19300300
2020-01-10,13.660000,13.670000,13.510000,13.540000,13.540000,12454500
2020-01-13,13.570000,13.640000,13.510000,13.610000,13.610000,6489100
2020-01-14,13.630000,13.650000,13.540000,13.570000,13.570000,14610800
2020-01-15,13.560000,13.680000,13.540000,13.560000,13.560000,10088800
2020-01-16,13.610000,13.770000,13.570000,13.760000,13.760000,11444100
2020-01-17,13.750000,13.850000,13.710000,13.800000,13.800000,18798500
2020-01-21,61.000000,61.110001,59.421001,59.500000,59.500000,1956300
2020-01-22,59.970001,60.650002,59.740002,60.270000,60.270000,1359800
2020-01-23,59.709999,61.009998,58.830002,60.639999,60.639999,1072300
2020-01-24,13.730000,13.770000,13.510000,13.600000,13.600000,17463300
2020-01-27,13.440000,13.610000,13.390000,13.500000,13.500000,30556700
2020-01-28,13.540000,13.690000,13.490000,13.600000,13.600000,12153200
2020-01-29,13.630000,13.830000,13.620000,13.760000,13.760000,14306900
2020-01-30,13.670000,13.860000,13.640000,13.790000,13.790000,10378600
2020-01-31,13.750000,13.810000,13.620000,13.670000,13.670000,9073200
2020-02-03,13.710000,13.840000,13.690000,13.820000,13.820000,9722900
2020-02-04,13.890000,14.020000,13.860000,13.960000,13.960000,11832100
2020-02-05,14.000000,14.100000,13.970000,14.050000,14.050000,4622900
2020-02-06,14.080000,14.130000,14.030000,14.030000,14.030000,20468700
2020-02-07,13.740000,14.030000,13.740000,13.920000,13.920000,15472100
2020-02-10,13.910000,14.150000,13.840000,14.120000,14.120000,6357000
2020-02-11,14.170000,14.300000,14.130000,14.260000,14.260000,4586200
2020-02-12,14.300000,14.410000,14.300000,14.360000,14.360000,8570500
2020-02-13,14.310000,14.490000,14.260000,14.460000,14.460000,3365400
2020-02-14,14.450000,14.600000,14.400000,14.590000,14.590000,4427100
2020-02-18,14.560000,14.650000,14.520000,14.560000,14.560000,4352800
2020-02-19,14.650000,14.740000,14.590000,14.610000,14.610000,7010000
2020-02-20,14.600000,14.700000,14.480000,14.630000,14.630000,12477000
2020-02-21,14.600000,14.650000,14.420000,14.500000,14.500000,13210200
2020-02-24,14.260000,14.310000,14.010000,14.020000,14.020000,7532300
2020-02-25,14.060000,14.090000,13.280000,13.310000,13.310000,24950500
2020-02-26,13.390000,13.500000,12.740000,12.950000,12.950000,25193000
2020-02-27,12.780000,13.150000,12.590000,12.750000,12.750000,51740200
2020-02-28,12.560000,12.850000,12.500000,12.710000,12.710000,52489100
2020-03-02,12.710000,12.790000,12.040000,12.400000,12.400000,44312800
2020-03-03,12.380000,12.670000,11.960000,11.970000,11.970000,30533000
2020-03-04,12.100000,12.170000,11.830000,11.950000,11.950000,49180100
2020-03-05,11.770000,11.820000,11.200000,11.250000,11.250000,40066100
2020-03-06,11.100000,11.410000,10.810000,11.090000,11.090000,34694100
2020-03-09,10.200000,10.650000,9.980000,10.040000,10.040000,39709600
2020-03-10,10.380000,10.680000,10.230000,10.680000,10.680000,28327700
2020-03-11,10.450000,10.450000,9.710000,9.800000,9.800000,41209000
2020-03-12,9.000000,9.160000,7.770000,7.890000,7.890000,41329100
2020-03-13,8.300000,8.610000,7.870000,8.490000,8.490000,38606200
2020-03-16,7.200000,7.250000,5.450000,6.080000,6.080000,36075300
2020-03-17,6.230000,6.250000,3.230000,5.100000,5.100000,51779400
2020-03-18,4.350000,4.790000,3.220000,3.520000,3.520000,39174300
2020-03-19,3.540000,5.120000,3.400000,5.020000,5.020000,32823600
2020-03-20,5.220000,6.730000,5.150000,5.450000,5.450000,41125400
2020-03-23,5.590000,6.470000,5.110000,6.030000,6.030000,33372500
2020-03-24,6.920000,6.990000,6.010000,6.180000,6.180000,25143000
2020-03-25,6.250000,7.470000,6.120000,7.130000,7.130000,24067000
2020-03-26,7.330000,7.990000,6.790000,7.040000,7.040000,20461300
2020-03-27,6.780000,7.100000,6.550000,6.850000,6.850000,15231300
2020-03-30,6.550000,6.620000,5.990000,6.420000,6.420000,20631500
2020-03-31,6.330000,7.510000,6.300000,6.760000,6.760000,35127900
2020-04-01,6.500000,6.900000,6.370000,6.630000,6.630000,14256800
2020-04-02,6.580000,6.740000,6.220000,6.460000,6.460000,12134400
2020-04-03,6.490000,6.570000,6.270000,6.280000,6.280000,15835200
2020-04-06,6.740000,7.020000,6.600000,7.010000,7.010000,21936100
2020-04-07,7.750000,8.050000,7.270000,7.350000,7.350000,16335000
2020-04-08,7.450000,7.760000,7.300000,7.440000,7.440000,19570000
2020-04-09,7.850000,8.200000,7.540000,7.930000,7.930000,16120900
2020-04-13,7.930000,7.970000,7.540000,7.880000,7.880000,9013400
2020-04-14,8.090000,8.110000,7.940000,8.050000,8.050000,9548000
2020-04-15,7.600000,7.860000,7.180000,7.570000,7.570000,15791500
2020-04-16,7.630000,7.730000,7.400000,7.700000,7.700000,8815100
2020-04-17,8.100000,8.170000,7.730000,8.130000,8.130000,18324900
2020-04-20,7.900000,8.250000,7.810000,8.030000,8.030000,17174800
2020-04-21,7.810000,8.020000,7.730000,7.900000,7.900000,19857700
2020-04-22,8.140000,8.150000,7.840000,8.050000,8.050000,11491500
2020-04-23,8.140000,8.150000,7.960000,8.070000,8.070000,7857900
2020-04-24,8.400000,9.040000,8.320000,8.870000,8.870000,24950500
2020-04-27,9.080000,9.300000,8.870000,9.240000,9.240000,19969400
2020-04-28,9.760000,9.770000,9.320000,9.490000,9.490000,14047800
2020-04-29,9.710000,9.910000,9.580000,9.810000,9.810000,17280700
2020-04-30,9.580000,9.830000,9.520000,9.660000,9.660000,17650900
2020-05-01,9.480000,9.520000,9.280000,9.340000,9.340000,16529200
2020-05-04,9.200000,9.570000,9.040000,9.490000,9.490000,19310200
2020-05-05,9.650000,9.660000,9.320000,9.400000,9.400000,9564500
2020-05-06,9.460000,9.580000,9.340000,9.340000,9.340000,10636800
2020-05-07,9.370000,9.560000,9.360000,9.480000,9.480000,15380200
2020-05-08,9.560000,9.740000,9.510000,9.700000,9.700000,12909400
2020-05-11,9.540000,9.730000,9.510000,9.670000,9.670000,11556400
2020-05-12,9.800000,10.290000,9.800000,9.960000,9.960000,29808900
2020-05-13,9.950000,10.010000,9.510000,9.610000,9.610000,19067800
2020-05-14,9.410000,9.920000,9.410000,9.860000,9.860000,13276000
2020-05-15,9.760000,10.150000,9.740000,10.030000,10.030000,12476700
2020-05-18,10.330000,10.510000,10.260000,10.480000,10.480000,12551700
2020-05-19,10.440000,10.770000,10.380000,10.510000,10.510000,9738000
2020-05-20,10.770000,10.970000,10.690000,10.930000,10.930000,20271000
2020-05-21,10.900000,11.050000,10.810000,11.010000,11.010000,14376800
2020-05-22,10.980000,11.250000,10.890000,11.110000,11.110000,8472300
2020-05-26,11.590000,11.670000,11.260000,11.390000,11.390000,8701600
2020-05-27,11.520000,11.670000,11.180000,11.590000,11.590000,16450000
2020-05-28,11.570000,11.630000,11.310000,11.370000,11.370000,8138800
2020-05-29,11.250000,11.450000,11.190000,11.390000,11.390000,10222300
2020-06-01,11.380000,11.560000,11.300000,11.480000,11.480000,10757500
2020-06-02,11.600000,11.620000,11.280000,11.360000,11.360000,9532300
2020-06-03,11.500000,11.850000,11.430000,11.760000,11.760000,13335200
2020-06-04,12.000000,12.210000,11.710000,12.180000,12.180000,18513000
2020-06-05,12.500000,12.640000,12.090000,12.200000,12.200000,14196600
2020-06-08,12.400000,12.410000,12.260000,12.390000,12.390000,12662000
2020-06-09,12.110000,12.250000,12.040000,12.140000,12.140000,9060200
2020-06-10,12.000000,12.080000,11.470000,11.890000,11.890000,11059900
2020-06-11,11.370000,11.610000,11.180000,11.220000,11.220000,17252900
2020-06-12,11.700000,11.730000,11.280000,11.570000,11.570000,12097600
2020-06-15,11.250000,11.820000,11.180000,11.710000,11.710000,14736600
2020-06-16,12.060000,12.180000,11.920000,12.060000,12.060000,25016000
2020-06-17,12.150000,12.470000,12.110000,12.320000,12.320000,24294300
2020-06-18,12.230000,12.300000,12.120000,12.120000,12.120000,11275400
2020-06-19,12.290000,12.430000,12.150000,12.280000,12.280000,20168800
2020-06-22,12.210000,12.280000,11.990000,12.090000,12.090000,23394300
2020-06-23,12.190000,12.460000,12.160000,12.450000,12.450000,9701800
2020-06-24,12.270000,12.340000,12.020000,12.050000,12.050000,20030200
2020-06-25,11.990000,12.130000,11.750000,11.950000,11.950000,18362500
2020-06-26,11.940000,12.150000,11.660000,11.750000,11.750000,22311100
2020-06-29,11.800000,12.140000,11.650000,12.070000,12.070000,10649600
2020-06-30,12.020000,12.150000,11.930000,12.130000,12.130000,22641400
2020-07-01,12.160000,12.360000,12.060000,12.160000,12.160000,15008200
2020-07-02,12.400000,12.440000,12.180000,12.300000,12.300000,13983000
2020-07-06,12.500000,12.500000,12.060000,12.090000,12.090000,22690500
2020-07-07,11.980000,12.080000,11.260000,11.920000,11.920000,62458500
2020-07-08,11.880000,12.170000,11.770000,12.120000,12.120000,25072500
2020-07-09,12.230000,12.340000,12.060000,12.270000,12.270000,15434100
2020-07-10,12.220000,12.290000,12.100000,12.230000,12.230000,18004300
2020-07-13,12.340000,12.400000,12.080000,12.140000,12.140000,21752700
2020-07-14,12.160000,12.290000,12.090000,12.210000,12.210000,25015700
2020-07-15,12.470000,12.500000,12.330000,12.470000,12.470000,35038700
2020-07-16,12.360000,12.410000,12.290000,12.310000,12.310000,18224500
2020-07-17,12.350000,12.430000,12.310000,12.420000,12.420000,10898600
2020-07-20,38.240002,38.689999,35.580002,38.240002,38.240002,15497300
2020-07-21,38.900002,39.500000,37.660000,38.400002,38.400002,8004600
2020-07-22,37.509998,38.400002,36.970001,38.240002,38.240002,11085300
2020-07-23,37.470001,38.150002,34.759998,36.580002,36.580002,26808000