Date,Open,High,Low,Close,Adj Close,Volume
2017-10-30,9.980000,9.990000,9.960000,9.980000,8.208438,59000
2017-10-31,9.978000,9.990000,9.960000,9.990000,8.216663,88200
2017-11-01,9.970000,9.990000,9.960000,9.960000,8.191989,31900
2017-11-02,9.969000,9.980000,9.960000,9.980000,8.208438,11900
2017-11-03,9.980000,10.050000,9.967000,10.010000,8.233117,39900
2017-11-06,10.000000,10.040000,9.970000,9.980000,8.208438,71700
2017-11-07,9.980000,9.980000,9.950000,9.950000,8.183763,47900
2017-11-08,9.960000,9.960000,9.950000,9.950000,8.183763,85900
2017-11-09,9.950000,9.960000,9.950000,9.957000,8.189521,63400
2017-11-10,9.950000,9.964000,9.950000,9.950000,8.183763,58900
2017-11-13,9.952000,9.970000,9.952000,9.952000,8.185411,9200
2017-11-14,9.968000,9.990000,9.968000,9.980000,8.208438,15700
2017-11-15,9.990000,10.010000,9.984000,9.989000,8.215842,12200
2017-11-16,10.010000,10.030000,10.000000,10.030000,8.249563,18600
2017-11-17,10.010000,10.010000,10.010000,10.010000,8.233117,900
2017-11-20,10.010000,10.030000,10.010000,10.030000,8.249563,11900
2017-11-21,10.022000,10.040000,10.020000,10.030000,8.249563,3700
2017-11-22,10.010000,10.010000,10.000000,10.000000,8.224889,14500
2017-11-24,10.010000,10.010000,10.010000,10.010000,8.233117,300
2017-11-27,9.993000,10.010000,9.993000,10.001000,8.225714,7200
2017-11-28,9.980000,9.990000,9.980000,9.980000,8.208438,67600
2017-11-29,9.990000,9.990000,9.980000,9.990000,8.216663,7800
2017-11-30,9.987000,10.000000,9.987000,9.999000,8.224066,8800
2017-12-01,9.997000,10.000000,9.995000,9.997000,8.222421,6300
2017-12-04,9.993000,9.993000,9.993000,9.993000,8.219131,400
2017-12-05,10.000000,10.000000,9.980000,9.980000,8.208438,2900
2017-12-06,9.920000,9.990000,9.920000,9.930000,8.167315,9500
2017-12-07,9.950000,9.980000,9.950000,9.966000,8.196923,19300
2017-12-08,9.953000,9.977000,9.920000,9.934000,8.170607,13800
2017-12-11,9.988000,9.988000,9.920000,9.920000,8.159090,16500
2017-12-12,9.920000,9.920000,9.917000,9.920000,8.159090,6300
2017-12-13,9.930000,9.930000,9.871000,9.884000,8.129480,17500
2017-12-14,9.590000,9.808000,9.590000,9.650000,7.980618,24000
2017-12-15,9.650000,9.780000,9.650000,9.741000,8.055876,32600
2017-12-18,9.735000,9.740000,9.720000,9.736000,8.051742,12600
2017-12-19,9.740000,9.740000,9.450000,9.510000,7.864838,77400
2017-12-20,9.560000,9.580000,9.450000,9.480000,7.840027,69100
2017-12-21,9.450000,9.460000,9.250000,9.300000,7.691167,122700
2017-12-22,9.300000,9.460000,9.290000,9.425000,7.794543,71500
2017-12-26,9.416000,9.500000,9.350000,9.430000,7.798676,103700
2017-12-27,9.450000,9.640000,9.310000,9.590000,7.930998,59400
2017-12-28,9.560000,9.590000,9.420000,9.480000,7.840027,69600
2017-12-29,9.430000,9.550000,9.290000,9.400000,7.773866,260100
2018-01-02,9.590000,9.600000,9.433000,9.440000,7.806946,24600
2018-01-03,9.450000,9.750000,9.440000,9.750000,8.063319,28700
2018-01-04,9.730000,9.850000,9.680000,9.800000,8.104671,53900
2018-01-05,9.810000,9.810000,9.750000,9.765000,8.075724,18000
2018-01-08,9.750000,9.790000,9.750000,9.760000,8.071589,15900
2018-01-09,9.730000,9.787000,9.730000,9.765000,8.075724,18000
2018-01-10,9.800000,9.820000,9.740000,9.740000,8.055049,29500
2018-01-11,9.890000,9.890000,9.730000,9.740000,8.055049,31700
2018-01-12,9.720000,9.740000,9.520000,9.630000,7.964077,93700
2018-01-16,9.599000,9.740000,9.599000,9.740000,8.100472,11500
2018-01-17,9.700000,9.700000,9.690000,9.690000,8.058888,9400
2018-01-18,9.890000,9.890000,9.680000,9.780000,8.133737,40900
2018-01-19,9.768000,9.778000,9.759000,9.759000,8.116275,2800
2018-01-22,9.730000,9.790000,9.710000,9.710000,8.075524,20200
2018-01-23,9.850000,9.850000,9.750000,9.760000,8.117106,9400
2018-01-24,9.780000,9.781000,9.420000,9.535000,7.929979,151200
2018-01-25,9.600000,9.680000,9.550000,9.680000,8.050570,32000
2018-01-26,9.730000,9.740000,9.650000,9.650000,8.025622,21300
2018-01-29,9.700000,9.790000,9.700000,9.730000,8.092155,97300
2018-01-30,9.730000,9.760000,9.670000,9.670000,8.042254,28600
2018-01-31,9.850000,9.850000,9.670000,9.680000,8.050570,63200
2018-02-01,9.680000,9.770000,9.635000,9.660000,8.033938,97800
2018-02-02,9.681000,9.850000,9.681000,9.810000,8.158689,18600
2018-02-05,9.850000,9.850000,9.650000,9.760000,8.117106,42100
2018-02-06,9.770000,9.810000,9.710000,9.720000,8.083838,14500
2018-02-07,9.750000,9.840000,9.710000,9.830000,8.175323,29400
2018-02-08,9.780000,9.840000,9.670000,9.787000,8.139562,28200
2018-02-09,9.720000,9.720000,9.260000,9.452000,7.904564,159900
2018-02-12,9.460000,9.510000,9.440000,9.490000,7.936346,11900
2018-02-13,9.480000,9.539000,9.470000,9.470000,7.919619,29500
2018-02-14,9.570000,9.570000,9.260000,9.430000,7.886167,101500
2018-02-15,9.380000,9.399000,9.340000,9.390000,7.852715,46100
2018-02-16,9.390000,9.430000,9.380000,9.380000,7.844352,21800
2018-02-20,9.410000,9.490000,9.410000,9.460000,7.911255,10800
2018-02-21,9.470000,9.490000,9.410000,9.450000,7.902893,19200
2018-02-22,9.400000,9.488000,9.400000,9.460000,7.911255,26600
2018-02-23,9.430000,9.510000,9.430000,9.500000,7.944708,19500
2018-02-26,9.520000,9.550000,9.450000,9.497000,7.942198,38100
2018-02-27,9.540000,9.540000,9.400000,9.410000,7.869442,21000
2018-02-28,9.430000,9.464000,9.401000,9.460000,7.911255,27700
2018-03-01,9.460000,9.480000,9.452000,9.455000,7.907076,11400
2018-03-02,9.480000,9.500000,9.410000,9.450000,7.902893,13400
2018-03-05,9.480000,9.489000,9.470000,9.489000,7.935505,4300
2018-03-06,9.488000,9.529000,9.480000,9.529000,7.968959,11800
2018-03-07,9.500000,9.600000,9.500000,9.580000,8.011612,25000
2018-03-08,9.551000,9.650000,9.500000,9.630000,8.053425,34500
2018-03-09,9.640000,9.640000,9.590000,9.590000,8.019974,9800
2018-03-12,9.500000,9.580000,9.500000,9.530000,7.969794,6100
2018-03-13,9.511000,9.530000,9.450000,9.450000,7.947928,56100
2018-03-14,9.480000,9.540000,9.460000,9.540000,8.023623,8400
2018-03-15,9.530000,9.540000,9.460000,9.487000,7.979048,11400
2018-03-16,9.500000,9.520000,9.470000,9.470000,7.964749,11700
2018-03-19,9.500000,9.515000,9.488000,9.510000,7.998390,17000
2018-03-20,9.540000,9.550000,9.500000,9.510000,7.998390,25000
2018-03-21,9.550000,9.550000,9.507000,9.540000,8.023623,58600
2018-03-22,9.540000,9.600000,9.540000,9.590000,8.065675,5800
2018-03-23,9.590000,9.590000,9.370000,9.420000,7.922695,32000
2018-03-26,9.450000,9.450000,9.310000,9.320000,7.838592,33200
2018-03-27,9.380000,9.390000,9.330000,9.360000,7.872232,36100
2018-03-28,9.400000,9.400000,9.340000,9.350000,7.863823,12400
2018-03-29,9.346000,9.370000,9.320000,9.330000,7.847003,11000
2018-04-02,9.330000,9.330000,9.280000,9.290000,7.813360,19700
2018-04-03,9.280000,9.345000,9.280000,9.320000,7.838592,30200
2018-04-04,9.320000,9.340000,9.300000,9.330000,7.847003,19200
2018-04-05,9.310000,9.340000,9.310000,9.340000,7.855413,22400
2018-04-06,9.370000,9.375000,9.340000,9.370000,7.880646,20400
2018-04-09,9.320000,9.350000,9.280000,9.300000,7.867109,168600
2018-04-10,9.288000,9.300000,9.240000,9.290000,7.858650,76500
2018-04-11,9.327000,9.340000,9.249000,9.290000,7.858650,67600
2018-04-12,9.310000,9.320000,9.260000,9.270000,7.841731,98900
2018-04-13,9.260000,9.280000,9.230000,9.280000,7.850188,99000
2018-04-16,9.280000,9.284000,9.240000,9.240000,7.816353,84100
2018-04-17,9.240000,9.300000,9.230000,9.290000,7.858650,165200
2018-04-18,9.250000,9.292000,9.190000,9.235000,7.812126,158400
2018-04-19,9.220000,9.290000,9.190000,9.290000,7.858650,116600
2018-04-20,9.290000,9.313000,9.250000,9.280000,7.850188,27100
2018-04-23,9.280000,9.320000,9.190000,9.250000,7.824813,115100
2018-04-24,9.270000,9.400000,9.250000,9.350000,7.909404,47300
2018-04-25,9.351000,9.351000,9.210000,9.300000,7.867109,41600
2018-04-26,9.300000,9.380000,9.300000,9.380000,7.934784,8000
2018-04-27,9.374000,9.389000,9.370000,9.380000,7.934784,8400
2018-04-30,9.350000,9.370000,9.220000,9.290000,7.858650,59600
2018-05-01,9.300000,9.340000,9.280000,9.340000,7.900947,9500
2018-05-02,9.350000,9.390000,9.332000,9.390000,7.943242,19000
2018-05-03,9.399000,9.399000,9.280000,9.305000,7.871339,69700
2018-05-04,9.320000,9.330000,9.260000,9.260000,7.833272,175100
2018-05-07,9.280000,9.290000,9.230000,9.260000,7.833272,52400
2018-05-08,9.260000,9.267000,9.210000,9.220000,7.799435,39400
2018-05-09,9.200000,9.200000,9.170000,9.180000,7.811348,43200
2018-05-10,9.180000,9.210000,9.150000,9.160000,7.794326,97200
2018-05-11,9.180000,9.210000,9.160000,9.210000,7.836875,50300
2018-05-14,9.210000,9.250000,9.210000,9.250000,7.870911,50500
2018-05-15,9.270000,9.270000,9.230000,9.234000,7.857297,31800
2018-05-16,9.200000,9.300000,9.200000,9.280000,7.896438,79500
2018-05-17,9.220000,9.260000,9.220000,9.250000,7.870911,15000
2018-05-18,9.250000,9.260000,9.210000,9.220000,7.845383,13300
2018-05-21,9.240000,9.280000,9.230000,9.250000,7.870911,25000
2018-05-22,9.240000,9.282000,9.240000,9.274000,7.891333,37200
2018-05-23,9.254000,9.260000,9.210000,9.250000,7.870911,18500
2018-05-24,9.280000,9.280000,9.250000,9.260000,7.879422,17200
2018-05-25,9.300000,9.300000,9.250000,9.290000,7.904947,18600
2018-05-29,9.240000,9.241000,9.210000,9.210000,7.836875,19000
2018-05-30,9.220000,9.240000,9.210000,9.220000,7.845383,14800
2018-05-31,9.250000,9.250000,9.110000,9.150000,7.785819,102900
2018-06-01,9.170000,9.240000,9.170000,9.240000,7.862404,27800
2018-06-04,9.230000,9.270000,9.230000,9.270000,7.887930,11700
2018-06-05,9.280000,9.280000,9.230000,9.250000,7.870911,21500
2018-06-06,9.270000,9.320000,9.270000,9.320000,7.930475,21900
2018-06-07,9.270000,9.300000,9.210000,9.210000,7.836875,31500
2018-06-08,9.217000,9.289000,9.217000,9.240000,7.862404,21100
2018-06-11,9.260000,9.289000,9.240000,9.240000,7.862404,14400
2018-06-12,9.200000,9.220000,9.130000,9.170000,7.848708,35900
2018-06-13,9.180000,9.250000,9.180000,9.220000,7.891504,29500
2018-06-14,9.223000,9.240000,9.170000,9.210000,7.882944,28200
2018-06-15,9.230000,9.240000,9.230000,9.237000,7.906054,12400
2018-06-18,9.240000,9.250000,9.200000,9.210000,7.882944,30700
2018-06-19,9.191000,9.250000,9.170000,9.240000,7.908621,37900
2018-06-20,9.249000,9.250000,9.180000,9.240000,7.908621,34100
2018-06-21,9.234000,9.250000,9.226000,9.240000,7.908621,13800
2018-06-22,9.236000,9.250000,9.160000,9.170000,7.848708,40800
2018-06-25,9.180000,9.200000,9.130000,9.150000,7.831587,40700
2018-06-26,9.160000,9.189000,9.100000,9.100000,7.788795,41300
2018-06-27,9.150000,9.190000,9.080000,9.140000,7.823032,36200
2018-06-28,9.150000,9.180000,9.139000,9.165000,7.844431,31800
2018-06-29,9.150000,9.212000,9.149000,9.170000,7.848708,37200
2018-07-02,9.180000,9.201000,9.150000,9.160000,7.840147,22100
2018-07-03,9.230000,9.230000,9.145000,9.150000,7.831587,6500
2018-07-05,9.230000,9.230000,9.170000,9.170000,7.848708,26700
2018-07-06,9.170000,9.230000,9.160000,9.180000,7.857268,60000
2018-07-09,9.200000,9.200000,9.160000,9.160000,7.840147,27100
2018-07-10,9.110000,9.170000,9.080000,9.150000,7.878031,55600
2018-07-11,9.140000,9.160000,9.080000,9.100000,7.834982,38900
2018-07-12,9.109000,9.150000,9.109000,9.150000,7.878031,16800
2018-07-13,9.140000,9.140000,9.087000,9.090000,7.826374,17800
2018-07-16,9.100000,9.120000,9.060000,9.060000,7.800545,22800
2018-07-17,9.080000,9.100000,9.065000,9.100000,7.834982,65400
2018-07-18,9.080000,9.110000,9.080000,9.080000,7.817761,19700
2018-07-19,9.080000,9.119000,9.070000,9.070000,7.809152,28600
2018-07-20,9.080000,9.090000,9.037000,9.040000,7.783323,76500
2018-07-23,9.080000,9.080000,9.040000,9.040000,7.783323,29100
2018-07-24,9.090000,9.090000,9.020000,9.030000,7.774712,46600
2018-07-25,9.070000,9.089000,9.060000,9.070000,7.809152,8500
2018-07-26,9.030000,9.070000,9.030000,9.040000,7.783323,28600
2018-07-27,9.040000,9.070000,9.010000,9.060000,7.800545,25100
2018-07-30,9.020000,9.070000,9.020000,9.040000,7.783323,27800
2018-07-31,9.070000,9.100000,9.030000,9.100000,7.834982,33200
2018-08-01,9.080000,9.120000,9.050000,9.090000,7.826374,31300
2018-08-02,9.060000,9.120000,9.060000,9.100000,7.834982,6800
2018-08-03,9.100000,9.150000,9.100000,9.150000,7.878031,17500
2018-08-06,9.150000,9.170000,9.140000,9.170000,7.895251,22300
2018-08-07,9.170000,9.170000,9.120000,9.160000,7.886642,51000
2018-08-08,9.180000,9.180000,9.100000,9.100000,7.834982,38500
2018-08-09,9.160000,9.160000,9.115000,9.120000,7.852202,19700
2018-08-10,9.160000,9.160000,9.060000,9.070000,7.809152,29800
2018-08-13,9.100000,9.100000,9.030000,9.030000,7.821279,3300
2018-08-14,9.030000,9.072000,9.030000,9.030000,7.821279,18100
2018-08-15,9.080000,9.080000,8.980000,8.980000,7.777970,46800
2018-08-16,9.000000,9.090000,9.000000,9.020000,7.812619,60700
2018-08-17,9.080000,9.090000,9.070000,9.080000,7.864586,16700
2018-08-20,9.110000,9.170000,9.070000,9.150000,7.925216,43500
2018-08-21,9.140000,9.150000,9.120000,9.120000,7.899232,17200
2018-08-22,9.100000,9.160000,9.070000,9.100000,7.881909,59300
2018-08-23,9.280000,9.280000,9.059000,9.190000,7.959859,63300
2018-08-24,9.160000,9.230000,9.130000,9.200000,7.968522,39800
2018-08-27,9.210000,9.230000,9.160000,9.200000,7.968522,33200
2018-08-28,9.180000,9.210000,9.100000,9.210000,7.977183,19400
2018-08-29,9.200000,9.210000,9.120000,9.200000,7.968522,26500
2018-08-30,9.200000,9.200000,9.140000,9.150000,7.925216,25500
2018-08-31,9.150000,9.170000,9.150000,9.170000,7.942537,4700
2018-09-04,9.130000,9.190000,9.130000,9.140000,7.916555,16000
2018-09-05,9.130000,9.180000,9.130000,9.130000,7.907894,33200
2018-09-06,9.130000,9.130000,8.990000,9.070000,7.855923,75300
2018-09-07,9.060000,9.120000,9.060000,9.100000,7.881909,17700
2018-09-10,9.120000,9.120000,9.090000,9.113000,7.893167,11300
2018-09-11,9.119000,9.150000,9.090000,9.100000,7.881909,30800
2018-09-12,9.100000,9.130000,9.100000,9.130000,7.955100,34100
2018-09-13,9.150000,9.150000,9.080000,9.080000,7.911533,35800
2018-09-14,9.110000,9.120000,8.960000,8.980000,7.824400,49900
2018-09-17,8.990000,9.060000,8.970000,9.050000,7.885395,38000
2018-09-18,9.060000,9.060000,8.990000,9.010000,7.850542,14400
2018-09-19,9.020000,9.020000,8.960000,9.010000,7.850542,47500
2018-09-20,9.023000,9.034000,8.990000,9.010000,7.850542,50000
2018-09-21,9.040000,9.050000,9.030000,9.030000,7.867968,4800
2018-09-24,9.040000,9.040000,8.950000,8.970000,7.815689,63200
2018-09-25,9.010000,9.020000,8.940000,8.970000,7.815689,47100
2018-09-26,8.960000,9.002000,8.950000,8.990000,7.833116,30500
2018-09-27,9.000000,9.020000,8.980000,9.020000,7.859256,28200
2018-09-28,9.000000,9.050000,9.000000,9.000000,7.841830,30200
2018-10-01,9.030000,9.083000,9.030000,9.056000,7.890623,54600
2018-10-02,9.080000,9.089000,9.000000,9.000000,7.841830,27900
2018-10-03,9.030000,9.050000,8.980000,8.990000,7.833116,22500
2018-10-04,9.000000,9.000000,8.890000,8.910000,7.763409,94100
2018-10-05,8.908000,8.922000,8.880000,8.880000,7.737272,14900
2018-10-08,8.930000,8.930000,8.880000,8.880000,7.737272,17800
2018-10-09,8.880000,8.902000,8.810000,8.820000,7.684992,61600
2018-10-10,8.820000,8.820000,8.690000,8.790000,7.706033,74100
2018-10-11,8.820000,8.850000,8.785000,8.830000,7.741102,45700
2018-10-12,8.800000,8.930000,8.800000,8.871000,7.777042,61800
2018-10-15,8.900000,8.900000,8.840000,8.890000,7.793699,56000
2018-10-16,8.910000,8.910000,8.810000,8.840000,7.749866,52000
2018-10-17,8.920000,8.920000,8.800000,8.800000,7.714797,34700
2018-10-18,8.840000,8.840000,8.780000,8.810000,7.723567,27700
2018-10-19,8.820000,8.820000,8.750000,8.750000,7.670965,31800
2018-10-22,8.750000,8.750000,8.720000,8.730000,7.653430,41500
2018-10-23,8.790000,8.790000,8.500000,8.640000,7.574529,46700
2018-10-24,8.650000,8.700000,8.650000,8.680000,7.609596,19900
2018-10-25,8.730000,8.730000,8.630000,8.664000,7.595570,30400
2018-10-26,8.620000,8.645000,8.610000,8.640000,7.574529,44000
2018-10-29,8.640000,8.690000,8.570000,8.570000,7.513162,38700
2018-10-30,8.561000,8.590000,8.550000,8.570000,7.513162,29900
2018-10-31,8.560000,8.602000,8.450000,8.550000,7.495630,143100
2018-11-01,8.594000,8.680000,8.565000,8.570000,7.513162,39000
2018-11-02,8.600000,8.679000,8.600000,8.665000,7.596448,13800
2018-11-05,8.720000,8.720000,8.680000,8.700000,7.627130,4800
2018-11-06,8.560000,8.650000,8.560000,8.650000,7.630658,23400
2018-11-07,8.620000,8.710000,8.620000,8.710000,7.683588,15300
2018-11-08,8.710000,8.715000,8.610000,8.610000,7.595372,58100
2018-11-09,8.630000,8.640000,8.540000,8.580000,7.568909,52800
2018-11-12,8.620000,8.620000,8.560000,8.580000,7.568909,16900
2018-11-13,8.550000,8.590000,8.500000,8.520000,7.515978,31600
2018-11-14,8.490000,8.550000,8.490000,8.550000,7.542444,34400
2018-11-15,8.540000,8.550000,8.505000,8.530000,7.524799,26300
2018-11-16,8.510000,8.530000,8.493000,8.510000,7.507158,24000
2018-11-19,8.500000,8.530000,8.460000,8.471000,7.472753,44900
2018-11-20,8.480000,8.480000,8.160000,8.220000,7.251332,68200
2018-11-21,8.300000,8.320000,8.230000,8.300000,7.321904,39100
2018-11-23,8.270000,8.270000,8.210000,8.270000,7.295441,17100
2018-11-26,8.250000,8.340000,8.210000,8.340000,7.357192,88700
2018-11-27,8.270000,8.320000,8.240000,8.280000,7.304261,120000
2018-11-28,8.210000,8.380000,8.210000,8.350000,7.366013,67200
2018-11-29,8.350000,8.380000,8.265000,8.330000,7.348369,57300
2018-11-30,8.310000,8.360000,8.250000,8.340000,7.357192,55000
2018-12-03,8.310000,8.380000,8.300000,8.350000,7.366013,76500
2018-12-04,8.320000,8.350000,8.247000,8.310000,7.330728,71600
2018-12-06,8.300000,8.380000,8.160000,8.200000,7.233689,173000
2018-12-07,8.190000,8.249000,8.090000,8.150000,7.189580,71300
2018-12-10,8.100000,8.210000,8.010000,8.030000,7.130971,108400
2018-12-11,8.040000,8.100000,8.030000,8.090000,7.184253,26400
2018-12-12,8.060000,8.110000,8.030000,8.050000,7.148731,68900
2018-12-13,8.010000,8.050000,7.960000,8.017000,7.119426,70500
2018-12-14,7.950000,8.050000,7.950000,7.980000,7.086567,71100
2018-12-17,7.980000,7.980000,7.712000,7.755000,6.886757,112500
2018-12-18,7.770000,7.845000,7.640000,7.660000,6.802395,160200
2018-12-19,7.570000,7.830000,7.550000,7.710000,6.846797,140800
2018-12-20,7.680000,7.710000,7.300000,7.550000,6.704711,134700
2018-12-21,7.510000,7.610000,7.480000,7.530000,6.686951,90800
2018-12-24,7.370000,7.530000,7.370000,7.458000,6.623011,105400
2018-12-26,7.550000,7.779000,7.500000,7.620000,6.766873,120100
2018-12-27,7.580000,7.830000,7.570000,7.800000,6.926721,109900
2018-12-28,7.550000,8.040000,7.550000,7.970000,7.127028,216500
2018-12-31,7.870000,7.900000,7.650000,7.680000,6.867702,249800
2019-01-02,7.650000,7.800000,7.650000,7.800000,6.975010,27500
2019-01-03,7.760000,7.800000,7.710000,7.780000,6.957126,53800
2019-01-04,7.820000,7.960000,7.817000,7.930000,7.091259,12100
2019-01-07,7.990000,8.080000,7.960000,8.070000,7.216451,68200
2019-01-08,8.100000,8.140000,8.000000,8.140000,7.279047,55800
2019-01-09,8.190000,8.200000,8.150000,8.180000,7.314817,51600
2019-01-10,8.220000,8.220000,8.130000,8.170000,7.305874,32300
2019-01-11,8.200000,8.200000,8.170000,8.200000,7.332702,9800
2019-01-14,8.190000,8.190000,8.159000,8.180000,7.314817,25600
2019-01-15,8.220000,8.220000,8.150000,8.170000,7.305874,45800
2019-01-16,8.240000,8.290000,8.185000,8.260000,7.386356,57600
2019-01-17,8.290000,8.294000,8.230000,8.270000,7.395299,37600
2019-01-18,8.270000,8.300000,8.250000,8.250000,7.377415,34000
2019-01-22,8.300000,8.300000,8.230000,8.240000,7.368473,51300
2019-01-23,8.270000,8.280000,8.220000,8.260000,7.386356,21500
2019-01-24,8.250000,8.340000,8.243000,8.290000,7.413183,40100
2019-01-25,8.340000,8.340000,8.280000,8.310000,7.431067,31000
2019-01-28,8.220000,8.310000,8.204000,8.280000,7.404239,20200
2019-01-29,8.260000,8.311000,8.260000,8.280000,7.404239,19000
2019-01-30,8.360000,8.440000,8.320000,8.390000,7.502605,84600
2019-01-31,8.360000,8.502000,8.360000,8.400000,7.511549,102300
2019-02-01,8.430000,8.510000,8.387000,8.480000,7.583086,212800
2019-02-04,8.464000,8.580000,8.450000,8.560000,7.654626,69200
2019-02-05,8.580000,8.590000,8.522000,8.580000,7.672510,30300
2019-02-06,8.540000,8.584000,8.530000,8.571000,7.664464,30800
2019-02-07,8.580000,8.600000,8.480000,8.590000,7.681451,85400
2019-02-08,8.580000,8.614000,8.560000,8.610000,7.699337,43800
2019-02-11,8.560000,8.670000,8.510000,8.640000,7.774927,112300
2019-02-12,8.610000,8.655000,8.610000,8.630000,7.765929,31900
2019-02-13,8.710000,8.710000,8.625000,8.650000,7.783926,47600
2019-02-14,8.634000,8.680000,8.587000,8.670000,7.801922,23800
2019-02-15,8.700000,8.720000,8.520000,8.530000,7.675940,25800
2019-02-19,8.550000,8.650000,8.510000,8.600000,7.738931,31200
2019-02-20,8.650000,8.650000,8.590000,8.640000,7.774927,36700
2019-02-21,8.709000,8.710000,8.618000,8.680000,7.810921,38400
2019-02-22,8.720000,8.806000,8.610000,8.730000,7.855914,45500
2019-02-25,8.820000,8.830000,8.710000,8.710000,7.837919,16100
2019-02-26,8.790000,8.870000,8.610000,8.610000,7.747931,44100
2019-02-27,8.740000,8.800000,8.700000,8.800000,7.918908,28700
2019-02-28,8.830000,8.830000,8.640000,8.650000,7.783926,116800
2019-03-01,8.640000,8.724000,8.620000,8.700000,7.828918,65000
2019-03-04,8.730000,8.740000,8.690000,8.730000,7.855914,23700
2019-03-05,8.750000,8.830000,8.714000,8.813000,7.930604,36900
2019-03-06,8.850000,8.852000,8.810000,8.813000,7.930604,27700
2019-03-07,8.890000,8.890000,8.700000,8.815000,7.932406,59900
2019-03-08,8.870000,8.870000,8.780000,8.800000,7.918908,13500
2019-03-11,8.750000,8.810000,8.720000,8.740000,7.913475,40300
2019-03-12,8.760000,8.810000,8.660000,8.690000,7.868202,17500
2019-03-13,8.680000,8.760000,8.680000,8.740000,7.913475,6400
2019-03-14,8.780000,8.790000,8.720000,8.750000,7.922528,28900
2019-03-15,8.730000,8.780000,8.660000,8.660000,7.841039,41000
2019-03-18,8.660000,8.686000,8.590000,8.650000,7.831986,45600
2019-03-19,8.630000,8.700000,8.570000,8.640000,7.822931,80300
2019-03-20,8.600000,8.700000,8.600000,8.700000,7.877256,29900
2019-03-21,8.680000,8.820000,8.680000,8.790000,7.958745,15500
2019-03-22,8.810000,8.824000,8.680000,8.755000,7.927056,44300
2019-03-25,8.770000,8.850000,8.650000,8.680000,7.859149,47500
2019-03-26,8.790000,8.800000,8.700000,8.730000,7.904420,50600
2019-03-27,8.760000,8.812000,8.760000,8.790000,7.958745,6700
2019-03-28,8.750000,8.820000,8.750000,8.784000,7.953315,21500
2019-03-29,8.830000,8.850000,8.795000,8.815000,7.981382,46900
2019-04-01,8.800000,8.850000,8.770000,8.780000,7.949692,28700
2019-04-02,8.860000,8.871000,8.800000,8.830000,7.994963,52000
2019-04-03,8.840000,8.850000,8.660000,8.780000,7.949692,40100
2019-04-04,8.850000,8.850000,8.800000,8.838000,8.002208,8500
2019-04-05,8.840000,8.850000,8.760000,8.821000,8.035913,39700
2019-04-08,8.760000,8.860000,8.760000,8.860000,8.071443,4100
2019-04-09,8.860000,8.870000,8.846000,8.850000,8.062332,10300
2019-04-10,8.880000,8.920000,8.859000,8.910000,8.116990,24600
2019-04-11,8.970000,8.978000,8.825000,8.970000,8.171652,23300
2019-04-12,8.960000,9.070000,8.930000,9.070000,8.262751,29400
2019-04-15,9.050000,9.050000,8.880000,8.880000,8.089663,70600
2019-04-16,8.990000,8.990000,8.881000,8.950000,8.153433,33000
2019-04-17,8.980000,8.990000,8.900000,8.980000,8.180762,42800
2019-04-18,9.030000,9.030000,8.989000,9.000000,8.198980,17300
2019-04-22,8.980000,9.030000,8.920000,8.980000,8.180762,45400
2019-04-23,9.080000,9.190000,8.990000,9.010000,8.208092,31000
2019-04-24,9.060000,9.060000,8.994000,9.000000,8.198980,29600
2019-04-25,9.020000,9.020000,8.890000,8.910000,8.116990,54400
2019-04-26,8.970000,9.020000,8.900000,9.010000,8.208092,27500
2019-04-29,8.960000,9.060000,8.960000,9.000000,8.198980,13000
2019-04-30,9.240000,9.240000,9.018000,9.080000,8.271862,37500
2019-05-01,9.010000,9.100000,9.010000,9.090000,8.280973,21300
2019-05-02,9.130000,9.130000,8.970000,8.970000,8.171652,11600
2019-05-03,8.940000,9.421000,8.940000,9.180000,8.362962,53400
2019-05-06,9.250000,9.295000,9.190000,9.280000,8.454061,79700
2019-05-07,9.180000,9.330000,9.180000,9.180000,8.362962,62800
2019-05-08,9.280000,9.280000,9.090000,9.110000,8.348301,61100
2019-05-09,9.100000,9.120000,8.970000,9.020000,8.265825,9500
2019-05-10,8.920000,9.196000,8.920000,9.020000,8.265825,17900
2019-05-13,9.000000,9.020000,8.960000,8.965000,8.215423,67800
2019-05-14,9.030000,9.050000,8.981000,9.040000,8.284153,10700
2019-05-15,9.000000,9.050000,8.991000,9.050000,8.293317,27400
2019-05-16,9.010000,9.240000,8.970000,9.085000,8.325391,97600
2019-05-17,9.053000,9.130000,9.053000,9.120000,8.357465,12900
2019-05-20,9.096000,9.100000,8.990000,8.990000,8.238334,30400
2019-05-21,8.990000,9.080000,8.990000,9.080000,8.320805,7200
2019-05-22,9.070000,9.110000,9.000000,9.050000,8.293317,17600
2019-05-23,9.060000,9.060000,9.010000,9.050000,8.293317,8200
2019-05-24,9.060000,9.060000,9.050000,9.051000,8.294233,17300
2019-05-28,9.000000,9.060000,9.000000,9.060000,8.302482,46200
2019-05-29,9.060000,9.060000,9.010000,9.040000,8.284153,21800
2019-05-30,9.100000,9.135000,8.830000,9.060000,8.302482,38800
2019-05-31,9.050000,9.052000,9.005000,9.050000,8.293317,6000
2019-06-03,9.023000,9.030000,8.980000,8.980000,8.229170,10800
2019-06-04,8.980000,9.000000,8.980000,9.000000,8.247498,8200
2019-06-05,9.010000,9.080000,8.980000,9.010000,8.256661,26900
2019-06-06,8.980000,9.030000,8.960000,9.000000,8.247498,20100
2019-06-07,9.050000,9.129000,9.020000,9.090000,8.329971,48400
2019-06-10,9.100000,9.140000,9.050000,9.050000,8.342878,30900
2019-06-11,9.050000,9.100000,9.050000,9.100000,8.388971,13100
2019-06-12,9.160000,9.160000,9.030000,9.030000,8.324441,28400
2019-06-13,9.050000,9.090000,9.000000,9.080000,8.370533,18400
2019-06-14,9.070000,9.130000,9.063000,9.130000,8.416627,8600
2019-06-17,9.120000,9.250000,9.120000,9.210000,8.490376,47700
2019-06-18,9.196000,9.243000,9.150000,9.210000,8.490376,32000
2019-06-19,9.230000,9.270000,9.190000,9.220000,8.499596,27600
2019-06-20,9.250000,9.270000,9.150000,9.190000,8.471939,19300
2019-06-21,9.120000,9.170000,9.030000,9.060000,8.352097,45300
2019-06-24,9.100000,9.150000,9.080000,9.110000,8.398190,25700
2019-06-25,9.150000,9.179000,9.140000,9.150000,8.435063,21700
2019-06-26,9.150000,9.180000,9.122000,9.180000,8.462722,45500
2019-06-27,9.200000,9.550000,9.134000,9.250000,8.527250,44100
2019-06-28,9.220000,9.370000,9.220000,9.350000,8.619438,60600
2019-07-01,9.439000,9.439000,9.190000,9.200000,8.481157,40700
2019-07-02,9.260000,9.319000,9.230000,9.315000,8.587173,38000
2019-07-03,9.330000,9.550000,9.300000,9.300000,8.573345,32900
2019-07-05,9.400000,9.430000,9.300000,9.300000,8.573345,11100
2019-07-08,9.340000,9.340000,9.200000,9.290000,8.564124,19000
2019-07-09,9.330000,9.330000,9.239000,9.300000,8.573345,16800
2019-07-10,9.250000,9.450000,9.250000,9.330000,8.651231,12500
2019-07-11,9.340000,9.380000,9.160000,9.160000,8.493602,20100
2019-07-12,9.270000,9.320000,9.180000,9.320000,8.641961,33000
2019-07-15,9.280000,9.350000,9.280000,9.300000,8.623416,10700
2019-07-16,9.390000,9.390000,9.290000,9.290000,8.614141,13400
2019-07-17,9.320000,9.338000,9.230000,9.230000,8.558507,17900
2019-07-18,9.250000,9.440000,9.250000,9.440000,8.753230,38300
2019-07-19,9.420000,9.420000,9.270000,9.370000,8.688324,30200
2019-07-22,9.420000,9.420000,9.170000,9.200000,8.530690,32300
2019-07-23,9.240000,9.290000,9.110000,9.200000,8.530690,50000
2019-07-24,9.230000,9.252000,9.170000,9.240000,8.567780,20100
2019-07-25,9.260000,9.271000,9.187000,9.190000,8.521418,52200
2019-07-26,9.220000,9.294000,9.180000,9.180000,8.512147,27000
2019-07-29,9.170000,9.240000,9.170000,9.180000,8.512147,19600
2019-07-30,9.180000,9.450000,9.150000,9.250000,8.577054,68600
2019-07-31,9.280000,9.320000,9.170000,9.188000,8.519565,16200
2019-08-01,9.250000,9.310000,9.250000,9.300000,8.623416,11500
2019-08-02,9.370000,9.370000,9.210000,9.250000,8.577054,14300
2019-08-05,9.250000,9.380000,9.250000,9.380000,8.697596,17900
2019-08-06,9.380000,9.380000,9.250000,9.250000,8.577054,24700
2019-08-07,9.270000,9.280000,9.249000,9.270000,8.595600,11200
2019-08-08,9.289000,9.300000,9.130000,9.140000,8.475057,46800
2019-08-09,9.350000,9.350000,8.960000,9.050000,8.391603,32600
2019-08-12,9.090000,9.090000,8.910000,9.000000,8.395335,27800
2019-08-13,9.020000,9.090000,8.980000,9.050000,8.441976,21200
2019-08-14,8.980000,9.030000,8.920000,8.960000,8.358023,15700
2019-08-15,8.940000,9.000000,8.910000,9.000000,8.395335,22200
2019-08-16,9.030000,9.150000,9.030000,9.120000,8.507271,20400
2019-08-19,9.150000,9.310000,9.141000,9.265000,8.642530,12300
2019-08-20,9.250000,9.350000,9.110000,9.110000,8.497944,27100
2019-08-21,9.200000,9.350000,9.200000,9.330000,8.703164,10700
2019-08-22,9.350000,9.350000,9.140000,9.300000,8.675179,40600
2019-08-23,9.210000,9.300000,9.210000,9.290000,8.665852,3000
2019-08-26,9.350000,9.400000,9.250000,9.290000,8.665852,49500
2019-08-27,9.290000,9.390000,9.198000,9.320000,8.693836,37800
2019-08-28,9.280000,9.310000,9.180000,9.300000,8.675179,30500
2019-08-29,9.310000,9.470000,9.310000,9.310000,8.684506,40400
2019-08-30,9.350000,9.400000,9.270000,9.290000,8.665852,58200
2019-09-03,9.400000,9.580000,9.260000,9.580000,8.936367,49400
2019-09-04,9.520000,9.600000,9.350000,9.360000,8.731148,61900
2019-09-05,9.490000,9.500000,9.390000,9.390000,8.759131,20800
2019-09-06,9.498000,9.498000,9.291000,9.300000,8.675179,15000
2019-09-09,9.360000,9.360000,9.100000,9.110000,8.497944,59900
2019-09-10,9.230000,9.230000,8.970000,8.990000,8.436012,62000
2019-09-11,9.010000,9.120000,8.970000,9.010000,8.454780,62700
2019-09-12,9.030000,9.050000,8.988000,9.021000,8.465102,60500
2019-09-13,8.980000,9.100000,8.980000,9.050000,8.492314,16900
2019-09-16,9.050000,9.090000,9.000000,9.070000,8.511083,27800
2019-09-17,9.070000,9.150000,9.010000,9.140000,8.576768,39500
2019-09-18,9.070000,9.160000,9.070000,9.140000,8.576768,7000
2019-09-19,9.180000,9.340000,9.180000,9.270000,8.698757,35800
2019-09-20,9.190000,9.350000,9.160000,9.170000,8.604920,32400
2019-09-23,9.190000,9.280000,9.190000,9.270000,8.698757,12700
2019-09-24,9.350000,9.350000,9.290000,9.330000,8.755058,21400
2019-09-25,9.360000,9.380000,9.290000,9.330000,8.755058,12200
2019-09-26,9.380000,9.380000,9.290000,9.300000,8.726909,16600
2019-09-27,9.310000,9.340000,9.250000,9.250000,8.679991,51600
2019-09-30,9.250000,9.270000,9.250000,9.250000,8.679991,39300
2019-10-01,9.320000,9.320000,9.250000,9.250000,8.679991,18800
2019-10-02,9.250000,9.360000,9.000000,9.050000,8.492314,109000
2019-10-03,9.080000,9.130000,9.070000,9.120000,8.557999,11600
2019-10-04,9.110000,9.190000,9.070000,9.130000,8.567386,41600
2019-10-07,9.190000,9.190000,9.070000,9.120000,8.557999,16800
2019-10-08,9.180000,9.290000,9.088000,9.290000,8.717525,41800
2019-10-09,9.240000,9.280000,9.208000,9.280000,8.759055,6800
2019-10-10,9.250000,9.400000,9.220000,9.400000,8.872319,22000
2019-10-11,9.350000,9.350000,9.030000,9.150000,8.636353,36000
2019-10-14,9.070000,9.180000,9.070000,9.120000,8.608035,50400
2019-10-15,9.166000,9.210000,9.144000,9.210000,8.692984,15000
2019-10-16,9.190000,9.240000,9.140000,9.240000,8.721300,25700
2019-10-17,9.250000,9.280000,9.200000,9.200000,8.683545,20500
2019-10-18,9.280000,9.280000,9.150000,9.230000,8.711862,18100
2019-10-21,9.150000,9.230000,9.130000,9.150000,8.636353,23900
2019-10-22,9.130000,9.160000,9.110000,9.150000,8.636353,20900
2019-10-23,9.130000,9.180000,9.130000,9.160000,8.645791,12400
2019-10-24,9.160000,9.190000,9.100000,9.140000,8.626914,25300
2019-10-25,9.160000,9.200000,9.140000,9.160000,8.645791,23300
2019-10-28,9.180000,9.240000,9.180000,9.220000,8.702423,18700
2019-10-29,9.250000,9.296000,9.110000,9.160000,8.645791,22800
2019-10-30,9.150000,9.280000,9.150000,9.250000,8.730740,32200
2019-10-31,9.295000,9.380000,9.190000,9.190000,8.674108,29200
2019-11-01,9.300000,9.350000,9.200000,9.330000,8.806247,25800
2019-11-04,9.310000,9.310000,9.228000,9.300000,8.777932,23700
2019-11-05,9.280000,9.330000,9.200000,9.200000,8.683545,45600
2019-11-06,9.150000,9.196000,9.150000,9.190000,8.725320,12000
2019-11-07,9.220000,9.220000,9.163000,9.190000,8.725320,11500
2019-11-08,9.150000,9.230000,9.150000,9.220000,8.753804,19400
2019-11-11,9.220000,9.230000,9.206000,9.230000,8.763299,9800
2019-11-12,9.220000,9.225000,9.180000,9.210000,8.744309,23300
2019-11-13,9.225000,9.230000,9.060000,9.100000,8.639873,67000
2019-11-14,9.080000,9.090000,8.960000,9.090000,8.630376,35200
2019-11-15,9.100000,9.130000,9.080000,9.120000,8.658860,10600
2019-11-18,9.110000,9.130000,9.030000,9.090000,8.630376,17300
2019-11-19,9.074000,9.107000,8.940000,9.030000,8.573411,37900
2019-11-20,9.060000,9.060000,8.720000,8.870000,8.421502,71200
2019-11-21,8.860000,8.940000,8.850000,8.920000,8.468974,18600
2019-11-22,8.950000,8.950000,8.770000,8.790000,8.345547,74600
2019-11-25,8.830000,8.850000,8.750000,8.800000,8.355042,46600
2019-11-26,8.850000,8.900000,8.779000,8.900000,8.449984,107200
2019-11-27,8.900000,9.010000,8.650000,8.790000,8.345547,129600
2019-11-29,8.920000,8.920000,8.740000,8.800000,8.355042,22600
2019-12-02,8.745000,8.800000,8.690000,8.800000,8.355042,113600
2019-12-03,8.819000,8.910000,8.798000,8.910000,8.459478,57000
2019-12-04,8.880000,9.020000,8.880000,8.970000,8.516446,65200
2019-12-05,9.000000,9.249000,8.840000,9.200000,8.734815,44500
2019-12-06,9.140000,9.229000,9.092000,9.190000,8.725320,41000
2019-12-09,9.200000,9.400000,9.197000,9.290000,8.820265,60300
2019-12-10,9.250000,9.250000,9.150000,9.170000,8.757236,51900
2019-12-11,9.200000,9.270000,9.160000,9.200000,8.785884,51700
2019-12-12,9.200000,9.260000,9.140000,9.170000,8.757236,55700
2019-12-13,9.130000,9.240000,9.100000,9.130000,8.719036,35200
2019-12-16,9.240000,9.280000,9.090000,9.250000,8.833634,66900
2019-12-17,9.250000,9.310000,9.250000,9.270000,8.852734,29200
2019-12-18,9.330000,9.340000,9.120000,9.330000,8.910034,45500
2019-12-19,9.260000,9.350000,9.230000,9.230000,8.814534,49500
2019-12-20,9.310000,9.330000,9.040000,9.170000,8.757236,103000
2019-12-23,9.150000,9.390000,9.150000,9.250000,8.833634,46200
2019-12-24,9.250000,9.250000,9.170000,9.210000,8.795434,26000
2019-12-26,9.230000,9.230000,9.150000,9.195000,8.781109,35500
2019-12-27,9.230000,9.332000,9.205000,9.280000,8.862283,23900
2019-12-30,9.210000,9.240000,9.150000,9.210000,8.846914,43700
2019-12-31,9.120000,9.280000,9.080000,9.240000,8.875731,114000
2020-01-02,9.150000,9.300000,9.140000,9.250000,8.885338,58700
2020-01-03,9.240000,9.340000,9.240000,9.250000,8.885338,20100
2020-01-06,9.260000,9.300000,9.150000,9.240000,8.875731,23600
2020-01-07,9.240000,9.299000,9.130000,9.220000,8.856521,43700
2020-01-08,9.300000,9.400000,9.250000,9.274000,8.908391,55600
2020-01-09,9.260000,9.390000,9.260000,9.350000,8.981396,34900
2020-01-10,9.350000,9.450000,9.350000,9.410000,9.039031,37800
2020-01-13,9.450000,9.450000,9.350000,9.350000,8.981396,8000
2020-01-14,9.350000,9.600000,9.180000,9.300000,8.933367,109200
2020-01-15,9.470000,9.470000,9.240000,9.270000,8.904549,54700
2020-01-16,9.280000,9.480000,9.280000,9.480000,9.106270,32100
2020-01-17,9.480000,9.510000,9.471000,9.510000,9.135088,17400
2020-01-21,9.500000,9.590000,9.480000,9.570000,9.192721,24700
2020-01-22,9.510000,9.700000,9.500000,9.630000,9.250359,77100
2020-01-23,9.510000,9.630000,9.480000,9.540000,9.163905,37500
2020-01-24,9.610000,9.610000,9.420000,9.590000,9.211934,32400
2020-01-27,9.550000,9.670000,9.540000,9.620000,9.240751,56400
2020-01-28,9.650000,9.670000,9.580000,9.670000,9.288780,31000
2020-01-29,9.650000,9.670000,9.590000,9.600000,9.221539,39900
2020-01-30,9.590000,9.620000,9.440000,9.490000,9.115876,19900
2020-01-31,9.490000,9.649000,9.490000,9.600000,9.221539,20100
2020-02-03,9.610000,9.610000,9.520000,9.610000,9.231145,11000
2020-02-04,9.610000,9.610000,9.550000,9.600000,9.221539,31300
2020-02-05,9.530000,9.610000,9.530000,9.550000,9.173512,36900
2020-02-06,9.600000,9.610000,9.550000,9.560000,9.183117,65900
2020-02-07,9.610000,9.610000,9.540000,9.550000,9.225623,25300
2020-02-10,9.610000,9.610000,9.500000,9.590000,9.264264,11000
2020-02-11,9.580000,9.620000,9.530000,9.600000,9.273924,42200
2020-02-12,9.590000,9.600000,9.539000,9.580000,9.254603,36800
2020-02-13,9.590000,9.790000,9.541000,9.720000,9.389849,48700
2020-02-14,9.650000,9.700000,9.630000,9.640000,9.312565,54200
2020-02-18,9.670000,9.670000,9.560000,9.560000,9.235284,17000
2020-02-19,9.610000,9.610000,9.551000,9.560000,9.235284,11100
2020-02-20,9.550000,9.600000,9.550000,9.550000,9.225623,20100
2020-02-21,9.560000,9.580000,9.470000,9.500000,9.177320,9700
2020-02-24,9.620000,9.620000,9.470000,9.520000,9.196642,11100
2020-02-25,9.520000,9.520000,9.470000,9.480000,9.157999,23700
2020-02-26,9.480000,9.520000,9.450000,9.450000,9.129018,30700
2020-02-27,9.490000,9.498000,9.410000,9.410000,9.090378,36000
2020-02-28,9.415000,9.415000,9.250000,9.320000,9.003434,32200
2020-03-02,9.270000,9.350000,9.120000,9.120000,8.810227,32200
2020-03-03,9.204000,9.250000,9.160000,9.190000,8.877850,35200
2020-03-04,9.220000,9.320000,9.072000,9.310000,8.993774,38000
2020-03-05,9.300000,9.480000,9.140000,9.480000,9.157999,16400
2020-03-06,9.310000,9.389000,9.300000,9.310000,8.993774,9600
2020-03-09,8.940000,9.125000,8.940000,8.940000,8.636342,29700
2020-03-10,8.960000,9.180000,8.850000,8.950000,8.646002,61000
2020-03-11,8.910000,9.000000,8.810000,8.850000,8.601295,25600
2020-03-12,8.500000,8.500000,7.750000,7.950000,7.726587,26300
2020-03-13,8.000000,8.600000,7.950000,8.550000,8.309726,20900
2020-03-16,7.050000,7.670000,6.800000,6.890000,6.696375,26600
2020-03-17,6.800000,6.810000,6.510000,6.780000,6.589467,43900
2020-03-18,6.930000,7.129000,4.600000,5.140000,4.995554,62900
2020-03-19,5.200000,6.080000,4.840000,5.370000,5.219091,143500
2020-03-20,5.347000,6.460000,5.347000,6.000000,5.831387,82200
2020-03-23,6.060000,6.060000,5.150000,5.680000,5.520379,94000
2020-03-24,5.500000,5.960000,5.500000,5.960000,5.792511,53400
2020-03-25,5.750000,6.340000,5.652000,6.075000,5.904278,29600
2020-03-26,6.390000,6.445000,5.950000,5.980000,5.811949,80500
2020-03-27,6.255000,6.300000,5.710000,6.080000,5.909139,48000
2020-03-30,5.880000,6.430000,5.880000,6.430000,6.249302,106600
2020-03-31,6.450000,6.570000,6.250000,6.370000,6.190989,69900
2020-04-01,6.500000,6.500000,5.900000,5.900000,5.734197,26500
2020-04-02,5.750000,6.322000,5.750000,6.000000,5.831387,68600
2020-04-03,6.151000,6.228000,5.780000,6.085000,5.913998,11100
2020-04-06,6.150000,6.314000,6.150000,6.270000,6.093799,38600
2020-04-07,6.150000,6.458000,6.150000,6.290000,6.166344,66900
2020-04-08,6.170000,6.610000,6.170000,6.585000,6.455544,72500
2020-04-09,6.600000,7.196000,6.600000,6.971000,6.833956,56200
2020-04-13,6.810000,6.910000,6.690000,6.780000,6.646711,34500
2020-04-14,6.640000,7.170000,6.640000,7.170000,7.029044,25700
2020-04-15,6.880000,7.149000,6.840000,6.890000,6.754549,14800
2020-04-16,7.000000,7.130000,6.850000,7.130000,6.989830,27100
2020-04-17,7.020000,7.340000,7.020000,7.040000,6.901600,42700
2020-04-20,7.000000,7.147000,6.940000,7.110000,6.970224,49500
2020-04-21,7.150000,7.230000,7.005000,7.100000,6.960420,14000
2020-04-22,7.010000,7.320000,7.010000,7.150000,7.009438,39000
2020-04-23,7.360000,7.370000,6.870000,6.960000,6.823173,34700
2020-04-24,6.931000,7.099000,6.750000,6.980000,6.842779,69000
2020-04-27,6.990000,7.100000,6.989000,7.030000,6.891797,18100
2020-04-28,7.210000,7.210000,6.850000,7.000000,6.862386,34000
2020-04-29,6.860000,7.630000,6.860000,7.600000,7.450591,39300
2020-04-30,7.600000,7.600000,6.860000,6.990000,6.852583,42900
2020-05-01,6.960000,6.960000,6.804000,6.940000,6.803566,42500
2020-05-04,6.760000,7.230000,6.760000,6.870000,6.734941,22300
2020-05-05,6.950000,7.250000,6.780000,6.890000,6.754549,190600
2020-05-06,6.820000,7.130000,6.800000,6.870000,6.734941,68500
2020-05-07,6.870000,7.180000,6.700000,6.980000,6.842779,77200
2020-05-08,6.900000,7.190000,6.883000,7.160000,7.019241,84100
2020-05-11,7.280000,7.280000,6.940000,7.100000,6.960420,18400
2020-05-12,7.100000,7.180000,6.960000,7.030000,6.940675,24200
2020-05-13,6.920000,6.965000,6.737000,6.820000,6.733343,28900
2020-05-14,6.730000,6.745000,6.490000,6.700000,6.614867,31700
2020-05-15,6.630000,6.740000,6.620000,6.740000,6.654359,14800
2020-05-18,6.850000,6.929000,6.790000,6.850000,6.762961,35400
2020-05-19,6.850000,6.880000,6.730000,6.870000,6.782707,26500
2020-05-20,6.810000,7.040000,6.810000,7.040000,6.950547,46800
2020-05-21,6.920000,7.105000,6.920000,7.080000,6.990039,59400
2020-05-22,7.050000,7.180000,6.931000,7.050000,6.960420,23100
2020-05-26,7.180000,7.180000,7.080000,7.150000,7.059150,14000
2020-05-27,7.150000,7.200000,7.080000,7.090000,6.999912,24400
2020-05-28,7.300000,7.470000,7.210000,7.400000,7.305973,35700
2020-05-29,7.240000,7.550000,7.240000,7.470000,7.375083,33200
2020-06-01,7.430000,7.500000,7.346000,7.500000,7.404702,13800
2020-06-02,7.550000,7.820000,7.170000,7.820000,7.720636,47800
2020-06-03,7.710000,7.780000,7.570000,7.590000,7.493559,52200
2020-06-04,7.680000,7.738000,7.590000,7.690000,7.592288,20300
2020-06-05,7.790000,7.830000,7.720000,7.770000,7.671271,40500
2020-06-08,7.920000,7.920000,7.720000,7.840000,7.740382,46300
2020-06-09,7.700000,7.900000,7.700000,7.860000,7.809937,43200
2020-06-10,7.780000,7.950000,7.700000,7.870000,7.819872,62100
2020-06-11,7.690000,7.920000,7.658000,7.750000,7.700637,6600
2020-06-12,7.840000,8.020000,7.790000,7.840000,7.790064,25300
2020-06-15,7.750000,7.874000,7.750000,7.800000,7.750319,17200
2020-06-16,7.980000,7.980000,7.790000,7.800000,7.750319,15500
2020-06-17,7.800000,7.870000,7.710000,7.730000,7.680765,35400
2020-06-18,7.760000,7.820000,7.710000,7.765000,7.715541,10400
2020-06-19,7.800000,7.870000,7.680000,7.720000,7.670828,13000
2020-06-22,7.960000,7.960000,7.760000,7.770000,7.720510,8800
2020-06-23,7.755000,7.830000,7.742000,7.760000,7.710574,9100
2020-06-24,7.850000,7.930000,7.670000,7.780000,7.730446,25700
2020-06-25,7.760000,8.000000,7.665000,7.730000,7.680765,8400
2020-06-26,7.740000,7.820000,7.540000,7.810000,7.760255,62700
2020-06-29,7.580000,7.760000,7.580000,7.650000,7.601274,15500
2020-06-30,7.640000,7.670000,7.480000,7.660000,7.611210,14100
2020-07-01,7.700000,7.730000,7.550000,7.730000,7.680765,14800
2020-07-02,7.800000,7.825000,7.715000,7.760000,7.710574,24900
2020-07-06,7.810000,7.910000,7.768000,7.850000,7.800000,23400
2020-07-07,7.820000,8.030000,7.723000,7.840000,7.840000,42000
2020-07-08,7.825000,7.940000,7.780000,7.890000,7.890000,34600
2020-07-09,7.890000,7.890000,7.773000,7.790000,7.790000,28800
2020-07-10,7.690000,7.850000,7.690000,7.820000,7.820000,15300
2020-07-13,7.830000,7.950000,7.750000,7.750000,7.750000,34000
2020-07-14,7.790000,7.860000,7.760000,7.850000,7.850000,7800
2020-07-15,7.850000,7.885000,7.800000,7.835000,7.835000,29700
2020-07-16,7.690000,7.858000,7.690000,7.830000,7.830000,14500
2020-07-17,7.780000,7.900000,7.780000,7.900000,7.900000,23300
2020-07-20,7.890000,7.980000,7.880000,7.900000,7.900000,16400
2020-07-21,7.950000,7.970000,7.890000,7.950000,7.950000,14900
2020-07-22,8.050000,8.090000,7.950000,7.990000,7.990000,30200
2020-07-23,8.050000,8.080000,8.000000,8.050000,8.050000,21300