Date,Open,High,Low,Close,Adj Close,Volume
2017-08-22,0.602100,0.642000,0.602100,0.642000,0.642000,10000
2017-08-23,0.657400,0.657400,0.657400,0.657400,0.657400,1000
2017-08-24,0.657400,0.657400,0.657400,0.657400,0.657400,0
2017-08-25,0.666700,0.666700,0.666700,0.666700,0.666700,500
2017-08-28,0.692000,0.692000,0.692000,0.692000,0.692000,2000
2017-08-29,0.692000,0.692000,0.692000,0.692000,0.692000,0
2017-08-30,0.692000,0.692000,0.692000,0.692000,0.692000,0
2017-08-31,0.692000,0.692000,0.692000,0.692000,0.692000,0
2017-09-01,0.692000,0.692000,0.692000,0.692000,0.692000,0
2017-09-05,0.692000,0.692000,0.692000,0.692000,0.692000,0
2017-09-06,0.692000,0.692000,0.692000,0.692000,0.692000,0
2017-09-07,0.692000,0.692000,0.692000,0.692000,0.692000,0
2017-09-08,0.692000,0.692000,0.692000,0.692000,0.692000,0
2017-09-11,0.692000,0.692000,0.692000,0.692000,0.692000,0
2017-09-12,0.692000,0.692000,0.692000,0.692000,0.692000,0
2017-09-13,0.692000,0.692000,0.692000,0.692000,0.692000,0
2017-09-14,0.659100,0.659100,0.659100,0.659100,0.659100,400
2017-09-15,0.659100,0.659100,0.659100,0.659100,0.659100,0
2017-09-18,0.660400,0.660400,0.660400,0.660400,0.660400,400
2017-09-19,0.660400,0.660400,0.660400,0.660400,0.660400,0
2017-09-20,0.660400,0.660400,0.660400,0.660400,0.660400,0
2017-09-21,0.653100,0.653100,0.653100,0.653100,0.653100,200
2017-09-22,0.653100,0.653100,0.653100,0.653100,0.653100,0
2017-09-25,0.653100,0.653100,0.653100,0.653100,0.653100,0
2017-09-26,0.653100,0.653100,0.653100,0.653100,0.653100,0
2017-09-27,0.653100,0.653100,0.653100,0.653100,0.653100,0
2017-09-28,0.653100,0.653100,0.653100,0.653100,0.653100,0
2017-09-29,0.653100,0.653100,0.653100,0.653100,0.653100,0
2017-10-02,0.653100,0.653100,0.653100,0.653100,0.653100,0
2017-10-03,0.653100,0.653100,0.653100,0.653100,0.653100,0
2017-10-04,0.653100,0.653100,0.653100,0.653100,0.653100,0
2017-10-05,0.653100,0.653100,0.653100,0.653100,0.653100,0
2017-10-06,0.653100,0.653100,0.653100,0.653100,0.653100,0
2017-10-09,0.653100,0.653100,0.653100,0.653100,0.653100,0
2017-10-10,0.653100,0.653100,0.653100,0.653100,0.653100,0
2017-10-11,0.653100,0.653100,0.653100,0.653100,0.653100,0
2017-10-12,0.653100,0.653100,0.653100,0.653100,0.653100,0
2017-10-13,0.653100,0.653100,0.653100,0.653100,0.653100,0
2017-10-16,0.569500,0.569500,0.569500,0.569500,0.569500,100
2017-10-17,0.569500,0.569500,0.569500,0.569500,0.569500,0
2017-10-18,0.569500,0.569500,0.569500,0.569500,0.569500,0
2017-10-19,0.569500,0.569500,0.569500,0.569500,0.569500,0
2017-10-20,0.569500,0.569500,0.569500,0.569500,0.569500,0
2017-10-23,0.547800,0.547800,0.547800,0.547800,0.547800,6000
2017-10-24,0.547800,0.547800,0.547800,0.547800,0.547800,0
2017-10-25,0.547800,0.547800,0.547800,0.547800,0.547800,0
2017-10-26,0.547800,0.547800,0.547800,0.547800,0.547800,0
2017-10-27,0.547800,0.547800,0.547800,0.547800,0.547800,0
2017-10-30,0.547800,0.547800,0.547800,0.547800,0.547800,0
2017-10-31,0.547800,0.547800,0.547800,0.547800,0.547800,0
2017-11-01,0.547800,0.547800,0.547800,0.547800,0.547800,0
2017-11-02,0.547800,0.547800,0.547800,0.547800,0.547800,0
2017-11-03,0.547800,0.547800,0.547800,0.547800,0.547800,0
2017-11-06,0.547800,0.547800,0.547800,0.547800,0.547800,0
2017-11-07,0.547800,0.547800,0.547800,0.547800,0.547800,0
2017-11-08,0.599100,0.599100,0.598800,0.598800,0.598800,8000
2017-11-09,0.598800,0.598800,0.598800,0.598800,0.598800,0
2017-11-10,0.598800,0.598800,0.598800,0.598800,0.598800,0
2017-11-13,0.598800,0.598800,0.598800,0.598800,0.598800,0
2017-11-14,0.598800,0.598800,0.598800,0.598800,0.598800,0
2017-11-15,0.424500,0.424600,0.424500,0.424600,0.424600,10000
2017-11-16,0.424600,0.424600,0.424600,0.424600,0.424600,0
2017-11-17,0.424600,0.424600,0.424600,0.424600,0.424600,0
2017-11-20,0.424600,0.424600,0.424600,0.424600,0.424600,0
2017-11-21,0.424600,0.424600,0.424600,0.424600,0.424600,0
2017-11-22,0.424600,0.424600,0.424600,0.424600,0.424600,0
2017-11-24,0.424600,0.424600,0.424600,0.424600,0.424600,0
2017-11-27,0.424600,0.424600,0.424600,0.424600,0.424600,0
2017-11-28,0.424600,0.424600,0.424600,0.424600,0.424600,0
2017-11-29,0.424600,0.424600,0.424600,0.424600,0.424600,0
2017-11-30,0.424600,0.424600,0.424600,0.424600,0.424600,0
2017-12-01,0.424600,0.424600,0.424600,0.424600,0.424600,0
2017-12-04,0.424600,0.424600,0.424600,0.424600,0.424600,0
2017-12-05,0.424600,0.424600,0.424600,0.424600,0.424600,0
2017-12-06,0.424600,0.424600,0.424600,0.424600,0.424600,0
2017-12-07,0.383900,0.383900,0.383900,0.383900,0.383900,5000
2017-12-08,0.383900,0.383900,0.383900,0.383900,0.383900,0
2017-12-11,0.383900,0.383900,0.383900,0.383900,0.383900,0
2017-12-12,0.383900,0.383900,0.383900,0.383900,0.383900,0
2017-12-13,0.383900,0.383900,0.383900,0.383900,0.383900,0
2017-12-14,0.383900,0.383900,0.383900,0.383900,0.383900,0
2017-12-15,0.383900,0.383900,0.383900,0.383900,0.383900,0
2017-12-18,0.383900,0.383900,0.383900,0.383900,0.383900,0
2017-12-19,0.383900,0.383900,0.383900,0.383900,0.383900,0
2017-12-20,0.383900,0.383900,0.383900,0.383900,0.383900,0
2017-12-21,0.383900,0.383900,0.383900,0.383900,0.383900,0
2017-12-22,0.383900,0.383900,0.383900,0.383900,0.383900,0
2017-12-26,0.383900,0.383900,0.383900,0.383900,0.383900,0
2017-12-27,0.383900,0.383900,0.383900,0.383900,0.383900,0
2017-12-28,0.383900,0.383900,0.383900,0.383900,0.383900,0
2017-12-29,0.383900,0.383900,0.383900,0.383900,0.383900,0
2018-01-02,0.383900,0.383900,0.383900,0.383900,0.383900,0
2018-01-03,0.383900,0.383900,0.383900,0.383900,0.383900,0
2018-01-04,0.383900,0.383900,0.383900,0.383900,0.383900,0
2018-01-05,0.383900,0.383900,0.383900,0.383900,0.383900,0
2018-01-08,0.383900,0.383900,0.383900,0.383900,0.383900,0
2018-01-09,0.383900,0.383900,0.383900,0.383900,0.383900,0
2018-01-10,0.400710,0.400710,0.400710,0.400710,0.400710,1000
2018-01-11,0.400710,0.400710,0.400710,0.400710,0.400710,0
2018-01-12,0.400710,0.400710,0.400710,0.400710,0.400710,0
2018-01-16,0.400710,0.400710,0.400710,0.400710,0.400710,0
2018-01-17,0.400000,0.400000,0.400000,0.400000,0.400000,600
2018-01-18,0.383000,0.383000,0.383000,0.383000,0.383000,600
2018-01-19,0.383000,0.383000,0.383000,0.383000,0.383000,0
2018-01-22,0.383000,0.383000,0.383000,0.383000,0.383000,0
2018-01-23,0.383000,0.383000,0.383000,0.383000,0.383000,0
2018-01-24,0.383000,0.383000,0.383000,0.383000,0.383000,0
2018-01-25,0.383000,0.383000,0.383000,0.383000,0.383000,0
2018-01-26,0.383000,0.383000,0.383000,0.383000,0.383000,0
2018-01-29,0.383000,0.383000,0.383000,0.383000,0.383000,0
2018-01-30,0.394300,0.394300,0.394300,0.394300,0.394300,200
2018-01-31,0.394300,0.394300,0.394300,0.394300,0.394300,0
2018-02-01,0.394300,0.394300,0.394300,0.394300,0.394300,0
2018-02-02,0.394300,0.394300,0.394300,0.394300,0.394300,0
2018-02-05,0.394300,0.394300,0.394300,0.394300,0.394300,0
2018-02-06,0.394300,0.394300,0.394300,0.394300,0.394300,0
2018-02-07,0.394300,0.394300,0.394300,0.394300,0.394300,0
2018-02-08,0.394300,0.394300,0.394300,0.394300,0.394300,0
2018-02-09,0.394300,0.394300,0.394300,0.394300,0.394300,0
2018-02-12,0.394300,0.394300,0.394300,0.394300,0.394300,0
2018-02-13,0.394300,0.394300,0.394300,0.394300,0.394300,0
2018-02-14,0.394300,0.394300,0.394300,0.394300,0.394300,0
2018-02-15,0.394300,0.394300,0.394300,0.394300,0.394300,0
2018-02-16,0.394300,0.394300,0.394300,0.394300,0.394300,0
2018-02-20,0.394300,0.394300,0.394300,0.394300,0.394300,0
2018-02-21,0.394300,0.394300,0.394300,0.394300,0.394300,0
2018-02-22,0.394300,0.394300,0.394300,0.394300,0.394300,0
2018-02-23,0.394300,0.394300,0.394300,0.394300,0.394300,0
2018-02-26,0.394300,0.394300,0.394300,0.394300,0.394300,0
2018-02-27,0.394300,0.394300,0.394300,0.394300,0.394300,0
2018-02-28,0.394300,0.394300,0.394300,0.394300,0.394300,0
2018-03-01,0.394300,0.394300,0.394300,0.394300,0.394300,0
2018-03-02,0.394300,0.394300,0.394300,0.394300,0.394300,0
2018-03-05,0.394300,0.394300,0.394300,0.394300,0.394300,0
2018-03-06,0.394300,0.394300,0.394300,0.394300,0.394300,0
2018-03-07,0.394300,0.394300,0.394300,0.394300,0.394300,0
2018-03-08,0.394300,0.394300,0.394300,0.394300,0.394300,0
2018-03-09,0.394300,0.394300,0.394300,0.394300,0.394300,0
2018-03-12,0.394300,0.394300,0.394300,0.394300,0.394300,0
2018-03-13,0.394300,0.394300,0.394300,0.394300,0.394300,0
2018-03-14,0.394300,0.394300,0.394300,0.394300,0.394300,0
2018-03-15,0.394300,0.394300,0.394300,0.394300,0.394300,0
2018-03-16,0.394300,0.394300,0.394300,0.394300,0.394300,0
2018-03-19,0.216200,0.216200,0.216200,0.216200,0.216200,29000
2018-03-20,0.216200,0.216200,0.216200,0.216200,0.216200,0
2018-03-21,0.216200,0.216200,0.216200,0.216200,0.216200,0
2018-03-22,0.216200,0.216200,0.216200,0.216200,0.216200,0
2018-03-23,0.216200,0.216200,0.216200,0.216200,0.216200,0
2018-03-26,0.216200,0.216200,0.216200,0.216200,0.216200,0
2018-03-27,0.216200,0.216200,0.216200,0.216200,0.216200,0
2018-03-28,0.216200,0.216200,0.216200,0.216200,0.216200,0
2018-03-29,0.216200,0.216200,0.216200,0.216200,0.216200,0
2018-04-02,0.216200,0.216200,0.216200,0.216200,0.216200,0
2018-04-03,0.216200,0.216200,0.216200,0.216200,0.216200,0
2018-04-04,0.216200,0.216200,0.216200,0.216200,0.216200,0
2018-04-05,0.216200,0.216200,0.216200,0.216200,0.216200,0
2018-04-06,0.216200,0.216200,0.216200,0.216200,0.216200,0
2018-04-09,0.216200,0.216200,0.216200,0.216200,0.216200,0
2018-04-10,0.216200,0.216200,0.216200,0.216200,0.216200,0
2018-04-11,0.216200,0.216200,0.216200,0.216200,0.216200,0
2018-04-12,0.216200,0.216200,0.216200,0.216200,0.216200,0
2018-04-13,0.216200,0.216200,0.216200,0.216200,0.216200,0
2018-04-16,0.216200,0.216200,0.216200,0.216200,0.216200,0
2018-04-17,0.219200,0.219200,0.219200,0.219200,0.219200,3500
2018-04-18,0.219200,0.219200,0.219200,0.219200,0.219200,0
2018-04-19,0.219200,0.219200,0.219200,0.219200,0.219200,0
2018-04-20,0.219200,0.219200,0.219200,0.219200,0.219200,0
2018-04-23,0.219200,0.219200,0.219200,0.219200,0.219200,0
2018-04-24,0.219200,0.219200,0.219200,0.219200,0.219200,0
2018-04-25,0.219200,0.219200,0.219200,0.219200,0.219200,0
2018-04-26,0.219200,0.219200,0.219200,0.219200,0.219200,0
2018-04-27,0.219200,0.219200,0.219200,0.219200,0.219200,0
2018-04-30,0.219200,0.219200,0.219200,0.219200,0.219200,0
2018-05-01,0.219200,0.219200,0.219200,0.219200,0.219200,0
2018-05-02,0.219200,0.219200,0.219200,0.219200,0.219200,0
2018-05-03,0.219200,0.219200,0.219200,0.219200,0.219200,0
2018-05-04,0.219200,0.219200,0.219200,0.219200,0.219200,0
2018-05-07,0.219200,0.219200,0.219200,0.219200,0.219200,0
2018-05-08,0.219200,0.219200,0.219200,0.219200,0.219200,0
2018-05-09,0.219200,0.219200,0.219200,0.219200,0.219200,0
2018-05-10,0.219200,0.219200,0.219200,0.219200,0.219200,0
2018-05-11,0.219200,0.219200,0.219200,0.219200,0.219200,0
2018-05-14,0.219200,0.219200,0.219200,0.219200,0.219200,0
2018-05-15,0.219200,0.219200,0.219200,0.219200,0.219200,0
2018-05-16,0.219200,0.219200,0.219200,0.219200,0.219200,0
2018-05-17,0.219200,0.219200,0.219200,0.219200,0.219200,0
2018-05-18,0.219200,0.219200,0.219200,0.219200,0.219200,0
2018-05-21,0.219200,0.219200,0.219200,0.219200,0.219200,0
2018-05-22,0.318000,0.320000,0.318000,0.320000,0.320000,10000
2018-05-23,0.320000,0.320000,0.320000,0.320000,0.320000,0
2018-05-24,0.320000,0.320000,0.320000,0.320000,0.320000,0
2018-05-25,0.320000,0.320000,0.320000,0.320000,0.320000,0
2018-05-29,0.320000,0.320000,0.320000,0.320000,0.320000,0
2018-05-30,0.320000,0.320000,0.320000,0.320000,0.320000,0
2018-05-31,0.320000,0.320000,0.320000,0.320000,0.320000,0
2018-06-01,0.320000,0.320000,0.320000,0.320000,0.320000,0
2018-06-04,0.320000,0.320000,0.320000,0.320000,0.320000,0
2018-06-05,0.320000,0.320000,0.320000,0.320000,0.320000,0
2018-06-06,0.320000,0.320000,0.320000,0.320000,0.320000,0
2018-06-07,0.320000,0.320000,0.320000,0.320000,0.320000,0
2018-06-08,0.320000,0.320000,0.320000,0.320000,0.320000,0
2018-06-11,0.320000,0.320000,0.320000,0.320000,0.320000,0
2018-06-12,0.320000,0.320000,0.320000,0.320000,0.320000,0
2018-06-13,0.320000,0.320000,0.320000,0.320000,0.320000,0
2018-06-14,0.320000,0.320000,0.320000,0.320000,0.320000,0
2018-06-15,0.320000,0.320000,0.320000,0.320000,0.320000,0
2018-06-18,0.320000,0.320000,0.320000,0.320000,0.320000,0
2018-06-19,0.320000,0.320000,0.320000,0.320000,0.320000,0
2018-06-20,0.320000,0.320000,0.320000,0.320000,0.320000,0
2018-06-21,0.320000,0.320000,0.320000,0.320000,0.320000,0
2018-06-22,0.320000,0.320000,0.320000,0.320000,0.320000,0
2018-06-25,0.320000,0.320000,0.320000,0.320000,0.320000,0
2018-06-26,0.320000,0.320000,0.320000,0.320000,0.320000,0
2018-06-27,0.320000,0.320000,0.320000,0.320000,0.320000,0
2018-06-28,0.320000,0.320000,0.320000,0.320000,0.320000,0
2018-06-29,0.320000,0.320000,0.320000,0.320000,0.320000,0
2018-07-02,0.320000,0.320000,0.320000,0.320000,0.320000,0
2018-07-03,0.320000,0.320000,0.320000,0.320000,0.320000,0
2018-07-05,0.320000,0.320000,0.320000,0.320000,0.320000,0
2018-07-06,0.320000,0.320000,0.320000,0.320000,0.320000,0
2018-07-09,0.320000,0.320000,0.320000,0.320000,0.320000,0
2018-07-10,0.320000,0.320000,0.320000,0.320000,0.320000,0
2018-07-11,0.320000,0.320000,0.320000,0.320000,0.320000,0
2018-07-12,0.320000,0.320000,0.320000,0.320000,0.320000,0
2018-07-13,0.320000,0.320000,0.320000,0.320000,0.320000,0
2018-07-16,0.320000,0.320000,0.320000,0.320000,0.320000,0
2018-07-17,0.320000,0.320000,0.320000,0.320000,0.320000,0
2018-07-18,0.320000,0.320000,0.320000,0.320000,0.320000,0
2018-07-19,0.320000,0.320000,0.320000,0.320000,0.320000,0
2018-07-20,0.320000,0.320000,0.320000,0.320000,0.320000,0
2018-07-23,0.320000,0.320000,0.320000,0.320000,0.320000,0
2018-07-24,0.320000,0.320000,0.320000,0.320000,0.320000,0
2018-07-25,0.320000,0.320000,0.320000,0.320000,0.320000,0
2018-07-26,0.320000,0.320000,0.320000,0.320000,0.320000,0
2018-07-27,0.320000,0.320000,0.320000,0.320000,0.320000,0
2018-07-30,0.320000,0.320000,0.320000,0.320000,0.320000,0
2018-07-31,0.320000,0.320000,0.320000,0.320000,0.320000,0
2018-08-01,0.320000,0.320000,0.320000,0.320000,0.320000,0
2018-08-02,0.320000,0.320000,0.320000,0.320000,0.320000,0
2018-08-03,0.320000,0.320000,0.320000,0.320000,0.320000,0
2018-08-06,0.320000,0.320000,0.320000,0.320000,0.320000,0
2018-08-07,0.320000,0.320000,0.320000,0.320000,0.320000,0
2018-08-08,0.320000,0.320000,0.320000,0.320000,0.320000,0
2018-08-09,0.320000,0.320000,0.320000,0.320000,0.320000,0
2018-08-10,0.320000,0.320000,0.320000,0.320000,0.320000,0
2018-08-13,0.320000,0.320000,0.320000,0.320000,0.320000,0
2018-08-14,0.320000,0.320000,0.320000,0.320000,0.320000,0
2018-08-15,0.320000,0.320000,0.320000,0.320000,0.320000,0
2018-08-16,0.320000,0.320000,0.320000,0.320000,0.320000,0
2018-08-17,0.320000,0.320000,0.320000,0.320000,0.320000,0
2018-08-20,0.320000,0.320000,0.320000,0.320000,0.320000,0
2018-08-21,0.320000,0.320000,0.320000,0.320000,0.320000,0
2018-08-22,0.320000,0.320000,0.320000,0.320000,0.320000,0
2018-08-23,0.320000,0.320000,0.320000,0.320000,0.320000,0
2018-08-24,0.320000,0.320000,0.320000,0.320000,0.320000,0
2018-08-27,0.320000,0.320000,0.320000,0.320000,0.320000,0
2018-08-28,0.320000,0.320000,0.320000,0.320000,0.320000,0
2018-08-29,0.320000,0.320000,0.320000,0.320000,0.320000,0
2018-08-30,0.320000,0.320000,0.320000,0.320000,0.320000,0
2018-08-31,0.320000,0.320000,0.320000,0.320000,0.320000,0
2018-09-04,0.320000,0.320000,0.320000,0.320000,0.320000,0
2018-09-05,0.320000,0.320000,0.320000,0.320000,0.320000,0
2018-09-06,0.320000,0.320000,0.320000,0.320000,0.320000,0
2018-09-07,0.320000,0.320000,0.320000,0.320000,0.320000,0
2018-09-10,0.320000,0.320000,0.320000,0.320000,0.320000,0
2018-09-11,0.320000,0.320000,0.320000,0.320000,0.320000,0
2018-09-12,0.320000,0.320000,0.320000,0.320000,0.320000,0
2018-09-13,0.320000,0.320000,0.320000,0.320000,0.320000,0
2018-09-14,0.320000,0.320000,0.320000,0.320000,0.320000,0
2018-09-17,0.320000,0.320000,0.320000,0.320000,0.320000,0
2018-09-18,0.320000,0.320000,0.320000,0.320000,0.320000,0
2018-09-19,0.320000,0.320000,0.320000,0.320000,0.320000,0
2018-09-20,0.320000,0.320000,0.320000,0.320000,0.320000,0
2018-09-21,0.320000,0.320000,0.320000,0.320000,0.320000,0
2018-09-24,0.320000,0.320000,0.320000,0.320000,0.320000,0
2018-09-25,0.320000,0.320000,0.320000,0.320000,0.320000,0
2018-09-26,0.320000,0.320000,0.320000,0.320000,0.320000,0
2018-09-27,0.320000,0.320000,0.320000,0.320000,0.320000,0
2018-09-28,0.320000,0.320000,0.320000,0.320000,0.320000,0
2018-10-01,0.320000,0.320000,0.320000,0.320000,0.320000,0
2018-10-02,0.320000,0.320000,0.320000,0.320000,0.320000,0
2018-10-03,0.320000,0.320000,0.320000,0.320000,0.320000,0
2018-10-04,0.320000,0.320000,0.320000,0.320000,0.320000,0
2018-10-05,0.320000,0.320000,0.320000,0.320000,0.320000,0
2018-10-08,0.320000,0.320000,0.320000,0.320000,0.320000,0
2018-10-09,0.320000,0.320000,0.320000,0.320000,0.320000,0
2018-10-10,0.320000,0.320000,0.320000,0.320000,0.320000,0
2018-10-11,0.320000,0.320000,0.320000,0.320000,0.320000,0
2018-10-12,0.320000,0.320000,0.320000,0.320000,0.320000,0
2018-10-15,0.320000,0.320000,0.320000,0.320000,0.320000,0
2018-10-16,0.320000,0.320000,0.320000,0.320000,0.320000,0
2018-10-17,0.320000,0.320000,0.320000,0.320000,0.320000,0
2018-10-18,0.320000,0.320000,0.320000,0.320000,0.320000,0
2018-10-19,0.320000,0.320000,0.320000,0.320000,0.320000,0
2018-10-22,0.320000,0.320000,0.320000,0.320000,0.320000,0
2018-10-23,0.320000,0.320000,0.320000,0.320000,0.320000,0
2018-10-24,0.320000,0.320000,0.320000,0.320000,0.320000,0
2018-10-25,0.320000,0.320000,0.320000,0.320000,0.320000,0
2018-10-26,0.320000,0.320000,0.320000,0.320000,0.320000,0
2018-10-29,0.320000,0.320000,0.320000,0.320000,0.320000,0
2018-10-30,0.320000,0.320000,0.320000,0.320000,0.320000,0
2018-10-31,0.320000,0.320000,0.320000,0.320000,0.320000,0
2018-11-01,0.320000,0.320000,0.320000,0.320000,0.320000,0
2018-11-02,0.320000,0.320000,0.320000,0.320000,0.320000,0
2018-11-05,0.320000,0.320000,0.320000,0.320000,0.320000,0
2018-11-06,0.320000,0.320000,0.320000,0.320000,0.320000,0
2018-11-07,0.320000,0.320000,0.320000,0.320000,0.320000,0
2018-11-08,0.320000,0.320000,0.320000,0.320000,0.320000,0
2018-11-09,0.320000,0.320000,0.320000,0.320000,0.320000,0
2018-11-12,0.320000,0.320000,0.320000,0.320000,0.320000,0
2018-11-13,0.320000,0.320000,0.320000,0.320000,0.320000,0
2018-11-14,0.320000,0.320000,0.320000,0.320000,0.320000,0
2018-11-15,0.320000,0.320000,0.320000,0.320000,0.320000,0
2018-11-16,0.320000,0.320000,0.320000,0.320000,0.320000,0
2018-11-19,0.320000,0.320000,0.320000,0.320000,0.320000,0
2018-11-20,0.320000,0.320000,0.320000,0.320000,0.320000,0
2018-11-21,0.320000,0.320000,0.320000,0.320000,0.320000,0
2018-11-23,0.320000,0.320000,0.320000,0.320000,0.320000,0
2018-11-26,0.320000,0.320000,0.320000,0.320000,0.320000,0
2018-11-27,0.320000,0.320000,0.320000,0.320000,0.320000,0
2018-11-28,0.320000,0.320000,0.320000,0.320000,0.320000,0
2018-11-29,0.320000,0.320000,0.320000,0.320000,0.320000,0
2018-11-30,0.320000,0.320000,0.320000,0.320000,0.320000,0
2018-12-03,0.320000,0.320000,0.320000,0.320000,0.320000,0
2018-12-04,0.320000,0.320000,0.320000,0.320000,0.320000,0
2018-12-06,0.320000,0.320000,0.320000,0.320000,0.320000,0
2018-12-07,0.320000,0.320000,0.320000,0.320000,0.320000,0
2018-12-10,0.320000,0.320000,0.320000,0.320000,0.320000,0
2018-12-11,0.320000,0.320000,0.320000,0.320000,0.320000,0
2018-12-12,0.320000,0.320000,0.320000,0.320000,0.320000,0
2018-12-13,0.320000,0.320000,0.320000,0.320000,0.320000,0
2018-12-14,0.320000,0.320000,0.320000,0.320000,0.320000,0
2018-12-17,0.320000,0.320000,0.320000,0.320000,0.320000,0
2018-12-18,0.320000,0.320000,0.320000,0.320000,0.320000,0
2018-12-19,0.320000,0.320000,0.320000,0.320000,0.320000,0
2018-12-20,0.320000,0.320000,0.320000,0.320000,0.320000,0
2018-12-21,0.320000,0.320000,0.320000,0.320000,0.320000,0
2018-12-24,0.320000,0.320000,0.320000,0.320000,0.320000,0
2018-12-26,0.320000,0.320000,0.320000,0.320000,0.320000,0
2018-12-27,0.320000,0.320000,0.320000,0.320000,0.320000,0
2018-12-28,0.320000,0.320000,0.320000,0.320000,0.320000,0
2018-12-31,0.320000,0.320000,0.320000,0.320000,0.320000,0
2019-01-02,0.320000,0.320000,0.320000,0.320000,0.320000,0
2019-01-03,0.320000,0.320000,0.320000,0.320000,0.320000,0
2019-01-04,0.320000,0.320000,0.320000,0.320000,0.320000,0
2019-01-07,0.320000,0.320000,0.320000,0.320000,0.320000,0
2019-01-08,0.320000,0.320000,0.320000,0.320000,0.320000,0
2019-01-09,0.320000,0.320000,0.320000,0.320000,0.320000,0
2019-01-10,0.320000,0.320000,0.320000,0.320000,0.320000,0
2019-01-11,0.320000,0.320000,0.320000,0.320000,0.320000,0
2019-01-14,0.320000,0.320000,0.320000,0.320000,0.320000,0
2019-01-15,0.320000,0.320000,0.320000,0.320000,0.320000,0
2019-01-16,0.320000,0.320000,0.320000,0.320000,0.320000,0
2019-01-17,0.320000,0.320000,0.320000,0.320000,0.320000,0
2019-01-18,0.320000,0.320000,0.320000,0.320000,0.320000,0
2019-01-22,0.320000,0.320000,0.320000,0.320000,0.320000,0
2019-01-23,0.149600,0.150000,0.147780,0.149600,0.149600,17300
2019-01-24,0.149600,0.149600,0.149600,0.149600,0.149600,0
2019-01-25,0.149600,0.149600,0.149600,0.149600,0.149600,0
2019-01-28,0.149600,0.149600,0.149600,0.149600,0.149600,0
2019-01-29,0.149600,0.149600,0.149600,0.149600,0.149600,0
2019-01-30,0.149600,0.149600,0.149600,0.149600,0.149600,0
2019-01-31,0.149600,0.149600,0.149600,0.149600,0.149600,0
2019-02-01,0.149600,0.149600,0.149600,0.149600,0.149600,0
2019-02-04,0.149600,0.149600,0.149600,0.149600,0.149600,0
2019-02-05,0.149600,0.149600,0.149600,0.149600,0.149600,0
2019-02-06,0.149600,0.149600,0.149600,0.149600,0.149600,0
2019-02-07,0.149600,0.149600,0.149600,0.149600,0.149600,0
2019-02-08,0.149600,0.149600,0.149600,0.149600,0.149600,0
2019-02-11,0.149600,0.149600,0.149600,0.149600,0.149600,0
2019-02-12,0.138100,0.138100,0.138100,0.138100,0.138100,600
2019-02-13,0.138100,0.138100,0.138100,0.138100,0.138100,0
2019-02-14,0.138100,0.138100,0.138100,0.138100,0.138100,0
2019-02-15,0.138100,0.138100,0.138100,0.138100,0.138100,0
2019-02-19,0.138100,0.138100,0.138100,0.138100,0.138100,0
2019-02-20,0.138100,0.138100,0.138100,0.138100,0.138100,0
2019-02-21,0.138100,0.138100,0.138100,0.138100,0.138100,0
2019-02-22,0.138100,0.138100,0.138100,0.138100,0.138100,0
2019-02-25,0.138100,0.138100,0.138100,0.138100,0.138100,0
2019-02-26,0.138100,0.138100,0.138100,0.138100,0.138100,0
2019-02-27,0.138100,0.138100,0.138100,0.138100,0.138100,0
2019-02-28,0.138100,0.138100,0.138100,0.138100,0.138100,0
2019-03-01,0.138100,0.138100,0.138100,0.138100,0.138100,0
2019-03-04,0.138100,0.138100,0.138100,0.138100,0.138100,0
2019-03-05,0.138100,0.138100,0.138100,0.138100,0.138100,0
2019-03-06,0.138100,0.138100,0.138100,0.138100,0.138100,0
2019-03-07,0.138100,0.138100,0.138100,0.138100,0.138100,0
2019-03-08,0.138100,0.138100,0.138100,0.138100,0.138100,0
2019-03-11,0.138100,0.138100,0.138100,0.138100,0.138100,0
2019-03-12,0.138100,0.138100,0.138100,0.138100,0.138100,0
2019-03-13,0.138100,0.138100,0.138100,0.138100,0.138100,0
2019-03-14,0.138100,0.138100,0.138100,0.138100,0.138100,0
2019-03-15,0.138100,0.138100,0.138100,0.138100,0.138100,0
2019-03-18,0.138100,0.138100,0.138100,0.138100,0.138100,0
2019-03-19,0.138100,0.138100,0.138100,0.138100,0.138100,0
2019-03-20,0.138100,0.138100,0.138100,0.138100,0.138100,0
2019-03-21,0.138100,0.138100,0.138100,0.138100,0.138100,0
2019-03-22,0.138100,0.138100,0.138100,0.138100,0.138100,0
2019-03-25,0.138100,0.138100,0.138100,0.138100,0.138100,0
2019-03-26,0.138100,0.138100,0.138100,0.138100,0.138100,0
2019-03-27,0.138100,0.138100,0.138100,0.138100,0.138100,0
2019-03-28,0.138100,0.138100,0.138100,0.138100,0.138100,0
2019-03-29,0.138100,0.138100,0.138100,0.138100,0.138100,0
2019-04-01,0.138100,0.138100,0.138100,0.138100,0.138100,0
2019-04-02,0.138100,0.138100,0.138100,0.138100,0.138100,0
2019-04-03,0.138100,0.138100,0.138100,0.138100,0.138100,0
2019-04-04,0.138100,0.138100,0.138100,0.138100,0.138100,0
2019-04-05,0.138100,0.138100,0.138100,0.138100,0.138100,0
2019-04-08,0.138100,0.138100,0.138100,0.138100,0.138100,0
2019-04-09,0.138100,0.138100,0.138100,0.138100,0.138100,0
2019-04-10,0.138100,0.138100,0.138100,0.138100,0.138100,0
2019-04-11,0.138100,0.138100,0.138100,0.138100,0.138100,0
2019-04-12,0.138100,0.138100,0.138100,0.138100,0.138100,0
2019-04-15,0.138100,0.138100,0.138100,0.138100,0.138100,0
2019-04-16,0.138100,0.138100,0.138100,0.138100,0.138100,0
2019-04-17,0.138100,0.138100,0.138100,0.138100,0.138100,0
2019-04-18,0.138100,0.138100,0.138100,0.138100,0.138100,0
2019-04-22,0.138100,0.138100,0.138100,0.138100,0.138100,0
2019-04-23,0.138100,0.138100,0.138100,0.138100,0.138100,0
2019-04-24,0.138100,0.138100,0.138100,0.138100,0.138100,0
2019-04-25,0.138100,0.138100,0.138100,0.138100,0.138100,0
2019-04-26,0.138100,0.138100,0.138100,0.138100,0.138100,0
2019-04-29,0.181710,0.181710,0.181710,0.181710,0.181710,1050
2019-04-30,0.181710,0.181710,0.181710,0.181710,0.181710,0
2019-05-01,0.181710,0.181710,0.181710,0.181710,0.181710,0
2019-05-02,0.163700,0.163700,0.163700,0.163700,0.163700,11000
2019-05-03,0.160000,0.163700,0.160000,0.160000,0.160000,59000
2019-05-06,0.160000,0.160000,0.160000,0.160000,0.160000,0
2019-05-07,0.160000,0.160000,0.160000,0.160000,0.160000,5000
2019-05-08,0.160000,0.160000,0.160000,0.160000,0.160000,0
2019-05-09,0.160000,0.160000,0.160000,0.160000,0.160000,0
2019-05-10,0.160000,0.160000,0.160000,0.160000,0.160000,0
2019-05-13,0.160000,0.160000,0.160000,0.160000,0.160000,27000
2019-05-14,0.160000,0.160000,0.160000,0.160000,0.160000,0
2019-05-15,0.160000,0.160000,0.160000,0.160000,0.160000,0
2019-05-16,0.160000,0.160000,0.160000,0.160000,0.160000,0
2019-05-17,0.160000,0.160000,0.160000,0.160000,0.160000,0
2019-05-20,0.160000,0.160000,0.160000,0.160000,0.160000,0
2019-05-21,0.160000,0.160000,0.160000,0.160000,0.160000,0
2019-05-22,0.160000,0.160000,0.160000,0.160000,0.160000,0
2019-05-23,0.160000,0.160000,0.160000,0.160000,0.160000,0
2019-05-24,0.160000,0.160000,0.160000,0.160000,0.160000,0
2019-05-28,0.160000,0.160000,0.160000,0.160000,0.160000,0
2019-05-29,0.160000,0.160000,0.160000,0.160000,0.160000,0
2019-05-30,0.160000,0.160000,0.160000,0.160000,0.160000,0
2019-05-31,0.157200,0.169980,0.157200,0.169980,0.169980,10790
2019-06-03,0.160000,0.160000,0.160000,0.160000,0.160000,5000
2019-06-04,0.160000,0.160000,0.160000,0.160000,0.160000,0
2019-06-05,0.160000,0.160000,0.160000,0.160000,0.160000,6500
2019-06-06,0.160000,0.160000,0.160000,0.160000,0.160000,0
2019-06-07,0.160000,0.160000,0.160000,0.160000,0.160000,0
2019-06-10,0.160000,0.160000,0.160000,0.160000,0.160000,0
2019-06-11,0.160000,0.160000,0.160000,0.160000,0.160000,1000
2019-06-12,0.160000,0.160000,0.160000,0.160000,0.160000,0
2019-06-13,0.160000,0.160000,0.160000,0.160000,0.160000,0
2019-06-14,0.160000,0.160000,0.160000,0.160000,0.160000,6249
2019-06-17,0.160000,0.160000,0.160000,0.160000,0.160000,0
2019-06-18,0.160000,0.160000,0.160000,0.160000,0.160000,0
2019-06-19,0.160000,0.160000,0.160000,0.160000,0.160000,0
2019-06-20,0.180000,0.181800,0.180000,0.181800,0.181800,19000
2019-06-21,0.181800,0.181800,0.181800,0.181800,0.181800,0
2019-06-24,0.181800,0.181800,0.181800,0.181800,0.181800,0
2019-06-25,0.181800,0.181800,0.181800,0.181800,0.181800,0
2019-06-26,0.181800,0.181800,0.181800,0.181800,0.181800,0
2019-06-27,0.173000,0.173000,0.173000,0.173000,0.173000,29900
2019-06-28,0.178000,0.178000,0.178000,0.178000,0.178000,8700
2019-07-01,0.178000,0.178000,0.178000,0.178000,0.178000,0
2019-07-02,0.179400,0.179400,0.179400,0.179400,0.179400,3000
2019-07-03,0.179400,0.179400,0.179400,0.179400,0.179400,0
2019-07-05,0.194800,0.194900,0.194800,0.194900,0.194900,4000
2019-07-08,0.192500,0.192500,0.192500,0.192500,0.192500,5000
2019-07-09,0.196000,0.196000,0.196000,0.196000,0.196000,2000
2019-07-10,0.196000,0.196000,0.196000,0.196000,0.196000,0
2019-07-11,0.196000,0.196000,0.196000,0.196000,0.196000,0
2019-07-12,0.196000,0.196000,0.196000,0.196000,0.196000,0
2019-07-15,0.196000,0.196000,0.196000,0.196000,0.196000,0
2019-07-16,0.196000,0.196000,0.196000,0.196000,0.196000,0
2019-07-17,0.196000,0.196000,0.196000,0.196000,0.196000,0
2019-07-18,0.247000,0.263000,0.239000,0.239000,0.239000,15998
2019-07-19,0.279400,0.300100,0.278000,0.296800,0.296800,161246
2019-07-22,0.309700,0.358900,0.304400,0.308000,0.308000,405982
2019-07-23,0.320000,0.331040,0.320000,0.330000,0.330000,83570
2019-07-24,0.330000,0.350000,0.326000,0.345940,0.345940,74805
2019-07-25,0.347740,0.347740,0.347740,0.347740,0.347740,1100
2019-07-26,0.334800,0.334800,0.334800,0.334800,0.334800,1000
2019-07-29,0.318000,0.338060,0.318000,0.338060,0.338060,100410
2019-07-30,0.297800,0.333000,0.297800,0.333000,0.333000,32000
2019-07-31,0.333000,0.333000,0.333000,0.333000,0.333000,0
2019-08-01,0.310900,0.323000,0.290600,0.297300,0.297300,79462
2019-08-02,0.299700,0.299700,0.290000,0.290000,0.290000,2400
2019-08-05,0.290000,0.290000,0.290000,0.290000,0.290000,0
2019-08-06,0.290000,0.300000,0.280000,0.300000,0.300000,83500
2019-08-07,0.330000,0.330000,0.319500,0.319500,0.319500,25356
2019-08-08,0.311000,0.338220,0.311000,0.328000,0.328000,66008
2019-08-09,0.325000,0.356200,0.325000,0.351000,0.351000,41239
2019-08-12,0.344200,0.350600,0.329000,0.335500,0.335500,21947
2019-08-13,0.350000,0.351800,0.311600,0.351800,0.351800,54596
2019-08-14,0.349700,0.354000,0.326900,0.351000,0.351000,45188
2019-08-15,0.365000,0.367900,0.356110,0.364100,0.364100,108193
2019-08-16,0.362200,0.362200,0.348000,0.360000,0.360000,32338
2019-08-19,0.359000,0.359000,0.343000,0.357000,0.357000,27750
2019-08-20,0.362000,0.366000,0.333000,0.333000,0.333000,57644
2019-08-21,0.354320,0.354320,0.343000,0.343000,0.343000,6400
2019-08-22,0.338400,0.338400,0.320000,0.334000,0.334000,11139
2019-08-23,0.336100,0.351840,0.326580,0.351840,0.351840,95436
2019-08-26,0.340100,0.350000,0.334200,0.334200,0.334200,120612
2019-08-27,0.358540,0.368000,0.350000,0.360000,0.360000,106423
2019-08-28,0.379450,0.419000,0.366000,0.377700,0.377700,204933
2019-08-29,0.387630,0.388400,0.371780,0.378900,0.378900,97450
2019-08-30,0.382640,0.426260,0.380000,0.416600,0.416600,410804
2019-09-03,0.445160,0.538000,0.445160,0.480000,0.480000,543008
2019-09-04,0.499500,0.540000,0.480000,0.525400,0.525400,301751
2019-09-05,0.500000,0.505000,0.457040,0.478100,0.478100,268186
2019-09-06,0.504310,0.505000,0.465330,0.473000,0.473000,145410
2019-09-09,0.470000,0.477000,0.413230,0.414300,0.414300,210370
2019-09-10,0.414700,0.455000,0.414700,0.430000,0.430000,40719
2019-09-11,0.439000,0.489800,0.435160,0.479400,0.479400,33750
2019-09-12,0.467000,0.480000,0.435170,0.436200,0.436200,124963
2019-09-13,0.463200,0.463200,0.395450,0.401000,0.401000,182625
2019-09-16,0.411400,0.411400,0.373500,0.396600,0.396600,90393
2019-09-17,0.395000,0.411500,0.390000,0.411500,0.411500,44646
2019-09-18,0.400000,0.403300,0.385900,0.385900,0.385900,53000
2019-09-19,0.384500,0.405000,0.380700,0.405000,0.405000,65763
2019-09-20,0.405000,0.412590,0.394990,0.400000,0.400000,382700
2019-09-23,0.416260,0.456200,0.416260,0.456200,0.456200,63111
2019-09-24,0.452000,0.460000,0.412000,0.413400,0.413400,118797
2019-09-25,0.410300,0.426080,0.402900,0.409300,0.409300,48830
2019-09-26,0.405000,0.405000,0.389800,0.393000,0.393000,28000
2019-09-27,0.396300,0.396300,0.375600,0.380100,0.380100,39950
2019-09-30,0.373490,0.380000,0.339000,0.339000,0.339000,125715
2019-10-01,0.342800,0.370000,0.342800,0.370000,0.370000,11900
2019-10-02,0.387200,0.387200,0.360640,0.360640,0.360640,24200
2019-10-03,0.370000,0.379160,0.370000,0.370000,0.370000,101500
2019-10-04,0.358740,0.380000,0.358740,0.370000,0.370000,39259
2019-10-07,0.370000,0.370000,0.370000,0.370000,0.370000,13150
2019-10-08,0.364100,0.380000,0.364100,0.377000,0.377000,20000
2019-10-09,0.365000,0.372800,0.355000,0.365000,0.365000,12500
2019-10-10,0.370000,0.370000,0.364000,0.368700,0.368700,7570
2019-10-11,0.367000,0.384100,0.360000,0.382490,0.382490,41613
2019-10-14,0.382490,0.382490,0.382490,0.382490,0.382490,0
2019-10-15,0.374480,0.383530,0.374000,0.380000,0.380000,86740
2019-10-16,0.361000,0.431000,0.361000,0.384000,0.384000,38600
2019-10-17,0.382900,0.385600,0.376800,0.384710,0.384710,19010
2019-10-18,0.385420,0.409000,0.385420,0.409000,0.409000,11725
2019-10-21,0.399600,0.410000,0.381500,0.410000,0.410000,22985
2019-10-22,0.385760,0.387650,0.365000,0.384970,0.384970,33447
2019-10-23,0.380000,0.385000,0.380000,0.385000,0.385000,51000
2019-10-24,0.385020,0.410000,0.377970,0.380000,0.380000,38815
2019-10-25,0.378740,0.395500,0.375000,0.390000,0.390000,289845
2019-10-28,0.385000,0.385000,0.340000,0.370300,0.370300,67800
2019-10-29,0.369900,0.374400,0.340000,0.358710,0.358710,18850
2019-10-30,0.348600,0.380000,0.348600,0.370530,0.370530,32705
2019-10-31,0.360000,0.380000,0.330000,0.359930,0.359930,143041
2019-11-01,0.362000,0.380000,0.340000,0.380000,0.380000,216588
2019-11-04,0.398000,0.399600,0.390000,0.399600,0.399600,62841
2019-11-05,0.392900,0.407900,0.382500,0.385000,0.385000,174560
2019-11-06,0.398870,0.400000,0.375840,0.390000,0.390000,131417
2019-11-07,0.389760,0.389760,0.125000,0.352210,0.352210,40911
2019-11-08,0.336850,0.362470,0.335000,0.360000,0.360000,63916
2019-11-11,0.360000,0.360000,0.300000,0.355800,0.355800,21266
2019-11-12,0.351430,0.360000,0.330000,0.354940,0.354940,11501
2019-11-13,0.342000,0.356200,0.328000,0.342000,0.342000,142550
2019-11-14,0.340000,0.341900,0.333680,0.340000,0.340000,111483
2019-11-15,0.339000,0.344000,0.336660,0.338000,0.338000,67530
2019-11-18,0.335300,0.352600,0.335300,0.346000,0.346000,101440
2019-11-19,0.335000,0.336210,0.310000,0.310000,0.310000,140458
2019-11-20,0.307000,0.325250,0.289000,0.312000,0.312000,138472
2019-11-21,0.312900,0.313800,0.290490,0.311100,0.311100,8548
2019-11-22,0.332700,0.332700,0.300000,0.300000,0.300000,108481
2019-11-25,0.300000,0.328400,0.281970,0.282020,0.282020,153067
2019-11-26,0.290000,0.296000,0.274900,0.277430,0.277430,35667
2019-11-27,0.278500,0.294900,0.265500,0.283380,0.283380,168734
2019-11-29,0.289840,0.323800,0.289840,0.323800,0.323800,16361
2019-12-02,0.328500,0.330000,0.297500,0.302000,0.302000,490390
2019-12-03,0.315350,0.328300,0.302500,0.320000,0.320000,165710
2019-12-04,0.310000,0.326700,0.299000,0.308000,0.308000,35586
2019-12-05,0.312000,0.312000,0.306200,0.310000,0.310000,192139
2019-12-06,0.317300,0.328360,0.306700,0.320300,0.320300,11750
2019-12-09,0.328500,0.332860,0.304000,0.315000,0.315000,123546
2019-12-10,0.312500,0.322000,0.312500,0.320000,0.320000,156787
2019-12-11,0.340000,0.340000,0.315000,0.320000,0.320000,223897
2019-12-12,0.337210,0.337210,0.315000,0.320000,0.320000,200300
2019-12-13,0.331500,0.331500,0.306000,0.314500,0.314500,256117
2019-12-16,0.312000,0.320000,0.305000,0.320000,0.320000,103645
2019-12-17,0.312500,0.312500,0.300000,0.305000,0.305000,454218
2019-12-18,0.315000,0.330000,0.310000,0.330000,0.330000,58516
2019-12-19,0.339100,0.340000,0.322000,0.338850,0.338850,69644
2019-12-20,0.330000,0.352000,0.330000,0.352000,0.352000,24340
2019-12-23,0.361600,0.444630,0.360000,0.428300,0.428300,120054
2019-12-24,0.453500,0.482550,0.426000,0.450300,0.450300,177027
2019-12-26,0.483300,0.550000,0.450100,0.475000,0.475000,167121
2019-12-27,0.447200,0.461600,0.411400,0.447080,0.447080,380557
2019-12-30,0.462150,0.555920,0.462150,0.492500,0.492500,1008720
2019-12-31,0.507450,0.535660,0.498500,0.519750,0.519750,105778
2020-01-02,0.520500,0.535900,0.509000,0.524500,0.524500,108547
2020-01-03,0.527400,0.529000,0.510000,0.521000,0.521000,101190
2020-01-06,0.526200,0.528000,0.470000,0.470000,0.470000,254345
2020-01-07,0.470000,0.470000,0.440000,0.464990,0.464990,91773
2020-01-08,0.470000,0.478300,0.435000,0.445200,0.445200,79368
2020-01-09,0.432450,0.445000,0.412000,0.432290,0.432290,80503
2020-01-10,0.450000,0.470690,0.424000,0.450000,0.450000,168171
2020-01-13,0.463900,0.480000,0.434200,0.434200,0.434200,232791
2020-01-14,0.455760,0.455760,0.410000,0.423500,0.423500,49138
2020-01-15,0.425000,0.441400,0.419000,0.425400,0.425400,41438
2020-01-16,0.434200,0.440630,0.425400,0.435000,0.435000,21263
2020-01-17,0.423000,0.460000,0.423000,0.452800,0.452800,58366
2020-01-21,0.455000,0.455000,0.420000,0.428000,0.428000,93250
2020-01-22,0.439450,0.452100,0.413000,0.413650,0.413650,28700
2020-01-23,0.407800,0.452850,0.407800,0.437000,0.437000,22750
2020-01-24,0.432680,0.476050,0.432680,0.467050,0.467050,61030
2020-01-27,0.487500,0.489490,0.470000,0.489490,0.489490,62812
2020-01-28,0.470000,0.504500,0.470000,0.489330,0.489330,75938
2020-01-29,0.489300,0.489300,0.456900,0.460000,0.460000,42850
2020-01-30,0.475000,0.481800,0.470000,0.480340,0.480340,45065
2020-01-31,0.496600,0.518800,0.493000,0.518800,0.518800,173904
2020-02-03,0.523400,0.523400,0.501100,0.506000,0.506000,66984
2020-02-04,0.506210,0.520000,0.506210,0.515500,0.515500,74365
2020-02-05,0.520000,0.540000,0.470250,0.481800,0.481800,161918
2020-02-06,0.486450,0.515000,0.486450,0.502700,0.502700,19340
2020-02-07,0.506900,0.527120,0.506900,0.515030,0.515030,97835
2020-02-10,0.510000,0.521200,0.498320,0.510000,0.510000,27493
2020-02-11,0.522500,0.540000,0.514200,0.521360,0.521360,62305
2020-02-12,0.533500,0.533500,0.494400,0.500000,0.500000,32757
2020-02-13,0.488300,0.540000,0.488300,0.522900,0.522900,54474
2020-02-14,0.522900,0.530000,0.501800,0.510600,0.510600,45546
2020-02-18,0.515000,0.515000,0.487500,0.500000,0.500000,84010
2020-02-19,0.500000,0.518100,0.500000,0.515430,0.515430,50581
2020-02-20,0.517060,0.517060,0.497500,0.500000,0.500000,87403
2020-02-21,0.502900,0.530000,0.494000,0.505880,0.505880,64487
2020-02-24,0.494400,0.516700,0.475000,0.475000,0.475000,220316
2020-02-25,0.480400,0.493210,0.439490,0.446800,0.446800,151749
2020-02-26,0.439000,0.448800,0.409570,0.440500,0.440500,162829
2020-02-27,0.435000,0.440000,0.369000,0.380000,0.380000,190719
2020-02-28,0.346600,0.360200,0.240000,0.338200,0.338200,398645
2020-03-02,0.330000,0.354800,0.316100,0.330000,0.330000,242082
2020-03-03,0.352400,0.393500,0.325900,0.330000,0.330000,252782
2020-03-04,0.367070,0.367070,0.328300,0.343700,0.343700,12298
2020-03-05,0.360500,0.377500,0.347300,0.376700,0.376700,81901
2020-03-06,0.370500,0.370500,0.339200,0.350000,0.350000,13904
2020-03-09,0.340000,0.340000,0.294000,0.294000,0.294000,120168
2020-03-10,0.304900,0.304900,0.281500,0.293000,0.293000,106842
2020-03-11,0.297040,0.297040,0.230000,0.241600,0.241600,95771
2020-03-12,0.229000,0.237400,0.201500,0.215100,0.215100,116507
2020-03-13,0.210000,0.247610,0.199900,0.206900,0.206900,284501
2020-03-16,0.160000,0.209300,0.158400,0.209300,0.209300,175222
2020-03-17,0.210000,0.271900,0.190000,0.240000,0.240000,183450
2020-03-18,0.229500,0.229800,0.206000,0.207000,0.207000,59102
2020-03-19,0.203500,0.282900,0.197800,0.282900,0.282900,75901
2020-03-20,0.232000,0.267500,0.225560,0.266800,0.266800,103456
2020-03-23,0.250000,0.262800,0.227450,0.258000,0.258000,148323
2020-03-24,0.275000,0.279500,0.246000,0.260700,0.260700,300540
2020-03-25,0.266200,0.277200,0.262400,0.273300,0.273300,60763
2020-03-26,0.288000,0.290000,0.270000,0.270000,0.270000,45170
2020-03-27,0.274000,0.301900,0.249000,0.269500,0.269500,102600
2020-03-30,0.270000,0.270000,0.253360,0.263000,0.263000,24976
2020-03-31,0.244800,0.259700,0.240000,0.252700,0.252700,8603
2020-04-01,0.227100,0.241900,0.220000,0.232140,0.232140,93101
2020-04-02,0.240000,0.250500,0.223550,0.238180,0.238180,69908
2020-04-03,0.210000,0.243500,0.210000,0.238400,0.238400,25151
2020-04-06,0.242600,0.249400,0.224100,0.249400,0.249400,66348
2020-04-07,0.270000,0.293610,0.267000,0.267000,0.267000,137417
2020-04-08,0.281000,0.281000,0.261000,0.273700,0.273700,82637
2020-04-09,0.280000,0.290000,0.261200,0.270100,0.270100,108481
2020-04-13,0.296870,0.363900,0.284000,0.359100,0.359100,218224
2020-04-14,0.365900,0.387450,0.350000,0.355090,0.355090,258940
2020-04-15,0.355050,0.355100,0.315000,0.321400,0.321400,138903
2020-04-16,0.335000,0.342500,0.316000,0.316000,0.316000,41683
2020-04-17,0.320500,0.323600,0.300000,0.323600,0.323600,90269
2020-04-20,0.328800,0.339000,0.308800,0.320000,0.320000,172977
2020-04-21,0.320680,0.320680,0.293700,0.298450,0.298450,54786
2020-04-22,0.310000,0.320400,0.285300,0.312880,0.312880,139129
2020-04-23,0.338900,0.350000,0.320000,0.320000,0.320000,77672
2020-04-24,0.340700,0.340700,0.309400,0.332000,0.332000,93687
2020-04-27,0.333000,0.345720,0.321450,0.345100,0.345100,116898
2020-04-28,0.347840,0.347840,0.319660,0.330000,0.330000,140947
2020-04-29,0.343900,0.354600,0.332150,0.349270,0.349270,56032
2020-04-30,0.358570,0.358570,0.319700,0.330000,0.330000,56643
2020-05-01,0.319120,0.330000,0.309000,0.317000,0.317000,127078
2020-05-04,0.331200,0.331200,0.313400,0.320000,0.320000,53284
2020-05-05,0.326000,0.344000,0.315000,0.344000,0.344000,62433
2020-05-06,0.325990,0.333410,0.325000,0.325000,0.325000,5340
2020-05-07,0.344600,0.361000,0.315000,0.357530,0.357530,111986
2020-05-08,0.360000,0.412490,0.359800,0.375000,0.375000,226586
2020-05-11,0.389550,0.404000,0.375900,0.402000,0.402000,86229
2020-05-12,0.402000,0.417900,0.377700,0.393900,0.393900,116932
2020-05-13,0.387600,0.408800,0.344400,0.360500,0.360500,180889
2020-05-14,0.370000,0.393000,0.357800,0.393000,0.393000,71867
2020-05-15,0.408900,0.477900,0.408900,0.470000,0.470000,399893
2020-05-18,0.470000,0.470000,0.470000,0.470000,0.470000,0
2020-05-19,0.522700,0.538000,0.480000,0.480000,0.480000,1283761
2020-05-20,0.507300,0.523600,0.490000,0.520000,0.520000,580687
2020-05-21,0.501760,0.506500,0.464950,0.505800,0.505800,268945
2020-05-22,0.503000,0.524600,0.480000,0.510000,0.510000,516848
2020-05-26,0.510000,0.530000,0.485000,0.505000,0.505000,641174
2020-05-27,0.495000,0.527200,0.480000,0.517000,0.517000,138461
2020-05-28,0.525100,0.570300,0.512780,0.531900,0.531900,493373
2020-05-29,0.541200,0.560000,0.538000,0.544000,0.544000,347708
2020-06-01,0.564000,0.662600,0.557000,0.639100,0.639100,480125
2020-06-02,0.632200,0.650000,0.565900,0.596800,0.596800,483320
2020-06-03,0.571200,0.591000,0.547000,0.580000,0.580000,200143
2020-06-04,0.590000,0.615500,0.560000,0.581090,0.581090,266837
2020-06-05,0.570000,0.581000,0.542800,0.581000,0.581000,435396
2020-06-08,0.592300,0.617600,0.564450,0.596500,0.596500,295211
2020-06-09,0.587630,0.620000,0.557600,0.610000,0.610000,475036
2020-06-10,0.610000,0.640500,0.580490,0.611940,0.611940,256868
2020-06-11,0.632500,0.632500,0.553100,0.565000,0.565000,517442