Date,Open,High,Low,Close,Adj Close,Volume
2016-05-26,10.000000,10.050000,10.000000,10.020000,8.134611,876100
2016-05-27,10.020000,10.040000,10.010000,10.040000,8.150846,57800
2016-05-31,10.030000,10.070000,10.030000,10.060000,8.167082,43500
2016-06-01,10.080000,10.080000,10.045000,10.080000,8.183319,32800
2016-06-02,10.080000,10.090000,10.060000,10.080000,8.183319,37600
2016-06-03,10.080000,10.100000,10.080000,10.090000,8.191440,28400
2016-06-06,10.100000,10.120000,10.060000,10.100000,8.199558,48500
2016-06-07,10.120000,10.120000,10.050000,10.090000,8.191440,52500
2016-06-08,10.100000,10.110000,10.087000,10.100000,8.199558,35000
2016-06-09,10.110000,10.120000,10.100000,10.120000,8.215795,36100
2016-06-10,10.130000,10.140000,10.114000,10.140000,8.232033,43600
2016-06-13,10.130000,10.160000,10.130000,10.160000,8.248265,25400
2016-06-14,10.180000,10.190000,10.100000,10.190000,8.272622,34300
2016-06-15,10.129000,10.190000,10.120000,10.120000,8.215795,29000
2016-06-16,10.126000,10.140000,10.020000,10.100000,8.199558,17800
2016-06-17,10.133000,10.170000,10.070000,10.070000,8.175200,71400
2016-06-20,10.160000,10.190000,10.100000,10.170000,8.256387,34800
2016-06-21,10.170000,10.200000,10.130000,10.151000,8.240961,29300
2016-06-22,10.190000,10.200000,10.176000,10.200000,8.280740,10400
2016-06-23,10.200000,10.200000,10.010000,10.070000,8.175200,127000
2016-06-24,10.000000,10.170000,10.000000,10.010000,8.126494,88600
2016-06-27,10.050000,10.200000,10.050000,10.050000,8.158966,28800
2016-06-28,10.050000,10.140000,10.020000,10.140000,8.232033,36100
2016-06-29,10.050000,10.131000,10.000000,10.000000,8.118374,69000
2016-06-30,10.030000,10.050000,10.010000,10.020000,8.134611,30500
2016-07-01,10.060000,10.060000,10.000000,10.000000,8.118374,29100
2016-07-05,10.000000,10.010000,10.000000,10.000000,8.118374,242700
2016-07-06,10.030000,10.030000,10.000000,10.000000,8.118374,45800
2016-07-07,10.030000,10.060000,10.000000,10.000000,8.118374,43500
2016-07-08,10.080000,10.080000,10.020000,10.030000,8.142728,22100
2016-07-11,10.040000,10.120000,10.040000,10.070000,8.175200,29600
2016-07-12,10.110000,10.150000,10.070000,10.110000,8.207676,54500
2016-07-13,10.110000,10.140000,10.030000,10.080000,8.183319,48500
2016-07-14,10.060000,10.200000,10.000000,10.030000,8.142728,65800
2016-07-15,10.050000,10.200000,10.040000,10.070000,8.175200,60400
2016-07-18,10.099000,10.139000,10.060000,10.109000,8.206862,32600
2016-07-19,10.180000,10.180000,10.100000,10.110000,8.207676,48100
2016-07-20,10.170000,10.190000,10.143000,10.150000,8.240152,19400
2016-07-21,10.156000,10.182000,10.100000,10.135000,8.227970,41100
2016-07-22,10.150000,10.190000,10.070000,10.180000,8.264508,74200
2016-07-25,10.162000,10.190000,10.130000,10.150000,8.240152,21200
2016-07-26,10.170000,10.190000,10.060000,10.097000,8.197121,62400
2016-07-27,10.100000,10.160000,10.030000,10.100000,8.199558,65200
2016-07-28,10.140000,10.160000,10.100000,10.120000,8.215795,79200
2016-07-29,10.100000,10.190000,10.100000,10.180000,8.264508,72100
2016-08-01,10.180000,10.180000,10.070000,10.130000,8.223914,100600
2016-08-02,10.126000,10.150000,10.060000,10.100000,8.199558,54300
2016-08-03,10.100000,10.130000,10.100000,10.110000,8.207676,21200
2016-08-04,10.080000,10.190000,10.060000,10.190000,8.272622,54600
2016-08-05,10.190000,10.190000,10.060000,10.070000,8.175200,48900
2016-08-08,10.100000,10.140000,10.089000,10.130000,8.223914,47000
2016-08-09,10.110000,10.120000,10.090000,10.090000,8.191440,16600
2016-08-10,10.120000,10.130000,10.030000,10.080000,8.183319,51600
2016-08-11,10.064000,10.080000,10.020000,10.020000,8.134611,13100
2016-08-12,10.050000,10.050000,10.020000,10.050000,8.158966,15900
2016-08-15,10.060000,10.110000,10.060000,10.060000,8.167082,18900
2016-08-16,10.077000,10.090000,10.054000,10.080000,8.183319,34400
2016-08-17,10.080000,10.080000,10.063000,10.069000,8.174391,5300
2016-08-18,10.080000,10.080000,10.040000,10.060000,8.167082,35500
2016-08-19,10.090000,10.090000,10.050000,10.060000,8.167082,55600
2016-08-22,10.060000,10.090000,10.000000,10.020000,8.134611,37200
2016-08-23,10.020000,10.080000,10.000000,10.040000,8.150846,42500
2016-08-24,10.030000,10.080000,10.000000,10.080000,8.183319,29300
2016-08-25,10.080000,10.100000,10.050000,10.050000,8.158966,34600
2016-08-26,10.050000,10.090000,10.040000,10.040000,8.150846,33800
2016-08-29,10.080000,10.090000,10.020000,10.040000,8.150846,75200
2016-08-30,10.040000,10.070000,10.020000,10.070000,8.175200,40500
2016-08-31,10.080000,10.140000,10.060000,10.100000,8.199558,112300
2016-09-01,10.126000,10.130000,10.060000,10.100000,8.199558,18600
2016-09-02,10.070000,10.120000,10.070000,10.110000,8.207676,8800
2016-09-06,10.130000,10.130000,10.070000,10.100000,8.199558,30200
2016-09-07,10.150000,10.150000,10.080000,10.120000,8.215795,16900
2016-09-08,10.110000,10.117000,10.060000,10.070000,8.215792,37400
2016-09-09,10.060000,10.110000,10.060000,10.070000,8.215792,38700
2016-09-12,10.150000,10.180000,10.060000,10.060000,8.207633,28400
2016-09-13,10.140000,10.170000,10.080000,10.100000,8.240271,28000
2016-09-14,10.100000,10.170000,10.000000,10.030000,8.183159,65300
2016-09-15,10.100000,10.150000,10.100000,10.100000,8.240271,24400
2016-09-16,10.150000,10.160000,10.087000,10.150000,8.281064,62400
2016-09-19,10.150000,10.150000,10.090000,10.130000,8.264746,59900
2016-09-20,10.110000,10.110000,10.050000,10.060000,8.207633,9800
2016-09-21,10.090000,10.090000,10.060000,10.060000,8.207633,39800
2016-09-22,10.090000,10.127000,10.050000,10.070000,8.215792,92600
2016-09-23,10.070000,10.130000,10.060000,10.130000,8.264746,53900
2016-09-26,10.100000,10.140000,10.060000,10.100000,8.240271,18700
2016-09-27,10.020000,10.080000,10.020000,10.070000,8.215792,134700
2016-09-28,10.090000,10.128000,10.070000,10.110000,8.248428,83800
2016-09-29,10.140000,10.140000,10.040000,10.090000,8.232113,16900
2016-09-30,10.020000,10.100000,10.020000,10.060000,8.207633,25600
2016-10-03,10.085000,10.150000,10.070000,10.140000,8.272908,25600
2016-10-04,10.150000,10.150000,10.089000,10.100000,8.240271,41500
2016-10-05,10.122000,10.150000,10.070000,10.100000,8.240271,31200
2016-10-06,10.100000,10.150000,10.100000,10.100000,8.240271,19700
2016-10-07,10.140000,10.147000,10.100000,10.140000,8.272908,40100
2016-10-10,10.120000,10.150000,10.110000,10.110000,8.248428,50900
2016-10-11,10.110000,10.150000,10.100000,10.130000,8.305824,41200
2016-10-12,10.150000,10.150000,10.100000,10.150000,8.322225,37000
2016-10-13,10.128000,10.150000,10.120000,10.150000,8.322225,29400
2016-10-14,10.120000,10.140000,10.090000,10.100000,8.281230,29900
2016-10-17,10.120000,10.150000,10.110000,10.111000,8.290243,37100
2016-10-18,10.140000,10.150000,9.930000,9.960000,8.166435,251100
2016-10-19,10.000000,10.060000,9.980000,10.000000,8.199235,53800
2016-10-20,10.110000,10.110000,9.950000,9.970000,8.174636,84100
2016-10-21,9.970000,10.019000,9.970000,9.990000,8.191034,29600
2016-10-24,10.040000,10.150000,10.000000,10.070000,8.256631,118600
2016-10-25,10.050000,10.087000,10.020000,10.050000,8.240228,21600
2016-10-26,10.090000,10.130000,10.020000,10.060000,8.248425,42300
2016-10-27,10.048000,10.100000,10.030000,10.040000,8.232028,31800
2016-10-28,10.060000,10.105000,10.040000,10.050000,8.240228,34400
2016-10-31,10.050000,10.069000,10.030000,10.030000,8.223832,18600
2016-11-01,10.045000,10.045000,9.976000,9.980000,8.182836,26500
2016-11-02,10.080000,10.080000,9.960000,9.970000,8.174636,35900
2016-11-03,10.050000,10.050000,10.050000,10.050000,8.240228,100
2016-11-04,10.100000,10.100000,9.976000,10.000000,8.199235,47200
2016-11-07,10.020000,10.070000,10.010000,10.040000,8.232028,36400
2016-11-08,10.043000,10.090000,10.020000,10.030000,8.223832,20100
2016-11-09,9.940000,10.010000,9.940000,9.990000,8.232070,35500
2016-11-10,10.070000,10.070000,9.990000,9.990000,8.232070,29800
2016-11-11,10.024000,10.059000,9.945000,10.000000,8.240309,40700
2016-11-14,10.050000,10.050000,9.930000,9.940000,8.190869,23700
2016-11-15,9.920000,9.950000,9.870000,9.900000,8.157907,42900
2016-11-16,9.932000,10.013000,9.930000,10.000000,8.240309,63900
2016-11-17,10.000000,10.017000,9.943000,9.957000,8.204877,30500
2016-11-18,9.960000,10.000000,9.900000,9.990000,8.232070,48100
2016-11-21,10.070000,10.070000,9.800000,9.910000,8.166148,301000
2016-11-22,9.970000,9.970000,9.810000,9.880000,8.141429,187900
2016-11-23,9.833000,9.911000,9.710000,9.850000,8.116707,136500
2016-11-25,9.770000,9.810000,9.770000,9.806000,8.080449,4100
2016-11-28,9.890000,9.930000,9.800000,9.859000,8.124124,42400
2016-11-29,9.940000,9.940000,9.850000,9.919000,8.173566,58000
2016-11-30,9.920000,9.920000,9.840000,9.850000,8.116707,71300
2016-12-01,9.900000,10.020000,9.875000,9.963000,8.209823,48200
2016-12-02,9.989000,9.990000,9.860000,9.870000,8.133186,64400
2016-12-05,9.920000,9.960000,9.900000,9.950000,8.199112,28500
2016-12-06,9.960000,10.020000,9.920000,9.950000,8.199112,49400
2016-12-07,9.950000,10.020000,9.950000,9.990000,8.232070,94000
2016-12-08,9.960000,9.989000,9.900000,9.920000,8.215508,40400
2016-12-09,9.860000,9.940000,9.850000,9.940000,8.232069,54100
2016-12-12,9.900000,9.990000,9.900000,9.960000,8.248636,30800
2016-12-13,9.940000,9.960000,9.930000,9.940000,8.232069,27600
2016-12-14,9.920000,9.940000,9.910000,9.910000,8.207226,32600
2016-12-15,9.900000,9.940000,9.880000,9.900000,8.198942,47000
2016-12-16,9.940000,9.970000,9.910000,9.940000,8.232069,36000
2016-12-19,10.060000,10.070000,9.920000,9.960000,8.248636,51800
2016-12-20,9.890000,10.070000,9.890000,9.950000,8.240356,42800
2016-12-21,9.980000,10.010000,9.880000,10.010000,8.290045,42600
2016-12-22,10.000000,10.040000,9.995000,10.040000,8.314886,36600
2016-12-23,10.050000,10.050000,9.950000,10.030000,8.306610,86200
2016-12-27,10.000000,10.000000,9.960000,9.970000,8.298282,16600
2016-12-28,9.950000,10.000000,9.950000,10.000000,8.323256,14200
2016-12-29,9.980000,9.993000,9.860000,9.900000,8.240021,150000
2016-12-30,9.930000,9.994000,9.890000,9.920000,8.256667,67000
2017-01-03,9.910000,9.980000,9.910000,9.970000,8.298282,32100
2017-01-04,9.980000,10.000000,9.970000,10.000000,8.323256,44600
2017-01-05,10.030000,10.030000,9.965000,10.010000,8.331578,50500
2017-01-06,10.040000,10.040000,9.950000,9.990000,8.314929,30100
2017-01-09,10.050000,10.090000,10.000000,10.040000,8.356545,56500
2017-01-10,9.970000,10.075000,9.970000,10.040000,8.356545,91700
2017-01-11,10.050000,10.088000,9.960000,10.040000,8.356545,57500
2017-01-12,10.090000,10.090000,10.000000,10.020000,8.339901,46100
2017-01-13,10.040000,10.090000,10.000000,10.000000,8.323256,142500
2017-01-17,10.000000,10.050000,9.960000,9.960000,8.289962,123800
2017-01-18,9.980000,10.040000,9.980000,9.990000,8.314929,84500
2017-01-19,10.010000,10.053000,9.980000,10.000000,8.323256,59400
2017-01-20,10.020000,10.060000,9.990000,9.990000,8.314929,89300
2017-01-23,9.950000,10.030000,9.950000,10.000000,8.323256,29900
2017-01-24,10.017000,10.023000,9.983000,10.010000,8.331578,94900
2017-01-25,9.990000,10.050000,9.990000,10.050000,8.364871,61100
2017-01-26,10.100000,10.100000,10.045000,10.090000,8.398161,25800
2017-01-27,10.011000,10.100000,10.011000,10.100000,8.406486,54700
2017-01-30,10.050000,10.070000,10.000000,10.010000,8.331578,63900
2017-01-31,10.020000,10.070000,10.015000,10.030000,8.348224,44900
2017-02-01,10.060000,10.081000,10.035000,10.070000,8.381513,30100
2017-02-02,10.090000,10.100000,10.070000,10.100000,8.406486,51700
2017-02-03,10.100000,10.100000,10.080000,10.100000,8.406486,48000
2017-02-06,10.100000,10.100000,10.080000,10.100000,8.406486,48900
2017-02-07,10.100000,10.100000,10.090000,10.100000,8.406486,21900
2017-02-08,10.100000,10.100000,10.090000,10.090000,8.398161,121400
2017-02-09,10.090000,10.100000,10.050000,10.070000,8.423260,23700
2017-02-10,10.090000,10.100000,10.080000,10.100000,8.448352,58300
2017-02-13,10.090000,10.100000,10.070000,10.100000,8.448352,21400
2017-02-14,10.090000,10.090000,10.058000,10.090000,8.439984,71200
2017-02-15,10.090000,10.100000,10.088000,10.100000,8.448352,29900
2017-02-16,10.100000,10.100000,10.080000,10.090000,8.439984,27300
2017-02-17,10.073000,10.100000,10.060000,10.100000,8.448352,35500
2017-02-21,10.100000,10.100000,10.090000,10.090000,8.439984,40900
2017-02-22,10.100000,10.100000,10.090000,10.100000,8.448352,55100
2017-02-23,10.090000,10.100000,10.080000,10.080000,8.431622,74900
2017-02-24,10.080000,10.100000,10.060000,10.060000,8.414892,104800
2017-02-27,10.070000,10.080000,10.020000,10.060000,8.414892,71000
2017-02-28,10.070000,10.080000,10.030000,10.060000,8.414892,75100
2017-03-01,10.060000,10.090000,10.060000,10.080000,8.431622,35600
2017-03-02,10.060000,10.089000,10.040000,10.040000,8.398161,80300
2017-03-03,10.060000,10.060000,10.030000,10.050000,8.406527,101800
2017-03-06,10.030000,10.060000,9.980000,9.990000,8.356340,173600
2017-03-07,10.010000,10.022000,9.970000,10.010000,8.373069,97800
2017-03-08,10.000000,10.010000,9.970000,9.990000,8.356340,61700
2017-03-09,9.900000,9.960000,9.850000,9.900000,8.322711,73400
2017-03-10,9.920000,9.990000,9.890000,9.990000,8.398374,67400
2017-03-13,9.940000,9.980000,9.910000,9.960000,8.373152,101900
2017-03-14,9.940000,9.950000,9.910000,9.940000,8.356339,73800
2017-03-15,9.910000,9.970000,9.900000,9.960000,8.373152,70000
2017-03-16,9.950000,9.960000,9.900000,9.910000,8.331119,45200
2017-03-17,9.930000,9.930000,9.890000,9.900000,8.322711,33900
2017-03-20,9.910000,9.910000,9.890000,9.900000,8.322711,52000
2017-03-21,9.910000,9.910000,9.880000,9.900000,8.322711,92300
2017-03-22,9.900000,9.920000,9.881000,9.900000,8.322711,132100
2017-03-23,9.900000,9.910000,9.880000,9.890000,8.314309,146300
2017-03-24,9.890000,9.910000,9.880000,9.890000,8.314309,70700
2017-03-27,9.900000,9.920000,9.890000,9.890000,8.314309,103700
2017-03-28,9.900000,9.950000,9.900000,9.940000,8.356339,59600
2017-03-29,9.925000,9.980000,9.910000,9.960000,8.373152,60000
2017-03-30,9.970000,10.080000,9.940000,10.080000,8.474034,135300
2017-03-31,10.075000,10.075000,10.010000,10.030000,8.432003,261000
2017-04-03,10.015000,10.040000,9.970000,10.040000,8.440405,33600
2017-04-04,10.080000,10.080000,10.021000,10.080000,8.474034,59400
2017-04-05,10.070000,10.070000,9.990000,10.000000,8.406780,116100
2017-04-06,10.030000,10.030000,10.000000,10.020000,8.423595,38900
2017-04-07,10.040000,10.040000,9.950000,10.030000,8.432003,63100
2017-04-10,10.030000,10.090000,10.030000,10.090000,8.482439,48400
2017-04-11,10.030000,10.080000,10.030000,10.080000,8.516234,41900
2017-04-12,10.030000,10.080000,10.030000,10.030000,8.473994,54900
2017-04-13,10.020000,10.070000,10.010000,10.060000,8.499340,39800
2017-04-17,10.030000,10.065000,10.015000,10.020000,8.465543,41700
2017-04-18,10.000000,10.031000,9.999000,10.020000,8.465543,47800
2017-04-19,10.017000,10.040000,10.000000,10.040000,8.482439,45400
2017-04-20,10.060000,10.100000,10.045000,10.100000,8.533136,62800
2017-04-21,10.100000,10.100000,10.080000,10.100000,8.533136,32300
2017-04-24,10.100000,10.100000,10.090000,10.100000,8.533136,55400
2017-04-25,10.100000,10.100000,10.070000,10.090000,8.524685,30700
2017-04-26,10.090000,10.090000,10.070000,10.080000,8.516234,28800
2017-04-27,10.090000,10.100000,10.080000,10.100000,8.533136,88900
2017-04-28,10.100000,10.100000,10.090000,10.100000,8.533136,45800
2017-05-01,10.098000,10.100000,10.090000,10.090000,8.524685,92300
2017-05-02,10.100000,10.100000,10.090000,10.100000,8.533136,26500
2017-05-03,10.094000,10.100000,10.090000,10.100000,8.533136,29600
2017-05-04,10.100000,10.100000,10.080000,10.100000,8.533136,77400
2017-05-05,10.100000,10.180000,10.100000,10.180000,8.600722,90500
2017-05-08,10.160000,10.160000,10.120000,10.160000,8.583823,47100
2017-05-09,10.100000,10.170000,10.099000,10.170000,8.634768,50100
2017-05-10,10.120000,10.170000,10.100000,10.170000,8.634768,40600
2017-05-11,10.130000,10.170000,10.130000,10.150000,8.617785,59200
2017-05-12,10.150000,10.150000,10.120000,10.140000,8.609296,30100
2017-05-15,10.130000,10.150000,10.130000,10.132000,8.602503,26400
2017-05-16,10.150000,10.150000,10.120000,10.140000,8.609296,25700
2017-05-17,10.100000,10.120000,10.050000,10.070000,8.549865,89800
2017-05-18,10.070000,10.100000,10.055000,10.100000,8.575336,47700
2017-05-19,10.090000,10.130000,10.090000,10.130000,8.600807,24900
2017-05-22,10.130000,10.170000,10.130000,10.140000,8.609296,20800
2017-05-23,10.130000,10.180000,10.120000,10.150000,8.617785,27600
2017-05-24,10.110000,10.160000,10.060000,10.140000,8.609296,51800
2017-05-25,10.140000,10.150000,10.090000,10.140000,8.609296,24400
2017-05-26,10.133000,10.140000,10.110000,10.140000,8.609296,29100
2017-05-30,10.150000,10.150000,10.100000,10.140000,8.609296,61800
2017-05-31,10.140000,10.170000,10.070000,10.100000,8.575336,83300
2017-06-01,10.090000,10.120000,10.080000,10.110000,8.583823,47400
2017-06-02,10.105000,10.120000,10.080000,10.110000,8.583823,60800
2017-06-05,10.090000,10.110000,10.060000,10.090000,8.566845,45500
2017-06-06,10.090000,10.110000,10.070000,10.100000,8.575336,148900
2017-06-07,10.100000,10.110000,10.080000,10.110000,8.583823,79300
2017-06-08,10.070000,10.070000,10.030000,10.060000,8.583823,59600
2017-06-09,10.060000,10.070000,10.030000,10.050000,8.575294,50500
2017-06-12,10.030000,10.050000,10.010000,10.050000,8.575294,42900
2017-06-13,10.050000,10.100000,10.030000,10.100000,8.617959,56600
2017-06-14,10.110000,10.110000,10.050000,10.100000,8.617959,35400
2017-06-15,10.090000,10.090000,10.020000,10.040000,8.566757,43900
2017-06-16,10.040000,10.070000,10.040000,10.070000,8.592359,26800
2017-06-19,10.070000,10.079000,10.040000,10.060000,8.583823,60900
2017-06-20,10.060000,10.090000,10.050000,10.080000,8.600892,47300
2017-06-21,10.089000,10.100000,10.040000,10.070000,8.592359,76800
2017-06-22,10.069000,10.087000,10.050000,10.060000,8.583823,48400
2017-06-23,10.080000,10.090000,10.060000,10.090000,8.609423,20100
2017-06-26,10.090000,10.090000,10.060000,10.060000,8.583823,53000
2017-06-27,10.070000,10.079000,10.010000,10.010000,8.541164,134400
2017-06-28,10.030000,10.100000,10.030000,10.100000,8.617959,88600
2017-06-29,10.100000,10.140000,10.050000,10.110000,8.626490,51200
2017-06-30,10.111000,10.150000,10.060000,10.110000,8.626490,91200
2017-07-03,10.105000,10.130000,10.080000,10.080000,8.600892,14300
2017-07-05,10.070000,10.100000,10.050000,10.070000,8.592359,35000
2017-07-06,10.070000,10.100000,10.070000,10.100000,8.617959,23800
2017-07-07,10.100000,10.120000,10.090000,10.110000,8.626490,51000
2017-07-10,10.120000,10.140000,10.110000,10.130000,8.643554,20300
2017-07-11,10.140000,10.140000,10.090000,10.100000,8.660706,62600
2017-07-12,10.110000,10.170000,10.090000,10.100000,8.660706,73100
2017-07-13,10.100000,10.120000,10.060000,10.100000,8.660706,53600
2017-07-14,10.100000,10.140000,10.093000,10.120000,8.677855,39200
2017-07-17,10.170000,10.170000,10.100000,10.100000,8.660706,48900
2017-07-18,10.110000,10.150000,10.100000,10.140000,8.695004,54300
2017-07-19,10.180000,10.210000,10.130000,10.190000,8.737881,34400
2017-07-20,10.190000,10.230000,10.154000,10.180000,8.729305,49800
2017-07-21,10.183000,10.240000,10.170000,10.170000,8.720730,61800
2017-07-24,10.180000,10.240000,10.145000,10.180000,8.729305,63400
2017-07-25,10.170000,10.190000,10.110000,10.130000,8.686429,89000
2017-07-26,10.120000,10.170000,10.120000,10.140000,8.695004,49700
2017-07-27,10.140000,10.520000,10.140000,10.151000,8.704436,44700
2017-07-28,10.150000,10.150000,10.090000,10.150000,8.703579,53700
2017-07-31,10.160000,10.240000,10.150000,10.170000,8.720730,42100
2017-08-01,10.180000,10.280000,10.180000,10.249000,8.788472,23100
2017-08-02,10.240000,10.255000,10.180000,10.190000,8.737881,45500
2017-08-03,10.200000,10.216000,10.160000,10.180000,8.729305,23800
2017-08-04,10.180000,10.220000,10.160000,10.220000,8.763601,38000
2017-08-07,10.220000,10.220000,10.181000,10.220000,8.763601,21900
2017-08-08,10.190000,10.340000,10.190000,10.190000,8.737881,62000
2017-08-09,10.180000,10.220000,10.030000,10.100000,8.703412,103100
2017-08-10,10.100000,10.135000,10.020000,10.070000,8.677557,60500
2017-08-11,10.070000,10.080000,10.040000,10.060000,8.668941,39600
2017-08-14,10.067000,10.100000,10.040000,10.080000,8.686172,43900
2017-08-15,10.070000,10.100000,10.030000,10.090000,8.694793,54900
2017-08-16,10.099000,10.099000,10.050000,10.080000,8.686172,23800
2017-08-17,10.060000,10.080000,10.050000,10.060000,8.668941,37500
2017-08-18,10.050000,10.070000,10.040000,10.070000,8.677557,46200
2017-08-21,10.061000,10.090000,10.061000,10.090000,8.694793,17400
2017-08-22,10.090000,10.110000,10.090000,10.110000,8.712029,45500
2017-08-23,10.110000,10.160000,10.090000,10.110000,8.712029,43600
2017-08-24,10.160000,10.180000,10.120000,10.160000,8.755113,56500
2017-08-25,10.120000,10.160000,10.100000,10.130000,8.729260,50100
2017-08-28,10.110000,10.140000,10.100000,10.110000,8.712029,66300
2017-08-29,10.110000,10.200000,10.100000,10.130000,8.729260,55800
2017-08-30,10.121000,10.180000,10.121000,10.150000,8.746496,11000
2017-08-31,10.170000,10.250000,10.150000,10.150000,8.746496,92500
2017-09-01,10.160000,10.210000,10.100000,10.130000,8.729260,36500
2017-09-05,10.180000,10.240000,10.140000,10.190000,8.780967,41300
2017-09-06,10.180000,10.210000,10.170000,10.180000,8.772349,42700
2017-09-07,10.200000,10.260000,10.160000,10.190000,8.780967,37100
2017-09-08,10.260000,10.260000,10.060000,10.130000,8.772307,67500
2017-09-11,10.190000,10.440000,10.100000,10.110000,8.754985,38600
2017-09-12,10.140000,10.150000,10.110000,10.130000,8.772307,25000
2017-09-13,10.110000,10.200000,10.110000,10.180000,8.815603,38600
2017-09-14,10.170000,10.190000,10.120000,10.190000,8.824263,21900
2017-09-15,10.198000,10.207000,10.150000,10.190000,8.824263,44400
2017-09-18,10.210000,10.220000,10.140000,10.140000,8.780967,29100
2017-09-19,10.180000,10.180000,10.140000,10.140000,8.780967,30200
2017-09-20,10.150000,10.180000,10.140000,10.150000,8.789627,24300
2017-09-21,10.140000,10.190000,10.130000,10.160000,8.798283,42300
2017-09-22,10.160000,10.180000,10.160000,10.170000,8.806944,13400
2017-09-25,10.150000,10.209000,10.150000,10.200000,8.832925,33700
2017-09-26,10.180000,10.220000,10.070000,10.200000,8.832925,75100
2017-09-27,10.220000,10.250000,10.160000,10.210000,8.841581,56500
2017-09-28,10.230000,10.230000,10.150000,10.150000,8.789627,46200
2017-09-29,10.190000,10.190000,10.150000,10.160000,8.798283,18900
2017-10-02,10.160000,10.180000,10.130000,10.170000,8.806944,50800
2017-10-03,10.180000,10.220000,10.161000,10.220000,8.850242,35400
2017-10-04,10.240000,10.240000,10.130000,10.150000,8.789627,37200
2017-10-05,10.169000,10.180000,10.135000,10.170000,8.806944,50600
2017-10-06,10.160000,10.180000,10.150000,10.180000,8.815603,8600
2017-10-09,10.171000,10.190000,10.150000,10.160000,8.798283,28600
2017-10-10,10.180000,10.180000,10.140000,10.180000,8.815603,50600
2017-10-11,10.150000,10.200000,10.142000,10.200000,8.876523,37100
2017-10-12,10.190000,10.210000,10.160000,10.190000,8.867820,50200
2017-10-13,10.170000,10.200000,10.130000,10.200000,8.876523,37800
2017-10-16,10.200000,10.200000,10.110000,10.130000,8.815603,38500
2017-10-17,10.150000,10.170000,10.110000,10.170000,8.850414,28900
2017-10-18,10.170000,10.170000,10.110000,10.140000,8.824307,73100
2017-10-19,10.140000,10.140000,10.100000,10.110000,8.798198,98600
2017-10-20,10.110000,10.150000,10.100000,10.150000,8.833009,74900
2017-10-23,10.140000,10.183000,10.126000,10.175000,8.854763,41700
2017-10-24,10.140000,10.210000,10.140000,10.160000,8.841711,49700
2017-10-25,10.220000,10.230000,10.130000,10.200000,8.876523,44300
2017-10-26,10.190000,10.246000,10.170000,10.190000,8.867820,36000
2017-10-27,10.160000,10.230000,10.151000,10.200000,8.876523,33600
2017-10-30,10.160000,10.280000,10.140000,10.140000,8.824307,61000
2017-10-31,10.220000,10.240000,10.100000,10.120000,8.806901,88800
2017-11-01,10.110000,10.130000,10.070000,10.120000,8.806901,46600
2017-11-02,10.130000,10.130000,10.050000,10.100000,8.789495,40900
2017-11-03,10.100000,10.160000,10.100000,10.160000,8.841711,28200
2017-11-06,10.160000,10.160000,10.110000,10.150000,8.833009,20700
2017-11-07,10.160000,10.180000,10.154000,10.180000,8.859115,32100
2017-11-08,10.160000,10.190000,10.150000,10.160000,8.841711,25400
2017-11-09,10.180000,10.230000,10.150000,10.190000,8.867820,30600
2017-11-10,10.165000,10.165000,10.030000,10.100000,8.832837,52300
2017-11-13,10.070000,10.150000,10.069000,10.130000,8.859076,56800
2017-11-14,10.140000,10.140000,10.090000,10.120000,8.850327,54600
2017-11-15,10.120000,10.120000,10.020000,10.090000,8.824092,37600
2017-11-16,10.120000,10.130000,10.090000,10.100000,8.832837,46500
2017-11-17,10.120000,10.120000,10.084000,10.110000,8.841582,21400
2017-11-20,10.100000,10.130000,10.080000,10.090000,8.824092,65500
2017-11-21,10.080000,10.110000,10.060000,10.090000,8.824092,36500
2017-11-22,10.090000,10.130000,10.090000,10.100000,8.832837,31200
2017-11-24,10.080000,10.124000,10.080000,10.110000,8.841582,8800
2017-11-27,10.070000,10.120000,10.050000,10.100000,8.832837,50400
2017-11-28,10.130000,10.130000,10.053000,10.110000,8.841582,46100
2017-11-29,10.150000,10.153000,10.110000,10.128000,8.857322,22700
2017-11-30,10.110000,10.130000,10.051000,10.090000,8.824092,25200
2017-12-01,10.070000,10.155000,10.050000,10.109000,8.840709,20900
2017-12-04,10.130000,10.150000,10.050000,10.060000,8.797854,29500
2017-12-05,10.108000,10.150000,10.060000,10.076000,8.811848,48300
2017-12-06,10.070000,10.110000,10.060000,10.080000,8.815345,28900
2017-12-07,10.270000,10.270000,10.121000,10.140000,8.867820,44700
2017-12-08,10.110000,10.130000,10.090000,10.090000,8.867819,16200
2017-12-11,10.090000,10.130000,10.080000,10.110000,8.885394,47900
2017-12-12,10.143000,10.143000,10.000000,10.031000,8.815964,62500
2017-12-13,10.010000,10.090000,10.010000,10.090000,8.867819,21800
2017-12-14,10.090000,10.120000,10.070000,10.090000,8.867819,42800
2017-12-15,10.080000,10.100000,10.000000,10.060000,8.841452,50500
2017-12-18,10.100000,10.100000,10.030000,10.048000,8.830905,29700
2017-12-19,10.040000,10.061000,10.010000,10.030000,8.815084,35200
2017-12-20,10.050000,10.060000,10.000000,10.000000,8.788719,15400
2017-12-21,10.010000,10.038000,10.000000,10.010000,8.797508,29900
2017-12-22,10.030000,10.040000,9.990000,9.997000,8.786080,25900
2017-12-26,10.010000,10.040000,10.005000,10.040000,8.823874,8000
2017-12-27,9.960000,10.020000,9.960000,9.999000,8.831824,32300
2017-12-28,10.013000,10.020000,9.970000,10.010000,8.841541,14400
2017-12-29,9.970000,10.035000,9.970000,10.000000,8.832707,29900
2018-01-02,9.980000,10.010000,9.970000,9.970000,8.806210,29600
2018-01-03,10.000000,10.000000,9.970000,9.990000,8.823873,29600
2018-01-04,10.000000,10.100000,10.000000,10.090000,8.912201,40200
2018-01-05,10.086000,10.086000,9.970000,10.020000,8.850372,70100
2018-01-08,10.010000,10.010000,9.990000,10.010000,8.841541,20300
2018-01-09,9.980000,9.990000,9.930000,9.930000,8.770878,54600
2018-01-10,9.960000,9.960000,9.900000,9.920000,8.762047,60600
2018-01-11,9.900000,9.940000,9.890000,9.934000,8.774409,67200
2018-01-12,9.931000,9.950000,9.900000,9.920000,8.762047,55600
2018-01-16,9.910000,9.929000,9.900000,9.900000,8.744382,46000
2018-01-17,9.910000,9.930000,9.900000,9.910000,8.753213,13800
2018-01-18,9.920000,9.940000,9.880000,9.940000,8.779711,66000
2018-01-19,9.910000,9.930000,9.910000,9.930000,8.770878,21200
2018-01-22,9.930000,10.100000,9.920000,10.090000,8.912201,54900
2018-01-23,10.060000,10.080000,9.990000,9.990000,8.823873,47200
2018-01-24,10.010000,10.045000,9.950000,9.950000,8.788546,22500
2018-01-25,10.090000,10.090000,10.010000,10.060000,8.885704,44500
2018-01-26,10.020000,10.020000,9.930000,9.950000,8.788546,33700
2018-01-29,9.965000,9.990000,9.960000,9.970000,8.806210,19500
2018-01-30,9.960000,9.990000,9.910000,9.980000,8.815042,54200
2018-01-31,9.950000,10.010000,9.940000,9.960000,8.797379,32200
2018-02-01,9.976000,9.976000,9.850000,9.880000,8.726712,37600
2018-02-02,9.870000,9.880000,9.810000,9.850000,8.700218,36800
2018-02-05,9.840000,9.860000,9.420000,9.570000,8.452900,93100
2018-02-06,9.510000,9.800000,9.340000,9.780000,8.638388,98300
2018-02-07,9.790000,10.080000,9.760000,9.840000,8.691382,48000
2018-02-08,9.920000,9.928000,9.800000,9.800000,8.656052,32000
2018-02-09,9.800000,9.920000,9.695000,9.910000,8.798100,43600
2018-02-12,9.850000,9.920000,9.780000,9.870000,8.762589,30100
2018-02-13,9.872000,9.880000,9.810000,9.810000,8.709323,23600
2018-02-14,9.740000,9.900000,9.740000,9.860000,8.753711,55500
2018-02-15,9.880000,9.880000,9.790000,9.850000,8.744834,28700
2018-02-16,9.770000,9.865000,9.760000,9.780000,8.682687,31900
2018-02-20,9.870000,9.920000,9.750000,9.820000,8.718200,59100
2018-02-21,9.810000,9.810000,9.636000,9.730000,8.638299,106000
2018-02-22,9.720000,9.760000,9.700000,9.710000,8.620542,44900
2018-02-23,9.710000,9.770000,9.710000,9.750000,8.656053,27800
2018-02-26,9.740000,9.960000,9.740000,9.960000,8.842493,84700
2018-02-27,9.990000,9.990000,9.896000,9.960000,8.842493,59500
2018-02-28,9.940000,9.960000,9.850000,9.950000,8.833613,42400
2018-03-01,9.870000,9.875000,9.800000,9.820000,8.718200,35200
2018-03-02,9.860000,9.920000,9.824000,9.870000,8.762589,11200
2018-03-05,9.911000,9.970000,9.900000,9.930000,8.815857,16300
2018-03-06,10.050000,10.080000,9.880000,9.890000,8.780344,39800
2018-03-07,9.889000,10.010000,9.800000,9.800000,8.700442,61100
2018-03-08,9.860000,9.996000,9.820000,9.920000,8.806979,57600
2018-03-09,9.930000,9.970000,9.886000,9.920000,8.851593,22200
2018-03-12,9.900000,9.989000,9.870000,9.890000,8.824824,37000
2018-03-13,9.930000,10.010000,9.830000,9.870000,8.806979,23500
2018-03-14,9.980000,10.000000,9.870000,9.990000,8.914055,45000
2018-03-15,9.980000,9.980000,9.850000,9.870000,8.806979,32300
2018-03-16,9.930000,9.940000,9.880000,9.890000,8.824824,21300
2018-03-19,9.890000,9.950000,9.850000,9.890000,8.824824,40000
2018-03-20,9.870000,9.970000,9.870000,9.950000,8.878365,19500
2018-03-21,9.960000,9.980000,9.820000,9.840000,8.780212,36500
2018-03-22,9.857000,9.880000,9.834000,9.834000,8.774858,35000
2018-03-23,9.830000,9.890000,9.830000,9.860000,8.798055,27000
2018-03-26,9.857000,9.991000,9.857000,9.940000,8.869437,40700
2018-03-27,9.890000,9.950000,9.881000,9.940000,8.869437,42700
2018-03-28,9.910000,9.940000,9.870000,9.870000,8.806979,52900
2018-03-29,9.880000,9.940000,9.877000,9.880000,8.815900,27600
2018-04-02,9.930000,9.960000,9.890000,9.940000,8.869437,15700
2018-04-03,9.951000,9.951000,9.890000,9.900000,8.833750,12700
2018-04-04,9.960000,9.960000,9.870000,9.900000,8.833750,55800
2018-04-05,9.890000,9.930000,9.880000,9.890000,8.824824,29900
2018-04-06,9.910000,9.930000,9.890000,9.909000,8.841779,20900
2018-04-09,9.915000,9.950000,9.915000,9.937000,8.866763,38400
2018-04-10,9.910000,9.960000,9.880000,9.900000,8.833750,27100
2018-04-11,9.820000,9.900000,9.820000,9.880000,8.858402,55900
2018-04-12,9.910000,9.940000,9.860000,9.940000,8.912201,28500
2018-04-13,9.950000,9.960000,9.911000,9.960000,8.930135,17800
2018-04-16,10.000000,10.000000,9.910000,9.940000,8.912201,30600
2018-04-17,9.900000,9.938000,9.860000,9.860000,8.840473,41100
2018-04-18,9.880000,9.880000,9.820000,9.850000,8.831508,66000
2018-04-19,9.840000,9.860000,9.787000,9.800000,8.786677,52000
2018-04-20,9.810000,9.821000,9.790000,9.820000,8.804608,19100
2018-04-23,9.840000,9.850000,9.780000,9.810000,8.795644,66200
2018-04-24,9.850000,9.870000,9.790000,9.810000,8.795644,53200
2018-04-25,9.780000,9.800000,9.710000,9.760000,8.750812,63800
2018-04-26,9.759000,9.810000,9.759000,9.800000,8.786677,34300
2018-04-27,9.788000,9.830000,9.740000,9.740000,8.732882,33400
2018-04-30,10.010000,10.010000,9.800000,9.850000,8.831508,149700
2018-05-01,9.810000,9.900000,9.801000,9.890000,8.867371,28700
2018-05-02,9.860000,9.900000,9.850000,9.900000,8.876338,34400
2018-05-03,9.920000,9.920000,9.820000,9.850000,8.831508,41700
2018-05-04,9.810000,9.860000,9.800000,9.840000,8.822542,34400
2018-05-07,9.850000,9.880000,9.830000,9.870000,8.849438,16800
2018-05-08,9.840000,9.860000,9.820000,9.820000,8.804608,7800
2018-05-09,9.880000,9.940000,9.850000,9.930000,8.903236,50400
2018-05-10,9.850000,9.910000,9.850000,9.870000,8.891973,15400
2018-05-11,9.850000,9.920000,9.790000,9.920000,8.937018,23100
2018-05-14,9.880000,9.910000,9.840000,9.850000,8.873957,65500
2018-05-15,9.858000,9.900000,9.840000,9.864000,8.886568,42900
2018-05-16,9.890000,9.890000,9.854000,9.860000,8.882966,35300
2018-05-17,9.880000,9.900000,9.851000,9.880000,8.900981,37600
2018-05-18,9.930000,9.930000,9.870000,9.870000,8.891973,27900
2018-05-21,9.910000,9.920000,9.850000,9.860000,8.882966,49100
2018-05-22,9.820000,9.870000,9.820000,9.840000,8.864947,24400
2018-05-23,9.880000,9.880000,9.820000,9.840000,8.864947,60500
2018-05-24,9.841000,9.870000,9.820000,9.870000,8.891973,80100
2018-05-25,9.880000,9.920000,9.841000,9.890000,8.909991,30800
2018-05-29,9.870000,9.910000,9.800000,9.810000,8.837920,36600
2018-05-30,9.830000,9.860000,9.810000,9.840000,8.864947,42000
2018-05-31,9.870000,9.870000,9.820000,9.840000,8.864947,40900
2018-06-01,9.840000,9.850000,9.820000,9.825000,8.851431,28800
2018-06-04,9.820000,9.860000,9.820000,9.820000,8.846928,8800
2018-06-05,9.853000,9.860000,9.800000,9.800000,8.828911,39200
2018-06-06,9.810000,9.840000,9.810000,9.810000,8.837920,20100
2018-06-07,9.850000,9.870000,9.820000,9.850000,8.873957,39700
2018-06-08,9.813000,9.820000,9.790000,9.790000,8.862638,14200
2018-06-11,9.810000,9.831000,9.760000,9.790000,8.862638,36400
2018-06-12,9.760000,9.830000,9.760000,9.810000,8.880748,47400
2018-06-13,9.820000,9.820000,9.760000,9.800000,8.871695,27400
2018-06-14,9.800000,9.810000,9.750000,9.760000,8.835481,28100
2018-06-15,9.768000,9.780000,9.690000,9.720000,8.799273,67600
2018-06-18,9.760000,9.760000,9.700000,9.730000,8.808321,33800
2018-06-19,9.731000,9.770000,9.710000,9.770000,8.844533,26000
2018-06-20,9.730000,9.810000,9.730000,9.800000,8.871695,49100
2018-06-21,9.790000,9.880000,9.790000,9.830000,8.898853,53900
2018-06-22,9.880000,9.880000,9.790000,9.860000,8.926009,41900
2018-06-25,9.880000,9.880000,9.700000,9.700000,8.781165,57600
2018-06-26,9.700000,9.780000,9.700000,9.700000,8.781165,21700
2018-06-27,9.830000,9.830000,9.742000,9.770000,8.844533,50600
2018-06-28,9.790000,9.820000,9.720000,9.720000,8.799273,42600
2018-06-29,9.759000,9.770000,9.680000,9.680000,8.763060,44800
2018-07-02,9.740000,9.750000,9.680000,9.680000,8.763060,31400
2018-07-03,9.720000,9.760000,9.720000,9.750000,8.826427,7500
2018-07-05,9.750000,9.750000,9.630000,9.640000,8.726849,60000
2018-07-06,9.660000,9.720000,9.650000,9.710000,8.790216,42600
2018-07-09,9.680000,9.750000,9.680000,9.710000,8.790216,14700
2018-07-10,9.730000,9.730000,9.690000,9.720000,8.799273,23300
2018-07-11,9.720000,9.750000,9.660000,9.660000,8.787897,41000
2018-07-12,9.700000,9.750000,9.691000,9.750000,8.869773,15100
2018-07-13,9.700000,9.730000,9.690000,9.730000,8.851578,9700
2018-07-16,9.700000,9.750000,9.700000,9.750000,8.869773,20600
2018-07-17,9.730000,9.730000,9.670000,9.670000,8.796996,31900
2018-07-18,9.680000,9.690000,9.520000,9.520000,8.660539,221400
2018-07-19,9.570000,9.570000,9.540000,9.560000,8.696926,83700
2018-07-20,9.570000,9.580000,9.550000,9.564000,8.700568,32300
2018-07-23,9.550000,9.573000,9.520000,9.530000,8.669634,35500
2018-07-24,9.540000,9.570000,9.540000,9.550000,8.687828,37900
2018-07-25,9.590000,9.590000,9.538000,9.545000,8.683281,52700
2018-07-26,9.580000,9.580000,9.540000,9.550000,8.687828,42200
2018-07-27,9.570000,9.570000,9.540000,9.541000,8.679643,12500
2018-07-30,9.540000,9.570000,9.540000,9.570000,8.706022,24700
2018-07-31,9.545000,9.610000,9.540000,9.590000,8.724217,61700
2018-08-01,9.630000,9.630000,9.540000,9.540000,8.678735,97900
2018-08-02,9.570000,9.579000,9.534000,9.555000,8.692377,21500
2018-08-03,9.557000,9.570000,9.530000,9.550000,8.687828,10600
2018-08-06,9.556000,9.579000,9.550000,9.560000,8.696926,39900
2018-08-07,9.580000,9.580000,9.500000,9.500000,8.642343,86400
2018-08-08,9.500000,9.560000,9.500000,9.550000,8.687828,51200
2018-08-09,9.530000,9.570000,9.520000,9.550000,8.687828,67600
2018-08-10,9.550000,9.551000,9.500000,9.540000,8.722114,51900
2018-08-13,9.540000,9.551000,9.520000,9.550000,8.731256,35200
2018-08-14,9.544000,9.560000,9.530000,9.560000,8.740399,29200
2018-08-15,9.560000,9.650000,9.550000,9.640000,8.813541,71400
2018-08-16,9.600000,9.680000,9.600000,9.680000,8.850111,37200
2018-08-17,9.670000,9.710000,9.610000,9.650000,8.822686,67300
2018-08-20,9.710000,9.710000,9.640000,9.680000,8.850111,59600
2018-08-21,9.700000,9.700000,9.610000,9.650000,8.822686,40100
2018-08-22,9.690000,9.700000,9.650000,9.700000,8.868399,25900
2018-08-23,9.750000,9.750000,9.675000,9.730000,8.895827,46500
2018-08-24,9.731000,9.733000,9.670000,9.730000,8.895827,37000
2018-08-27,9.740000,9.740000,9.681000,9.740000,8.904968,47000
2018-08-28,9.739000,9.740000,9.670000,9.700000,8.868399,35900
2018-08-29,9.720000,9.734000,9.700000,9.734000,8.899481,30100
2018-08-30,9.720000,9.750000,9.670000,9.680000,8.850111,63700
2018-08-31,9.691000,9.740000,9.680000,9.700000,8.868399,34200
2018-09-04,9.716000,9.730000,9.645000,9.680000,8.850111,33300
2018-09-05,9.640000,9.730000,9.640000,9.650000,8.822686,39600
2018-09-06,9.650000,9.651000,9.600000,9.600000,8.776972,57700
2018-09-07,9.627000,9.660000,9.610000,9.660000,8.831826,16600
2018-09-10,9.660000,9.670000,9.620000,9.660000,8.831826,31600
2018-09-11,9.640000,9.690000,9.627000,9.650000,8.822686,42500
2018-09-12,9.699000,9.720000,9.699000,9.710000,8.877541,30500
2018-09-13,9.690000,9.700000,9.640000,9.661000,8.876163,18900
2018-09-14,9.690000,9.690000,9.590000,9.630000,8.847680,22700
2018-09-17,9.610000,9.650000,9.544000,9.600000,8.820116,72400
2018-09-18,9.620000,9.620000,9.560000,9.604000,8.823796,33400
2018-09-19,9.650000,9.660000,9.600000,9.660000,8.875242,40800
2018-09-20,9.680000,9.710000,9.666000,9.690000,8.902807,32500
2018-09-21,9.750000,9.750000,9.650000,9.720000,8.930371,44800
2018-09-24,9.684000,9.710000,9.600000,9.710000,8.921181,39100
2018-09-25,9.730000,9.730000,9.640000,9.650000,8.866054,63700
2018-09-26,9.560000,9.710000,9.560000,9.680000,8.893619,60300
2018-09-27,9.670000,9.710000,9.650000,9.700000,8.911994,45100
2018-09-28,9.671000,9.700000,9.650000,9.700000,8.911994,72200
2018-10-01,9.646000,9.690000,9.630000,9.640000,8.856869,29100
2018-10-02,9.640000,9.710000,9.640000,9.680000,8.893619,18000
2018-10-03,9.700000,9.700000,9.620000,9.620000,8.838492,15200
2018-10-04,9.659000,9.740000,9.600000,9.700000,8.911994,68800
2018-10-05,9.660000,9.690000,9.630000,9.690000,8.902807,36900
2018-10-08,9.710000,9.710000,9.650000,9.680000,8.893619,11000
2018-10-09,9.663000,9.740000,9.663000,9.740000,8.948745,11200
2018-10-10,9.650000,9.690000,9.600000,9.600000,8.863341,27300
2018-10-11,9.600000,9.730000,9.570000,9.600000,8.863341,32300
2018-10-12,9.630000,9.630000,9.550000,9.610000,8.872574,21600
2018-10-15,9.607000,9.690000,9.550000,9.550000,8.817177,31800
2018-10-16,9.540000,9.570000,9.510000,9.570000,8.835642,68000
2018-10-17,9.570000,9.600000,9.560000,9.600000,8.863341,32000
2018-10-18,9.600000,9.710000,9.587000,9.630000,8.891040,57500
2018-10-19,9.700000,9.730000,9.660000,9.695000,8.951052,26000
2018-10-22,9.740000,9.850000,9.700000,9.725000,8.978749,35900
2018-10-23,9.700000,9.740000,9.610000,9.720000,8.974135,35100
2018-10-24,9.730000,9.730000,9.640000,9.690000,8.946436,14600
2018-10-25,9.670000,9.740000,9.590000,9.610000,8.872574,32900
2018-10-26,9.600000,9.700000,9.570000,9.690000,8.946436,20800
2018-10-29,9.610000,9.730000,9.600000,9.720000,8.974135,20700
2018-10-30,9.720000,9.730000,9.590000,9.590000,8.854108,10000
2018-10-31,9.660000,9.750000,9.420000,9.420000,8.697154,95000
2018-11-01,9.460000,9.600000,9.460000,9.543000,8.810718,45900
2018-11-02,9.590000,9.590000,9.510000,9.547000,8.814409,18200
2018-11-05,9.610000,9.610000,9.500000,9.510000,8.780248,45200
2018-11-06,9.520000,9.570000,9.520000,9.570000,8.835642,28300
2018-11-07,9.568000,9.670000,9.568000,9.607000,8.869805,33600
2018-11-08,9.650000,9.660000,9.400000,9.520000,8.833155,120800
2018-11-09,9.510000,9.520000,9.470000,9.520000,8.833155,25100
2018-11-12,9.470000,9.510000,9.430000,9.450000,8.768205,52600
2018-11-13,9.484000,9.500000,9.450000,9.480000,8.796041,16900
2018-11-14,9.510000,9.510000,9.440000,9.480000,8.796041,23400
2018-11-15,9.470000,9.500000,9.419000,9.500000,8.814596,21500
2018-11-16,9.480000,9.480000,9.400000,9.450000,8.768205,24900
2018-11-19,9.460000,9.460000,9.390000,9.450000,8.768205,35200
2018-11-20,9.440000,9.440000,9.150000,9.160000,8.499129,99200
2018-11-21,9.160000,9.300000,9.160000,9.190000,8.526961,29400
2018-11-23,9.180000,9.270000,9.180000,9.270000,8.601192,14100
2018-11-26,9.220000,9.300000,9.220000,9.280000,8.610470,47300
2018-11-27,9.240000,9.277000,9.200000,9.271000,8.602119,78100
2018-11-28,9.280000,9.320000,9.230000,9.310000,8.638306,72800
2018-11-29,9.310000,9.350000,9.210000,9.220000,8.554797,105800
2018-11-30,9.220000,9.260000,9.210000,9.260000,8.591913,69500
2018-12-03,9.320000,9.360000,9.220000,9.350000,8.675421,67500
2018-12-04,9.300000,9.400000,9.290000,9.300000,8.629026,68000
2018-12-06,9.290000,9.590000,9.290000,9.400000,8.721813,156500
2018-12-07,9.450000,9.670000,9.350000,9.590000,8.898104,123400
2018-12-10,9.570000,9.570000,9.310000,9.320000,8.647584,70300
2018-12-11,9.520000,9.520000,9.350000,9.370000,8.693976,48400
2018-12-12,9.450000,9.450000,9.250000,9.250000,8.620354,64500
2018-12-13,9.220000,9.300000,9.200000,9.280000,8.648313,115000
2018-12-14,9.290000,9.370000,9.175000,9.230000,8.601717,78600
2018-12-17,9.160000,9.220000,8.990000,9.030000,8.415329,158500
2018-12-18,9.120000,9.200000,9.100000,9.160000,8.536482,108300
2018-12-19,9.320000,9.320000,9.030000,9.120000,8.499204,128500
2018-12-20,9.260000,9.460000,8.795000,8.910000,8.303498,169900
2018-12-21,9.120000,9.320000,8.920000,9.180000,8.555119,140900
2018-12-24,9.170000,9.260000,8.900000,9.100000,8.480566,61100
2018-12-26,9.220000,9.285000,9.170000,9.270000,8.638994,154900
2018-12-27,9.320000,9.320000,8.820000,8.950000,8.377828,419600
2018-12-28,9.010000,9.050000,8.830000,9.050000,8.471437,375700
2018-12-31,9.070000,9.070000,8.920000,8.920000,8.349748,453700
2019-01-02,8.930000,9.010000,8.910000,9.010000,8.433992,74000
2019-01-03,8.980000,9.040000,8.940000,9.030000,8.452715,72100
2019-01-04,9.040000,9.230000,9.040000,9.170000,8.583762,72200
2019-01-07,9.180000,9.320000,9.180000,9.280000,8.686733,50000
2019-01-08,9.320000,9.320000,9.230000,9.300000,8.705454,57800
2019-01-09,9.330000,9.350000,9.271000,9.300000,8.705454,85800
2019-01-10,9.330000,9.370000,9.280000,9.330000,8.733537,106900
2019-01-11,9.360000,9.362000,9.311000,9.350000,8.752258,58900
2019-01-14,9.390000,9.390000,9.290000,9.340000,8.742898,111600
2019-01-15,9.370000,9.370000,9.320000,9.360000,8.761619,46800
2019-01-16,9.380000,9.440000,9.340000,9.370000,8.770978,76800
2019-01-17,9.400000,9.400000,9.340000,9.340000,8.742898,46000
2019-01-18,9.330000,9.378000,9.310000,9.310000,8.714815,113700
2019-01-22,9.340000,9.350000,9.280000,9.290000,8.696094,62000
2019-01-23,9.300000,9.420000,9.289000,9.360000,8.761619,65200
2019-01-24,9.350000,9.410000,9.300000,9.340000,8.742898,55700
2019-01-25,9.400000,9.483000,9.360000,9.390000,8.789701,82400
2019-01-28,9.390000,9.660000,9.330000,9.510000,8.902029,89000
2019-01-29,9.490000,9.500000,9.420000,9.440000,8.836504,76100
2019-01-30,9.450000,9.530000,9.420000,9.505000,8.897348,86700
2019-01-31,9.530000,9.600000,9.500000,9.550000,8.939472,57500
2019-02-01,9.600000,9.630000,9.540000,9.540000,8.930111,76000
2019-02-04,9.560000,9.570000,9.520000,9.535000,8.925429,24000
2019-02-05,9.570000,9.570000,9.500000,9.550000,8.939472,84000
2019-02-06,9.570000,9.610000,9.540000,9.570000,8.958193,28500
2019-02-07,9.580000,9.625000,9.550000,9.550000,8.939472,62300
2019-02-08,9.550000,9.560000,9.480000,9.560000,8.987417,52300
2019-02-11,9.560000,9.590000,9.440000,9.450000,8.884005,67200
2019-02-12,9.480000,9.490000,9.430000,9.474000,8.906569,88500
2019-02-13,9.478000,9.550000,9.460000,9.520000,8.949813,26100
2019-02-14,9.520000,9.560000,9.501000,9.540000,8.968615,110300
2019-02-15,9.580000,9.630000,9.560000,9.630000,9.053225,46500
2019-02-19,9.630000,9.750000,9.591000,9.620000,9.043824,90100
2019-02-20,9.670000,9.740000,9.646000,9.690000,9.109631,89000
2019-02-21,9.690000,9.690000,9.580000,9.580000,9.006220,34800
2019-02-22,9.580000,9.740000,9.580000,9.740000,9.156636,44500
2019-02-25,9.740000,9.740000,9.620000,9.650000,9.072026,40900
2019-02-26,9.660000,9.710000,9.650000,9.710000,9.128434,71100
2019-02-27,9.670000,9.740000,9.660000,9.725000,9.142533,21100
2019-02-28,9.720000,9.806000,9.660000,9.790000,9.203643,89500
2019-03-01,9.800000,9.800000,9.730000,9.730000,9.147235,24900
2019-03-04,9.752000,9.752000,9.703000,9.710000,9.128434,17100
2019-03-05,9.700000,9.734000,9.650000,9.680000,9.100232,34400
2019-03-06,9.670000,9.681000,9.580000,9.650000,9.072026,62900
2019-03-07,9.700000,9.700000,9.630000,9.650000,9.072026,19200
2019-03-08,9.660000,9.720000,9.650000,9.680000,9.139059,24400
2019-03-11,9.715000,9.750000,9.650000,9.680000,9.139059,48400
2019-03-12,9.693000,9.693000,9.590000,9.660000,9.120175,50400
2019-03-13,9.700000,9.700000,9.650000,9.665000,9.124896,37800
2019-03-14,9.670000,9.680000,9.650000,9.650000,9.110735,22000
2019-03-15,9.630000,9.730000,9.630000,9.660000,9.120175,42800
2019-03-18,9.720000,9.770000,9.610000,9.740000,9.195706,56400
2019-03-19,9.770000,9.770000,9.460000,9.509000,8.977613,105800
2019-03-20,9.530000,9.620000,9.530000,9.570000,9.035207,93100
2019-03-21,9.620000,9.660000,9.600000,9.660000,9.120175,35900
2019-03-22,9.640000,9.640000,9.570000,9.610000,9.072970,27300
2019-03-25,9.620000,9.650000,9.581000,9.630000,9.091852,47700
2019-03-26,9.623000,9.750000,9.623000,9.670000,9.129617,44700
2019-03-27,9.660000,9.719000,9.560000,9.570000,9.035207,49600
2019-03-28,9.580000,9.650000,9.580000,9.630000,9.091852,24800
2019-03-29,9.650000,9.780000,9.640000,9.720000,9.176824,30000
2019-04-01,9.718000,9.850000,9.718000,9.770000,9.224031,46400
2019-04-02,9.740000,9.890000,9.610000,9.670000,9.129617,115700
2019-04-03,9.680000,9.720000,9.660000,9.720000,9.176824,35400
2019-04-04,9.730000,9.800000,9.710000,9.770000,9.224031,84200
2019-04-05,9.750000,9.800000,9.750000,9.770000,9.224031,38600
2019-04-08,9.730000,9.800000,9.730000,9.770000,9.224031,46500
2019-04-09,9.800000,9.810000,9.740000,9.790000,9.242910,78300
2019-04-10,9.810000,9.940000,9.788000,9.840000,9.329187,78100
2019-04-11,9.806000,9.835000,9.760000,9.835000,9.324448,47300
2019-04-12,9.850000,9.850000,9.800000,9.825000,9.314968,31300
2019-04-15,9.780000,9.890000,9.730000,9.860000,9.348149,42200
2019-04-16,9.850000,9.870000,9.720000,9.720000,9.215417,42800
2019-04-17,9.800000,9.800000,9.660000,9.720000,9.215417,60200
2019-04-18,9.770000,9.770000,9.600000,9.690000,9.186975,94700
2019-04-22,9.640000,9.720000,9.640000,9.690000,9.186975,39400
2019-04-23,9.700000,9.720000,9.680000,9.710000,9.205936,52400
2019-04-24,9.720000,9.730000,9.650000,9.710000,9.205936,71100
2019-04-25,9.720000,9.730000,9.670000,9.690000,9.186975,44700
2019-04-26,9.640000,9.790000,9.640000,9.750000,9.243860,70600
2019-04-29,9.730000,9.820000,9.710000,9.810000,9.300744,35900
2019-04-30,9.790000,9.870000,9.790000,9.860000,9.348149,38700
2019-05-01,9.850000,9.870000,9.840000,9.860000,9.348149,54500
2019-05-02,9.803000,9.950000,9.803000,9.950000,9.433478,29600
2019-05-03,9.950000,9.950000,9.866000,9.900000,9.386073,44300
2019-05-06,9.910000,9.950000,9.844000,9.950000,9.433478,26700
2019-05-07,9.900000,9.909000,9.830000,9.830000,9.319706,17500
2019-05-08,9.830000,9.900000,9.830000,9.860000,9.348149,28500
2019-05-09,9.930000,9.930000,9.830000,9.851000,9.339617,13900
2019-05-10,9.850000,9.900000,9.730000,9.760000,9.292013,28700
2019-05-13,9.730000,9.780000,9.699000,9.710000,9.244411,42200
2019-05-14,9.740000,9.790000,9.710000,9.750000,9.282494,45800
2019-05-15,9.780000,9.849000,9.740000,9.800000,9.330097,16800
2019-05-16,9.850000,9.850000,9.780000,9.790000,9.320577,20500
2019-05-17,9.800000,9.810000,9.745000,9.790000,9.320577,34000
2019-05-20,9.820000,9.820000,9.740000,9.800000,9.330097,28600
2019-05-21,9.810000,9.900000,9.770000,9.770000,9.301536,39100
2019-05-22,9.760000,10.060000,9.710000,10.060000,9.577629,227700
2019-05-23,10.000000,10.000000,9.860000,9.920000,9.444344,85100
2019-05-24,9.870000,9.900000,9.810000,9.860000,9.387218,39100
2019-05-28,9.903000,9.910000,9.830000,9.840000,9.368178,22200
2019-05-29,9.810000,9.933000,9.810000,9.870000,9.396740,21000
2019-05-30,9.870000,9.870000,9.800000,9.830000,9.358658,24100
2019-05-31,9.804000,9.870000,9.790000,9.840000,9.368178,31500
2019-06-03,9.820000,9.870000,9.810000,9.820000,9.349135,18100
2019-06-04,9.860000,9.860000,9.790000,9.800000,9.330097,55900
2019-06-05,9.850000,9.850000,9.800000,9.840000,9.368178,19300
2019-06-06,9.850000,9.850000,9.760000,9.770000,9.301536,61800
2019-06-07,9.770000,9.850000,9.770000,9.830000,9.358658,45100
2019-06-10,9.830000,9.850000,9.810000,9.810000,9.339617,18500
2019-06-11,9.840000,9.850000,9.790000,9.800000,9.330097,47600
2019-06-12,9.790000,9.811000,9.710000,9.750000,9.321491,73300
2019-06-13,9.769000,9.790000,9.730000,9.780000,9.350173,60500
2019-06-14,9.810000,9.810000,9.752000,9.800000,9.369295,31000
2019-06-17,9.810000,9.850000,9.790000,9.800000,9.369295,38300
2019-06-18,9.800000,9.960000,9.790000,9.860000,9.426656,148600
2019-06-19,9.850000,9.860000,9.810000,9.840000,9.407537,40800
2019-06-20,9.850000,9.900000,9.820000,9.870000,9.436217,54100
2019-06-21,9.870000,9.990000,9.850000,9.980000,9.541380,46400
2019-06-24,9.920000,9.990000,9.830000,9.970000,9.531822,61600
2019-06-25,9.940000,10.050000,9.860000,10.010000,9.570065,138000
2019-06-26,9.970000,10.020000,9.950000,9.990000,9.550943,97700
2019-06-27,9.990000,10.000000,9.951000,10.000000,9.560504,48800
2019-06-28,9.990000,10.140000,9.950000,10.070000,9.627427,277100
2019-07-01,10.060000,10.140000,9.960000,10.070000,9.627427,115400
2019-07-02,10.050000,10.120000,9.890000,10.100000,9.656110,140700
2019-07-03,10.010000,10.110000,9.960000,10.050000,9.608307,62800
2019-07-05,10.000000,10.110000,9.970000,10.100000,9.656110,165100
2019-07-08,10.040000,10.170000,9.990000,10.090000,9.646549,261300
2019-07-09,10.090000,10.160000,10.030000,10.130000,9.684792,296300
2019-07-10,10.100000,10.180000,10.070000,10.130000,9.720295,119500
2019-07-11,10.110000,10.160000,10.020000,10.040000,9.633935,85100
2019-07-12,10.030000,10.040000,9.880000,9.900000,9.499596,116600
2019-07-15,9.916000,9.940000,9.855000,9.860000,9.461214,52900
2019-07-16,9.880000,9.930000,9.810000,9.870000,9.470809,123100
2019-07-17,9.870000,9.900000,9.840000,9.870000,9.470809,74400
2019-07-18,9.900000,9.911000,9.830000,9.860000,9.461214,76300
2019-07-19,9.850000,9.900000,9.850000,9.860000,9.461214,42800
2019-07-22,9.860000,9.870000,9.820000,9.820000,9.422832,30200
2019-07-23,9.820000,9.880000,9.820000,9.850000,9.451620,65000
2019-07-24,9.860000,9.880000,9.850000,9.870000,9.470809,29500
2019-07-25,9.850000,9.900000,9.850000,9.880000,9.480406,76300
2019-07-26,9.890000,9.920000,9.860000,9.880000,9.480406,45600
2019-07-29,9.870000,9.900000,9.850000,9.860000,9.461214,35300
2019-07-30,9.870000,9.900000,9.870000,9.890000,9.490001,15500
2019-07-31,9.910000,9.980000,9.880000,9.910000,9.509192,26400
2019-08-01,9.910000,9.920000,9.820000,9.850000,9.451620,76400
2019-08-02,9.810000,9.850000,9.800000,9.840000,9.442024,45400
2019-08-05,9.800000,9.845000,9.790000,9.815000,9.418034,70700
2019-08-06,9.820000,9.840000,9.790000,9.810000,9.413237,36900
2019-08-07,9.790000,9.890000,9.760000,9.840000,9.442024,45200
2019-08-08,9.830000,9.875000,9.830000,9.830000,9.432428,42000
2019-08-09,9.800000,9.890000,9.800000,9.840000,9.477698,16700
2019-08-12,9.850000,9.970000,9.850000,9.890000,9.525855,29800
2019-08-13,9.850000,9.900000,9.850000,9.880000,9.516225,30000
2019-08-14,9.850000,9.920000,9.810000,9.810000,9.448803,30800
2019-08-15,9.831000,9.900000,9.822000,9.840000,9.477698,25700
2019-08-16,9.855000,9.890000,9.855000,9.880000,9.516225,20800
2019-08-19,9.870000,9.890000,9.820000,9.840000,9.477698,34500
2019-08-20,9.840000,9.920000,9.820000,9.900000,9.535487,64300
2019-08-21,9.890000,10.000000,9.840000,10.000000,9.631807,50100
2019-08-22,9.990000,10.040000,9.966000,10.030000,9.660700,24200
2019-08-23,10.035000,10.035000,9.960000,10.000000,9.631807,22000
2019-08-26,9.980000,10.000000,9.850000,9.910000,9.545120,49100
2019-08-27,9.920000,9.920000,9.830000,9.870000,9.506592,48700
2019-08-28,9.850000,9.880000,9.830000,9.870000,9.506592,37400
2019-08-29,9.850000,9.910000,9.850000,9.900000,9.535487,96100
2019-08-30,9.910000,9.930000,9.840000,9.870000,9.506592,48000
2019-09-03,9.890000,9.890000,9.850000,9.890000,9.525855,31400
2019-09-04,9.896000,9.950000,9.888000,9.950000,9.583648,64400
2019-09-05,9.960000,10.050000,9.944000,10.040000,9.670334,37700
2019-09-06,10.070000,10.130000,9.946000,10.120000,9.747387,72700
2019-09-09,10.120000,10.122000,10.000000,10.020000,9.651072,37600
2019-09-10,10.000000,10.060000,9.980000,10.060000,9.689595,25800
2019-09-11,10.080000,10.085000,9.940000,9.950000,9.583648,83900
2019-09-12,9.980000,9.980000,9.830000,9.850000,9.522741,80500
2019-09-13,9.850000,9.860000,9.810000,9.840000,9.513073,55700
2019-09-16,9.840000,9.870000,9.810000,9.850000,9.522741,36700
2019-09-17,9.850000,9.900000,9.840000,9.850000,9.522741,36500
2019-09-18,9.840000,9.900000,9.840000,9.870000,9.542074,43500
2019-09-19,9.890000,9.900000,9.855000,9.870000,9.542074,32000
2019-09-20,9.900000,9.950000,9.860000,9.910000,9.580747,42000
2019-09-23,9.938000,9.979000,9.890000,9.890000,9.561412,28800
2019-09-24,10.000000,10.000000,9.890000,9.910000,9.580747,39900
2019-09-25,10.020000,10.020000,9.930000,9.950000,9.619418,33300
2019-09-26,10.010000,10.010000,9.960000,10.010000,9.677425,31800
2019-09-27,10.040000,10.040000,9.970000,9.990000,9.658089,50600
2019-09-30,10.010000,10.040000,9.980000,9.980000,9.648419,44100
2019-10-01,10.000000,10.040000,9.930000,9.940000,9.609750,51000
2019-10-02,9.980000,10.020000,9.880000,9.890000,9.561412,49900
2019-10-03,9.914000,9.990000,9.900000,9.960000,9.629085,31600
2019-10-04,9.970000,10.040000,9.950000,9.970000,9.638755,27500
2019-10-07,9.980000,10.020000,9.900000,10.020000,9.687092,35800
2019-10-08,9.990000,10.090000,9.943000,10.050000,9.716096,36800
2019-10-09,10.010000,10.070000,9.985000,10.030000,9.696759,16700
2019-10-10,9.960000,9.987000,9.870000,9.890000,9.596813,29000
2019-10-11,10.060000,10.060000,9.850000,9.915000,9.621073,77600
2019-10-14,10.000000,10.000000,9.890000,9.920000,9.625925,33600
2019-10-15,9.910000,9.930000,9.890000,9.920000,9.625925,16200
2019-10-16,9.950000,9.950000,9.880000,9.910000,9.616220,61300
2019-10-17,9.970000,9.970000,9.890000,9.930000,9.635629,69800
2019-10-18,10.030000,10.030000,9.910000,9.960000,9.664738,48700
2019-10-21,9.990000,10.070000,9.920000,10.070000,9.771478,61900
2019-10-22,10.100000,10.100000,9.980000,10.080000,9.781180,70600
2019-10-23,10.050000,10.170000,10.010000,10.030000,9.732662,94000
2019-10-24,10.030000,10.045000,9.980000,10.030000,9.732662,39800
2019-10-25,10.080000,10.080000,9.980000,10.000000,9.703553,35600
2019-10-28,10.000000,10.020000,9.920000,10.020000,9.722960,51100
2019-10-29,10.000000,10.040000,9.950000,10.000000,9.703553,32800
2019-10-30,10.000000,10.030000,9.980000,10.030000,9.732662,34100
2019-10-31,10.000000,10.080000,9.960000,10.070000,9.771478,40200
2019-11-01,10.100000,10.100000,10.000000,10.061000,9.762743,46700
2019-11-04,10.020000,10.080000,9.930000,10.010000,9.713257,70400
2019-11-05,10.000000,10.020000,9.960000,9.990000,9.693848,26400
2019-11-06,9.960000,9.980000,9.950000,9.970000,9.674443,23200
2019-11-07,9.950000,10.070000,9.950000,10.070000,9.771478,59300
2019-11-08,10.100000,10.100000,9.970000,10.010000,9.749077,36700
2019-11-11,10.120000,10.120000,10.000000,10.010000,9.749077,58400
2019-11-12,10.120000,10.120000,9.990000,10.010000,9.749077,68300
2019-11-13,10.120000,10.200000,10.039000,10.140000,9.875688,72300
2019-11-14,10.092000,10.140000,10.000000,10.025000,9.763687,26800
2019-11-15,10.070000,10.070000,9.980000,9.990000,9.729598,24400
2019-11-18,9.970000,10.040000,9.970000,10.040000,9.778295,47900
2019-11-19,10.110000,10.180000,10.040000,10.090000,9.826992,81800
2019-11-20,10.080000,10.150000,10.000000,10.010000,9.749077,62800
2019-11-21,10.100000,10.116000,10.010000,10.060000,9.797773,42500
2019-11-22,10.030000,10.070000,10.010000,10.047000,9.785113,35600
2019-11-25,10.080000,10.080000,9.980000,9.980000,9.719856,67700
2019-11-26,10.000000,10.110000,9.970000,10.050000,9.788034,59500
2019-11-27,10.100000,10.130000,10.010000,10.110000,9.846470,36000
2019-11-29,10.060000,10.060000,10.030000,10.030000,9.768554,7300
2019-12-02,10.050000,10.050000,10.000000,10.010000,9.749077,23700
2019-12-03,10.000000,10.030000,9.960000,10.000000,9.739339,50000
2019-12-04,9.990000,10.060000,9.960000,10.050000,9.788034,82900
2019-12-05,10.050000,10.060000,9.960000,9.990000,9.729598,51500
2019-12-06,9.980000,10.020000,9.980000,10.010000,9.749077,30800
2019-12-09,10.010000,10.090000,9.990000,10.034000,9.772452,46100
2019-12-10,10.070000,10.110000,10.020000,10.110000,9.846470,45300
2019-12-11,10.070000,10.091000,9.990000,10.010000,9.784887,29000
2019-12-12,10.020000,10.030000,9.990000,10.020000,9.794662,40100
2019-12-13,10.030000,10.100000,10.000000,10.055000,9.828876,31300
2019-12-16,10.100000,10.100000,10.011000,10.100000,9.872863,36100
2019-12-17,10.120000,10.150000,10.000000,10.050000,9.823988,64600
2019-12-18,10.150000,10.150000,10.020000,10.070000,9.843536,62000
2019-12-19,10.060000,10.200000,10.030000,10.200000,9.970614,70100
2019-12-20,10.150000,10.291000,10.060000,10.180000,9.951064,153000
2019-12-23,10.110000,10.123000,10.030000,10.050000,9.823988,71900
2019-12-24,10.030000,10.050000,10.010000,10.020000,9.794662,21700
2019-12-26,10.030000,10.030000,9.995000,10.020000,9.794662,30100
2019-12-27,10.010000,10.020000,9.950000,10.010000,9.784887,34100
2019-12-30,9.990000,10.180000,9.960000,10.170000,9.941289,179200
2019-12-31,10.120000,10.120000,10.050000,10.070000,9.843536,18800
2020-01-02,10.040000,10.080000,10.030000,10.050000,9.823988,14800
2020-01-03,10.045000,10.100000,10.000000,10.040000,9.814213,36600
2020-01-06,10.120000,10.170000,10.040000,10.080000,9.853312,80400
2020-01-07,10.070000,10.140000,10.030000,10.120000,9.892412,46600
2020-01-08,10.120000,10.120000,10.040000,10.060000,9.833763,94200
2020-01-09,10.080000,10.180000,10.053000,10.140000,9.911963,46400
2020-01-10,10.080000,10.090000,10.010000,10.040000,9.850156,55700
2020-01-13,10.030000,10.060000,10.020000,10.050000,9.859966,42900
2020-01-14,10.030000,10.060000,10.030000,10.040000,9.850156,47100
2020-01-15,10.042000,10.120000,10.040000,10.085000,9.894303,61800
2020-01-16,10.110000,10.150000,10.040000,10.060000,9.869777,86300
2020-01-17,10.060000,10.080000,10.020000,10.080000,9.889398,102400
2020-01-21,10.080000,10.080000,10.030000,10.070000,9.879587,44100
2020-01-22,10.070000,10.070000,10.040000,10.050000,9.859966,59300
2020-01-23,10.050000,10.070000,10.020000,10.060000,9.869777,57700
2020-01-24,10.050000,10.070000,10.040000,10.060000,9.869777,20500
2020-01-27,10.040000,10.100000,10.012000,10.100000,9.909020,42800
2020-01-28,10.050000,10.100000,10.031000,10.090000,9.899209,53100
2020-01-29,10.060000,10.100000,10.050000,10.080000,9.889398,28300
2020-01-30,10.100000,10.120000,10.055000,10.110000,9.918831,68600
2020-01-31,10.100000,10.110000,10.040000,10.050000,9.859966,38000
2020-02-03,10.050000,10.090000,10.050000,10.090000,9.899209,35200
2020-02-04,10.070000,10.110000,10.040000,10.110000,9.918831,48200
2020-02-05,10.119000,10.120000,10.080000,10.090000,9.899209,42600
2020-02-06,10.070000,10.090000,10.030000,10.040000,9.850156,76500
2020-02-07,10.050000,10.050000,10.010000,10.040000,9.850156,69000
2020-02-10,10.070000,10.070000,10.030000,10.060000,9.869777,33700
2020-02-11,10.060000,10.063000,10.030000,10.035000,9.845248,97900
2020-02-12,9.980000,10.025000,9.980000,10.020000,9.860010,116400
2020-02-13,10.000000,10.030000,9.980000,10.020000,9.860010,114700
2020-02-14,9.990000,10.020000,9.990000,10.020000,9.860010,82400
2020-02-18,10.010000,10.020000,10.010000,10.020000,9.860010,52700
2020-02-19,10.010000,10.060000,10.010000,10.060000,9.899371,99600
2020-02-20,10.020000,10.050000,10.000000,10.030000,9.869850,117400
2020-02-21,10.010000,10.025000,9.990000,9.990000,9.830488,106000
2020-02-24,9.970000,10.000000,9.940000,9.960000,9.800967,145500
2020-02-25,9.960000,9.960000,9.910000,9.920000,9.761606,58500
2020-02-26,9.910000,9.965000,9.890000,9.900000,9.741925,41000
2020-02-27,9.880000,9.880000,9.760000,9.780000,9.623841,137300
2020-02-28,9.550000,9.710000,9.550000,9.660000,9.505757,132000
2020-03-02,9.630000,9.810000,9.610000,9.680000,9.525438,77000
2020-03-03,9.690000,9.767000,9.670000,9.738000,9.582512,83200
2020-03-04,9.760000,9.880000,9.760000,9.880000,9.722245,78500
2020-03-05,9.790000,9.890000,9.760000,9.760000,9.604161,72500
2020-03-06,9.620000,9.760000,9.620000,9.750000,9.594320,53200
2020-03-09,9.400000,9.485000,9.310000,9.370000,9.220388,117600
2020-03-10,9.450000,9.700000,9.400000,9.460000,9.308950,71300
2020-03-11,9.320000,9.545000,9.320000,9.320000,9.200363,54600
2020-03-12,9.100000,9.100000,8.760000,8.960000,8.844985,187300
2020-03-13,9.020000,9.270000,9.020000,9.140000,9.022675,71500
2020-03-16,8.870000,8.950000,8.430000,8.610000,8.499477,70000
2020-03-17,8.550000,8.849000,8.510000,8.640000,8.529093,160100
2020-03-18,8.440000,8.480000,6.660000,7.650000,7.551801,256900
2020-03-19,7.670000,8.170000,7.538000,7.990000,7.887435,122700
2020-03-20,8.060000,8.290000,8.030000,8.050000,7.946666,138200
2020-03-23,8.010000,8.040000,7.485000,7.950000,7.847949,215800
2020-03-24,8.050000,8.440000,8.050000,8.330000,8.223072,90700
2020-03-25,8.250000,8.690000,8.111000,8.550000,8.440248,96000
2020-03-26,8.480000,8.780000,8.480000,8.770000,8.657424,121300
2020-03-27,8.570000,8.730000,8.487000,8.600000,8.489606,45200
2020-03-30,8.530000,8.730000,8.530000,8.620000,8.509349,32900
2020-03-31,8.550000,8.920000,8.550000,8.810000,8.696911,72400
2020-04-01,8.700000,8.780000,8.550000,8.580000,8.469863,82000
2020-04-02,8.610000,8.820000,8.150000,8.650000,8.538963,44200
2020-04-03,8.700000,8.790000,8.520000,8.610000,8.499477,54100
2020-04-06,8.610000,8.940000,8.610000,8.800000,8.687037,51000
2020-04-07,8.810000,9.030000,8.790000,8.800000,8.687037,78500
2020-04-08,8.780000,9.060000,8.780000,8.955000,8.840049,76400
2020-04-09,8.950000,9.540000,8.950000,9.310000,9.221385,170200
2020-04-13,9.200000,9.200000,9.000000,9.090000,9.003478,69400
2020-04-14,9.120000,9.240000,9.030000,9.110000,9.023288,58700
2020-04-15,9.150000,9.151000,8.942000,9.060000,8.973763,41600
2020-04-16,9.140000,9.180000,8.960000,9.170000,9.082717,48600
2020-04-17,9.130000,9.250000,9.084000,9.220000,9.132241,23700
2020-04-20,9.280000,9.280000,9.027000,9.060000,8.973763,47900
2020-04-21,9.032000,9.068000,8.850000,8.900000,8.815287,79000
2020-04-22,9.000000,9.160000,8.930000,9.150000,9.062906,33000
2020-04-23,9.090000,9.290000,9.090000,9.180000,9.092622,57800
2020-04-24,9.170000,9.180000,9.088000,9.110000,9.023288,21900
2020-04-27,9.070000,9.260000,9.070000,9.220000,9.132241,31400
2020-04-28,9.370000,9.370000,9.135000,9.210000,9.122336,32800
2020-04-29,9.147000,9.240000,9.100000,9.120000,9.033193,54700
2020-04-30,9.130000,9.161000,8.945000,9.130000,9.043097,113900
2020-05-01,9.180000,9.180000,8.920000,8.940000,8.854906,27100
2020-05-04,9.000000,9.000000,8.910000,8.980000,8.894525,110500
2020-05-05,9.020000,9.130000,8.980000,9.020000,8.934145,134300
2020-05-06,9.000000,9.130000,9.000000,9.130000,9.043097,55300
2020-05-07,9.140000,9.280000,9.110000,9.215000,9.127289,14100
2020-05-08,9.180000,9.250000,9.180000,9.250000,9.191879,17200
2020-05-11,9.300000,9.300000,9.140000,9.230000,9.172006,24700
2020-05-12,9.260000,9.330000,9.150000,9.280000,9.221690,31700
2020-05-13,9.238000,9.240000,9.090000,9.220000,9.162068,26700
2020-05-14,9.100000,9.190000,9.070000,9.120000,9.062696,30900
2020-05-15,9.090000,9.140000,9.080000,9.120000,9.062696,27800
2020-05-18,9.350000,9.350000,9.130000,9.140000,9.082572,37000
2020-05-19,9.185000,9.230000,9.170000,9.200000,9.142194,29100
2020-05-20,9.200000,9.291000,9.200000,9.280000,9.221690,47200
2020-05-21,9.210000,9.430000,9.210000,9.320000,9.261440,24800
2020-05-22,9.270000,9.320000,9.263000,9.320000,9.261440,39400
2020-05-26,9.340000,9.500000,9.330000,9.480000,9.420434,53900
2020-05-27,9.400000,9.440000,9.300000,9.405000,9.345905,55800
2020-05-28,9.370000,9.472000,9.370000,9.410000,9.350875,41200
2020-05-29,9.430000,9.490000,9.360000,9.480000,9.420434,33600
2020-06-01,9.420000,9.500000,9.420000,9.500000,9.440310,43300
2020-06-02,9.500000,9.500000,9.400000,9.500000,9.440310,40400
2020-06-03,9.500000,9.610000,9.462000,9.590000,9.529744,23400
2020-06-04,9.572000,9.720000,9.572000,9.680000,9.619179,59100
2020-06-05,9.630000,9.690000,9.600000,9.610000,9.549617,40900
2020-06-08,9.700000,9.700000,9.560000,9.610000,9.549617,20000
2020-06-09,9.631000,9.689000,9.610000,9.630000,9.569492,6400
2020-06-10,9.570000,9.690000,9.550000,9.670000,9.639270,28200
2020-06-11,9.670000,9.670000,9.440000,9.450000,9.419969,41900
2020-06-12,9.460000,9.470000,9.370000,9.470000,9.439905,23300
2020-06-15,9.216000,9.520000,9.150000,9.465000,9.434921,29600
2020-06-16,9.740000,9.740000,9.230000,9.330000,9.300350,37200
2020-06-17,9.330000,9.510000,9.330000,9.490000,9.459841,51100
2020-06-18,9.570000,9.590000,9.360000,9.530000,9.499714,29400
2020-06-19,9.501000,9.560000,9.410000,9.410000,9.380095,24100
2020-06-22,9.480000,9.480000,9.380000,9.410000,9.380095,52100
2020-06-23,9.410000,9.640000,9.400000,9.630000,9.599397,45100
2020-06-24,9.630000,9.630000,9.545000,9.610000,9.579459,62000
2020-06-25,9.620000,9.620000,9.350000,9.525000,9.494730,95100
2020-06-26,9.420000,9.550000,9.400000,9.510000,9.479778,40000
2020-06-29,9.520000,9.590000,9.370000,9.440000,9.410000,29600
2020-06-30,9.450000,9.640000,9.450000,9.470000,9.439905,63000
2020-07-01,9.480000,9.620000,9.480000,9.530000,9.499714,16600
2020-07-02,9.530000,9.603000,9.440000,9.500000,9.469810,71500
2020-07-06,9.540000,9.563000,9.390000,9.430000,9.400032,95500
2020-07-07,9.470000,9.500000,9.440000,9.490000,9.459841,46100
2020-07-08,9.440000,9.520000,9.440000,9.520000,9.489746,29400
2020-07-09,9.500000,9.550000,9.400000,9.440000,9.410000,40200
2020-07-10,9.420000,9.552000,9.410000,9.552000,9.552000,37400
2020-07-13,9.590000,9.590000,9.447000,9.500000,9.500000,30500
2020-07-14,9.500000,9.580000,9.310000,9.430000,9.430000,150900
2020-07-15,9.419000,9.450000,9.370000,9.440000,9.440000,106700
2020-07-16,9.440000,9.440000,9.320000,9.330000,9.330000,109200
2020-07-17,9.350000,9.510000,9.350000,9.510000,9.510000,158900
2020-07-20,9.540000,9.620000,9.450000,9.490000,9.490000,120600
2020-07-21,9.490000,9.580000,9.490000,9.490000,9.490000,63300
2020-07-22,9.460000,9.540000,9.460000,9.540000,9.540000,15200
2020-07-23,9.510000,9.550000,9.500000,9.550000,9.550000,16800