Date,Open,High,Low,Close,Adj Close,Volume
2016-04-21,6.460000,6.610000,6.000000,6.550000,5.207456,58800
2016-04-22,6.590000,6.810000,6.550000,6.700000,5.326710,35800
2016-04-25,6.660000,6.660000,6.320000,6.480000,5.151803,35400
2016-04-26,6.410000,6.450000,6.250000,6.340000,5.040499,21000
2016-04-27,6.660000,6.660000,5.700000,6.180000,4.913294,453200
2016-04-28,6.140000,6.260000,5.910000,6.110000,4.857642,239900
2016-04-29,6.000000,6.470000,5.930000,6.370000,5.064350,1304800
2016-05-02,6.280000,6.290000,6.040000,6.140000,4.881493,378300
2016-05-03,6.120000,6.250000,6.030000,6.200000,4.929195,441200
2016-05-04,6.100000,6.150000,5.830000,6.040000,4.801990,3040600
2016-05-05,6.010000,6.160000,5.980000,6.020000,4.786089,1465300
2016-05-06,6.020000,6.170000,5.950000,5.960000,4.738388,395500
2016-05-09,5.850000,6.020000,5.810000,5.900000,4.690686,457600
2016-05-10,5.900000,5.980000,5.875000,5.900000,4.690686,808800
2016-05-11,5.880000,6.040000,5.825000,5.930000,4.714537,435300
2016-05-12,5.950000,6.040000,5.900000,5.920000,4.706586,145400
2016-05-13,5.730000,5.890000,5.600000,5.650000,4.609218,241300
2016-05-16,5.550000,5.780000,5.330000,5.550000,4.527639,1045300
2016-05-17,5.380000,5.660000,5.330000,5.630000,4.592902,656600
2016-05-18,5.690000,5.750000,5.450000,5.450000,4.446060,456700
2016-05-19,5.320000,5.500000,5.320000,5.450000,4.446060,411500
2016-05-20,5.390000,5.535000,5.360000,5.420000,4.421586,288200
2016-05-23,5.480000,5.480000,5.250000,5.310000,4.331849,553600
2016-05-24,5.220000,5.570000,5.220000,5.360000,4.372639,1109400
2016-05-25,5.340000,5.670000,5.340000,5.570000,4.543955,648500
2016-05-26,5.570000,5.600000,5.510000,5.550000,4.527639,951300
2016-05-27,5.550000,5.570000,5.510000,5.560000,4.535797,498500
2016-05-31,5.520000,5.730000,5.450000,5.680000,4.633692,1854900
2016-06-01,5.660000,5.730000,5.560000,5.730000,4.674482,906900
2016-06-02,5.740000,5.740000,5.640000,5.680000,4.633692,950000
2016-06-03,5.670000,5.760000,5.620000,5.740000,4.682639,1410900
2016-06-06,5.720000,5.790000,5.670000,5.730000,4.674482,388300
2016-06-07,5.650000,5.790000,5.600000,5.750000,4.690797,490700
2016-06-08,5.800000,5.820000,5.730000,5.790000,4.723429,445900
2016-06-09,5.710000,5.780000,5.600000,5.670000,4.625534,897200
2016-06-10,5.660000,5.670000,5.520000,5.530000,4.511323,443500
2016-06-13,5.500000,5.500000,5.390000,5.470000,4.462376,664400
2016-06-14,5.420000,5.470000,5.320000,5.380000,4.388955,698000
2016-06-15,5.350000,5.470000,5.350000,5.450000,4.446060,250200
2016-06-16,5.380000,5.480000,5.240000,5.460000,4.454217,552200
2016-06-17,5.390000,5.610000,5.390000,5.590000,4.560270,394000
2016-06-20,5.550000,5.715000,5.550000,5.680000,4.633692,268900
2016-06-21,5.600000,5.710000,5.560000,5.600000,4.568429,357600
2016-06-22,5.580000,5.720000,5.550000,5.640000,4.601060,378500
2016-06-23,5.740000,5.890000,5.600000,5.740000,4.682639,264100
2016-06-24,5.570000,5.685000,5.500000,5.650000,4.609218,236600
2016-06-27,5.590000,5.590000,5.290000,5.510000,4.495008,489200
2016-06-28,5.550000,5.800000,5.540000,5.750000,4.690797,280400
2016-06-29,5.690000,5.841000,5.670000,5.770000,4.707113,319800
2016-06-30,5.700000,5.880000,5.650000,5.830000,4.756061,190200
2016-07-01,5.800000,5.890000,5.630000,5.750000,4.690797,154200
2016-07-05,5.700000,5.770000,5.620000,5.740000,4.682639,118900
2016-07-06,5.660000,5.840000,5.640000,5.820000,4.747902,309100
2016-07-07,5.720000,5.800000,5.640000,5.710000,4.658165,97900
2016-07-08,5.770000,5.800000,5.610000,5.630000,4.592902,9595100
2016-07-11,5.670000,5.830000,5.620000,5.740000,4.682639,210100
2016-07-12,5.750000,5.840000,5.735000,5.760000,4.698955,355800
2016-07-13,5.700000,5.860000,5.660000,5.780000,4.715272,362000
2016-07-14,5.760000,5.905000,5.590000,5.790000,4.723429,325800
2016-07-15,5.730000,5.870000,5.730000,5.790000,4.723429,1329200
2016-07-18,5.730000,5.940000,5.690000,5.920000,4.829482,153900
2016-07-19,5.890000,5.970000,5.800000,5.860000,4.780534,658200
2016-07-20,5.780000,5.910000,5.750000,5.780000,4.715272,1151600
2016-07-21,5.840000,5.900000,5.780000,5.820000,4.747902,446400
2016-07-22,5.770000,5.920000,5.700000,5.850000,4.772376,404600
2016-07-25,5.920000,5.920000,5.750000,5.810000,4.739744,405000
2016-07-26,5.800000,5.820000,5.690000,5.760000,4.698955,290900
2016-07-27,5.720000,5.760000,5.630000,5.700000,4.650008,409400
2016-07-28,5.720000,5.750000,5.600000,5.730000,4.674482,471600
2016-07-29,5.670000,5.800000,5.660000,5.740000,4.682639,323200
2016-08-01,5.720000,5.780000,5.660000,5.730000,4.674482,432900
2016-08-02,5.650000,5.770000,5.650000,5.750000,4.690797,172200
2016-08-03,5.720000,5.890000,5.710000,5.870000,4.788692,142900
2016-08-04,5.850000,5.910000,5.810000,5.880000,4.796850,127000
2016-08-05,5.860000,5.920000,5.850000,5.910000,4.821323,585400
2016-08-08,5.910000,6.080000,5.850000,5.990000,4.886586,1112800
2016-08-09,6.030000,6.030000,5.920000,5.960000,4.862113,269800
2016-08-10,6.000000,6.000000,5.910000,5.950000,4.853955,329600
2016-08-11,5.970000,6.030000,5.910000,5.960000,4.862113,123900
2016-08-12,6.000000,6.054000,5.820000,5.850000,4.772376,298000
2016-08-15,5.880000,5.900000,5.640000,5.700000,4.650008,716000
2016-08-16,5.730000,5.810000,5.510000,5.530000,4.511323,955100
2016-08-17,5.530000,5.530000,5.270000,5.270000,4.299218,917600
2016-08-18,5.280000,5.550000,5.280000,5.460000,4.454217,1038600
2016-08-19,5.420000,5.560000,5.380000,5.380000,4.388955,492000
2016-08-22,5.440000,5.490000,5.340000,5.460000,4.454217,283300
2016-08-23,5.480000,5.530000,5.440000,5.460000,4.454217,634600
2016-08-24,5.480000,5.520000,5.410000,5.490000,4.478691,883100
2016-08-25,5.500000,5.620000,5.390000,5.560000,4.535797,259600
2016-08-26,5.570000,5.591000,5.420000,5.490000,4.478691,247400
2016-08-29,5.520000,5.560000,5.430000,5.480000,4.470534,143500
2016-08-30,5.520000,5.540000,5.440000,5.520000,4.503165,1017500
2016-08-31,5.480000,5.510000,5.310000,5.420000,4.421586,339800
2016-09-01,5.450000,5.480000,5.295000,5.350000,4.364481,166200
2016-09-02,5.410000,5.455000,5.310000,5.420000,4.421586,206000
2016-09-06,5.410000,5.420000,5.320000,5.380000,4.388955,161000
2016-09-07,5.420000,5.420000,5.265000,5.340000,4.356324,135200
2016-09-08,5.360000,5.390000,5.270000,5.330000,4.348166,210400
2016-09-09,5.320000,5.370000,5.220000,5.250000,4.282901,353700
2016-09-12,5.260000,5.330000,5.150000,5.310000,4.331849,162800
2016-09-13,5.230000,5.250000,5.145000,5.180000,4.225797,329800
2016-09-14,5.200000,5.200000,5.100000,5.100000,4.160533,197700
2016-09-15,5.120000,5.220000,5.010000,5.070000,4.136060,403900
2016-09-16,5.060000,5.140000,4.960000,5.050000,4.119744,289400
2016-09-19,5.040000,5.100000,4.880000,4.980000,4.062638,339600
2016-09-20,4.960000,5.170000,4.950000,5.120000,4.176849,283800
2016-09-21,5.100000,5.260000,5.050000,5.250000,4.282901,225700
2016-09-22,5.240000,5.271000,5.170000,5.240000,4.274743,148700
2016-09-23,5.220000,5.290000,5.150000,5.180000,4.225797,316400
2016-09-26,5.170000,5.220000,4.950000,4.990000,4.070796,351100
2016-09-27,5.000000,5.000000,4.860000,4.880000,3.981059,184600
2016-09-28,4.910000,4.961000,4.880000,4.900000,3.997375,261900
2016-09-29,4.860000,4.978000,4.660000,4.710000,3.842375,419700
2016-09-30,4.700000,4.770000,4.520000,4.750000,3.875007,1352600
2016-10-03,4.740000,4.830000,4.620000,4.790000,3.907638,361200
2016-10-04,4.780000,4.910000,4.720000,4.770000,3.891322,315300
2016-10-05,4.840000,4.940000,4.820000,4.860000,3.964744,253700
2016-10-06,4.870000,4.890000,4.800000,4.860000,3.964744,368700
2016-10-07,4.830000,4.970000,4.780000,4.900000,3.997375,478700
2016-10-10,4.910000,4.920000,4.830000,4.850000,3.956585,108400
2016-10-11,4.800000,4.980000,4.800000,4.860000,3.964744,226000
2016-10-12,4.880000,5.030000,4.860000,4.970000,4.054480,174300
2016-10-13,4.950000,5.030000,4.930000,4.960000,4.046322,449300
2016-10-14,4.970000,5.100000,4.920000,5.070000,4.136060,694300
2016-10-17,5.030000,5.162000,4.950000,5.070000,4.136060,269800
2016-10-18,5.130000,5.180000,5.030000,5.140000,4.193164,279000
2016-10-19,5.130000,5.250000,5.060000,5.120000,4.176849,258200
2016-10-20,5.120000,5.205000,4.980000,5.010000,4.087112,347100
2016-10-21,5.010000,5.145000,4.940000,5.080000,4.144217,524500
2016-10-24,5.090000,5.090000,4.950000,5.040000,4.111586,278300
2016-10-25,5.020000,5.080000,4.920000,4.990000,4.070796,324000
2016-10-26,4.980000,5.020000,4.890000,4.940000,4.030007,828700
2016-10-27,4.920000,4.930000,4.840000,4.900000,3.997375,210400
2016-10-28,4.860000,4.990000,4.830000,4.960000,4.046322,1001700
2016-10-31,4.930000,5.030000,4.890000,4.970000,4.054480,209000
2016-11-01,4.970000,5.050000,4.930000,5.040000,4.111586,88300
2016-11-02,5.020000,5.200000,4.960000,5.170000,4.217639,107500
2016-11-03,5.180000,5.200000,5.050000,5.150000,4.201323,270500
2016-11-04,5.160000,5.210000,5.070000,5.120000,4.176849,142900
2016-11-07,5.140000,5.190000,5.080000,5.140000,4.193164,75500
2016-11-08,5.100000,5.220000,5.100000,5.190000,4.233954,183600
2016-11-09,5.160000,5.230000,5.090000,5.170000,4.217639,171400
2016-11-10,5.190000,5.190000,4.920000,4.980000,4.062638,655800
2016-11-11,4.940000,4.960000,4.690000,4.800000,3.915796,231100
2016-11-14,4.790000,4.890000,4.530000,4.550000,3.711848,160300
2016-11-15,4.550000,4.720000,4.530000,4.530000,3.695533,407900
2016-11-16,4.540000,4.630000,4.490000,4.560000,3.720006,496000
2016-11-17,4.550000,4.610000,4.430000,4.440000,3.622111,338100
2016-11-18,4.430000,4.595000,4.430000,4.560000,3.720006,196100
2016-11-21,4.620000,4.620000,4.440000,4.480000,3.654743,188200
2016-11-22,4.480000,4.551000,4.470000,4.490000,3.662900,469300
2016-11-23,4.520000,4.725000,4.485000,4.700000,3.834217,221900
2016-11-25,4.670000,4.700000,4.590000,4.640000,3.785269,38200
2016-11-28,4.610000,4.690000,4.580000,4.590000,3.744480,149800
2016-11-29,4.610000,4.740000,4.610000,4.710000,3.842375,229700
2016-11-30,4.750000,4.750000,4.670000,4.710000,3.842375,368900
2016-12-01,4.700000,4.780000,4.685000,4.750000,3.875007,202400
2016-12-02,4.720000,4.980000,4.690000,4.920000,4.013690,282700
2016-12-05,4.890000,4.890000,4.700000,4.740000,3.866848,104300
2016-12-06,4.700000,4.770000,4.660000,4.680000,3.817901,281800
2016-12-07,4.700000,4.860000,4.680000,4.710000,3.842375,772300
2016-12-08,4.680000,4.760000,4.670000,4.750000,3.875007,238100
2016-12-09,4.700000,4.820000,4.680000,4.770000,3.891322,371700
2016-12-12,4.750000,4.810000,4.690000,4.800000,3.915796,274600
2016-12-13,4.800000,4.850000,4.730000,4.830000,3.940269,275100
2016-12-14,4.780000,4.795000,4.620000,4.640000,3.785269,129600
2016-12-15,4.610000,4.700000,4.570000,4.660000,3.801584,231200
2016-12-16,4.660000,4.699000,4.570000,4.610000,3.760796,162100
2016-12-19,4.580000,4.690000,4.520000,4.680000,3.817901,150900
2016-12-20,4.650000,4.650000,4.510000,4.590000,3.744480,174600
2016-12-21,4.560000,4.605000,4.520000,4.530000,3.695533,143800
2016-12-22,4.550000,4.680000,4.550000,4.620000,3.768954,579500
2016-12-23,4.590000,4.590000,4.350000,4.400000,3.589479,180200
2016-12-27,4.420000,4.440000,4.250000,4.390000,3.581322,188100
2016-12-28,4.430000,4.610000,4.430000,4.560000,3.720006,366100
2016-12-29,4.560000,4.690000,4.530000,4.570000,3.728164,364700
2016-12-30,4.550000,4.640000,4.520000,4.550000,3.711848,176800
2017-01-03,4.540000,4.660000,4.540000,4.620000,3.768954,246600
2017-01-04,4.630000,4.670000,4.500000,4.510000,3.679216,106200
2017-01-05,4.550000,4.740000,4.550000,4.640000,3.785269,239300
2017-01-06,4.660000,4.710000,4.580000,4.580000,3.736322,122600
2017-01-09,4.570000,4.680000,4.560000,4.610000,3.760796,115700
2017-01-10,4.570000,4.660000,4.500000,4.540000,3.703690,183900
2017-01-11,4.580000,4.750000,4.580000,4.730000,3.858691,299900
2017-01-12,4.700000,4.840000,4.700000,4.780000,3.899481,283700
2017-01-13,4.800000,4.840000,4.720000,4.790000,3.907638,448100
2017-01-17,4.820000,4.840000,4.700000,4.740000,3.866848,148600
2017-01-18,4.640000,4.860000,4.640000,4.790000,3.956534,94700
2017-01-19,4.780000,5.110000,4.780000,5.080000,4.196074,1973800
2017-01-20,5.070000,5.120000,4.970000,5.100000,4.212594,138800
2017-01-23,5.070000,5.100000,4.980000,5.000000,4.129995,279100
2017-01-24,5.020000,5.050000,4.970000,5.010000,4.138255,294600
2017-01-25,4.990000,5.225000,4.980000,5.190000,4.286933,330800
2017-01-26,5.270000,5.290000,5.070000,5.120000,4.229115,606500
2017-01-27,5.130000,5.130000,4.980000,5.000000,4.129995,92000
2017-01-30,5.020000,5.020000,4.760000,4.850000,4.006094,336900
2017-01-31,4.870000,4.910000,4.800000,4.820000,3.981314,76700
2017-02-01,4.820000,4.820000,4.650000,4.670000,3.857415,172900
2017-02-02,4.650000,4.760000,4.610000,4.710000,3.890455,319800
2017-02-03,4.750000,4.940000,4.720000,4.880000,4.030874,283800
2017-02-06,4.900000,4.900000,4.720000,4.810000,3.973054,73900
2017-02-07,4.830000,4.840000,4.720000,4.810000,3.973054,184600
2017-02-08,4.790000,4.950000,4.770000,4.910000,4.055654,110500
2017-02-09,4.920000,4.960000,4.860000,4.880000,4.030874,88000
2017-02-10,4.900000,4.940000,4.840000,4.920000,4.063914,213900
2017-02-13,4.900000,5.060000,4.900000,5.030000,4.154775,326700
2017-02-14,5.010000,5.360000,5.010000,5.350000,4.419095,221700
2017-02-15,5.160000,5.250000,5.130000,5.130000,4.237374,392300
2017-02-16,5.060000,5.200000,5.020000,5.110000,4.220855,292100
2017-02-17,5.100000,5.120000,4.980000,5.070000,4.187814,151400
2017-02-21,5.010000,5.170000,4.980000,5.160000,4.262154,178500
2017-02-22,5.130000,5.130000,4.930000,5.000000,4.129995,290200
2017-02-23,5.030000,5.090000,4.950000,5.000000,4.129995,817200
2017-02-24,4.990000,5.020000,4.880000,5.020000,4.146514,203700
2017-02-27,5.000000,5.100000,4.980000,5.050000,4.171294,107600
2017-02-28,5.050000,5.120000,4.980000,5.050000,4.171294,143200
2017-03-01,4.960000,5.080000,4.930000,5.010000,4.138255,65400
2017-03-02,4.970000,5.020000,4.890000,4.900000,4.047394,194000
2017-03-03,4.880000,5.030000,4.880000,4.980000,4.113475,123800
2017-03-06,4.940000,5.041000,4.920000,5.020000,4.146514,200300
2017-03-07,5.030000,5.180000,4.960000,5.130000,4.237374,219700
2017-03-08,5.130000,5.170000,5.000000,5.020000,4.146514,292600
2017-03-09,5.020000,5.060000,4.880000,4.920000,4.063914,447700
2017-03-10,5.000000,5.070000,4.960000,4.980000,4.113475,196800
2017-03-13,5.000000,5.220000,4.990000,5.120000,4.229115,225500
2017-03-14,5.100000,5.110000,4.930000,5.050000,4.171294,476200
2017-03-15,5.050000,5.150000,4.990000,5.050000,4.171294,159200
2017-03-16,5.090000,5.260000,5.090000,5.240000,4.328234,241900
2017-03-17,5.260000,5.270000,5.120000,5.160000,4.262154,225000
2017-03-20,5.150000,5.270000,5.100000,5.190000,4.286933,270600
2017-03-21,5.230000,5.315000,5.120000,5.140000,4.245634,300400
2017-03-22,5.120000,5.200000,5.060000,5.100000,4.212594,967300
2017-03-23,5.110000,5.210000,5.060000,5.180000,4.278674,243800
2017-03-24,5.190000,5.283000,5.110000,5.220000,4.311713,349500
2017-03-27,5.220000,5.260000,5.165000,5.230000,4.319973,644300
2017-03-28,5.230000,5.440000,5.213000,5.410000,4.468654,365900
2017-03-29,5.410000,5.480000,5.330000,5.390000,4.452134,305200
2017-03-30,5.400000,5.520000,5.400000,5.500000,4.542994,108500
2017-03-31,5.530000,5.530000,5.430000,5.500000,4.542994,233800
2017-04-03,5.500000,5.615000,5.430000,5.610000,4.633853,204000
2017-04-04,5.600000,5.605000,5.481000,5.510000,4.551254,546500
2017-04-05,5.530000,5.660000,5.480000,5.570000,4.600814,946100
2017-04-06,5.580000,5.680000,5.580000,5.640000,4.658633,215400
2017-04-07,5.640000,5.640000,5.575000,5.610000,4.633853,113900
2017-04-10,5.630000,5.630000,5.530000,5.590000,4.617334,105400
2017-04-11,5.580000,5.630000,5.520000,5.610000,4.633853,475100
2017-04-12,5.610000,5.650000,5.550000,5.590000,4.617334,570000
2017-04-13,5.600000,5.670000,5.510000,5.530000,4.567774,62600
2017-04-17,5.540000,5.720000,5.523000,5.650000,4.666893,308700
2017-04-18,5.650000,5.650000,5.470000,5.500000,4.542994,92200
2017-04-19,5.500000,5.550000,5.450000,5.500000,4.542994,89600
2017-04-20,5.520000,5.520000,5.350000,5.400000,4.460394,321000
2017-04-21,5.380000,5.420000,5.305000,5.350000,4.419095,314100
2017-04-24,5.380000,5.480000,5.310000,5.450000,4.501694,318400
2017-04-25,5.430000,5.500000,5.350000,5.420000,4.476914,286900
2017-04-26,5.430000,5.640000,5.430000,5.600000,4.625594,240900
2017-04-27,5.540000,5.660000,5.530000,5.550000,4.584294,347500
2017-04-28,5.570000,5.620000,5.430000,5.460000,4.509954,263100
2017-05-01,5.470000,5.470000,5.370000,5.410000,4.468654,47900
2017-05-02,5.440000,5.590000,5.420000,5.530000,4.567774,259100
2017-05-03,5.560000,5.585000,5.420000,5.460000,4.509954,518100
2017-05-04,5.460000,5.470000,5.260000,5.390000,4.452134,394700
2017-05-05,5.400000,5.470000,5.290000,5.420000,4.476914,130600
2017-05-08,5.420000,5.420000,5.290000,5.330000,4.402574,179600
2017-05-09,5.340000,5.430000,5.320000,5.410000,4.468654,70800
2017-05-10,5.400000,5.480000,5.310000,5.440000,4.493434,277300
2017-05-11,5.450000,5.540000,5.390000,5.500000,4.542994,155300
2017-05-12,5.510000,5.600000,5.500000,5.550000,4.584294,114500
2017-05-15,5.570000,5.670000,5.540000,5.640000,4.658633,251500
2017-05-16,5.650000,5.685000,5.570000,5.630000,4.650373,198000
2017-05-17,5.340000,5.720000,5.320000,5.470000,4.671861,233400
2017-05-18,5.410000,5.420000,5.300000,5.400000,4.612075,128600
2017-05-19,5.410000,5.540000,5.410000,5.510000,4.706026,228200
2017-05-22,5.490000,5.550000,5.450000,5.480000,4.680403,181800
2017-05-23,5.490000,5.550000,5.370000,5.540000,4.731647,180500
2017-05-24,5.560000,5.670000,5.490000,5.610000,4.791434,193400
2017-05-25,5.650000,5.765000,5.550000,5.650000,4.825598,355800
2017-05-26,5.660000,5.700000,5.510000,5.580000,4.765811,226300
2017-05-30,5.560000,5.630000,5.510000,5.610000,4.791434,150000
2017-05-31,5.610000,5.650000,5.440000,5.460000,4.663321,407200
2017-06-01,5.490000,5.660000,5.440000,5.610000,4.791434,279900
2017-06-02,5.590000,5.670000,5.560000,5.600000,4.782893,180400
2017-06-05,5.620000,5.680000,5.580000,5.620000,4.799974,206400
2017-06-06,5.650000,5.660000,5.570000,5.620000,4.799974,92600
2017-06-07,5.620000,5.680000,5.530000,5.590000,4.774352,280000
2017-06-08,5.620000,5.650000,5.520000,5.580000,4.765811,306200
2017-06-09,5.600000,5.630000,5.525000,5.580000,4.765811,175200
2017-06-12,5.600000,5.620000,5.505000,5.540000,4.731647,531300
2017-06-13,5.550000,5.560000,5.450000,5.530000,4.723106,333800
2017-06-14,5.560000,5.560000,5.460000,5.520000,4.714566,348200
2017-06-15,5.540000,5.540000,5.450000,5.510000,4.706026,231800
2017-06-16,5.540000,5.570000,5.430000,5.530000,4.723106,339100
2017-06-19,5.570000,5.600000,5.520000,5.580000,4.765811,168900
2017-06-20,5.590000,5.650000,5.500000,5.530000,4.723106,2715300
2017-06-21,5.530000,5.630000,5.530000,5.580000,4.765811,3040400
2017-06-22,5.600000,5.650000,5.570000,5.580000,4.765811,380100
2017-06-23,5.620000,5.620000,5.530000,5.580000,4.765811,373600
2017-06-26,5.600000,5.600000,5.510000,5.550000,4.740189,110200
2017-06-27,5.580000,5.580000,5.430000,5.550000,4.740189,233600
2017-06-28,5.560000,5.620000,5.490000,5.500000,4.697484,255100
2017-06-29,5.530000,5.530000,5.400000,5.430000,4.637698,142700
2017-06-30,5.470000,5.540000,5.410000,5.500000,4.697484,377000
2017-07-03,5.510000,5.610000,5.450000,5.500000,4.697484,122000
2017-07-05,5.500000,5.540000,5.460000,5.530000,4.723106,179200
2017-07-06,5.530000,5.540000,5.440000,5.500000,4.697484,518800
2017-07-07,5.550000,5.580000,5.500000,5.520000,4.714566,287600
2017-07-10,5.530000,5.660000,5.530000,5.630000,4.808516,190600
2017-07-11,5.630000,5.710000,5.580000,5.630000,4.808516,144600
2017-07-12,5.650000,5.677000,5.625000,5.650000,4.825598,257400
2017-07-13,5.640000,5.730000,5.620000,5.710000,4.876842,260200
2017-07-14,5.730000,5.800000,5.710000,5.730000,4.893925,500200
2017-07-17,5.730000,5.780000,5.695000,5.780000,4.936629,164600
2017-07-18,5.770000,5.820000,5.700000,5.800000,4.953711,239000
2017-07-19,5.820000,5.820000,5.650000,5.670000,4.842679,229600
2017-07-20,5.750000,5.750000,5.610000,5.650000,4.825598,143300
2017-07-21,5.690000,5.720000,5.610000,5.680000,4.851220,470900
2017-07-24,5.700000,5.750000,5.650000,5.720000,4.885383,254100
2017-07-25,5.730000,5.850000,5.640000,5.660000,4.834138,241800
2017-07-26,5.700000,5.700000,5.580000,5.660000,4.834138,218100
2017-07-27,5.650000,5.670000,5.520000,5.580000,4.765811,328500
2017-07-28,5.600000,5.600000,5.440000,5.560000,4.748730,230300
2017-07-31,5.570000,5.620000,5.440000,5.470000,4.671861,1164800
2017-08-01,5.490000,5.500000,5.370000,5.450000,4.654780,128000
2017-08-02,5.460000,5.500000,5.410000,5.470000,4.671861,184300
2017-08-03,5.470000,5.500000,5.390000,5.430000,4.637698,215100
2017-08-04,5.460000,5.470000,5.387000,5.450000,4.654780,209700
2017-08-07,5.450000,5.500000,5.397000,5.440000,4.646239,146900
2017-08-08,5.450000,5.500000,5.410000,5.470000,4.671861,157300
2017-08-09,5.460000,5.490000,5.360000,5.450000,4.654780,171200
2017-08-10,5.460000,5.480000,5.420000,5.450000,4.654780,143400
2017-08-11,5.470000,5.520000,5.390000,5.480000,4.680403,152100
2017-08-14,5.450000,5.570000,5.430000,5.520000,4.714566,162100
2017-08-15,5.530000,5.600000,5.505000,5.560000,4.748730,57600
2017-08-16,5.570000,5.660000,5.570000,5.620000,4.799974,151300
2017-08-17,5.630000,5.650000,5.550000,5.560000,4.748730,234600
2017-08-18,5.580000,5.580000,5.490000,5.520000,4.714566,128800
2017-08-21,5.540000,5.570000,5.500000,5.540000,4.731647,117800
2017-08-22,5.550000,5.560000,5.520000,5.530000,4.723106,63100
2017-08-23,5.550000,5.560000,5.490000,5.540000,4.731647,234800
2017-08-24,5.560000,5.580000,5.510000,5.570000,4.757270,373200
2017-08-25,5.550000,5.620000,5.550000,5.590000,4.774352,135500
2017-08-28,5.710000,5.930000,5.710000,5.860000,5.004956,485000
2017-08-29,5.800000,6.070000,5.800000,6.010000,5.133069,524100
2017-08-30,5.900000,6.070000,5.820000,5.840000,4.987874,232600
2017-08-31,5.870000,5.980000,5.800000,5.860000,5.004956,162100
2017-09-01,5.860000,6.000000,5.840000,5.920000,5.056201,140400
2017-09-05,5.920000,6.000000,5.820000,5.820000,4.970792,341200
2017-09-06,5.830000,5.930000,5.810000,5.870000,5.013497,106700
2017-09-07,5.890000,5.950000,5.790000,5.910000,5.047660,240000
2017-09-08,5.890000,5.950000,5.840000,5.870000,5.013497,137000
2017-09-11,5.920000,5.980000,5.870000,5.920000,5.056201,123000
2017-09-12,5.940000,5.960000,5.870000,5.870000,5.013497,100900
2017-09-13,5.870000,5.890000,5.690000,5.850000,4.996415,272200
2017-09-14,5.840000,5.900000,5.760000,5.840000,4.987874,108100
2017-09-15,5.850000,5.925000,5.780000,5.860000,5.004956,182500
2017-09-18,5.870000,5.890000,5.820000,5.890000,5.030579,91700
2017-09-19,5.870000,5.930000,5.770000,5.820000,4.970792,72100
2017-09-20,5.860000,5.990000,5.860000,5.930000,5.064743,280300
2017-09-21,5.970000,6.000000,5.870000,5.970000,5.098905,237200
2017-09-22,5.980000,6.030000,5.870000,5.870000,5.013497,255900
2017-09-25,5.900000,5.980000,5.880000,5.920000,5.056201,276300
2017-09-26,5.950000,6.040000,5.930000,5.990000,5.115987,363800
2017-09-27,5.950000,6.010000,5.930000,5.930000,5.064743,226900
2017-09-28,5.930000,6.040000,5.930000,6.010000,5.133069,306100
2017-09-29,6.000000,6.070000,5.970000,6.000000,5.124528,202100
2017-10-02,6.030000,6.145000,6.030000,6.050000,5.167233,200400
2017-10-03,5.990000,6.180000,5.950000,6.150000,5.252642,253100
2017-10-04,6.150000,6.210000,6.065000,6.190000,5.286805,187100
2017-10-05,6.190000,6.240000,6.120000,6.210000,5.303887,143600
2017-10-06,6.190000,6.238000,6.120000,6.200000,5.295346,153500
2017-10-09,6.270000,6.300000,6.090000,6.130000,5.235560,62700
2017-10-10,6.150000,6.310000,6.150000,6.230000,5.320968,150900
2017-10-11,6.240000,6.260000,6.060000,6.120000,5.227019,249600
2017-10-12,6.150000,6.200000,6.080000,6.130000,5.235560,157700
2017-10-13,6.180000,6.270000,6.000000,6.100000,5.209937,244900
2017-10-16,6.120000,6.140000,6.080000,6.100000,5.209937,107200
2017-10-17,6.130000,6.150000,5.990000,6.100000,5.209937,148000
2017-10-18,6.080000,6.100000,5.890000,5.970000,5.098905,492800
2017-10-19,5.970000,6.020000,5.920000,5.990000,5.115987,126000
2017-10-20,6.020000,6.030000,5.810000,5.940000,5.073283,138400
2017-10-23,5.980000,5.990000,5.929000,5.970000,5.098905,278000
2017-10-24,5.990000,6.050000,5.870000,5.910000,5.047660,202000
2017-10-25,5.900000,5.970000,5.880000,5.940000,5.073283,138600
2017-10-26,5.950000,5.980000,5.890000,5.950000,5.081824,117900
2017-10-27,5.990000,6.010000,5.920000,5.950000,5.081824,41900
2017-10-30,5.950000,5.950000,5.800000,5.930000,5.064743,105500
2017-10-31,5.930000,5.930000,5.750000,5.890000,5.030579,424900
2017-11-01,5.820000,5.830000,5.470000,5.630000,4.808516,344300
2017-11-02,5.590000,5.860000,5.590000,5.800000,4.953711,193800
2017-11-03,5.770000,5.820000,5.655000,5.800000,4.953711,481800
2017-11-06,5.790000,5.820000,5.700000,5.810000,4.962251,112600
2017-11-07,5.820000,5.880000,5.720000,5.720000,4.885383,106000
2017-11-08,5.700000,5.810000,5.700000,5.720000,4.885383,137500
2017-11-09,5.700000,5.760000,5.650000,5.720000,4.885383,83000
2017-11-10,5.730000,5.740000,5.660000,5.690000,4.859761,128400
2017-11-13,5.690000,5.760000,5.670000,5.680000,4.851220,108000
2017-11-14,5.710000,5.770000,5.645000,5.650000,4.825598,174200
2017-11-15,5.580000,5.740000,5.580000,5.700000,4.868302,168000
2017-11-16,5.680000,5.735000,5.610000,5.680000,4.851220,206100
2017-11-17,5.670000,5.790000,5.660000,5.700000,4.868302,122000
2017-11-20,5.710000,5.710000,5.430000,5.470000,4.671861,146700
2017-11-21,5.500000,5.570000,5.450000,5.490000,4.688943,163800
2017-11-22,5.500000,5.520000,5.290000,5.320000,4.543748,301400
2017-11-24,5.280000,5.470000,5.280000,5.430000,4.637698,244900
2017-11-27,5.420000,5.550000,5.360000,5.510000,4.706026,758200
2017-11-28,5.520000,5.570000,5.410000,5.530000,4.723106,391800
2017-11-29,5.530000,5.530000,5.330000,5.380000,4.594994,372200
2017-11-30,5.400000,5.480000,5.240000,5.370000,4.586453,467200
2017-12-01,5.370000,5.390000,5.210000,5.350000,4.569371,327500
2017-12-04,5.350000,5.410000,5.290000,5.300000,4.526668,300400
2017-12-05,5.320000,5.320000,5.160000,5.180000,4.424176,416500
2017-12-06,5.190000,5.210000,5.135000,5.140000,4.390012,441100
2017-12-07,5.140000,5.180000,5.030000,5.130000,4.381472,1498800
2017-12-08,5.110000,5.245000,5.110000,5.190000,4.432717,239500
2017-12-11,5.200000,5.230000,5.160000,5.190000,4.432717,529600
2017-12-12,5.170000,5.200000,5.110000,5.150000,4.398553,751900
2017-12-13,5.130000,5.290000,5.130000,5.250000,4.483963,271500
2017-12-14,5.220000,5.341000,5.200000,5.260000,4.492504,242900
2017-12-15,5.260000,5.410000,5.210000,5.330000,4.552289,490600
2017-12-18,5.650000,5.870000,5.650000,5.730000,4.893925,1167400
2017-12-19,5.700000,5.835000,5.700000,5.720000,4.885383,620700
2017-12-20,5.630000,5.760000,5.620000,5.650000,4.825598,320300
2017-12-21,5.670000,5.740000,5.610000,5.730000,4.893925,213600
2017-12-22,5.730000,5.730000,5.520000,5.560000,4.748730,252500
2017-12-26,5.550000,5.780000,5.500000,5.710000,4.876842,162200
2017-12-27,5.650000,5.760000,5.590000,5.720000,4.885383,129200
2017-12-28,5.720000,5.820000,5.720000,5.790000,4.945169,128000
2017-12-29,5.840000,5.910000,5.680000,5.680000,4.851220,248700
2018-01-02,5.750000,6.070000,5.750000,6.060000,5.175774,277200
2018-01-03,6.120000,6.150000,5.900000,5.950000,5.081824,243100
2018-01-04,6.000000,6.060000,5.930000,5.950000,5.081824,189800
2018-01-05,5.890000,6.020000,5.890000,5.980000,5.107447,250800
2018-01-08,5.940000,6.180000,5.930000,6.080000,5.192855,257700
2018-01-09,6.120000,6.120000,5.960000,6.020000,5.141610,197500
2018-01-10,6.060000,6.060000,5.980000,6.060000,5.175774,255000
2018-01-11,6.080000,6.120000,5.960000,6.060000,5.175774,329100
2018-01-12,6.080000,6.190000,5.920000,6.010000,5.133069,908700
2018-01-16,6.020000,6.160000,6.000000,6.070000,5.184315,391400
2018-01-17,6.040000,6.240000,6.030000,6.120000,5.227019,249900
2018-01-18,6.130000,6.190000,6.100000,6.140000,5.297905,354200
2018-01-19,6.170000,6.180000,6.070000,6.140000,5.297905,204900
2018-01-22,6.140000,6.210000,6.070000,6.140000,5.297905,236200
2018-01-23,6.170000,6.260000,6.130000,6.240000,5.384190,170900
2018-01-24,6.230000,6.390000,6.160000,6.340000,5.470476,298200
2018-01-25,6.380000,6.530000,6.360000,6.460000,5.574018,394800
2018-01-26,6.510000,6.510000,6.370000,6.470000,5.582646,270300
2018-01-29,6.480000,6.480000,6.360000,6.390000,5.513618,148100
2018-01-30,6.380000,6.380000,6.210000,6.280000,5.418705,207700
2018-01-31,6.310000,6.335000,6.230000,6.300000,5.435962,327700
2018-02-01,6.310000,6.430000,6.220000,6.340000,5.470476,318800
2018-02-02,6.330000,6.400000,6.300000,6.330000,5.461847,326500
2018-02-05,6.270000,6.500000,6.220000,6.240000,5.384190,298600
2018-02-06,6.190000,6.251000,6.115000,6.160000,5.315163,440200
2018-02-07,6.200000,6.290000,6.130000,6.150000,5.306534,514400
2018-02-08,6.130000,6.270000,5.910000,5.930000,5.116706,554100
2018-02-09,6.020000,6.070000,5.880000,5.990000,5.168478,690600
2018-02-12,6.010000,6.120000,5.990000,6.100000,5.263391,362800
2018-02-13,6.110000,6.149000,6.010000,6.080000,5.246134,411000
2018-02-14,6.060000,6.080000,5.950000,6.010000,5.185735,447800
2018-02-15,6.040000,6.190000,6.040000,6.190000,5.341048,556900
2018-02-16,6.150000,6.210000,6.100000,6.160000,5.315163,650500
2018-02-20,6.170000,6.170000,5.930000,6.060000,5.228877,978400
2018-02-21,6.040000,6.120000,5.930000,5.950000,5.133964,657800
2018-02-22,5.960000,6.250000,5.960000,6.180000,5.332419,529000
2018-02-23,6.200000,6.340000,6.150000,6.300000,5.435962,812000
2018-02-26,6.340000,6.480000,6.340000,6.470000,5.582646,511500
2018-02-27,6.470000,6.470000,6.080000,6.090000,5.254763,1089400
2018-02-28,6.190000,6.270000,6.100000,6.120000,5.280648,283600
2018-03-01,6.140000,6.180000,6.080000,6.160000,5.315163,253900
2018-03-02,6.170000,6.170000,5.990000,6.140000,5.297905,523800
2018-03-05,6.080000,6.180000,6.030000,6.160000,5.315163,253400
2018-03-06,6.190000,6.260000,6.130000,6.160000,5.315163,203500
2018-03-07,6.170000,6.230000,6.090000,6.180000,5.332419,280000
2018-03-08,6.200000,6.240000,6.130000,6.210000,5.358305,262300
2018-03-09,6.230000,6.370000,6.230000,6.350000,5.479104,945200
2018-03-12,6.360000,6.360000,6.300000,6.350000,5.479104,165000
2018-03-13,6.360000,6.421000,6.280000,6.330000,5.461847,338100
2018-03-14,6.360000,6.360000,6.290000,6.340000,5.470476,288700
2018-03-15,6.330000,6.380000,6.210000,6.240000,5.384190,306100
2018-03-16,6.250000,6.390000,6.240000,6.360000,5.487733,503300
2018-03-19,6.330000,6.410000,6.280000,6.410000,5.530875,440800
2018-03-20,6.430000,6.430000,6.230000,6.250000,5.392819,321300
2018-03-21,6.280000,6.280000,6.100000,6.220000,5.366933,1153000
2018-03-22,6.200000,6.220000,6.080000,6.150000,5.306534,432000
2018-03-23,6.190000,6.225000,6.050000,6.070000,5.237506,386700
2018-03-26,6.150000,6.230000,6.150000,6.230000,5.375562,335300
2018-03-27,6.220000,6.340000,6.210000,6.280000,5.418705,281900
2018-03-28,6.280000,6.430000,6.230000,6.360000,5.487733,442000
2018-03-29,6.360000,6.550000,6.350000,6.400000,5.522246,646100
2018-04-02,6.380000,6.400000,6.270000,6.300000,5.435962,384500
2018-04-03,6.320000,6.380000,6.270000,6.350000,5.479104,421500
2018-04-04,6.350000,6.350000,6.180000,6.230000,5.375562,352800
2018-04-05,6.250000,6.390000,6.250000,6.290000,5.427333,1047900
2018-04-06,6.270000,6.300000,6.160000,6.210000,5.358305,531700
2018-04-09,6.220000,6.290000,6.185000,6.210000,5.358305,830700
2018-04-10,6.220000,6.340000,6.220000,6.330000,5.461847,248900
2018-04-11,6.330000,6.490000,6.310000,6.420000,5.539504,563300
2018-04-12,6.420000,6.520000,6.420000,6.500000,5.608531,564000
2018-04-13,6.500000,6.565000,6.370000,6.410000,5.530875,499200
2018-04-16,6.450000,6.500000,6.410000,6.500000,5.608531,327400
2018-04-17,6.510000,6.540000,6.345000,6.380000,5.504990,558800
2018-04-18,6.380000,6.510000,6.380000,6.460000,5.574018,478600
2018-04-19,6.480000,6.500000,6.430000,6.480000,5.591275,264200
2018-04-20,6.490000,6.520000,6.385000,6.410000,5.530875,335300
2018-04-23,6.430000,6.450000,6.310000,6.360000,5.487733,324100
2018-04-24,6.360000,6.430000,6.335000,6.380000,5.504990,533400
2018-04-25,6.380000,6.390000,6.270000,6.330000,5.461847,422100
2018-04-26,6.360000,6.380000,6.240000,6.300000,5.435962,322500
2018-04-27,6.340000,6.340000,6.235000,6.320000,5.453219,381200
2018-04-30,6.360000,6.360000,6.170000,6.220000,5.366933,449700
2018-05-01,6.230000,6.230000,6.130000,6.170000,5.323791,91300
2018-05-02,6.150000,6.170000,6.020000,6.100000,5.263391,489000
2018-05-03,6.120000,6.120000,6.000000,6.010000,5.185735,367000
2018-05-04,6.040000,6.190000,5.940000,5.960000,5.142592,369300
2018-05-07,5.940000,6.000000,5.920000,5.960000,5.142592,549900
2018-05-08,5.990000,5.990000,5.830000,5.880000,5.073564,712400
2018-05-09,5.940000,5.940000,5.800000,5.820000,5.021793,424500
2018-05-10,5.670000,5.970000,5.670000,5.900000,5.251088,484700
2018-05-11,5.870000,5.920000,5.800000,5.820000,5.179886,382600
2018-05-14,5.810000,5.880000,5.710000,5.800000,5.162086,481700
2018-05-15,5.780000,5.790000,5.700000,5.730000,5.099785,334700
2018-05-16,5.750000,5.820000,5.655000,5.680000,5.055284,297200
2018-05-17,5.660000,5.680000,5.620000,5.650000,5.028584,603500
2018-05-18,5.630000,5.680000,5.610000,5.660000,5.037484,385600
2018-05-21,5.680000,5.730000,5.625000,5.650000,5.028584,381900
2018-05-22,5.670000,5.770000,5.610000,5.740000,5.108685,289000
2018-05-23,5.740000,5.810000,5.680000,5.780000,5.144286,321300
2018-05-24,5.790000,5.790000,5.660000,5.680000,5.055284,1182000
2018-05-25,5.690000,5.715000,5.630000,5.660000,5.037484,330900
2018-05-29,5.650000,5.670000,5.445000,5.480000,4.877282,190300
2018-05-30,5.470000,5.523000,5.440000,5.470000,4.868381,390700
2018-05-31,5.490000,5.510000,5.330000,5.340000,4.752679,925100
2018-06-01,5.350000,5.380000,5.320000,5.350000,4.761580,537500
2018-06-04,5.370000,5.480000,5.330000,5.440000,4.841681,557100
2018-06-05,5.440000,5.440000,5.370000,5.380000,4.788280,177500
2018-06-06,5.400000,5.430000,5.330000,5.400000,4.806080,378000
2018-06-07,5.400000,5.410000,5.210000,5.280000,4.699278,306300
2018-06-08,5.300000,5.440000,5.240000,5.400000,4.806080,342800
2018-06-11,5.430000,5.430000,5.320000,5.380000,4.788280,328300
2018-06-12,5.390000,5.420000,5.290000,5.300000,4.717079,262600
2018-06-13,5.300000,5.320000,5.220000,5.260000,4.681478,983300
2018-06-14,5.280000,5.325000,5.260000,5.290000,4.708179,638000
2018-06-15,5.290000,5.340000,5.220000,5.300000,4.717079,1735000
2018-06-18,5.280000,5.290000,5.210000,5.290000,4.708179,455700
2018-06-19,5.250000,5.290000,5.140000,5.210000,4.636977,841000
2018-06-20,5.220000,5.290000,5.130000,5.130000,4.565776,1510600
2018-06-21,5.170000,5.200000,5.060000,5.080000,4.521275,543700
2018-06-22,5.130000,5.140000,5.070000,5.100000,4.539076,440600
2018-06-25,5.110000,5.130000,5.000000,5.000000,4.450074,441600
2018-06-26,5.020000,5.020000,4.900000,4.930000,4.387773,466100
2018-06-27,5.250000,5.250000,4.820000,4.820000,4.289872,563800
2018-06-28,4.820000,4.950000,4.810000,4.890000,4.352172,1402700
2018-06-29,4.870000,4.910000,4.795000,4.880000,4.343273,950600
2018-07-02,4.880000,4.940000,4.830000,4.840000,4.307672,289100
2018-07-03,4.840000,4.840000,4.770000,4.820000,4.289872,231600
2018-07-05,4.830000,4.850000,4.745000,4.840000,4.307672,318400
2018-07-06,4.820000,4.970000,4.810000,4.930000,4.387773,382200
2018-07-09,4.980000,5.080000,4.940000,5.050000,4.494575,386700
2018-07-10,5.030000,5.230000,4.955000,5.200000,4.628077,807100
2018-07-11,5.140000,5.180000,5.060000,5.120000,4.556876,512300
2018-07-12,5.120000,5.180000,5.070000,5.100000,4.539076,267500
2018-07-13,5.080000,5.190000,5.040000,5.160000,4.592477,310800
2018-07-16,5.150000,5.260000,5.110000,5.210000,4.636977,336500
2018-07-17,5.200000,5.260000,5.150000,5.170000,4.601377,309600
2018-07-18,5.180000,5.240000,5.100000,5.210000,4.636977,385200
2018-07-19,5.170000,5.210000,5.090000,5.110000,4.547976,289400
2018-07-20,5.130000,5.190000,5.080000,5.160000,4.592477,292900
2018-07-23,5.150000,5.190000,5.110000,5.120000,4.556876,133000
2018-07-24,5.170000,5.273000,5.130000,5.250000,4.672578,483600
2018-07-25,5.280000,5.390000,5.220000,5.320000,4.734879,317800
2018-07-26,5.310000,5.360000,5.250000,5.280000,4.699278,196400
2018-07-27,5.270000,5.315000,5.140000,5.170000,4.601377,216900
2018-07-30,5.180000,5.223000,5.110000,5.200000,4.628077,315400
2018-07-31,5.140000,5.350000,5.140000,5.250000,4.672578,261100
2018-08-01,5.220000,5.260000,5.190000,5.190000,4.619177,129000
2018-08-02,5.170000,5.240000,5.100000,5.230000,4.654778,215900
2018-08-03,5.220000,5.310000,5.160000,5.250000,4.672578,334200
2018-08-06,5.230000,5.280000,5.145000,5.210000,4.636977,299900
2018-08-07,5.180000,5.250000,5.135000,5.160000,4.592477,607300
2018-08-08,5.180000,5.200000,5.060000,5.110000,4.547976,488300
2018-08-09,5.060000,5.100000,5.030000,5.060000,4.503475,671000
2018-08-10,5.050000,5.050000,4.930000,4.980000,4.432274,621300
2018-08-13,4.950000,4.950000,4.845000,4.850000,4.316572,402600
2018-08-14,4.890000,4.960000,4.860000,4.890000,4.352172,424400
2018-08-15,4.880000,4.900000,4.760000,4.780000,4.254272,170900
2018-08-16,4.770000,4.880000,4.720000,4.840000,4.307672,889200
2018-08-17,4.810000,4.850000,4.790000,4.840000,4.307672,522700
2018-08-20,4.830000,4.890000,4.770000,4.810000,4.280971,534700
2018-08-21,4.790000,4.960000,4.780000,4.890000,4.352172,306400
2018-08-22,4.890000,4.980000,4.890000,4.960000,4.414474,521300
2018-08-23,4.950000,4.950000,4.810000,4.810000,4.280971,360300
2018-08-24,4.860000,4.980000,4.860000,4.910000,4.369973,361400
2018-08-27,4.920000,5.052000,4.850000,4.960000,4.414474,384100
2018-08-28,4.950000,5.000000,4.910000,4.950000,4.405573,340900
2018-08-29,4.970000,4.970000,4.920000,4.930000,4.387773,299400
2018-08-30,4.930000,4.930000,4.805000,4.820000,4.289872,362500
2018-08-31,4.810000,4.880000,4.770000,4.870000,4.334372,377100
2018-09-04,4.840000,4.840000,4.690000,4.720000,4.200870,227100
2018-09-05,4.680000,4.760000,4.660000,4.740000,4.218670,262500
2018-09-06,4.740000,4.790000,4.720000,4.750000,4.227571,177000
2018-09-07,4.730000,4.750000,4.660000,4.720000,4.200870,346300
2018-09-10,4.700000,4.740000,4.600000,4.610000,4.102968,264900
2018-09-11,4.570000,4.680000,4.570000,4.630000,4.120769,270900
2018-09-12,4.630000,4.710000,4.600000,4.610000,4.102968,1544300
2018-09-13,4.650000,4.810000,4.640000,4.800000,4.272071,255400
2018-09-14,4.810000,4.840000,4.680000,4.730000,4.209770,231200
2018-09-17,4.700000,4.885000,4.700000,4.860000,4.325472,219900
2018-09-18,4.880000,4.880000,4.795000,4.870000,4.334372,161700
2018-09-19,4.880000,4.880000,4.770000,4.790000,4.263172,168900
2018-09-20,4.780000,4.940000,4.780000,4.910000,4.369973,336400
2018-09-21,4.900000,5.030000,4.850000,4.940000,4.396673,1271700
2018-09-24,4.930000,5.040000,4.870000,4.970000,4.423374,232500
2018-09-25,4.980000,5.020000,4.910000,5.000000,4.450074,266300
2018-09-26,5.000000,5.025000,4.940000,4.960000,4.414474,389900
2018-09-27,4.960000,5.005000,4.940000,4.960000,4.414474,467400
2018-09-28,4.930000,5.020000,4.875000,5.010000,4.458974,1129900
2018-10-01,5.020000,5.020000,4.940000,4.990000,4.441174,359900
2018-10-02,5.010000,5.030000,4.910000,4.950000,4.405573,446700
2018-10-03,4.980000,5.030000,4.890000,4.920000,4.378873,490500
2018-10-04,4.920000,4.920000,4.760000,4.810000,4.280971,408100
2018-10-05,4.820000,4.863000,4.690000,4.720000,4.200870,512400
2018-10-08,4.730000,4.730000,4.640000,4.670000,4.156369,327600
2018-10-09,4.670000,4.670000,4.580000,4.620000,4.111868,465800
2018-10-10,4.600000,4.670000,4.510000,4.570000,4.067368,1490500
2018-10-11,4.550000,4.620000,4.540000,4.540000,4.040668,396700
2018-10-12,4.570000,4.650000,4.550000,4.560000,4.058467,223000
2018-10-15,4.560000,4.615000,4.500000,4.560000,4.058467,212000
2018-10-16,4.590000,4.691000,4.590000,4.620000,4.111868,207100
2018-10-17,4.580000,4.670000,4.580000,4.650000,4.138569,231400
2018-10-18,4.640000,4.650000,4.590000,4.610000,4.102968,233800
2018-10-19,4.590000,4.680000,4.540000,4.610000,4.102968,224200
2018-10-22,4.630000,4.630000,4.532000,4.570000,4.067368,520500
2018-10-23,4.500000,4.570000,4.480000,4.520000,4.022867,323100
2018-10-24,4.560000,4.570000,4.490000,4.490000,3.996166,539200
2018-10-25,4.490000,4.590000,4.490000,4.540000,4.040668,266900
2018-10-26,4.510000,4.537000,4.445000,4.490000,3.996166,425800
2018-10-29,4.480000,4.540000,4.180000,4.210000,3.746963,1700600
2018-10-30,4.190000,4.360000,4.175000,4.270000,3.800363,1566900
2018-10-31,4.270000,4.333000,4.200000,4.300000,3.827064,1641900
2018-11-01,4.340000,4.360000,4.250000,4.320000,3.844864,854700
2018-11-02,4.350000,4.430000,4.330000,4.360000,3.880465,1126700
2018-11-05,4.360000,4.610000,4.350000,4.540000,4.040668,1396400
2018-11-06,4.500000,4.550000,4.460000,4.530000,4.031768,2083500
2018-11-07,4.550000,4.760000,4.510000,4.750000,4.227571,1889400
2018-11-08,4.720000,4.750000,4.640000,4.670000,4.156369,386900
2018-11-09,4.660000,4.660000,4.490000,4.540000,4.040668,1269000
2018-11-12,4.510000,4.560000,4.470000,4.500000,4.005067,568800
2018-11-13,4.460000,4.480000,4.410000,4.440000,3.951666,855100
2018-11-14,4.440000,4.510000,4.430000,4.480000,3.987267,437400
2018-11-15,4.450000,4.660000,4.450000,4.590000,4.085169,361400
2018-11-16,4.570000,4.670000,4.527000,4.650000,4.138569,378900
2018-11-19,4.600000,4.690000,4.600000,4.650000,4.138569,284800
2018-11-20,4.600000,4.780000,4.600000,4.710000,4.191970,305600
2018-11-21,4.730000,4.880000,4.715000,4.860000,4.325472,346200
2018-11-23,4.820000,4.830000,4.770000,4.790000,4.263172,214200
2018-11-26,4.780000,4.820000,4.730000,4.780000,4.254272,247500
2018-11-27,4.780000,4.780000,4.670000,4.710000,4.191970,366800
2018-11-28,4.720000,4.750000,4.645000,4.750000,4.227571,289500
2018-11-29,4.770000,4.838000,4.720000,4.810000,4.280971,221100
2018-11-30,4.780000,4.862000,4.750000,4.810000,4.280971,381800
2018-12-03,4.810000,4.890000,4.800000,4.820000,4.289872,311500
2018-12-04,4.800000,4.900000,4.770000,4.830000,4.298771,280000
2018-12-06,4.770000,4.840000,4.680000,4.790000,4.263172,560000
2018-12-07,4.770000,4.860000,4.760000,4.830000,4.298771,523500
2018-12-10,4.800000,4.850000,4.760000,4.810000,4.280971,332400
2018-12-11,4.820000,4.840000,4.760000,4.810000,4.280971,297300
2018-12-12,4.830000,4.900000,4.820000,4.820000,4.289872,245600
2018-12-13,4.820000,4.850000,4.790000,4.840000,4.307672,205100
2018-12-14,4.810000,4.880000,4.760000,4.860000,4.325472,225400
2018-12-17,4.850000,4.880000,4.770000,4.850000,4.316572,409100
2018-12-18,4.850000,4.850000,4.710000,4.710000,4.191970,273000
2018-12-19,4.720000,4.802000,4.655000,4.710000,4.191970,344500
2018-12-20,4.710000,4.750000,4.680000,4.710000,4.191970,209600
2018-12-21,4.690000,4.790000,4.690000,4.730000,4.209770,375000
2018-12-24,4.710000,4.760000,4.640000,4.700000,4.183069,207200
2018-12-26,4.710000,4.800000,4.640000,4.790000,4.263172,359100
2018-12-27,4.720000,4.880000,4.710000,4.860000,4.325472,341200
2018-12-28,4.860000,5.000000,4.800000,4.940000,4.396673,349500
2018-12-31,4.940000,4.980000,4.860000,4.950000,4.405573,197500
2019-01-02,4.930000,4.930000,4.770000,4.900000,4.361073,354800
2019-01-03,4.880000,4.960000,4.730000,4.850000,4.316572,363600
2019-01-04,4.860000,4.975000,4.820000,4.960000,4.414474,239700
2019-01-07,4.960000,4.990000,4.910000,4.950000,4.405573,335000
2019-01-08,4.920000,4.990000,4.880000,4.910000,4.369973,237500
2019-01-09,4.950000,5.070000,4.920000,5.050000,4.494575,432000
2019-01-10,5.040000,5.150000,4.970000,5.110000,4.547976,243500
2019-01-11,5.070000,5.190000,5.050000,5.170000,4.601377,296200
2019-01-14,5.140000,5.220000,5.100000,5.210000,4.636977,247200
2019-01-15,5.210000,5.250000,5.120000,5.210000,4.636977,286100
2019-01-16,5.200000,5.310000,5.200000,5.260000,4.681478,330100
2019-01-17,5.230000,5.310000,5.220000,5.310000,4.756375,262900
2019-01-18,5.320000,5.360000,5.290000,5.330000,4.774290,1011800
2019-01-22,5.300000,5.300000,5.140000,5.250000,4.702630,310200
2019-01-23,5.270000,5.270000,5.110000,5.200000,4.657843,145000
2019-01-24,5.200000,5.230000,5.082000,5.170000,4.630971,167400
2019-01-25,5.180000,5.250000,5.170000,5.220000,4.675758,166400
2019-01-28,5.160000,5.200000,5.140000,5.150000,4.613057,143600
2019-01-29,5.180000,5.280000,5.170000,5.260000,4.711587,153000
2019-01-30,5.250000,5.340000,5.240000,5.310000,4.756375,160200
2019-01-31,5.320000,5.440000,5.315000,5.430000,4.863863,182200
2019-02-01,5.420000,5.420000,5.280000,5.320000,4.765332,92500
2019-02-04,5.270000,5.390000,5.210000,5.390000,4.828033,154600
2019-02-05,5.390000,5.420000,5.330000,5.390000,4.828033,98800
2019-02-06,5.360000,5.390000,5.300000,5.310000,4.756375,158800
2019-02-07,5.290000,5.330000,5.230000,5.330000,4.774290,106200
2019-02-08,5.310000,5.350000,5.215000,5.280000,4.729502,314700
2019-02-11,5.290000,5.290000,5.180000,5.220000,4.675758,169900
2019-02-12,5.210000,5.320000,5.200000,5.300000,4.747417,217900
2019-02-13,5.280000,5.290000,5.180000,5.200000,4.657843,347700
2019-02-14,5.190000,5.250000,5.170000,5.210000,4.666800,131900
2019-02-15,5.200000,5.257000,5.140000,5.230000,4.684715,234000
2019-02-19,5.310000,5.580000,5.310000,5.550000,4.971352,383800
2019-02-20,5.560000,5.560000,5.480000,5.490000,4.917607,208000
2019-02-21,5.450000,5.550000,5.360000,5.530000,4.953437,755500
2019-02-22,5.600000,5.600000,5.520000,5.570000,4.989267,305700
2019-02-25,5.570000,5.620000,5.540000,5.550000,4.971352,197400
2019-02-26,5.550000,5.580000,5.460000,5.500000,4.926565,194100
2019-02-27,5.500000,5.520000,5.350000,5.450000,4.881777,180400
2019-02-28,5.390000,5.410000,5.200000,5.220000,4.675758,127400
2019-03-01,5.220000,5.340000,5.180000,5.190000,4.648886,145200
2019-03-04,5.200000,5.270000,5.160000,5.230000,4.684715,167000
2019-03-05,5.220000,5.260000,5.190000,5.240000,4.693673,140300
2019-03-06,5.250000,5.300000,5.120000,5.170000,4.630971,179500
2019-03-07,5.170000,5.230000,5.110000,5.140000,4.604099,158700
2019-03-08,5.110000,5.150000,5.070000,5.140000,4.604099,90900
2019-03-11,5.150000,5.210000,5.130000,5.170000,4.630971,102000
2019-03-12,5.170000,5.200000,5.110000,5.160000,4.622014,118900
2019-03-13,5.160000,5.220000,5.110000,5.130000,4.595142,80700
2019-03-14,5.140000,5.150000,5.040000,5.110000,4.577227,177800
2019-03-15,5.140000,5.283000,5.120000,5.120000,4.586184,386700
2019-03-18,5.140000,5.200000,5.140000,5.200000,4.657843,148400
2019-03-19,5.210000,5.230000,5.140000,5.190000,4.648886,95200
2019-03-20,5.190000,5.210000,5.110000,5.140000,4.604099,148800
2019-03-21,5.140000,5.180000,5.090000,5.130000,4.595142,117600
2019-03-22,5.090000,5.090000,4.945000,4.960000,4.442866,192500
2019-03-25,4.990000,5.180000,4.980000,5.180000,4.639928,458200
2019-03-26,5.190000,5.190000,5.040000,5.120000,4.586184,206200
2019-03-27,5.080000,5.080000,5.010000,5.030000,4.505568,309300
2019-03-28,5.030000,5.145000,5.000000,5.000000,4.478695,443000
2019-03-29,5.020000,5.265000,5.010000,5.180000,4.639928,1816700
2019-04-01,5.190000,5.300000,5.150000,5.240000,4.693673,308000
2019-04-02,5.250000,5.250000,5.170000,5.170000,4.630971,605700
2019-04-03,5.170000,5.240000,5.170000,5.190000,4.648886,324300
2019-04-04,5.190000,5.250000,5.140000,5.220000,4.675758,252500
2019-04-05,5.220000,5.280000,5.220000,5.240000,4.693673,343900
2019-04-08,5.240000,5.280000,5.180000,5.190000,4.648886,331300
2019-04-09,5.170000,5.260000,5.140000,5.230000,4.684715,265000
2019-04-10,5.230000,5.270000,5.180000,5.250000,4.702630,119500
2019-04-11,5.220000,5.240000,5.155000,5.170000,4.630971,158900
2019-04-12,5.170000,5.260000,5.080000,5.220000,4.675758,149900
2019-04-15,5.230000,5.290000,5.180000,5.200000,4.657843,309400
2019-04-16,5.210000,5.260000,5.150000,5.230000,4.684715,149100
2019-04-17,5.220000,5.265000,5.210000,5.240000,4.693673,211000
2019-04-18,5.230000,5.250000,5.200000,5.220000,4.675758,70900
2019-04-22,5.190000,5.210000,5.100000,5.110000,4.577227,68900
2019-04-23,5.100000,5.160000,5.090000,5.130000,4.595142,168100
2019-04-24,5.140000,5.150000,5.050000,5.100000,4.568269,655600
2019-04-25,5.120000,5.120000,5.030000,5.040000,4.514525,215400
2019-04-26,5.030000,5.100000,5.030000,5.070000,4.541397,87500
2019-04-29,5.070000,5.110000,4.920000,4.930000,4.415994,205900
2019-04-30,4.940000,5.030000,4.810000,5.030000,4.505568,468600
2019-05-01,5.020000,5.050000,4.990000,5.000000,4.478695,149500
2019-05-02,5.010000,5.010000,4.910000,4.920000,4.407036,380400
2019-05-03,4.930000,4.960000,4.855000,4.910000,4.398079,144100
2019-05-06,4.840000,4.920000,4.780000,4.860000,4.353292,125400
2019-05-07,4.820000,4.830000,4.710000,4.710000,4.218931,127900
2019-05-08,4.770000,4.800000,4.570000,4.650000,4.165187,332200
2019-05-09,4.400000,4.480000,4.340000,4.460000,4.164232,201300
2019-05-10,4.440000,4.540000,4.410000,4.480000,4.182905,232200
2019-05-13,4.410000,4.530000,4.330000,4.380000,4.089537,231200
2019-05-14,4.390000,4.450000,4.300000,4.390000,4.098874,323600
2019-05-15,4.350000,4.440000,4.320000,4.430000,4.136221,150300
2019-05-16,4.430000,4.450000,4.386000,4.410000,4.117548,378100
2019-05-17,4.370000,4.431000,4.330000,4.350000,4.061526,899400
2019-05-20,4.360000,4.410000,4.345000,4.370000,4.080200,274400
2019-05-21,4.380000,4.450000,4.300000,4.380000,4.089537,213400
2019-05-22,4.390000,4.481000,4.330000,4.380000,4.089537,225800
2019-05-23,4.340000,4.420000,4.320000,4.350000,4.061526,231100
2019-05-24,4.380000,4.480000,4.380000,4.420000,4.126884,191000
2019-05-28,4.440000,4.470000,4.355000,4.370000,4.080200,785000
2019-05-29,4.370000,4.520000,4.300000,4.470000,4.173568,2214800
2019-05-30,4.470000,4.620000,4.460000,4.530000,4.229589,714200
2019-05-31,4.500000,4.620000,4.470000,4.600000,4.294948,322400
2019-06-03,4.610000,4.700000,4.590000,4.700000,4.388315,189700
2019-06-04,4.700000,4.760000,4.660000,4.740000,4.425663,464100
2019-06-05,4.740000,4.775000,4.687000,4.730000,4.416327,319100
2019-06-06,4.830000,4.830000,4.700000,4.720000,4.406989,539800
2019-06-07,4.720000,4.740000,4.650000,4.680000,4.369642,203400
2019-06-10,4.660000,4.700000,4.637000,4.690000,4.378979,326700
2019-06-11,4.720000,4.780000,4.665000,4.740000,4.425663,245600
2019-06-12,4.710000,4.780000,4.630000,4.650000,4.341632,220800
2019-06-13,4.650000,4.700000,4.640000,4.700000,4.388315,175900
2019-06-14,4.670000,4.681000,4.635000,4.660000,4.350968,176900
2019-06-17,4.670000,4.700000,4.610000,4.610000,4.304284,121100
2019-06-18,4.630000,4.690000,4.560000,4.580000,4.276274,662800
2019-06-19,4.580000,4.670000,4.565000,4.650000,4.341632,307100
2019-06-20,4.660000,4.790000,4.655000,4.700000,4.388315,134300
2019-06-21,4.700000,4.770000,4.660000,4.770000,4.453674,375900
2019-06-24,4.770000,4.840000,4.740000,4.780000,4.463011,173600
2019-06-25,4.770000,4.870000,4.770000,4.850000,4.528368,1849300
2019-06-26,4.870000,4.880000,4.740000,4.830000,4.509695,307200
2019-06-27,4.850000,4.880000,4.725000,4.740000,4.425663,194900
2019-06-28,4.750000,4.820000,4.630000,4.780000,4.463011,418200
2019-07-01,4.840000,4.850000,4.720000,4.720000,4.406989,184200
2019-07-02,4.710000,4.750000,4.630000,4.630000,4.322958,260300
2019-07-03,4.630000,4.780000,4.610000,4.730000,4.416327,189900
2019-07-05,4.750000,4.750000,4.630000,4.700000,4.388315,242400
2019-07-08,4.670000,4.750000,4.630000,4.680000,4.369642,364100
2019-07-09,4.650000,4.690000,4.580000,4.690000,4.378979,311200
2019-07-10,4.690000,4.750000,4.640000,4.690000,4.378979,85500
2019-07-11,4.670000,4.700000,4.650000,4.690000,4.378979,98200
2019-07-12,4.670000,4.720000,4.660000,4.690000,4.378979,98300
2019-07-15,4.690000,4.750000,4.680000,4.730000,4.416327,127400
2019-07-16,4.710000,4.710000,4.620000,4.690000,4.378979,181900
2019-07-17,4.680000,4.690000,4.630000,4.670000,4.360305,80300
2019-07-18,4.640000,4.680000,4.610000,4.620000,4.313621,165200
2019-07-19,4.620000,4.620000,4.550000,4.550000,4.248263,121200
2019-07-22,4.540000,4.600000,4.510000,4.570000,4.266937,178500
2019-07-23,4.550000,4.580000,4.440000,4.490000,4.192242,168400
2019-07-24,4.520000,4.520000,4.460000,4.470000,4.173568,89700
2019-07-25,4.500000,4.500000,4.400000,4.450000,4.154894,116100
2019-07-26,4.440000,4.520000,4.415000,4.480000,4.182905,164200
2019-07-29,4.470000,4.530000,4.410000,4.470000,4.173568,183100
2019-07-30,4.430000,4.517000,4.380000,4.490000,4.192242,761200
2019-07-31,4.450000,4.630000,4.350000,4.600000,4.294948,1243200
2019-08-01,4.580000,4.600000,4.410000,4.460000,4.164232,426000
2019-08-02,4.420000,4.460000,4.370000,4.380000,4.089537,126600
2019-08-05,4.350000,4.380000,4.140000,4.140000,3.865452,118800
2019-08-06,4.200000,4.290000,4.168000,4.270000,3.986832,223500
2019-08-07,4.230000,4.310000,4.210000,4.310000,4.024179,230300
2019-08-08,4.290000,4.330000,4.245000,4.290000,4.005505,204300
2019-08-09,4.300000,4.475000,4.200000,4.290000,4.005505,424800
2019-08-12,4.250000,4.270000,4.150000,4.150000,3.874789,265100
2019-08-13,4.130000,4.310000,4.130000,4.240000,3.958821,191400
2019-08-14,4.190000,4.330000,4.150000,4.150000,3.874789,137100
2019-08-15,4.140000,4.210000,4.110000,4.110000,3.837442,154700
2019-08-16,4.120000,4.270000,4.120000,4.220000,3.940147,164700
2019-08-19,4.220000,4.250000,4.160000,4.180000,3.902800,103300
2019-08-20,4.160000,4.230000,4.145000,4.230000,3.949485,176400
2019-08-21,4.190000,4.250000,4.170000,4.210000,3.930811,101800
2019-08-22,4.190000,4.230000,4.070000,4.090000,3.818769,186800
2019-08-23,4.060000,4.140000,3.980000,3.980000,3.716063,142300
2019-08-26,4.050000,4.100000,3.990000,3.990000,3.725400,169100
2019-08-27,4.040000,4.120000,4.000000,4.110000,3.837442,247500
2019-08-28,4.080000,4.104000,3.980000,4.070000,3.800095,191500
2019-08-29,4.050000,4.213000,4.050000,4.190000,3.912137,245600
2019-08-30,4.170000,4.270000,4.150000,4.250000,3.968158,197700
2019-09-03,4.270000,4.270000,4.130000,4.130000,3.856116,220500
2019-09-04,4.140000,4.240000,4.140000,4.190000,3.912137,179100
2019-09-05,4.270000,4.370000,4.190000,4.270000,3.986832,150100
2019-09-06,4.240000,4.360000,4.210000,4.290000,4.005505,251200
2019-09-09,4.310000,4.310000,4.215000,4.300000,4.014843,166500
2019-09-10,4.270000,4.380000,4.240000,4.380000,4.089537,181900
2019-09-11,4.360000,4.500000,4.300000,4.480000,4.182905,217500
2019-09-12,4.460000,4.540000,4.430000,4.470000,4.173568,229800
2019-09-13,4.440000,4.540000,4.429000,4.480000,4.182905,275100
2019-09-16,4.450000,4.560000,4.450000,4.530000,4.229589,136700
2019-09-17,4.500000,4.520000,4.470000,4.510000,4.210916,91000
2019-09-18,4.530000,4.530000,4.430000,4.450000,4.154894,69300
2019-09-19,4.450000,4.560000,4.435000,4.470000,4.173568,113600
2019-09-20,4.470000,4.510000,4.400000,4.480000,4.182905,207900
2019-09-23,4.440000,4.440000,4.350000,4.360000,4.070863,369600
2019-09-24,4.370000,4.410000,4.260000,4.260000,3.977495,599300
2019-09-25,4.210000,4.290000,4.191000,4.280000,3.996169,233000
2019-09-26,4.260000,4.360000,4.170000,4.270000,3.986832,519800
2019-09-27,4.270000,4.415000,4.220000,4.220000,3.940147,813000
2019-09-30,4.250000,4.330000,4.090000,4.210000,3.930811,2159000
2019-10-01,4.210000,4.400000,4.210000,4.350000,4.061526,259900
2019-10-02,4.330000,4.340000,4.225000,4.320000,4.033516,187600
2019-10-03,4.320000,4.410000,4.305000,4.390000,4.098874,201100
2019-10-04,4.420000,4.500000,4.330000,4.440000,4.145558,236500
2019-10-07,4.460000,4.520000,4.380000,4.520000,4.220253,324700
2019-10-08,4.500000,4.500000,4.410000,4.430000,4.136221,212100
2019-10-09,4.420000,4.470000,4.420000,4.430000,4.136221,126200
2019-10-10,4.430000,4.530000,4.410000,4.500000,4.201579,237500
2019-10-11,4.520000,4.590000,4.503000,4.560000,4.257600,279900
2019-10-14,4.510000,4.740000,4.510000,4.670000,4.360305,264000
2019-10-15,4.680000,4.780000,4.680000,4.760000,4.444337,221000
2019-10-16,4.780000,4.870000,4.720000,4.840000,4.519032,273900
2019-10-17,4.820000,4.980000,4.820000,4.960000,4.631074,192300
2019-10-18,4.930000,5.030000,4.910000,4.950000,4.621737,292000
2019-10-21,4.740000,4.800000,4.445000,4.460000,4.164232,328500
2019-10-22,4.450000,4.470000,4.300000,4.390000,4.098874,341900
2019-10-23,4.390000,4.405000,4.180000,4.200000,3.921474,273100
2019-10-24,4.240000,4.410000,4.160000,4.330000,4.042852,334800
2019-10-25,4.300000,4.380000,4.230000,4.260000,3.977495,241000
2019-10-28,4.260000,4.390000,4.240000,4.330000,4.042852,108300
2019-10-29,4.310000,4.310000,4.240000,4.260000,3.977495,130000
2019-10-30,4.220000,4.260000,4.065000,4.250000,3.968158,214800
2019-10-31,4.250000,4.400000,4.140000,4.150000,3.874789,241600
2019-11-01,4.150000,4.260000,4.130000,4.220000,3.940147,407000
2019-11-04,4.220000,4.230000,4.060000,4.130000,3.856116,351800
2019-11-05,4.100000,4.100000,3.865000,3.910000,3.650705,806000
2019-11-06,3.930000,4.040000,3.820000,3.960000,3.697390,634200
2019-11-07,4.080000,4.130000,3.987000,4.090000,3.818769,417900
2019-11-08,4.130000,4.130000,3.920000,3.970000,3.706727,413100
2019-11-11,3.920000,4.090000,3.880000,3.910000,3.650705,480800
2019-11-12,3.680000,3.870000,3.590000,3.830000,3.576010,809200
2019-11-13,3.760000,3.840000,3.580000,3.720000,3.473305,1244500
2019-11-14,3.710000,3.725000,3.660000,3.660000,3.417284,727300
2019-11-15,3.750000,4.220000,3.750000,4.210000,3.930811,851900
2019-11-18,4.180000,4.240000,3.990000,4.050000,3.781421,409100
2019-11-19,4.020000,4.070000,3.920000,3.980000,3.716063,411400
2019-11-20,3.930000,4.000000,3.870000,3.940000,3.678716,441700
2019-11-21,3.920000,3.980000,3.920000,3.920000,3.660042,789200
2019-11-22,3.900000,4.010000,3.900000,4.000000,3.734737,974300
2019-11-25,3.970000,4.040000,3.950000,3.970000,3.706727,432200
2019-11-26,3.920000,3.940000,3.764000,3.800000,3.548000,823000
2019-11-27,3.820000,3.820000,3.640000,3.690000,3.445295,639400
2019-11-29,3.780000,3.780000,3.637000,3.750000,3.501316,347600
2019-12-02,3.700000,3.750000,3.650000,3.710000,3.463969,602900
2019-12-03,3.670000,3.770000,3.650000,3.650000,3.407948,480900
2019-12-04,3.700000,3.890000,3.700000,3.860000,3.604021,806200
2019-12-05,4.110000,4.350000,4.110000,4.320000,4.033516,1400400
2019-12-06,4.290000,4.490000,4.280000,4.400000,4.108211,2208300
2019-12-09,4.470000,4.560000,4.430000,4.460000,4.164232,1860400
2019-12-10,4.420000,4.580000,4.420000,4.530000,4.229589,1463800
2019-12-11,4.540000,4.630000,4.540000,4.590000,4.285611,423500
2019-12-12,4.580000,4.650000,4.550000,4.630000,4.322958,472000
2019-12-13,4.650000,4.770000,4.595000,4.660000,4.350968,476600
2019-12-16,4.670000,4.740000,4.650000,4.720000,4.406989,392300
2019-12-17,4.740000,4.815000,4.720000,4.730000,4.416327,491300
2019-12-18,4.680000,4.760000,4.680000,4.720000,4.406989,440500
2019-12-19,4.730000,4.740000,4.660000,4.670000,4.360305,328100
2019-12-20,4.680000,4.740000,4.670000,4.710000,4.397653,499000
2019-12-23,4.690000,4.740000,4.630000,4.700000,4.388315,356400
2019-12-24,4.710000,4.800000,4.680000,4.770000,4.453674,182000
2019-12-26,4.790000,4.790000,4.710000,4.770000,4.453674,240100
2019-12-27,4.740000,4.750000,4.660000,4.680000,4.369642,246400
2019-12-30,4.650000,4.720000,4.620000,4.690000,4.378979,308500
2019-12-31,4.690000,4.760000,4.630000,4.750000,4.435000,1415800
2020-01-02,4.800000,4.860000,4.690000,4.810000,4.491021,395100
2020-01-03,4.770000,4.830000,4.735000,4.820000,4.500358,253600
2020-01-06,4.820000,4.920000,4.750000,4.850000,4.528368,1002800
2020-01-07,4.830000,4.910000,4.770000,4.800000,4.481684,641300
2020-01-08,4.810000,4.920000,4.780000,4.880000,4.556379,2347700
2020-01-09,4.900000,4.900000,4.835000,4.880000,4.556379,267200
2020-01-10,4.880000,4.970000,4.840000,4.950000,4.621737,541300
2020-01-13,4.960000,5.000000,4.880000,4.970000,4.640410,551800
2020-01-14,4.980000,5.070000,4.960000,5.060000,4.724442,649600
2020-01-15,5.070000,5.110000,4.990000,5.000000,4.668421,347100
2020-01-16,5.020000,5.020000,4.970000,5.010000,4.677758,342600
2020-01-17,5.020000,5.024000,4.940000,4.990000,4.659084,400800
2020-01-21,4.940000,4.960000,4.890000,4.920000,4.593726,621400
2020-01-22,4.910000,4.945000,4.900000,4.930000,4.603063,726000
2020-01-23,4.900000,4.910000,4.830000,4.870000,4.573014,385100
2020-01-24,4.880000,4.933000,4.855000,4.880000,4.582405,291100
2020-01-27,4.770000,4.789000,4.640000,4.680000,4.394601,380800
2020-01-28,4.690000,4.770000,4.690000,4.710000,4.422772,303500
2020-01-29,4.780000,4.780000,4.660000,4.680000,4.394601,507900
2020-01-30,4.610000,4.765000,4.500000,4.740000,4.450942,1236100
2020-01-31,4.730000,4.750000,4.690000,4.720000,4.432162,885900
2020-02-03,4.750000,4.845000,4.740000,4.800000,4.507284,1121000
2020-02-04,4.840000,4.975000,4.800000,4.920000,4.619966,1166500
2020-02-05,4.950000,4.973000,4.885000,4.930000,4.629355,1333000
2020-02-06,4.930000,4.960000,4.899000,4.920000,4.619966,241300
2020-02-07,4.880000,4.905000,4.840000,4.860000,4.563624,255900
2020-02-10,4.840000,4.870000,4.800000,4.860000,4.563624,1108000
2020-02-11,4.870000,4.905000,4.840000,4.860000,4.563624,427000
2020-02-12,4.860000,4.885000,4.800000,4.830000,4.535454,473000
2020-02-13,4.820000,4.855000,4.775000,4.840000,4.544844,322700
2020-02-14,4.820000,4.880000,4.805000,4.850000,4.554234,293600
2020-02-18,4.810000,4.810000,4.655000,4.780000,4.488503,470200
2020-02-19,4.780000,4.780000,4.580000,4.640000,4.357040,428500
2020-02-20,4.660000,4.675000,4.570000,4.670000,4.385211,801600
2020-02-21,4.680000,4.750000,4.628000,4.650000,4.366431,736900
2020-02-24,4.570000,4.670000,4.500000,4.590000,4.310090,424400
2020-02-25,4.640000,4.655000,4.520000,4.540000,4.263139,1953300
2020-02-26,4.610000,4.618000,4.465000,4.470000,4.197407,690800
2020-02-27,4.500000,4.500000,4.345000,4.360000,4.094116,1108100
2020-02-28,4.270000,4.460000,4.260000,4.390000,4.122286,1162100
2020-03-02,4.400000,4.520000,4.400000,4.430000,4.159847,1379100
2020-03-03,4.420000,4.535000,4.360000,4.390000,4.122286,1994300
2020-03-04,4.410000,4.495000,4.400000,4.430000,4.159847,1335300
2020-03-05,4.400000,4.442000,4.320000,4.360000,4.094116,1169700
2020-03-06,4.310000,4.390000,4.270000,4.340000,4.075336,757800
2020-03-09,4.250000,4.270000,4.010000,4.150000,3.896922,1305100
2020-03-10,4.190000,4.270000,4.100000,4.220000,3.962653,943400
2020-03-11,4.160000,4.190000,4.030000,4.150000,3.896922,1092100
2020-03-12,4.000000,4.300000,3.730000,4.040000,3.793630,2076900
2020-03-13,4.110000,4.140000,3.825000,4.100000,3.849971,954600
2020-03-16,3.860000,3.910000,3.410000,3.410000,3.202049,1171800
2020-03-17,3.550000,3.650000,3.150000,3.360000,3.155098,527500
2020-03-18,3.240000,3.310000,2.950000,3.000000,2.817052,832300
2020-03-19,3.010000,3.560000,2.980000,3.490000,3.277171,649700
2020-03-20,3.390000,3.640000,3.130000,3.160000,2.967295,1191500
2020-03-23,3.140000,3.410000,3.070000,3.110000,2.920344,792000
2020-03-24,3.300000,3.410000,3.190000,3.220000,3.023636,824900
2020-03-25,3.130000,3.430000,3.130000,3.370000,3.164488,1136200
2020-03-26,3.540000,3.660000,3.195000,3.280000,3.079977,1378500
2020-03-27,3.280000,3.380000,3.160000,3.280000,3.079977,1617100
2020-03-30,3.370000,3.400000,3.140000,3.150000,2.957905,1683900
2020-03-31,3.150000,3.510000,3.140000,3.320000,3.117537,1046400
2020-04-01,3.210000,3.370000,3.210000,3.280000,3.079977,714000
2020-04-02,3.290000,3.580000,3.230000,3.440000,3.230220,1541200
2020-04-03,3.530000,3.715000,3.460000,3.530000,3.314731,1096900
2020-04-06,3.610000,3.813000,3.610000,3.730000,3.502535,958400
2020-04-07,3.780000,3.903000,3.600000,3.600000,3.380462,1399100
2020-04-08,3.690000,3.890000,3.620000,3.790000,3.558876,1226200
2020-04-09,3.810000,4.020000,3.775000,3.860000,3.624607,1351600
2020-04-13,3.800000,3.971000,3.780000,3.870000,3.633997,1736900
2020-04-14,3.870000,4.050000,3.865000,3.920000,3.680948,803500
2020-04-15,3.780000,4.025000,3.730000,3.930000,3.690338,1024700
2020-04-16,3.880000,4.005000,3.860000,3.870000,3.633997,961600
2020-04-17,3.930000,4.045000,3.830000,3.840000,3.605827,837100
2020-04-20,3.790000,3.860000,3.710000,3.710000,3.483754,827700
2020-04-21,3.640000,3.765000,3.625000,3.660000,3.436804,649400
2020-04-22,3.700000,3.720000,3.650000,3.660000,3.436804,429200
2020-04-23,3.660000,3.690000,3.550000,3.600000,3.380462,797200
2020-04-24,3.620000,3.670000,3.509000,3.510000,3.295951,321900
2020-04-27,3.510000,3.730000,3.510000,3.640000,3.418023,569100
2020-04-28,3.600000,3.920000,3.600000,3.850000,3.615217,795800
2020-04-29,3.830000,4.075000,3.830000,4.010000,3.765460,758600
2020-04-30,3.910000,4.040000,3.900000,4.010000,3.765460,448400
2020-05-01,3.860000,3.950000,3.810000,3.860000,3.624607,800000
2020-05-04,3.820000,3.930000,3.756000,3.810000,3.577656,635900
2020-05-05,3.930000,3.930000,3.725000,3.760000,3.530705,768700
2020-05-06,3.760000,3.810000,3.690000,3.730000,3.502535,381600
2020-05-07,3.770000,3.860000,3.740000,3.770000,3.540095,591100
2020-05-08,3.800000,3.890000,3.660000,3.670000,3.446194,496700
2020-05-11,3.660000,3.730000,3.560000,3.690000,3.464974,557300
2020-05-12,3.690000,3.870000,3.670000,3.690000,3.464974,592000
2020-05-13,3.690000,3.750000,3.590000,3.670000,3.446194,888000
2020-05-14,3.650000,3.720000,3.555000,3.660000,3.436804,1177400
2020-05-15,3.660000,3.753000,3.660000,3.730000,3.502535,361200
2020-05-18,3.810000,3.935000,3.795000,3.860000,3.624607,1082100
2020-05-19,3.660000,3.835000,3.630000,3.660000,3.660000,2348400
2020-05-20,3.670000,3.740000,3.660000,3.700000,3.700000,452600
2020-05-21,3.700000,3.840000,3.660000,3.840000,3.840000,390800
2020-05-22,3.860000,3.860000,3.625000,3.630000,3.630000,625800
2020-05-26,3.700000,3.850000,3.670000,3.810000,3.810000,433000
2020-05-27,3.860000,3.870000,3.727000,3.740000,3.740000,427200
2020-05-28,3.840000,3.840000,3.690000,3.700000,3.700000,295500
2020-05-29,3.750000,3.770000,3.580000,3.710000,3.710000,1196900
2020-06-01,3.730000,3.870000,3.665000,3.810000,3.810000,321300
2020-06-02,3.780000,3.970000,3.780000,3.950000,3.950000,573400
2020-06-03,3.900000,4.060000,3.865000,3.910000,3.910000,768500
2020-06-04,3.890000,4.010000,3.890000,3.990000,3.990000,360000
2020-06-05,4.060000,4.235000,4.060000,4.220000,4.220000,400400
2020-06-08,4.210000,4.310000,4.167000,4.280000,4.280000,388000
2020-06-09,4.250000,4.260000,4.127000,4.230000,4.230000,492400
2020-06-10,4.220000,4.250000,4.040000,4.040000,4.040000,763600
2020-06-11,3.960000,4.070000,3.820000,3.830000,3.830000,403000
2020-06-12,3.905000,3.960000,3.810000,3.840000,3.840000,611700
2020-06-15,3.840000,3.860000,3.720000,3.810000,3.810000,705900
2020-06-16,3.890000,3.960000,3.770000,3.780000,3.780000,388000
2020-06-17,3.730000,3.910000,3.680000,3.850000,3.850000,699800
2020-06-18,3.860000,3.910000,3.780000,3.790000,3.790000,300700
2020-06-19,3.870000,3.870000,3.680000,3.690000,3.690000,1380100
2020-06-22,3.710000,3.770000,3.710000,3.750000,3.750000,421300
2020-06-23,3.770000,3.842000,3.710000,3.740000,3.740000,391400
2020-06-24,3.740000,3.820000,3.685000,3.780000,3.780000,496100
2020-06-25,3.780000,3.920000,3.760000,3.910000,3.910000,571900
2020-06-26,3.860000,3.870000,3.750000,3.800000,3.800000,510800
2020-06-29,3.840000,3.840000,3.710000,3.770000,3.770000,191000
2020-06-30,3.740000,3.795000,3.680000,3.770000,3.770000,1168400
2020-07-01,3.760000,3.880000,3.760000,3.830000,3.830000,314800
2020-07-02,3.910000,4.050000,3.880000,4.050000,4.050000,363200
2020-07-06,4.090000,4.180000,4.073000,4.180000,4.180000,235100
2020-07-07,4.190000,4.230000,4.119000,4.200000,4.200000,380100
2020-07-08,4.260000,4.280000,4.160000,4.210000,4.210000,589200
2020-07-09,4.250000,4.260000,3.955000,3.960000,3.960000,366300
2020-07-10,3.980000,4.030000,3.882000,3.920000,3.920000,476900
2020-07-13,3.990000,4.074000,3.965000,4.040000,4.040000,268600
2020-07-14,4.060000,4.140000,3.988000,4.140000,4.140000,327400
2020-07-15,4.130000,4.140000,3.960000,4.030000,4.030000,408300
2020-07-16,3.970000,3.980000,3.890000,3.900000,3.900000,192400
2020-07-17,3.910000,3.970000,3.870000,3.880000,3.880000,328000
2020-07-20,3.880000,3.930000,3.855000,3.890000,3.890000,543100
2020-07-21,3.920000,3.941000,3.845000,3.850000,3.850000,384300
2020-07-22,3.830000,3.990000,3.815000,3.970000,3.970000,296800
2020-07-23,3.980000,4.142000,3.920000,3.950000,3.950000,580800
2020-07-24,3.990000,3.990000,3.920000,3.960000,3.960000,717600
2020-07-27,4.010000,4.040000,3.910000,3.990000,3.990000,359300
2020-07-28,3.990000,4.140000,3.970000,4.090000,4.090000,278500
2020-07-29,4.120000,4.200000,4.050000,4.140000,4.140000,260300
2020-07-30,4.080000,4.160000,4.080000,4.160000,4.160000,355200
2020-07-31,4.200000,4.220000,4.110000,4.180000,4.180000,280100
2020-08-03,4.160000,4.180000,4.070000,4.080000,4.080000,292500
2020-08-04,4.040000,4.080000,4.010000,4.020000,4.020000,254000
2020-08-05,4.050000,4.050000,3.940000,3.980000,3.980000,174700
2020-08-06,3.960000,4.055000,3.895000,4.030000,4.030000,218700
2020-08-07,4.000000,4.069000,3.970000,3.990000,3.990000,1045800
2020-08-10,4.010000,4.050000,3.860000,3.900000,3.900000,1111600
2020-08-11,3.890000,3.940000,3.795000,3.860000,3.860000,327700
2020-08-12,3.850000,3.910000,3.805000,3.870000,3.870000,357800