Date,Open,High,Low,Close,Adj Close,Volume
2017-03-01,159.300003,193.000000,159.300003,188.000000,188.000000,100
2017-03-02,187.500000,188.000000,187.000000,187.000000,187.000000,0
2017-03-03,197.000000,197.000000,197.000000,197.000000,197.000000,0
2017-03-06,197.000000,202.000000,197.000000,202.000000,202.000000,0
2017-03-07,205.000000,240.000000,205.000000,240.000000,240.000000,200
2017-03-08,233.000000,233.000000,233.000000,233.000000,233.000000,0
2017-03-09,200.000000,200.000000,176.000000,176.000000,176.000000,100
2017-03-10,229.000000,229.000000,229.000000,229.000000,229.000000,0
2017-03-13,227.800003,227.800003,215.000000,215.000000,215.000000,0
2017-03-14,215.000000,215.000000,215.000000,215.000000,215.000000,0
2017-03-15,224.600006,225.000000,220.000000,220.000000,220.000000,0
2017-03-16,222.000000,222.000000,220.000000,220.000000,220.000000,0
2017-03-17,220.000000,220.000000,220.000000,220.000000,220.000000,100
2017-03-20,219.000000,219.300003,218.000000,218.000000,218.000000,0
2017-03-21,213.699997,213.699997,190.000000,190.000000,190.000000,0
2017-03-22,197.000000,197.000000,197.000000,197.000000,197.000000,0
2017-03-23,213.000000,213.000000,213.000000,213.000000,213.000000,0
2017-03-24,215.000000,215.000000,215.000000,215.000000,215.000000,0
2017-03-27,213.000000,213.000000,210.000000,210.000000,210.000000,0
2017-03-28,210.000000,210.000000,210.000000,210.000000,210.000000,0
2017-03-29,215.000000,215.000000,215.000000,215.000000,215.000000,100
2017-03-30,214.000000,214.000000,212.000000,212.000000,212.000000,0
2017-03-31,212.000000,212.000000,212.000000,212.000000,212.000000,0
2017-04-03,214.300003,214.300003,205.000000,205.000000,205.000000,0
2017-04-04,205.000000,205.000000,205.000000,205.000000,205.000000,0
2017-04-05,205.000000,205.000000,205.000000,205.000000,205.000000,0
2017-04-06,210.000000,218.699997,210.000000,218.699997,218.699997,0
2017-04-07,213.000000,213.000000,213.000000,213.000000,213.000000,0
2017-04-10,218.399994,225.000000,215.000000,225.000000,225.000000,100
2017-04-11,225.000000,225.000000,223.000000,224.000000,224.000000,0
2017-04-12,225.000000,225.000000,224.000000,224.000000,224.000000,0
2017-04-13,224.000000,224.000000,224.000000,224.000000,224.000000,0
2017-04-17,224.000000,224.000000,224.000000,224.000000,224.000000,0
2017-04-18,224.000000,224.000000,224.000000,224.000000,224.000000,0
2017-04-19,224.000000,224.000000,224.000000,224.000000,224.000000,0
2017-04-20,220.000000,220.000000,220.000000,220.000000,220.000000,0
2017-04-21,220.000000,220.000000,220.000000,220.000000,220.000000,0
2017-04-24,220.000000,230.000000,220.000000,230.000000,230.000000,0
2017-04-25,230.000000,230.000000,230.000000,230.000000,230.000000,0
2017-04-26,220.000000,245.000000,219.300003,245.000000,245.000000,0
2017-04-27,231.800003,231.800003,231.800003,231.800003,231.800003,0
2017-04-28,230.399994,230.399994,226.000000,226.000000,226.000000,0
2017-05-01,226.000000,226.000000,226.000000,226.000000,226.000000,0
2017-05-02,221.800003,221.800003,221.800003,221.800003,221.800003,0
2017-05-03,222.000000,222.000000,222.000000,222.000000,222.000000,0
2017-05-04,222.000000,222.000000,222.000000,222.000000,222.000000,0
2017-05-05,220.000000,220.000000,220.000000,220.000000,220.000000,0
2017-05-08,220.000000,222.000000,220.000000,222.000000,222.000000,0
2017-05-09,222.000000,222.000000,222.000000,222.000000,222.000000,0
2017-05-10,222.000000,222.000000,222.000000,222.000000,222.000000,0
2017-05-11,222.000000,222.000000,222.000000,222.000000,222.000000,0
2017-05-12,222.000000,222.000000,222.000000,222.000000,222.000000,0
2017-05-15,222.000000,222.000000,222.000000,222.000000,222.000000,0
2017-05-16,222.000000,222.000000,222.000000,222.000000,222.000000,0
2017-05-17,207.000000,207.000000,207.000000,207.000000,207.000000,0
2017-05-18,207.000000,207.000000,207.000000,207.000000,207.000000,0
2017-05-19,210.000000,210.000000,210.000000,210.000000,210.000000,0
2017-05-22,195.000000,195.000000,194.000000,194.000000,194.000000,0
2017-05-23,214.000000,214.000000,214.000000,214.000000,214.000000,0
2017-05-24,198.000000,198.000000,198.000000,198.000000,198.000000,0
2017-05-25,198.000000,198.000000,174.000000,174.000000,174.000000,0
2017-05-26,198.000000,198.000000,198.000000,198.000000,198.000000,0
2017-05-30,224.000000,224.000000,200.000000,202.000000,202.000000,100
2017-05-31,209.000000,211.000000,205.000000,205.000000,205.000000,0
2017-06-01,205.000000,205.000000,205.000000,205.000000,205.000000,0
2017-06-02,205.000000,205.000000,205.000000,205.000000,205.000000,0
2017-06-05,205.399994,220.100006,205.399994,215.000000,215.000000,0
2017-06-06,215.000000,215.000000,215.000000,215.000000,215.000000,0
2017-06-07,215.000000,215.000000,215.000000,215.000000,215.000000,0
2017-06-08,184.100006,184.100006,179.000000,179.000000,179.000000,0
2017-06-09,179.000000,179.000000,179.000000,179.000000,179.000000,0
2017-06-12,179.000000,179.000000,179.000000,179.000000,179.000000,0
2017-06-13,179.000000,179.000000,179.000000,179.000000,179.000000,0
2017-06-14,179.000000,179.000000,179.000000,179.000000,179.000000,0
2017-06-15,179.000000,179.000000,179.000000,179.000000,179.000000,0
2017-06-16,189.600006,189.600006,189.500000,189.500000,189.500000,0
2017-06-19,200.000000,200.000000,189.399994,189.399994,189.399994,0
2017-06-20,189.399994,189.399994,189.399994,189.399994,189.399994,0
2017-06-21,189.399994,189.399994,189.399994,189.399994,189.399994,0
2017-06-22,175.000000,175.000000,175.000000,175.000000,175.000000,0
2017-06-23,189.000000,189.000000,189.000000,189.000000,189.000000,0
2017-06-26,180.000000,180.000000,178.600006,180.000000,180.000000,0
2017-06-27,177.800003,182.800003,177.800003,182.800003,182.800003,0
2017-06-28,182.800003,182.800003,182.800003,182.800003,182.800003,0
2017-06-29,180.000000,180.000000,180.000000,180.000000,180.000000,0
2017-06-30,185.100006,185.100006,175.000000,175.000000,175.000000,0
2017-07-03,175.000000,175.000000,175.000000,175.000000,175.000000,0
2017-07-05,175.000000,175.000000,175.000000,175.000000,175.000000,0
2017-07-06,171.000000,171.399994,171.000000,171.399994,171.399994,0
2017-07-07,171.399994,171.399994,171.399994,171.399994,171.399994,0
2017-07-10,171.399994,171.399994,171.399994,171.399994,171.399994,0
2017-07-11,171.399994,171.399994,171.399994,171.399994,171.399994,0
2017-07-12,171.399994,171.399994,171.399994,171.399994,171.399994,0
2017-07-13,171.399994,171.399994,171.399994,171.399994,171.399994,0
2017-07-14,171.399994,171.399994,171.399994,171.399994,171.399994,0
2017-07-17,171.399994,171.399994,171.399994,171.399994,171.399994,0
2017-07-18,171.399994,171.399994,171.399994,171.399994,171.399994,0
2017-07-19,171.399994,171.399994,171.399994,171.399994,171.399994,0
2017-07-20,171.399994,171.399994,171.399994,171.399994,171.399994,0
2017-07-21,171.399994,171.399994,171.399994,171.399994,171.399994,0
2017-07-24,171.399994,171.399994,171.399994,171.399994,171.399994,0
2017-07-25,171.399994,171.399994,171.399994,171.399994,171.399994,0
2017-07-26,163.199997,163.199997,163.199997,163.199997,163.199997,0
2017-07-27,163.199997,163.199997,163.199997,163.199997,163.199997,0
2017-07-28,163.199997,163.199997,163.199997,163.199997,163.199997,0
2017-07-31,141.000000,141.000000,138.000000,139.000000,139.000000,0
2017-08-01,138.000000,138.000000,137.000000,137.000000,137.000000,0
2017-08-02,137.000000,137.000000,137.000000,137.000000,137.000000,0
2017-08-03,158.000000,158.000000,149.000000,149.000000,149.000000,100
2017-08-04,172.800003,172.800003,172.800003,172.800003,172.800003,0
2017-08-07,172.800003,172.800003,172.800003,172.800003,172.800003,0
2017-08-08,172.800003,172.800003,172.800003,172.800003,172.800003,0
2017-08-09,172.800003,172.800003,172.800003,172.800003,172.800003,0
2017-08-10,125.099998,142.000000,121.000000,121.000000,121.000000,0
2017-08-11,121.099998,121.099998,121.099998,121.099998,121.099998,0
2017-08-14,121.099998,121.099998,121.099998,121.099998,121.099998,0
2017-08-15,121.099998,121.099998,121.099998,121.099998,121.099998,0
2017-08-16,121.099998,121.099998,121.099998,121.099998,121.099998,0
2017-08-17,121.099998,121.099998,121.099998,121.099998,121.099998,0
2017-08-18,131.899994,133.000000,106.000000,106.000000,106.000000,100
2017-08-21,106.400002,121.000000,106.400002,121.000000,121.000000,0
2017-08-22,121.000000,121.000000,121.000000,121.000000,121.000000,0
2017-08-23,110.500000,137.000000,79.800003,79.800003,79.800003,0
2017-08-24,79.800003,79.800003,79.800003,79.800003,79.800003,0
2017-08-25,79.800003,79.800003,79.800003,79.800003,79.800003,0
2017-08-28,79.800003,79.800003,79.800003,79.800003,79.800003,0
2017-08-29,79.800003,79.800003,79.800003,79.800003,79.800003,0
2017-08-30,114.599998,114.599998,114.599998,114.599998,114.599998,0
2017-08-31,114.599998,114.599998,114.599998,114.599998,114.599998,0
2017-09-01,114.599998,114.599998,114.599998,114.599998,114.599998,0
2017-09-05,114.599998,114.599998,114.599998,114.599998,114.599998,0
2017-09-06,114.599998,114.599998,114.599998,114.599998,114.599998,0
2017-09-07,114.599998,114.599998,114.599998,114.599998,114.599998,0
2017-09-08,114.599998,114.599998,114.599998,114.599998,114.599998,0
2017-09-11,114.599998,114.599998,114.599998,114.599998,114.599998,0
2017-09-12,114.599998,114.599998,114.599998,114.599998,114.599998,0
2017-09-13,114.599998,114.599998,114.599998,114.599998,114.599998,0
2017-09-14,114.599998,114.599998,114.599998,114.599998,114.599998,0
2017-09-15,114.599998,114.599998,114.599998,114.599998,114.599998,0
2017-09-18,97.199997,97.199997,97.199997,97.199997,97.199997,0
2017-09-19,97.199997,97.199997,97.199997,97.199997,97.199997,0
2017-09-20,97.199997,97.199997,97.199997,97.199997,97.199997,0
2017-09-21,97.199997,97.199997,97.199997,97.199997,97.199997,0
2017-09-22,97.199997,97.199997,97.199997,97.199997,97.199997,0
2017-09-25,97.199997,97.199997,97.199997,97.199997,97.199997,0
2017-09-26,97.199997,97.199997,97.199997,97.199997,97.199997,0
2017-09-27,97.199997,97.199997,97.199997,97.199997,97.199997,0
2017-09-28,97.199997,97.199997,97.199997,97.199997,97.199997,0
2017-09-29,97.199997,97.199997,97.199997,97.199997,97.199997,0
2017-10-02,97.199997,97.199997,97.199997,97.199997,97.199997,0
2017-10-03,97.199997,97.199997,97.199997,97.199997,97.199997,0
2017-10-04,97.199997,97.199997,97.199997,97.199997,97.199997,0
2017-10-05,97.199997,97.199997,97.199997,97.199997,97.199997,0
2017-10-06,97.199997,97.199997,97.199997,97.199997,97.199997,0
2017-10-09,97.199997,97.199997,97.199997,97.199997,97.199997,0
2017-10-10,97.199997,97.199997,97.199997,97.199997,97.199997,0
2017-10-11,75.699997,75.699997,74.099998,75.699997,75.699997,0
2017-10-12,75.699997,75.699997,75.699997,75.699997,75.699997,0
2017-10-13,75.699997,75.699997,75.699997,75.699997,75.699997,0
2017-10-16,75.699997,75.699997,75.699997,75.699997,75.699997,0
2017-10-17,75.699997,75.699997,75.699997,75.699997,75.699997,0
2017-10-18,71.699997,71.699997,71.699997,71.699997,71.699997,0
2017-10-19,71.699997,71.699997,71.699997,71.699997,71.699997,0
2017-10-20,67.000000,67.000000,67.000000,67.000000,67.000000,0
2017-10-23,67.000000,67.000000,67.000000,67.000000,67.000000,0
2017-10-24,66.800003,66.800003,66.800003,66.800003,66.800003,0
2017-10-25,66.800003,66.800003,66.800003,66.800003,66.800003,0
2017-10-26,66.800003,66.800003,66.800003,66.800003,66.800003,0
2017-10-27,66.800003,66.800003,66.800003,66.800003,66.800003,0
2017-10-30,66.000000,66.000000,66.000000,66.000000,66.000000,0
2017-10-31,50.200001,50.200001,48.700001,48.700001,48.700001,0
2017-11-01,48.700001,48.700001,48.700001,48.700001,48.700001,0
2017-11-02,48.700001,48.700001,48.700001,48.700001,48.700001,0
2017-11-03,16.200001,16.799999,15.500000,15.500000,15.500000,100
2017-11-06,15.500000,15.500000,15.500000,15.500000,15.500000,0
2017-11-07,15.500000,15.500000,15.500000,15.500000,15.500000,0
2017-11-08,15.500000,15.500000,15.500000,15.500000,15.500000,0
2017-11-09,15.500000,15.500000,15.500000,15.500000,15.500000,0
2017-11-10,19.700001,19.700001,19.700001,19.700001,19.700001,100
2017-11-13,19.700001,19.700001,19.700001,19.700001,19.700001,0
2017-11-14,19.700001,19.700001,19.700001,19.700001,19.700001,0
2017-11-15,19.700001,19.700001,19.700001,19.700001,19.700001,0
2017-11-16,19.700001,19.700001,19.700001,19.700001,19.700001,0
2017-11-17,19.700001,19.700001,19.700001,19.700001,19.700001,0
2017-11-20,39.500000,39.500000,39.500000,39.500000,39.500000,0
2017-11-21,38.000000,38.000000,31.700001,31.700001,31.700001,300
2017-11-22,31.700001,31.700001,31.700001,31.700001,31.700001,0
2017-11-24,30.799999,30.799999,30.799999,30.799999,30.799999,0
2017-11-27,26.700001,26.700001,26.700001,26.700001,26.700001,0
2017-11-28,26.700001,26.700001,26.700001,26.700001,26.700001,0
2017-11-29,26.700001,26.700001,26.700001,26.700001,26.700001,0
2017-11-30,19.900000,19.900000,19.900000,19.900000,19.900000,0
2017-12-01,16.600000,16.600000,16.200001,16.200001,16.200001,100
2017-12-04,16.200001,16.200001,16.200001,16.200001,16.200001,0
2017-12-05,16.200001,16.200001,16.200001,16.200001,16.200001,0
2017-12-06,16.200001,16.200001,16.200001,16.200001,16.200001,0
2017-12-07,32.900002,32.900002,32.900002,32.900002,32.900002,0
2017-12-08,35.500000,35.500000,34.500000,34.500000,34.500000,0
2017-12-11,34.500000,34.500000,34.500000,34.500000,34.500000,0
2017-12-12,86.099998,86.099998,62.599998,62.599998,62.599998,100
2017-12-13,74.099998,74.099998,74.099998,74.099998,74.099998,100
2017-12-14,58.900002,58.900002,54.500000,54.500000,54.500000,100
2017-12-15,53.500000,53.500000,53.500000,53.500000,53.500000,0
2017-12-18,50.900002,54.000000,50.900002,53.900002,53.900002,100
2017-12-19,77.000000,77.199997,73.400002,73.400002,73.400002,0
2017-12-20,70.400002,72.800003,64.900002,64.900002,64.900002,0
2017-12-21,66.599998,66.599998,66.599998,66.599998,66.599998,0
2017-12-22,55.400002,55.400002,55.400002,55.400002,55.400002,0
2017-12-26,55.400002,55.400002,55.400002,55.400002,55.400002,0
2017-12-27,58.799999,58.799999,58.799999,58.799999,58.799999,0
2017-12-28,58.400002,59.000000,52.200001,52.200001,52.200001,0
2017-12-29,52.400002,52.400002,50.799999,50.799999,50.799999,0
2018-01-02,50.400002,52.400002,44.400002,44.400002,44.400002,100
2018-01-03,43.700001,43.700001,42.599998,43.700001,43.700001,0
2018-01-04,51.400002,59.000000,51.400002,59.000000,59.000000,100
2018-01-05,54.900002,54.900002,51.000000,51.000000,51.000000,0
2018-01-08,51.000000,51.000000,51.000000,51.000000,51.000000,0
2018-01-09,51.900002,51.900002,51.900002,51.900002,51.900002,0
2018-01-10,42.900002,42.900002,42.099998,42.099998,42.099998,0
2018-01-11,42.099998,42.099998,42.099998,42.099998,42.099998,0
2018-01-12,49.000000,49.799999,40.299999,40.500000,40.500000,0
2018-01-16,40.500000,40.500000,40.500000,40.500000,40.500000,0
2018-01-17,44.000000,44.000000,40.599998,40.599998,40.599998,0
2018-01-18,40.599998,40.599998,40.599998,40.599998,40.599998,0
2018-01-19,40.000000,40.000000,40.000000,40.000000,40.000000,0
2018-01-22,38.200001,38.200001,36.700001,36.700001,36.700001,0
2018-01-23,36.700001,36.700001,36.700001,36.700001,36.700001,0
2018-01-24,36.700001,36.700001,36.700001,36.700001,36.700001,0
2018-01-25,36.700001,36.700001,36.700001,36.700001,36.700001,0
2018-01-26,40.799999,40.799999,40.799999,40.799999,40.799999,0
2018-01-29,40.799999,40.799999,40.799999,40.799999,40.799999,0
2018-01-30,40.799999,40.799999,40.799999,40.799999,40.799999,0
2018-01-31,48.299999,50.700001,48.299999,50.000000,50.000000,0
2018-02-01,50.000000,50.000000,50.000000,50.000000,50.000000,0
2018-02-02,50.000000,50.000000,50.000000,50.000000,50.000000,0
2018-02-05,50.000000,50.000000,50.000000,50.000000,50.000000,0
2018-02-06,50.000000,50.000000,50.000000,50.000000,50.000000,0
2018-02-07,50.000000,50.000000,50.000000,50.000000,50.000000,0
2018-02-08,49.599998,49.599998,49.599998,49.599998,49.599998,0
2018-02-09,49.599998,49.599998,49.599998,49.599998,49.599998,0
2018-02-12,49.599998,49.599998,49.599998,49.599998,49.599998,0
2018-02-13,49.599998,49.599998,49.599998,49.599998,49.599998,0
2018-02-14,41.000000,41.000000,41.000000,41.000000,41.000000,0
2018-02-15,41.000000,41.000000,41.000000,41.000000,41.000000,0
2018-02-16,41.000000,41.000000,41.000000,41.000000,41.000000,0
2018-02-20,50.200001,50.200001,50.200001,50.200001,50.200001,0
2018-02-21,50.200001,50.200001,50.200001,50.200001,50.200001,0
2018-02-22,51.900002,51.900002,51.900002,51.900002,51.900002,0
2018-02-23,51.599998,51.599998,51.599998,51.599998,51.599998,0
2018-02-26,40.599998,40.599998,40.599998,40.599998,40.599998,0
2018-02-27,40.599998,40.599998,40.599998,40.599998,40.599998,0
2018-02-28,40.599998,40.599998,40.599998,40.599998,40.599998,0
2018-03-01,40.599998,40.599998,40.599998,40.599998,40.599998,0
2018-03-02,40.599998,40.599998,40.599998,40.599998,40.599998,0
2018-03-05,40.599998,40.599998,40.599998,40.599998,40.599998,0
2018-03-06,40.599998,40.599998,40.599998,40.599998,40.599998,0
2018-03-07,40.599998,40.599998,40.599998,40.599998,40.599998,0
2018-03-08,40.599998,40.599998,40.599998,40.599998,40.599998,0
2018-03-09,40.599998,40.599998,40.599998,40.599998,40.599998,0
2018-03-12,39.500000,39.500000,39.500000,39.500000,39.500000,0
2018-03-13,39.500000,39.500000,39.500000,39.500000,39.500000,0
2018-03-14,34.900002,34.900002,34.900002,34.900002,34.900002,0
2018-03-15,34.900002,34.900002,34.900002,34.900002,34.900002,0
2018-03-16,30.400000,30.400000,30.400000,30.400000,30.400000,0
2018-03-19,30.400000,30.400000,30.400000,30.400000,30.400000,0
2018-03-20,30.400000,30.400000,30.400000,30.400000,30.400000,0
2018-03-21,30.400000,30.400000,30.400000,30.400000,30.400000,0
2018-03-22,30.400000,30.400000,30.400000,30.400000,30.400000,0
2018-03-23,30.400000,30.400000,30.400000,30.400000,30.400000,0
2018-03-26,30.400000,30.400000,30.400000,30.400000,30.400000,0
2018-03-27,30.400000,30.400000,30.400000,30.400000,30.400000,0
2018-03-28,27.100000,27.100000,27.100000,27.100000,27.100000,0
2018-03-29,27.100000,27.100000,27.100000,27.100000,27.100000,0
2018-04-02,27.100000,27.100000,27.100000,27.100000,27.100000,0
2018-04-03,27.100000,27.100000,27.100000,27.100000,27.100000,0
2018-04-04,27.100000,27.100000,27.100000,27.100000,27.100000,0
2018-04-05,27.100000,27.100000,27.100000,27.100000,27.100000,0
2018-04-06,27.400000,27.400000,27.400000,27.400000,27.400000,0
2018-04-09,27.400000,27.400000,27.400000,27.400000,27.400000,0
2018-04-10,27.400000,27.400000,27.400000,27.400000,27.400000,0
2018-04-11,27.400000,27.400000,27.400000,27.400000,27.400000,0
2018-04-12,27.400000,27.400000,27.400000,27.400000,27.400000,0
2018-04-13,27.400000,27.400000,27.400000,27.400000,27.400000,0
2018-04-16,27.400000,27.400000,27.400000,27.400000,27.400000,0
2018-04-17,27.400000,27.400000,27.400000,27.400000,27.400000,0
2018-04-18,27.400000,27.400000,27.400000,27.400000,27.400000,0
2018-04-19,27.400000,27.400000,27.400000,27.400000,27.400000,0
2018-04-20,27.400000,27.400000,27.400000,27.400000,27.400000,0
2018-04-23,27.400000,27.400000,27.400000,27.400000,27.400000,0
2018-04-24,27.400000,27.400000,27.400000,27.400000,27.400000,0
2018-04-25,27.400000,27.400000,27.400000,27.400000,27.400000,0
2018-04-26,27.400000,27.400000,27.400000,27.400000,27.400000,0
2018-04-27,27.400000,27.400000,27.400000,27.400000,27.400000,0
2018-04-30,27.400000,27.400000,27.400000,27.400000,27.400000,0
2018-05-01,27.400000,27.400000,27.400000,27.400000,27.400000,0
2018-05-02,27.400000,27.400000,27.400000,27.400000,27.400000,0
2018-05-03,27.400000,27.400000,27.400000,27.400000,27.400000,0
2018-05-04,27.400000,27.400000,27.400000,27.400000,27.400000,0
2018-05-07,27.400000,27.400000,27.400000,27.400000,27.400000,0
2018-05-08,27.400000,27.400000,27.400000,27.400000,27.400000,0
2018-05-09,27.400000,27.400000,27.400000,27.400000,27.400000,0
2018-05-10,34.900002,35.500000,34.900002,34.900002,34.900002,100
2018-05-11,30.900000,30.900000,30.900000,30.900000,30.900000,0
2018-05-14,30.900000,30.900000,30.900000,30.900000,30.900000,0
2018-05-15,31.400000,31.400000,30.500000,30.799999,30.799999,0
2018-05-16,30.799999,30.799999,30.799999,30.799999,30.799999,0
2018-05-17,30.799999,30.799999,30.799999,30.799999,30.799999,0
2018-05-18,30.799999,30.799999,30.799999,30.799999,30.799999,0
2018-05-21,30.799999,30.799999,30.799999,30.799999,30.799999,0
2018-05-22,30.799999,30.799999,30.799999,30.799999,30.799999,0
2018-05-23,30.000000,30.000000,30.000000,30.000000,30.000000,100
2018-05-24,30.000000,30.000000,30.000000,30.000000,30.000000,0
2018-05-25,30.000000,30.000000,30.000000,30.000000,30.000000,0
2018-05-29,28.600000,28.600000,28.600000,28.600000,28.600000,0
2018-05-30,30.600000,30.600000,30.600000,30.600000,30.600000,0
2018-05-31,30.600000,30.600000,30.600000,30.600000,30.600000,0
2018-06-01,39.099998,39.099998,39.099998,39.099998,39.099998,0
2018-06-04,39.099998,39.099998,39.099998,39.099998,39.099998,0
2018-06-05,39.099998,39.099998,39.099998,39.099998,39.099998,0
2018-06-06,39.099998,39.099998,39.099998,39.099998,39.099998,0
2018-06-07,39.099998,39.099998,39.099998,39.099998,39.099998,0
2018-06-08,39.099998,39.099998,39.099998,39.099998,39.099998,0
2018-06-11,39.000000,39.000000,39.000000,39.000000,39.000000,0
2018-06-12,39.000000,39.000000,39.000000,39.000000,39.000000,0
2018-06-13,38.400002,38.400002,38.400002,38.400002,38.400002,0
2018-06-14,38.700001,40.799999,38.099998,40.799999,40.799999,0
2018-06-15,38.000000,46.000000,38.000000,46.000000,46.000000,400
2018-06-18,47.000000,47.000000,45.700001,45.900002,45.900002,0
2018-06-19,44.299999,45.700001,40.000000,40.000000,40.000000,100
2018-06-20,41.700001,46.799999,41.700001,46.200001,46.200001,100
2018-06-21,46.200001,46.200001,43.000000,43.000000,43.000000,0
2018-06-22,46.000000,47.400002,46.000000,47.099998,47.099998,200
2018-06-25,46.500000,46.500000,42.799999,42.799999,42.799999,0
2018-06-26,44.599998,44.799999,43.400002,43.400002,43.400002,0
2018-06-27,44.000000,44.000000,41.299999,41.700001,41.700001,100
2018-06-28,38.099998,40.900002,38.099998,40.299999,40.299999,200
2018-06-29,45.000000,45.000000,43.700001,44.000000,44.000000,100
2018-07-02,44.000000,44.000000,44.000000,44.000000,44.000000,0
2018-07-03,42.400002,42.400002,42.400002,42.400002,42.400002,0
2018-07-05,41.599998,42.799999,40.599998,40.599998,40.599998,0
2018-07-06,41.599998,41.599998,39.200001,39.200001,39.200001,100
2018-07-09,38.500000,38.500000,37.099998,37.099998,37.099998,0
2018-07-10,30.100000,34.000000,30.100000,34.000000,34.000000,100
2018-07-11,33.299999,34.200001,32.200001,34.099998,34.099998,100
2018-07-12,34.000000,34.000000,34.000000,34.000000,34.000000,0
2018-07-13,30.799999,30.799999,30.000000,30.400000,30.400000,0
2018-07-16,30.400000,30.400000,30.400000,30.400000,30.400000,0
2018-07-17,29.400000,30.000000,29.200001,29.200001,29.200001,100
2018-07-18,29.200001,29.200001,29.200001,29.200001,29.200001,0
2018-07-19,23.200001,29.000000,22.100000,22.299999,22.299999,0
2018-07-20,22.299999,22.600000,22.299999,22.600000,22.600000,0
2018-07-23,29.000000,29.000000,29.000000,29.000000,29.000000,0
2018-07-24,30.000000,30.000000,28.000000,28.000000,28.000000,0
2018-07-25,29.200001,29.200001,29.000000,29.000000,29.000000,0
2018-07-26,29.000000,29.000000,29.000000,29.000000,29.000000,0
2018-07-27,27.000000,27.000000,27.000000,27.000000,27.000000,0
2018-07-30,26.400000,26.400000,26.400000,26.400000,26.400000,0
2018-07-31,26.400000,26.400000,26.400000,26.400000,26.400000,0
2018-08-01,19.600000,22.600000,19.600000,22.600000,22.600000,0
2018-08-02,25.400000,25.400000,25.000000,25.000000,25.000000,0
2018-08-03,27.000000,27.000000,27.000000,27.000000,27.000000,0
2018-08-06,27.000000,27.000000,27.000000,27.000000,27.000000,0
2018-08-07,26.799999,26.799999,22.700001,22.700001,22.700001,0
2018-08-08,26.299999,26.299999,22.799999,22.799999,22.799999,0
2018-08-09,22.799999,22.799999,22.799999,22.799999,22.799999,0
2018-08-10,22.799999,22.799999,22.799999,22.799999,22.799999,0
2018-08-13,22.700001,22.700001,22.700001,22.700001,22.700001,0
2018-08-14,23.700001,23.700001,23.299999,23.299999,23.299999,100
2018-08-15,22.900000,22.900000,22.900000,22.900000,22.900000,0
2018-08-16,22.900000,22.900000,22.900000,22.900000,22.900000,0
2018-08-17,22.600000,22.600000,22.600000,22.600000,22.600000,0
2018-08-20,22.600000,22.600000,22.600000,22.600000,22.600000,0
2018-08-21,22.600000,22.600000,22.600000,22.600000,22.600000,0
2018-08-22,22.600000,22.600000,22.600000,22.600000,22.600000,0
2018-08-23,22.600000,22.600000,22.600000,22.600000,22.600000,0
2018-08-24,26.500000,26.500000,26.500000,26.500000,26.500000,0
2018-08-27,30.400000,30.400000,29.500000,29.500000,29.500000,100
2018-08-28,29.500000,29.500000,29.500000,29.500000,29.500000,0
2018-08-29,29.000000,29.000000,29.000000,29.000000,29.000000,0
2018-08-30,26.400000,26.400000,26.400000,26.400000,26.400000,0
2018-08-31,26.400000,26.400000,26.400000,26.400000,26.400000,0
2018-09-04,26.400000,26.400000,26.400000,26.400000,26.400000,0
2018-09-05,26.400000,26.400000,26.400000,26.400000,26.400000,0
2018-09-06,26.400000,26.400000,26.400000,26.400000,26.400000,0
2018-09-07,26.400000,26.400000,26.400000,26.400000,26.400000,0
2018-09-10,26.400000,26.400000,26.400000,26.400000,26.400000,0
2018-09-11,30.500000,30.500000,30.500000,30.500000,30.500000,0
2018-09-12,30.500000,30.500000,30.500000,30.500000,30.500000,0
2018-09-13,30.500000,30.500000,30.500000,30.500000,30.500000,0
2018-09-14,30.500000,30.500000,30.500000,30.500000,30.500000,0
2018-09-17,30.500000,30.500000,30.500000,30.500000,30.500000,0
2018-09-18,30.500000,30.500000,30.500000,30.500000,30.500000,0
2018-09-19,30.500000,30.500000,30.500000,30.500000,30.500000,0
2018-09-20,30.500000,30.500000,30.500000,30.500000,30.500000,0
2018-09-21,30.500000,30.500000,30.500000,30.500000,30.500000,0
2018-09-24,30.500000,30.500000,30.500000,30.500000,30.500000,0
2018-09-25,30.500000,30.500000,30.500000,30.500000,30.500000,0
2018-09-26,30.500000,30.500000,30.500000,30.500000,30.500000,0
2018-09-27,30.500000,30.500000,30.500000,30.500000,30.500000,0
2018-09-28,30.500000,30.500000,30.500000,30.500000,30.500000,0
2018-10-01,29.799999,29.799999,29.799999,29.799999,29.799999,100
2018-10-02,29.799999,29.799999,29.799999,29.799999,29.799999,0
2018-10-03,29.799999,29.799999,29.799999,29.799999,29.799999,0
2018-10-04,29.799999,29.799999,29.799999,29.799999,29.799999,0
2018-10-05,29.799999,29.799999,29.799999,29.799999,29.799999,0
2018-10-08,29.799999,29.799999,29.799999,29.799999,29.799999,0
2018-10-09,29.799999,29.799999,29.799999,29.799999,29.799999,0
2018-10-10,29.799999,29.799999,29.799999,29.799999,29.799999,0
2018-10-11,29.799999,29.799999,29.799999,29.799999,29.799999,0
2018-10-12,29.799999,29.799999,29.799999,29.799999,29.799999,0
2018-10-15,29.799999,29.799999,29.799999,29.799999,29.799999,0
2018-10-16,29.799999,29.799999,29.799999,29.799999,29.799999,0
2018-10-17,29.799999,29.799999,29.799999,29.799999,29.799999,0
2018-10-18,23.600000,23.600000,23.600000,23.600000,23.600000,0
2018-10-19,25.200001,25.200001,25.200001,25.200001,25.200001,0
2018-10-22,26.000000,26.000000,26.000000,26.000000,26.000000,0
2018-10-23,24.400000,24.400000,24.400000,24.400000,24.400000,0
2018-10-24,24.400000,24.400000,24.400000,24.400000,24.400000,0
2018-10-25,24.400000,24.400000,24.400000,24.400000,24.400000,0
2018-10-26,19.900000,19.900000,19.900000,19.900000,19.900000,0
2018-10-29,19.900000,19.900000,19.900000,19.900000,19.900000,0
2018-10-30,22.100000,22.100000,22.100000,22.100000,22.100000,0
2018-10-31,22.100000,22.100000,22.100000,22.100000,22.100000,0
2018-11-01,22.100000,22.100000,22.100000,22.100000,22.100000,0
2018-11-02,22.100000,22.100000,22.100000,22.100000,22.100000,0
2018-11-05,22.100000,22.100000,22.100000,22.100000,22.100000,0
2018-11-06,22.100000,22.100000,22.100000,22.100000,22.100000,0
2018-11-07,22.100000,22.100000,22.100000,22.100000,22.100000,0
2018-11-08,26.200001,26.200001,26.200001,26.200001,26.200001,0
2018-11-09,26.200001,26.200001,26.200001,26.200001,26.200001,0
2018-11-12,26.200001,26.200001,26.200001,26.200001,26.200001,0
2018-11-13,26.200001,26.200001,26.200001,26.200001,26.200001,0
2018-11-14,26.200001,26.200001,26.200001,26.200001,26.200001,0
2018-11-15,26.200001,26.200001,26.200001,26.200001,26.200001,0
2018-11-16,26.200001,26.200001,26.200001,26.200001,26.200001,0
2018-11-19,26.200001,26.200001,26.200001,26.200001,26.200001,0
2018-11-20,26.200001,26.200001,26.200001,26.200001,26.200001,0
2018-11-21,26.200001,26.200001,26.200001,26.200001,26.200001,0
2018-11-23,26.200001,26.200001,26.200001,26.200001,26.200001,0
2018-11-26,26.200001,26.200001,26.200001,26.200001,26.200001,0
2018-11-27,26.200001,26.200001,26.200001,26.200001,26.200001,0
2018-11-28,12.100000,12.100000,12.100000,12.100000,12.100000,0
2018-11-29,12.100000,12.100000,12.100000,12.100000,12.100000,0
2018-11-30,12.000000,15.000000,12.000000,15.000000,15.000000,100
2018-12-03,15.000000,15.000000,15.000000,15.000000,15.000000,0
2018-12-04,15.000000,15.000000,15.000000,15.000000,15.000000,0
2018-12-06,15.000000,15.000000,15.000000,15.000000,15.000000,0
2018-12-07,15.000000,15.000000,15.000000,15.000000,15.000000,100
2018-12-10,15.000000,15.000000,15.000000,15.000000,15.000000,0
2018-12-11,15.000000,15.000000,15.000000,15.000000,15.000000,0
2018-12-12,15.000000,15.000000,15.000000,15.000000,15.000000,0
2018-12-13,15.000000,15.000000,15.000000,15.000000,15.000000,0
2018-12-14,12.700000,12.700000,12.700000,12.700000,12.700000,0
2018-12-17,12.700000,12.700000,12.700000,12.700000,12.700000,0
2018-12-18,12.700000,12.700000,12.700000,12.700000,12.700000,0
2018-12-19,13.400000,13.400000,13.400000,13.400000,13.400000,0
2018-12-20,14.800000,14.800000,14.800000,14.800000,14.800000,0
2018-12-21,14.800000,14.800000,14.800000,14.800000,14.800000,0
2018-12-24,14.800000,14.800000,14.800000,14.800000,14.800000,0
2018-12-26,14.000000,14.000000,14.000000,14.000000,14.000000,0
2018-12-27,13.200000,13.200000,13.200000,13.200000,13.200000,0
2018-12-28,13.200000,13.200000,13.200000,13.200000,13.200000,0
2018-12-31,13.200000,13.200000,13.200000,13.200000,13.200000,0
2019-01-02,13.200000,13.200000,13.200000,13.200000,13.200000,0
2019-01-03,13.200000,13.200000,13.200000,13.200000,13.200000,0
2019-01-04,13.200000,13.200000,13.200000,13.200000,13.200000,0
2019-01-07,17.299999,17.299999,17.299999,17.299999,17.299999,0
2019-01-08,17.299999,17.299999,17.299999,17.299999,17.299999,0
2019-01-09,17.299999,17.299999,17.299999,17.299999,17.299999,0
2019-01-10,17.299999,17.299999,17.299999,17.299999,17.299999,0
2019-01-11,17.299999,17.299999,17.299999,17.299999,17.299999,0
2019-01-14,17.299999,17.299999,17.299999,17.299999,17.299999,0
2019-01-15,17.299999,17.299999,17.299999,17.299999,17.299999,0
2019-01-16,17.299999,17.299999,17.299999,17.299999,17.299999,0
2019-01-17,17.299999,17.299999,17.299999,17.299999,17.299999,0
2019-01-18,17.299999,17.299999,17.299999,17.299999,17.299999,0
2019-01-22,17.299999,17.299999,17.299999,17.299999,17.299999,0
2019-01-23,17.299999,17.299999,17.299999,17.299999,17.299999,0
2019-01-24,17.299999,17.299999,17.299999,17.299999,17.299999,0
2019-01-25,17.299999,17.299999,17.299999,17.299999,17.299999,0
2019-01-28,17.299999,17.299999,17.299999,17.299999,17.299999,0
2019-01-29,17.299999,17.299999,17.299999,17.299999,17.299999,0
2019-01-30,17.299999,17.299999,17.299999,17.299999,17.299999,0
2019-01-31,17.299999,17.299999,17.299999,17.299999,17.299999,0
2019-02-01,17.299999,17.299999,17.299999,17.299999,17.299999,0
2019-02-04,17.299999,17.299999,17.299999,17.299999,17.299999,0
2019-02-05,17.299999,17.299999,17.299999,17.299999,17.299999,0
2019-02-06,17.299999,17.299999,17.299999,17.299999,17.299999,0
2019-02-07,17.299999,17.299999,17.299999,17.299999,17.299999,0
2019-02-08,17.299999,17.299999,17.299999,17.299999,17.299999,0
2019-02-11,17.299999,17.299999,17.299999,17.299999,17.299999,0
2019-02-12,17.299999,17.299999,17.299999,17.299999,17.299999,0
2019-02-13,17.299999,17.299999,17.299999,17.299999,17.299999,0
2019-02-14,17.299999,17.299999,17.299999,17.299999,17.299999,0
2019-02-15,17.299999,17.299999,17.299999,17.299999,17.299999,0
2019-02-19,13.600000,13.600000,10.700000,10.700000,10.700000,0
2019-02-20,10.700000,10.700000,10.700000,10.700000,10.700000,0
2019-02-21,10.700000,10.700000,10.700000,10.700000,10.700000,0
2019-02-22,8.900000,8.900000,8.900000,8.900000,8.900000,0
2019-02-25,8.900000,8.900000,8.900000,8.900000,8.900000,0
2019-02-26,8.900000,8.900000,8.900000,8.900000,8.900000,0
2019-02-27,8.900000,8.900000,8.900000,8.900000,8.900000,0
2019-02-28,14.000000,14.000000,13.600000,13.600000,13.600000,0
2019-03-01,12.800000,13.100000,12.800000,13.100000,13.100000,100
2019-03-04,13.000000,14.000000,13.000000,14.000000,14.000000,0
2019-03-05,14.000000,14.000000,14.000000,14.000000,14.000000,0
2019-03-06,13.100000,13.100000,13.100000,13.100000,13.100000,0
2019-03-07,13.800000,13.800000,13.800000,13.800000,13.800000,0
2019-03-08,13.800000,13.800000,13.800000,13.800000,13.800000,0
2019-03-11,12.500000,13.600000,12.100000,13.600000,13.600000,1400
2019-03-12,13.300000,13.600000,11.800000,13.400000,13.400000,45900
2019-03-13,14.100000,14.100000,12.200000,12.200000,12.200000,13500
2019-03-14,13.700000,13.700000,13.700000,13.700000,13.700000,1000
2019-03-15,14.000000,14.000000,12.400000,12.400000,12.400000,5500
2019-03-18,12.100000,12.100000,12.100000,12.100000,12.100000,5000
2019-03-19,13.200000,13.200000,13.200000,13.200000,13.200000,1000
2019-03-20,13.200000,13.200000,13.200000,13.200000,13.200000,1500
2019-03-21,12.900000,12.900000,12.900000,12.900000,12.900000,8000
2019-03-22,11.700000,13.400000,11.700000,12.900000,12.900000,11100
2019-03-25,12.900000,12.900000,12.900000,12.900000,12.900000,0
2019-03-26,12.500000,12.500000,12.500000,12.500000,12.500000,1000
2019-03-27,12.700000,12.700000,12.700000,12.700000,12.700000,200
2019-03-28,12.400000,12.400000,11.300000,11.300000,11.300000,1000
2019-03-29,11.800000,12.900000,11.800000,12.900000,12.900000,1300
2019-04-01,13.000000,13.700000,12.900000,13.000000,13.000000,33100
2019-04-02,13.000000,13.000000,13.000000,13.000000,13.000000,100
2019-04-03,13.000000,13.600000,13.000000,13.000000,13.000000,2300
2019-04-04,13.000000,13.000000,13.000000,13.000000,13.000000,0
2019-04-05,11.800000,11.800000,10.700000,10.700000,10.700000,16200
2019-04-08,10.700000,10.700000,10.700000,10.700000,10.700000,0
2019-04-09,10.300000,10.300000,10.300000,10.300000,10.300000,4000
2019-04-10,10.300000,10.300000,10.300000,10.300000,10.300000,3000
2019-04-11,10.100000,10.100000,10.100000,10.100000,10.100000,2500
2019-04-12,10.100000,10.100000,10.100000,10.100000,10.100000,0
2019-04-15,10.100000,10.100000,10.100000,10.100000,10.100000,0
2019-04-16,10.100000,10.100000,10.100000,10.100000,10.100000,0
2019-04-17,9.600000,9.600000,9.600000,9.600000,9.600000,3000
2019-04-18,9.500000,9.500000,9.500000,9.500000,9.500000,15000
2019-04-22,9.200000,9.200000,9.200000,9.200000,9.200000,500
2019-04-23,9.200000,9.200000,9.200000,9.200000,9.200000,0
2019-04-24,9.200000,9.200000,9.200000,9.200000,9.200000,0
2019-04-25,9.200000,9.200000,9.200000,9.200000,9.200000,0
2019-04-26,9.200000,9.200000,9.200000,9.200000,9.200000,0
2019-04-29,9.200000,9.200000,9.200000,9.200000,9.200000,0
2019-04-30,9.200000,9.200000,9.200000,9.200000,9.200000,0
2019-05-01,9.200000,9.200000,9.200000,9.200000,9.200000,0
2019-05-02,9.200000,9.200000,9.200000,9.200000,9.200000,0
2019-05-03,9.200000,9.200000,9.200000,9.200000,9.200000,0
2019-05-06,9.200000,9.200000,9.200000,9.200000,9.200000,0
2019-05-07,9.200000,9.200000,9.200000,9.200000,9.200000,0
2019-05-08,9.200000,9.200000,9.200000,9.200000,9.200000,0
2019-05-09,9.200000,9.200000,9.200000,9.200000,9.200000,0
2019-05-10,9.200000,9.200000,9.200000,9.200000,9.200000,0
2019-05-13,9.600000,9.600000,9.600000,9.600000,9.600000,2500
2019-05-14,8.400000,8.400000,8.400000,8.400000,8.400000,4000
2019-05-15,8.400000,8.400000,8.400000,8.400000,8.400000,0
2019-05-16,8.400000,8.400000,8.400000,8.400000,8.400000,0
2019-05-17,8.400000,8.400000,8.400000,8.400000,8.400000,0
2019-05-20,8.400000,8.400000,8.400000,8.400000,8.400000,0
2019-05-21,10.800000,18.299999,10.300000,15.200000,15.200000,2861600
2019-05-22,15.900000,17.400000,13.300000,14.800000,14.800000,1845100
2019-05-23,13.900000,16.000000,13.000000,13.900000,13.900000,1119800
2019-05-24,14.600000,14.900000,10.300000,11.800000,11.800000,589000
2019-05-28,13.000000,13.000000,9.000000,9.000000,9.000000,351800
2019-05-29,9.000000,10.000000,8.000000,8.000000,8.000000,253000
2019-05-30,8.500000,9.000000,7.100000,7.700000,7.700000,195400
2019-05-31,9.400000,9.400000,7.700000,8.000000,8.000000,87400
2019-06-03,7.100000,8.800000,7.100000,7.500000,7.500000,138900
2019-06-04,6.900000,8.300000,6.200000,8.000000,8.000000,163100
2019-06-05,7.100000,7.700000,6.800000,7.000000,7.000000,61800
2019-06-06,6.400000,7.800000,6.400000,7.100000,7.100000,11000
2019-06-07,7.500000,8.400000,7.100000,7.200000,7.200000,13400
2019-06-10,7.700000,8.600000,7.100000,7.100000,7.100000,58600
2019-06-11,6.400000,7.200000,6.400000,7.000000,7.000000,25400
2019-06-12,6.600000,8.300000,6.600000,7.200000,7.200000,73700
2019-06-13,6.800000,7.800000,6.800000,7.200000,7.200000,8600
2019-06-14,7.200000,8.000000,6.700000,7.200000,7.200000,38500
2019-06-17,6.300000,7.900000,6.300000,6.800000,6.800000,69300
2019-06-18,8.700000,8.700000,6.200000,6.700000,6.700000,114000
2019-06-19,6.900000,7.300000,5.200000,5.200000,5.200000,97400
2019-06-20,5.500000,7.700000,5.500000,6.200000,6.200000,67900
2019-06-21,7.500000,7.800000,5.700000,6.100000,6.100000,39400
2019-06-24,6.000000,6.700000,5.300000,5.500000,5.500000,92300
2019-06-25,5.000000,7.300000,5.000000,5.500000,5.500000,12500
2019-06-26,5.600000,7.000000,5.300000,5.400000,5.400000,44400
2019-06-27,6.200000,6.200000,4.400000,4.700000,4.700000,20700
2019-06-28,6.000000,6.000000,4.600000,4.700000,4.700000,8000
2019-07-01,4.700000,5.200000,4.600000,4.600000,4.600000,11700
2019-07-02,5.100000,6.900000,5.100000,5.300000,5.300000,39800
2019-07-03,6.000000,7.000000,5.300000,7.000000,7.000000,21700
2019-07-05,4.700000,5.500000,4.100000,4.300000,4.300000,68300
2019-07-08,4.300000,5.000000,4.300000,5.000000,5.000000,5000
2019-07-09,4.800000,5.000000,4.100000,5.000000,5.000000,15600
2019-07-10,5.600000,5.600000,4.800000,4.800000,4.800000,7100
2019-07-11,4.900000,4.900000,4.000000,4.000000,4.000000,14500
2019-07-12,3.300000,4.000000,3.300000,4.000000,4.000000,18800
2019-07-15,2.800000,5.200000,2.800000,3.200000,3.200000,82200
2019-07-16,3.100000,4.200000,3.000000,3.200000,3.200000,40800
2019-07-17,2.900000,3.200000,2.900000,2.900000,2.900000,11100
2019-07-18,2.600000,3.600000,2.500000,3.100000,3.100000,28500
2019-07-19,2.600000,3.100000,2.600000,3.100000,3.100000,33300
2019-07-22,2.600000,3.600000,2.600000,3.000000,3.000000,67300
2019-07-23,3.000000,3.000000,3.000000,3.000000,3.000000,800
2019-07-24,3.100000,3.200000,2.600000,2.900000,2.900000,10700
2019-07-25,2.700000,2.900000,2.700000,2.900000,2.900000,1500
2019-07-26,2.600000,2.700000,2.500000,2.500000,2.500000,2600
2019-07-29,2.100000,3.000000,2.000000,3.000000,3.000000,87600
2019-07-30,2.800000,3.000000,2.500000,3.000000,3.000000,6300
2019-07-31,2.500000,2.500000,2.100000,2.100000,2.100000,7400
2019-08-01,2.100000,2.400000,2.100000,2.400000,2.400000,88300
2019-08-02,3.000000,3.000000,2.200000,2.200000,2.200000,9100
2019-08-05,2.000000,2.000000,2.000000,2.000000,2.000000,1200
2019-08-06,2.000000,2.800000,2.000000,2.700000,2.700000,90800
2019-08-07,2.900000,2.900000,2.000000,2.200000,2.200000,2300
2019-08-08,2.000000,2.900000,2.000000,2.000000,2.000000,40300
2019-08-09,2.900000,3.000000,2.200000,2.200000,2.200000,59800
2019-08-12,2.300000,3.500000,2.300000,3.500000,3.500000,107400
2019-08-13,3.800000,3.800000,3.000000,3.000000,3.000000,17000
2019-08-14,3.000000,3.800000,3.000000,3.000000,3.000000,1000
2019-08-15,2.100000,2.600000,2.100000,2.500000,2.500000,35800
2019-08-16,2.500000,2.500000,2.500000,2.500000,2.500000,0
2019-08-19,3.100000,3.100000,3.100000,3.100000,3.100000,100
2019-08-20,2.400000,2.600000,2.100000,2.100000,2.100000,5000
2019-08-21,2.400000,2.600000,2.100000,2.600000,2.600000,2100
2019-08-22,2.500000,2.500000,2.500000,2.500000,2.500000,500
2019-08-23,2.700000,2.700000,2.300000,2.300000,2.300000,1400
2019-08-26,2.400000,2.400000,2.300000,2.300000,2.300000,6500
2019-08-27,2.300000,2.300000,2.300000,2.300000,2.300000,101000
2019-08-28,2.200000,2.200000,2.200000,2.200000,2.200000,900
2019-08-29,2.200000,2.200000,2.200000,2.200000,2.200000,11100
2019-08-30,2.700000,2.700000,2.600000,2.600000,2.600000,1500
2019-09-03,2.200000,2.700000,2.200000,2.700000,2.700000,15400
2019-09-04,2.500000,2.500000,2.500000,2.500000,2.500000,200
2019-09-05,3.100000,3.200000,2.800000,2.800000,2.800000,35900
2019-09-06,3.900000,3.900000,3.900000,3.900000,3.900000,13100
2019-09-09,4.300000,4.300000,3.500000,3.500000,3.500000,17000
2019-09-10,3.200000,4.400000,3.200000,3.400000,3.400000,7000
2019-09-11,3.600000,5.000000,3.400000,4.000000,4.000000,17000
2019-09-12,3.900000,3.900000,3.900000,3.900000,3.900000,10000
2019-09-13,3.200000,3.400000,3.200000,3.400000,3.400000,1600
2019-09-16,3.400000,3.400000,3.400000,3.400000,3.400000,12100
2019-09-17,3.700000,4.100000,3.700000,4.100000,4.100000,3300
2019-09-18,3.300000,3.300000,3.300000,3.300000,3.300000,100
2019-09-19,3.300000,3.400000,3.100000,3.100000,3.100000,41200
2019-09-20,2.800000,3.300000,2.700000,2.700000,2.700000,43000
2019-09-23,3.300000,3.300000,2.500000,2.500000,2.500000,4900
2019-09-24,2.700000,3.100000,2.700000,2.900000,2.900000,1200
2019-09-25,2.900000,2.900000,2.900000,2.900000,2.900000,0
2019-09-26,2.200000,2.600000,2.200000,2.600000,2.600000,600
2019-09-27,2.600000,2.600000,2.600000,2.600000,2.600000,400
2019-09-30,2.600000,2.600000,2.600000,2.600000,2.600000,200
2019-10-01,2.000000,2.100000,2.000000,2.100000,2.100000,1700
2019-10-02,2.100000,2.100000,2.100000,2.100000,2.100000,0
2019-10-03,2.300000,2.300000,2.300000,2.300000,2.300000,1000
2019-10-04,2.300000,2.300000,2.300000,2.300000,2.300000,0
2019-10-07,2.400000,2.400000,2.400000,2.400000,2.400000,100
2019-10-08,2.700000,2.700000,2.700000,2.700000,2.700000,100
2019-10-09,2.100000,2.100000,2.100000,2.100000,2.100000,1200
2019-10-10,2.300000,2.300000,2.300000,2.300000,2.300000,1800
2019-10-11,2.100000,2.100000,2.100000,2.100000,2.100000,100
2019-10-14,2.400000,3.000000,2.400000,3.000000,3.000000,2800
2019-10-15,2.300000,2.500000,2.300000,2.500000,2.500000,3100
2019-10-16,2.500000,2.500000,2.500000,2.500000,2.500000,100
2019-10-17,3.000000,3.000000,3.000000,3.000000,3.000000,10000
2019-10-18,3.000000,3.000000,3.000000,3.000000,3.000000,0
2019-10-21,1.700000,2.100000,1.700000,2.100000,2.100000,7100
2019-10-22,1.300000,1.700000,0.700000,1.200000,1.200000,182000
2019-10-23,0.900000,1.200000,0.800000,1.200000,1.200000,105000
2019-10-24,1.200000,1.200000,1.200000,1.200000,1.200000,0
2019-10-25,1.150000,1.150000,1.150000,1.150000,1.150000,0
2019-10-28,0.957000,1.100000,0.945000,0.945000,0.945000,6800
2019-10-29,0.945000,1.320000,0.764000,0.764000,0.764000,3500
2019-10-30,0.764000,0.951000,0.764000,0.951000,0.951000,2600
2019-10-31,0.951000,0.951000,0.951000,0.951000,0.951000,0
2019-11-01,0.951000,0.951000,0.951000,0.951000,0.951000,0
2019-11-04,0.951000,0.951000,0.951000,0.951000,0.951000,0
2019-11-05,0.951000,0.951000,0.951000,0.951000,0.951000,100
2019-11-06,0.751000,0.751000,0.626000,0.660000,0.660000,2300
2019-11-07,0.626000,0.626000,0.626000,0.626000,0.626000,1400
2019-11-08,0.626000,0.626000,0.626000,0.626000,0.626000,100
2019-11-11,0.788000,0.788000,0.783000,0.783000,0.783000,600
2019-11-12,0.783000,0.783000,0.783000,0.783000,0.783000,100
2019-11-13,0.783000,0.783000,0.783000,0.783000,0.783000,0
2019-11-14,0.783000,0.783000,0.783000,0.783000,0.783000,0
2019-11-15,0.783000,0.783000,0.783000,0.783000,0.783000,0
2019-11-18,0.783000,0.783000,0.783000,0.783000,0.783000,100
2019-11-19,0.784000,0.784000,0.784000,0.784000,0.784000,300
2019-11-20,0.784000,0.784000,0.784000,0.784000,0.784000,1100
2019-11-21,0.784000,0.784000,0.784000,0.784000,0.784000,100
2019-11-22,0.784000,0.784000,0.784000,0.784000,0.784000,0
2019-11-25,0.784000,0.784000,0.784000,0.784000,0.784000,0
2019-11-26,0.784000,0.784000,0.784000,0.784000,0.784000,2900
2019-11-27,0.784000,0.784000,0.784000,0.784000,0.784000,0
2019-11-29,0.779000,0.779000,0.526000,0.526000,0.526000,6500
2019-12-02,0.722000,0.722000,0.722000,0.722000,0.722000,1100
2019-12-03,0.723000,0.723000,0.723000,0.723000,0.723000,1100
2019-12-04,0.608000,0.892000,0.608000,0.892000,0.892000,4000
2019-12-05,0.973000,1.500000,0.960000,1.480000,1.480000,5900
2019-12-06,1.000000,1.480000,0.760000,1.480000,1.480000,4100
2019-12-09,1.420000,1.560000,1.420000,1.560000,1.560000,400
2019-12-10,1.560000,1.560000,0.804000,1.500000,1.500000,10600
2019-12-11,1.160000,1.160000,1.160000,1.160000,1.160000,1800
2019-12-12,1.070000,1.149000,1.050000,1.050000,1.050000,1500
2019-12-13,1.049000,1.100000,1.049000,1.100000,1.100000,6700
2019-12-16,1.050000,1.050000,1.020000,1.020000,1.020000,500
2019-12-17,0.871000,0.871000,0.871000,0.871000,0.871000,600
2019-12-18,0.860000,0.860000,0.768000,0.769000,0.769000,8500
2019-12-19,0.710000,0.711000,0.710000,0.711000,0.711000,1000
2019-12-20,0.700000,0.720000,0.628000,0.720000,0.720000,13500
2019-12-23,0.720000,0.720000,0.720000,0.720000,0.720000,7100
2019-12-24,0.672000,0.672000,0.600000,0.600000,0.600000,5100
2019-12-26,0.706000,0.706000,0.706000,0.706000,0.706000,200
2019-12-27,0.706000,0.706000,0.706000,0.706000,0.706000,0
2019-12-30,0.682000,0.771000,0.630000,0.771000,0.771000,2900
2019-12-31,0.771000,0.771000,0.771000,0.771000,0.771000,0
2020-01-02,0.765000,0.765000,0.765000,0.765000,0.765000,200
2020-01-03,0.765000,0.765000,0.765000,0.765000,0.765000,0
2020-01-06,0.765000,0.765000,0.765000,0.765000,0.765000,0
2020-01-07,0.765000,0.765000,0.765000,0.765000,0.765000,0
2020-01-08,0.750000,0.750000,0.697000,0.697000,0.697000,1200
2020-01-09,0.697000,0.697000,0.697000,0.697000,0.697000,0
2020-01-10,0.697000,0.697000,0.697000,0.697000,0.697000,0
2020-01-13,0.697000,0.697000,0.697000,0.697000,0.697000,0
2020-01-14,0.697000,0.697000,0.697000,0.697000,0.697000,0
2020-01-15,0.697000,0.697000,0.697000,0.697000,0.697000,0
2020-01-16,0.572000,0.572000,0.572000,0.572000,0.572000,1000
2020-01-17,0.410000,0.410000,0.410000,0.410000,0.410000,200
2020-01-21,0.410000,0.410000,0.410000,0.410000,0.410000,0
2020-01-22,0.410000,0.410000,0.410000,0.410000,0.410000,0
2020-01-23,0.410000,0.410000,0.410000,0.410000,0.410000,0
2020-01-24,0.410000,0.410000,0.410000,0.410000,0.410000,0
2020-01-27,0.481000,0.481000,0.481000,0.481000,0.481000,200
2020-01-28,0.495000,0.497000,0.495000,0.497000,0.497000,1000
2020-01-29,0.497000,0.497000,0.497000,0.497000,0.497000,0
2020-01-30,0.382000,0.382000,0.382000,0.382000,0.382000,200
2020-01-31,0.383000,0.383000,0.383000,0.383000,0.383000,100
2020-02-03,0.383000,0.383000,0.383000,0.383000,0.383000,0
2020-02-04,0.383000,0.383000,0.383000,0.383000,0.383000,0
2020-02-05,0.383000,0.383000,0.383000,0.383000,0.383000,0
2020-02-06,0.383000,0.383000,0.383000,0.383000,0.383000,0
2020-02-07,0.372000,0.372000,0.372000,0.372000,0.372000,400
2020-02-10,0.372000,0.372000,0.372000,0.372000,0.372000,0
2020-02-11,0.372000,0.372000,0.372000,0.372000,0.372000,0
2020-02-12,0.372000,0.372000,0.372000,0.372000,0.372000,0
2020-02-13,0.488000,0.488000,0.488000,0.488000,0.488000,500
2020-02-14,0.770000,0.770000,0.390000,0.450000,0.450000,2000
2020-02-18,0.450000,0.450000,0.450000,0.450000,0.450000,0
2020-02-19,0.442000,0.442000,0.442000,0.442000,0.442000,500
2020-02-20,0.442000,0.442000,0.442000,0.442000,0.442000,0
2020-02-21,0.442000,0.442000,0.442000,0.442000,0.442000,0
2020-02-24,0.442000,0.442000,0.442000,0.442000,0.442000,0
2020-02-25,0.442000,0.442000,0.442000,0.442000,0.442000,0
2020-02-26,0.498000,0.967000,0.432000,0.967000,0.967000,7500
2020-02-27,0.431000,0.431000,0.410000,0.410000,0.410000,2900
2020-02-28,0.410000,0.410000,0.410000,0.410000,0.410000,0
2020-03-02,0.550000,0.550000,0.550000,0.550000,0.550000,600
2020-03-03,0.550000,0.550000,0.550000,0.550000,0.550000,0
2020-03-04,0.650000,0.650000,0.483000,0.483000,0.483000,900
2020-03-05,0.483000,0.483000,0.483000,0.483000,0.483000,0
2020-03-06,0.483000,0.483000,0.483000,0.483000,0.483000,0
2020-03-09,0.487000,0.487000,0.424000,0.424000,0.424000,1300
2020-03-10,0.424000,0.424000,0.424000,0.424000,0.424000,0
2020-03-11,0.344000,0.344000,0.344000,0.344000,0.344000,200
2020-03-12,0.420000,0.424000,0.420000,0.424000,0.424000,600
2020-03-13,0.422000,0.422000,0.422000,0.422000,0.422000,200
2020-03-16,0.422000,0.422000,0.422000,0.422000,0.422000,0
2020-03-17,0.422000,0.422000,0.422000,0.422000,0.422000,0
2020-03-18,0.422000,0.422000,0.422000,0.422000,0.422000,0
2020-03-19,0.271000,0.274000,0.271000,0.274000,0.274000,300
2020-03-20,0.231000,0.231000,0.231000,0.231000,0.231000,200
2020-03-23,0.272000,0.404000,0.272000,0.404000,0.404000,800
2020-03-24,0.405000,0.405000,0.271000,0.271000,0.271000,500
2020-03-25,0.271000,0.271000,0.271000,0.271000,0.271000,0
2020-03-26,0.271000,0.271000,0.271000,0.271000,0.271000,0
2020-03-27,0.271000,0.271000,0.271000,0.271000,0.271000,0
2020-03-30,0.271000,0.271000,0.271000,0.271000,0.271000,0
2020-03-31,0.271000,0.271000,0.271000,0.271000,0.271000,0
2020-04-01,0.271000,0.271000,0.271000,0.271000,0.271000,0
2020-04-02,0.268000,0.268000,0.268000,0.268000,0.268000,300
2020-04-03,0.268000,0.268000,0.268000,0.268000,0.268000,0
2020-04-06,0.268000,0.268000,0.268000,0.268000,0.268000,0
2020-04-07,0.412000,0.412000,0.412000,0.412000,0.412000,100
2020-04-08,0.410000,0.410000,0.410000,0.410000,0.410000,100
2020-04-09,0.410000,0.410000,0.410000,0.410000,0.410000,0
2020-04-13,0.258000,0.258000,0.258000,0.258000,0.258000,100
2020-04-14,0.429000,0.454000,0.429000,0.453000,0.453000,3800
2020-04-15,0.453000,0.453000,0.453000,0.453000,0.453000,0
2020-04-16,0.453000,0.453000,0.453000,0.453000,0.453000,0
2020-04-17,0.453000,0.453000,0.453000,0.453000,0.453000,0
2020-04-20,0.453300,0.453300,0.453300,0.453300,0.453300,0
2020-04-21,0.453300,0.453300,0.453300,0.453300,0.453300,0
2020-04-22,0.453300,0.453300,0.453300,0.453300,0.453300,0
2020-04-23,0.453300,0.453300,0.453300,0.453300,0.453300,0
2020-04-24,0.453300,0.453300,0.453300,0.453300,0.453300,0
2020-04-27,0.453300,0.453300,0.453300,0.453300,0.453300,0
2020-04-28,0.453300,0.453300,0.453300,0.453300,0.453300,0
2020-04-29,0.453300,0.453300,0.453300,0.453300,0.453300,0
2020-04-30,0.453000,0.453000,0.453000,0.453000,0.453000,0
2020-05-01,0.453300,0.453300,0.453300,0.453300,0.453300,0
2020-05-04,0.453300,0.453300,0.453300,0.453300,0.453300,0
2020-05-05,0.518500,1.010000,0.518500,1.010000,1.010000,1038
2020-05-06,1.010000,1.010000,1.010000,1.010000,1.010000,0
2020-05-07,0.974650,0.974650,0.974650,0.974650,0.974650,202
2020-05-08,0.974650,0.974650,0.974650,0.974650,0.974650,0
2020-05-11,0.996800,0.996800,0.996800,0.996800,0.996800,142
2020-05-12,0.996800,0.996800,0.996800,0.996800,0.996800,0
2020-05-13,0.886550,0.886550,0.886550,0.886550,0.886550,252
2020-05-14,0.930000,0.965300,0.878240,0.920000,0.920000,61340
2020-05-15,0.914300,0.920000,0.807400,0.813600,0.813600,20499
2020-05-18,0.970000,1.128000,0.830000,0.830000,0.830000,160876
2020-05-19,0.876900,0.978000,0.823200,0.924900,0.924900,80485
2020-05-20,0.934900,0.940700,0.879700,0.920000,0.920000,57071
2020-05-21,0.950000,0.950000,0.800000,0.880000,0.880000,62969
2020-05-22,0.850000,0.920000,0.850000,0.878000,0.878000,15300
2020-05-26,0.950000,1.106000,0.927000,1.030000,1.030000,258800
2020-05-27,1.080000,1.080000,0.839000,0.839000,0.839000,162900
2020-05-28,0.960000,1.450000,0.935000,1.080000,1.080000,360200
2020-05-29,1.120000,1.210000,1.010000,1.010000,1.010000,226200
2020-06-01,1.100000,1.212000,1.060000,1.110000,1.110000,277700
2020-06-02,1.300000,1.300000,1.020000,1.040000,1.040000,154900
2020-06-03,1.040000,1.078000,0.980000,1.022000,1.022000,101700
2020-06-04,1.040000,1.040000,0.840000,0.840000,0.840000,64200
2020-06-05,0.890000,0.936000,0.746000,0.788000,0.788000,108200
2020-06-08,0.785000,0.785000,0.637000,0.691000,0.691000,129900
2020-06-09,0.630000,0.651000,0.510000,0.536000,0.536000,80800
2020-06-10,0.540000,0.608000,0.500000,0.522000,0.522000,31200
2020-06-11,0.479000,0.526000,0.454000,0.496000,0.496000,40500