Date,Open,High,Low,Close,Adj Close,Volume
2014-11-19,136.000000,179.600006,129.600006,159.759995,159.759995,613400
2014-11-20,181.399994,192.160004,170.000000,188.800003,188.800003,360500
2014-11-21,190.000000,190.000000,158.240005,169.119995,169.119995,168700
2014-11-24,163.360001,168.800003,152.559998,156.399994,156.399994,88100
2014-11-25,161.600006,161.600006,139.440002,143.279999,143.279999,92300
2014-11-26,143.839996,150.399994,135.600006,138.399994,138.399994,77400
2014-11-28,138.399994,141.119995,122.080002,122.559998,122.559998,52400
2014-12-01,121.599998,121.599998,108.000000,109.599998,109.599998,73700
2014-12-02,110.000000,127.199997,108.000000,125.599998,125.599998,124700
2014-12-03,126.160004,132.639999,116.800003,117.680000,117.680000,66500
2014-12-04,115.599998,119.199997,109.919998,112.480003,112.480003,30800
2014-12-05,115.599998,115.599998,104.080002,112.800003,112.800003,30900
2014-12-08,112.959999,124.720001,108.160004,117.919998,117.919998,54100
2014-12-09,116.320000,127.279999,114.000000,123.680000,123.680000,49100
2014-12-10,126.400002,131.039993,116.800003,119.519997,119.519997,57300
2014-12-11,122.239998,125.919998,114.400002,116.239998,116.239998,33500
2014-12-12,113.680000,123.919998,113.199997,121.919998,121.919998,15100
2014-12-15,121.120003,122.400002,111.599998,112.879997,112.879997,22400
2014-12-16,110.000000,114.959999,108.559998,110.080002,110.080002,18000
2014-12-17,114.000000,115.839996,104.080002,105.680000,105.680000,23800
2014-12-18,108.480003,109.440002,94.559998,100.639999,100.639999,54100
2014-12-19,100.720001,101.919998,88.559998,89.519997,89.519997,120500
2014-12-22,88.639999,95.031998,82.879997,84.800003,84.800003,69000
2014-12-23,84.879997,86.800003,80.000000,81.199997,81.199997,50600
2014-12-24,81.120003,89.991997,81.120003,88.080002,88.080002,42500
2014-12-26,88.080002,94.000000,88.080002,89.360001,89.360001,61200
2014-12-29,88.800003,90.320000,84.480003,84.959999,84.959999,22300
2014-12-30,84.160004,87.360001,84.160004,86.080002,86.080002,13600
2014-12-31,86.559998,87.568001,81.199997,82.080002,82.080002,31700
2015-01-02,82.959999,84.559998,80.800003,81.199997,81.199997,19300
2015-01-05,81.120003,85.199997,80.480003,82.639999,82.639999,31500
2015-01-06,83.279999,91.199997,83.199997,90.480003,90.480003,69900
2015-01-07,93.199997,94.000000,84.800003,85.919998,85.919998,43200
2015-01-08,86.400002,90.239998,85.279999,87.680000,87.680000,32500
2015-01-09,88.000000,89.120003,85.040001,86.720001,86.720001,25400
2015-01-12,98.080002,101.199997,90.400002,94.000000,94.000000,129000
2015-01-13,93.919998,97.440002,86.160004,87.120003,87.120003,62700
2015-01-14,84.000000,88.320000,80.959999,85.519997,85.519997,33300
2015-01-15,87.599998,87.599998,82.000000,82.400002,82.400002,27400
2015-01-16,82.559998,84.879997,82.000000,83.440002,83.440002,16100
2015-01-20,83.519997,84.400002,81.519997,81.680000,81.680000,11400
2015-01-21,81.599998,82.760002,73.040001,76.000000,76.000000,62000
2015-01-22,76.160004,76.720001,70.000000,73.760002,73.760002,41700
2015-01-23,73.360001,73.360001,68.639999,68.959999,68.959999,45300
2015-01-26,68.320000,72.559998,64.400002,71.519997,71.519997,31100
2015-01-27,70.160004,77.680000,68.559998,76.559998,76.559998,38800
2015-01-28,77.199997,77.503998,73.040001,76.000000,76.000000,17900
2015-01-29,77.040001,77.040001,71.919998,74.239998,74.239998,10800
2015-01-30,73.839996,74.879997,69.199997,70.239998,70.239998,9000
2015-02-02,70.239998,70.239998,66.800003,67.440002,67.440002,15500
2015-02-03,69.760002,74.160004,68.800003,72.080002,72.080002,27800
2015-02-04,72.800003,74.751999,72.000000,72.800003,72.800003,11500
2015-02-05,72.639999,78.559998,72.239998,78.480003,78.480003,25400
2015-02-06,79.440002,79.440002,75.279999,78.480003,78.480003,11100
2015-02-09,80.000000,80.000000,76.000000,76.080002,76.080002,7100
2015-02-10,76.320000,76.400002,72.800003,74.080002,74.080002,13300
2015-02-11,74.080002,74.800003,71.760002,73.199997,73.199997,14000
2015-02-12,74.000000,74.000000,72.080002,73.120003,73.120003,21700
2015-02-13,72.800003,73.599998,71.279999,71.599998,71.599998,9500
2015-02-17,71.760002,72.000000,70.080002,70.559998,70.559998,5500
2015-02-18,70.239998,70.639999,68.959999,69.760002,69.760002,5800
2015-02-19,70.800003,72.000000,66.480003,71.040001,71.040001,16600
2015-02-20,70.959999,71.360001,68.879997,70.000000,70.000000,12100
2015-02-23,70.000000,71.599998,66.720001,67.839996,67.839996,35400
2015-02-24,80.800003,93.120003,76.400002,89.599998,89.599998,676400
2015-02-25,93.040001,118.000000,90.000000,111.199997,111.199997,1238300
2015-02-26,104.400002,107.919998,94.239998,94.400002,94.400002,364000
2015-02-27,98.800003,139.199997,97.440002,129.360001,129.360001,1641000
2015-03-02,128.000000,141.279999,116.000000,120.320000,120.320000,1094100
2015-03-03,120.080002,127.199997,116.559998,118.000000,118.000000,203400
2015-03-04,116.800003,123.519997,113.599998,119.279999,119.279999,165200
2015-03-05,139.520004,157.039993,132.399994,136.559998,136.559998,1602000
2015-03-06,140.000000,147.360001,130.639999,139.520004,139.520004,535200
2015-03-09,144.000000,146.399994,132.160004,135.600006,135.600006,369700
2015-03-10,131.039993,139.199997,127.120003,137.839996,137.839996,184500
2015-03-11,136.800003,138.552002,127.199997,127.680000,127.680000,189200
2015-03-12,127.440002,131.279999,111.440002,111.760002,111.760002,306000
2015-03-13,109.839996,119.040001,108.080002,114.239998,114.239998,155100
2015-03-16,114.320000,114.320000,101.360001,102.000000,102.000000,129400
2015-03-17,103.839996,111.120003,100.879997,107.919998,107.919998,117800
2015-03-18,107.440002,107.760002,102.720001,104.080002,104.080002,73500
2015-03-19,105.680000,116.959999,104.000000,108.480003,108.480003,185100
2015-03-20,109.279999,111.599998,104.080002,109.360001,109.360001,142300
2015-03-23,109.199997,111.519997,105.199997,106.559998,106.559998,60300
2015-03-24,106.480003,115.440002,106.040001,109.199997,109.199997,99300
2015-03-25,108.000000,109.199997,101.519997,104.720001,104.720001,65600
2015-03-26,103.519997,104.935997,100.639999,101.199997,101.199997,45100
2015-03-27,101.440002,106.559998,98.800003,105.760002,105.760002,50800
2015-03-30,106.480003,107.599998,102.239998,104.639999,104.639999,40700
2015-03-31,104.480003,104.480003,101.599998,102.559998,102.559998,26300
2015-04-01,102.480003,103.239998,99.199997,99.919998,99.919998,31100
2015-04-02,100.000000,101.279999,95.360001,97.120003,97.120003,42800
2015-04-06,96.000000,98.400002,92.239998,92.959999,92.959999,47200
2015-04-07,93.440002,101.040001,93.440002,100.959999,100.959999,75400
2015-04-08,119.760002,124.800003,109.407997,112.000000,112.000000,721100
2015-04-09,110.160004,111.879997,105.751999,106.959999,106.959999,87200
2015-04-10,106.879997,114.800003,104.800003,107.760002,107.760002,93700
2015-04-13,108.160004,109.320000,104.800003,106.160004,106.160004,34700
2015-04-14,107.279999,114.800003,104.248001,111.279999,111.279999,119400
2015-04-15,115.760002,119.199997,112.480003,114.800003,114.800003,132000
2015-04-16,113.360001,117.199997,112.800003,113.680000,113.680000,44200
2015-04-17,113.120003,113.199997,106.400002,107.680000,107.680000,62500
2015-04-20,109.040001,113.680000,106.559998,106.959999,106.959999,39800
2015-04-21,108.080002,110.000000,106.000000,106.559998,106.559998,21000
2015-04-22,107.279999,108.344002,105.199997,106.080002,106.080002,24600
2015-04-23,106.400002,113.919998,105.599998,109.599998,109.599998,79700
2015-04-24,110.239998,111.120003,106.400002,106.800003,106.800003,50400
2015-04-27,106.959999,108.000000,98.879997,99.199997,99.199997,80600
2015-04-28,99.199997,100.000000,92.320000,96.480003,96.480003,60400
2015-04-29,95.919998,98.232002,92.800003,92.959999,92.959999,34600
2015-04-30,93.199997,95.360001,90.800003,92.959999,92.959999,34500
2015-05-01,93.360001,96.959999,93.360001,94.959999,94.959999,24200
2015-05-04,94.559998,99.599998,93.760002,97.760002,97.760002,38400
2015-05-05,97.760002,99.199997,94.879997,99.199997,99.199997,22300
2015-05-06,99.360001,100.720001,94.000000,95.440002,95.440002,30500
2015-05-07,97.279999,98.103996,94.480003,96.959999,96.959999,15500
2015-05-08,97.360001,99.120003,90.000000,94.400002,94.400002,57200
2015-05-11,94.400002,95.199997,91.199997,94.400002,94.400002,31000
2015-05-12,93.919998,94.320000,92.000000,92.959999,92.959999,26100
2015-05-13,92.639999,95.120003,92.000000,93.040001,93.040001,33500
2015-05-14,96.000000,106.639999,90.239998,101.680000,101.680000,219200
2015-05-15,102.400002,103.519997,96.959999,99.680000,99.680000,78600
2015-05-18,100.800003,101.519997,94.000000,95.120003,95.120003,46700
2015-05-19,94.879997,97.879997,92.559998,94.959999,94.959999,40300
2015-05-20,95.519997,95.519997,92.800003,92.959999,92.959999,24300
2015-05-21,93.199997,93.599998,90.239998,92.480003,92.480003,32800
2015-05-22,96.000000,104.639999,95.599998,101.839996,101.839996,128500
2015-05-26,102.800003,107.839996,102.400002,103.680000,103.680000,90700
2015-05-27,104.639999,106.400002,102.160004,103.199997,103.199997,61200
2015-05-28,102.720001,114.160004,101.680000,111.120003,111.120003,149700
2015-05-29,112.559998,123.199997,111.599998,115.199997,115.199997,201600
2015-06-01,115.839996,120.000000,105.440002,114.000000,114.000000,92700
2015-06-02,114.480003,115.279999,108.400002,109.680000,109.680000,70100
2015-06-03,111.120003,117.199997,108.000000,116.639999,116.639999,93900
2015-06-04,120.000000,125.279999,112.800003,114.080002,114.080002,169700
2015-06-05,114.320000,115.360001,108.800003,111.760002,111.760002,87700
2015-06-08,112.400002,118.000000,112.239998,114.480003,114.480003,77700
2015-06-09,117.040001,117.512001,110.680000,112.160004,112.160004,75700
2015-06-10,113.199997,113.839996,108.800003,109.360001,109.360001,62900
2015-06-11,110.000000,113.279999,108.720001,112.559998,112.559998,37900
2015-06-12,113.599998,113.599998,110.160004,113.120003,113.120003,32300
2015-06-15,113.599998,124.639999,112.000000,121.199997,121.199997,264300
2015-06-16,123.199997,124.400002,114.639999,118.720001,118.720001,108900
2015-06-17,118.160004,127.680000,118.160004,125.360001,125.360001,170100
2015-06-18,127.599998,130.639999,120.000000,121.839996,121.839996,138400
2015-06-19,121.199997,123.839996,118.400002,120.320000,120.320000,58700
2015-06-22,121.919998,129.600006,120.879997,126.320000,126.320000,120700
2015-06-23,136.000000,140.000000,129.440002,130.240005,130.240005,399900
2015-06-24,128.479996,131.199997,124.239998,125.839996,125.839996,95500
2015-06-25,126.400002,130.000000,117.040001,120.320000,120.320000,141200
2015-06-26,119.120003,120.311996,113.440002,117.120003,117.120003,213600
2015-06-29,113.120003,115.839996,109.440002,109.760002,109.760002,68100
2015-06-30,111.199997,113.199997,108.800003,108.879997,108.879997,49700
2015-07-01,110.160004,114.959999,109.360001,111.919998,111.919998,60300
2015-07-02,112.639999,115.440002,110.639999,112.400002,112.400002,48700
2015-07-06,116.000000,119.711998,109.599998,111.279999,111.279999,134900
2015-07-07,111.279999,112.239998,104.400002,107.360001,107.360001,69700
2015-07-08,105.839996,106.472000,101.680000,104.239998,104.239998,59900
2015-07-09,106.000000,110.639999,104.984001,107.440002,107.440002,49000
2015-07-10,107.680000,114.239998,107.599998,112.800003,112.800003,88700
2015-07-13,114.239998,115.040001,110.400002,111.760002,111.760002,55800
2015-07-14,111.760002,115.839996,110.400002,114.959999,114.959999,43300
2015-07-15,118.160004,122.239998,112.080002,114.400002,114.400002,92900
2015-07-16,114.400002,117.599998,113.040001,115.040001,115.040001,21100
2015-07-17,118.000000,118.000000,111.599998,114.000000,114.000000,26300
2015-07-20,113.440002,113.440002,110.400002,112.000000,112.000000,22600
2015-07-21,112.320000,113.440002,107.199997,107.839996,107.839996,40800
2015-07-22,112.000000,115.919998,109.040001,114.959999,114.959999,100900
2015-07-23,116.400002,119.599998,114.400002,115.279999,115.279999,76100
2015-07-24,114.959999,116.639999,110.959999,115.599998,115.599998,50000
2015-07-27,114.320000,115.279999,111.040001,114.879997,114.879997,45700
2015-07-28,114.639999,114.856003,111.568001,112.800003,112.800003,25300
2015-07-29,112.480003,113.599998,110.160004,110.959999,110.959999,36700
2015-07-30,110.400002,113.839996,109.199997,113.760002,113.760002,27100
2015-07-31,113.360001,117.431999,112.000000,112.879997,112.879997,38600
2015-08-03,113.760002,116.800003,112.000000,112.639999,112.639999,31600
2015-08-04,112.239998,115.208000,112.000000,113.199997,113.199997,25900
2015-08-05,116.400002,119.599998,110.400002,111.120003,111.120003,71900
2015-08-06,110.879997,112.648003,102.400002,105.440002,105.440002,51100
2015-08-07,105.599998,106.320000,102.160004,104.639999,104.639999,34800
2015-08-10,105.519997,107.599998,103.160004,104.559998,104.559998,37500
2015-08-11,102.879997,105.120003,102.400002,104.559998,104.559998,33200
2015-08-12,103.599998,104.695999,101.199997,103.440002,103.440002,23900
2015-08-13,103.199997,105.440002,100.000000,100.559998,100.559998,33900
2015-08-14,100.000000,101.440002,98.400002,100.879997,100.879997,21200
2015-08-17,100.000000,100.559998,98.639999,99.440002,99.440002,24500
2015-08-18,99.680000,100.279999,93.120003,93.279999,93.279999,51800
2015-08-19,90.400002,92.320000,87.279999,87.839996,87.839996,47100
2015-08-20,82.559998,85.440002,77.599998,80.320000,80.320000,76700
2015-08-21,78.080002,81.760002,76.239998,80.400002,80.400002,44100
2015-08-24,70.080002,76.239998,66.248001,71.919998,71.919998,72100
2015-08-25,79.199997,79.199997,70.400002,70.559998,70.559998,50400
2015-08-26,70.879997,73.120003,68.024002,73.120003,73.120003,42500
2015-08-27,73.680000,74.080002,71.360001,72.720001,72.720001,30300
2015-08-28,72.800003,79.760002,72.000000,79.680000,79.680000,35600
2015-08-31,79.519997,79.919998,75.199997,76.080002,76.080002,24700
2015-09-01,74.639999,77.519997,73.599998,74.080002,74.080002,24700
2015-09-02,74.639999,76.800003,71.311996,73.360001,73.360001,41500
2015-09-03,73.599998,74.160004,71.279999,72.080002,72.080002,17000
2015-09-04,71.199997,73.120003,71.040001,72.320000,72.320000,10500
2015-09-08,72.959999,77.440002,72.320000,76.639999,76.639999,30500
2015-09-09,77.760002,78.800003,74.160004,75.760002,75.760002,24500
2015-09-10,75.440002,77.760002,75.199997,76.559998,76.559998,24200
2015-09-11,76.000000,79.199997,76.000000,78.720001,78.720001,19200
2015-09-14,79.199997,84.160004,78.879997,79.360001,79.360001,42900
2015-09-15,79.839996,80.000000,74.000000,76.480003,76.480003,28000
2015-09-16,76.879997,79.120003,76.239998,76.879997,76.879997,22700
2015-09-17,76.559998,78.400002,75.839996,77.680000,77.680000,15300
2015-09-18,76.239998,81.584000,76.160004,79.199997,79.199997,65300
2015-09-21,80.320000,82.639999,75.440002,77.440002,77.440002,36500
2015-09-22,76.320000,78.400002,73.279999,75.199997,75.199997,26000
2015-09-23,75.040001,76.480003,72.400002,72.800003,72.800003,18100
2015-09-24,72.320000,73.239998,71.199997,71.839996,71.839996,15800
2015-09-25,72.080002,73.839996,65.440002,65.919998,65.919998,40000
2015-09-28,65.440002,65.760002,54.799999,58.080002,58.080002,106500
2015-09-29,58.720001,59.439999,48.480000,50.240002,50.240002,96100
2015-09-30,50.639999,51.840000,47.040001,47.439999,47.439999,85200
2015-10-01,47.439999,49.279999,43.119999,44.080002,44.080002,94300
2015-10-02,42.799999,46.880001,41.759998,46.639999,46.639999,59900
2015-10-05,48.000000,49.840000,45.439999,49.279999,49.279999,69300
2015-10-06,48.880001,50.799999,47.040001,50.000000,50.000000,67000
2015-10-07,50.400002,51.279999,48.400002,50.240002,50.240002,31200
2015-10-08,49.840000,50.639999,48.400002,50.000000,50.000000,20300
2015-10-09,49.919998,50.880001,49.200001,50.000000,50.000000,20500
2015-10-12,50.560001,50.560001,48.799999,49.279999,49.279999,42400
2015-10-13,49.279999,51.040001,47.360001,47.599998,47.599998,25400
2015-10-14,47.520000,55.040001,47.360001,53.599998,53.599998,101800
2015-10-15,54.959999,65.440002,53.599998,64.559998,64.559998,167600
2015-10-16,64.239998,67.839996,61.119999,63.200001,63.200001,132000
2015-10-19,62.240002,63.520000,57.919998,59.040001,59.040001,58200
2015-10-20,58.720001,60.160000,56.480000,59.520000,59.520000,83400
2015-10-21,60.160000,61.680000,57.520000,58.080002,58.080002,78200
2015-10-22,57.919998,57.919998,52.000000,55.040001,55.040001,52800
2015-10-23,56.240002,56.240002,52.383999,53.279999,53.279999,51100
2015-10-26,52.959999,54.000000,50.799999,51.520000,51.520000,47900
2015-10-27,50.080002,52.391998,47.759998,49.439999,49.439999,57600
2015-10-28,49.759998,52.560001,48.080002,51.200001,51.200001,32400
2015-10-29,50.799999,52.680000,49.368000,50.000000,50.000000,34000
2015-10-30,48.560001,49.840000,44.480000,47.040001,47.040001,57600
2015-11-02,47.040001,60.959999,47.040001,58.720001,58.720001,138900
2015-11-03,58.400002,62.959999,57.200001,58.080002,58.080002,77000
2015-11-04,58.000000,60.320000,55.119999,56.959999,56.959999,38100
2015-11-05,56.880001,57.520000,53.520000,53.840000,53.840000,20100
2015-11-06,51.279999,51.360001,43.040001,48.720001,48.720001,143400
2015-11-09,48.400002,49.520000,45.599998,47.680000,47.680000,32200
2015-11-10,47.919998,47.919998,45.759998,46.720001,46.720001,32100
2015-11-11,46.720001,46.720001,43.919998,44.400002,44.400002,40100
2015-11-12,43.919998,45.840000,43.200001,43.360001,43.360001,47700
2015-11-13,43.040001,46.400002,42.799999,45.279999,45.279999,29200
2015-11-16,45.040001,46.240002,43.040001,43.119999,43.119999,32000
2015-11-17,43.200001,45.119999,42.400002,43.200001,43.200001,20400
2015-11-18,43.279999,44.160000,36.560001,37.599998,37.599998,160300
2015-11-19,37.360001,41.040001,37.200001,39.919998,39.919998,47100
2015-11-20,40.240002,40.480000,37.000000,38.160000,38.160000,72200
2015-11-23,39.279999,43.759998,37.599998,41.439999,41.439999,52400
2015-11-24,40.880001,41.360001,39.040001,39.360001,39.360001,40500
2015-11-25,38.560001,40.400002,37.183998,38.639999,38.639999,33500
2015-11-27,38.560001,40.000000,38.175999,39.840000,39.840000,8000
2015-11-30,39.840000,43.360001,39.279999,40.480000,40.480000,37500
2015-12-01,40.480000,40.880001,38.400002,39.040001,39.040001,35700
2015-12-02,38.880001,42.880001,38.880001,41.840000,41.840000,47500
2015-12-03,41.360001,42.320000,39.919998,41.119999,41.119999,45600
2015-12-04,40.880001,50.400002,39.599998,44.160000,44.160000,148400
2015-12-07,43.919998,44.000000,41.119999,42.480000,42.480000,39400
2015-12-08,41.759998,43.200001,40.320000,41.119999,41.119999,39600
2015-12-09,40.799999,45.200001,40.639999,43.840000,43.840000,95700
2015-12-10,44.080002,50.799999,42.000000,48.000000,48.000000,331800
2015-12-11,46.880001,50.000000,44.560001,47.360001,47.360001,138800
2015-12-14,46.959999,50.400002,46.080002,46.400002,46.400002,181700
2015-12-15,47.759998,48.560001,44.880001,46.799999,46.799999,102300
2015-12-16,46.720001,52.720001,46.639999,51.360001,51.360001,194500
2015-12-17,53.119999,59.599998,51.840000,57.279999,57.279999,266500
2015-12-18,58.000000,61.599998,53.919998,54.720001,54.720001,158600
2015-12-21,55.919998,56.720001,51.200001,54.560001,54.560001,89100
2015-12-22,54.799999,56.720001,54.160000,56.720001,56.720001,100000
2015-12-23,56.160000,57.840000,53.599998,54.560001,54.560001,95700
2015-12-24,53.599998,55.919998,53.208000,55.279999,55.279999,28700
2015-12-28,54.880001,55.776001,51.439999,52.240002,52.240002,62600
2015-12-29,51.840000,53.439999,46.880001,50.000000,50.000000,90700
2015-12-30,49.520000,51.391998,47.759998,48.880001,48.880001,51500
2015-12-31,48.799999,49.200001,46.799999,47.119999,47.119999,68100
2016-01-04,45.200001,47.040001,43.279999,44.799999,44.799999,52900
2016-01-05,44.320000,45.360001,43.759998,44.959999,44.959999,40100
2016-01-06,43.759998,45.360001,40.400002,43.200001,43.200001,71100
2016-01-07,42.720001,42.720001,38.560001,38.720001,38.720001,78300
2016-01-08,39.520000,41.840000,35.119999,35.200001,35.200001,84100
2016-01-11,38.480000,39.560001,31.520000,34.480000,34.480000,87600
2016-01-12,35.200001,36.400002,32.560001,33.520000,33.520000,42400
2016-01-13,33.680000,34.240002,29.600000,30.240000,30.240000,72400
2016-01-14,30.240000,34.080002,27.200001,33.439999,33.439999,94200
2016-01-15,32.720001,34.256001,30.160000,32.959999,32.959999,47100
2016-01-19,32.799999,33.391998,30.000000,31.280001,31.280001,35200
2016-01-20,29.920000,33.279999,28.879999,33.119999,33.119999,31800
2016-01-21,33.279999,34.160000,32.080002,32.799999,32.799999,18400
2016-01-22,33.520000,34.639999,32.480000,33.360001,33.360001,29500
2016-01-25,33.439999,37.520000,33.200001,35.439999,35.439999,46200
2016-01-26,34.880001,38.880001,34.160000,36.959999,36.959999,67800
2016-01-27,36.720001,38.480000,36.240002,37.279999,37.279999,27200
2016-01-28,37.200001,37.439999,36.088001,36.560001,36.560001,16200
2016-01-29,36.720001,37.464001,36.320000,36.959999,36.959999,24100
2016-02-01,37.200001,38.560001,36.400002,37.119999,37.119999,21700
2016-02-02,37.279999,37.680000,35.287998,36.320000,36.320000,26300
2016-02-03,36.400002,36.799999,33.599998,36.320000,36.320000,28400
2016-02-04,36.480000,40.424000,36.480000,38.240002,38.240002,30300
2016-02-05,37.919998,39.040001,34.959999,35.360001,35.360001,34200
2016-02-08,35.040001,35.599998,32.320000,33.040001,33.040001,28500
2016-02-09,32.959999,33.360001,31.360001,32.480000,32.480000,21800
2016-02-10,32.799999,34.560001,32.160000,32.639999,32.639999,11800
2016-02-11,32.560001,33.360001,31.760000,32.560001,32.560001,17900
2016-02-12,32.720001,33.231998,32.000000,33.040001,33.040001,18100
2016-02-16,36.240002,38.000000,34.799999,37.119999,37.119999,107100
2016-02-17,37.119999,39.840000,37.119999,37.680000,37.680000,37400
2016-02-18,37.279999,38.000000,33.680000,34.480000,34.480000,31500
2016-02-19,33.919998,35.360001,33.279999,34.959999,34.959999,19700
2016-02-22,34.959999,43.759998,34.240002,42.320000,42.320000,309300
2016-02-23,46.080002,55.439999,44.320000,54.320000,54.320000,1092600
2016-02-24,50.000000,53.040001,48.639999,50.320000,50.320000,469800
2016-02-25,50.799999,52.560001,44.959999,46.000000,46.000000,275700
2016-02-26,45.520000,46.000000,42.000000,42.639999,42.639999,120100
2016-02-29,42.240002,43.136002,40.000000,40.959999,40.959999,89400
2016-03-01,40.639999,44.400002,38.959999,43.360001,43.360001,126500
2016-03-02,44.400002,45.599998,42.799999,43.919998,43.919998,74300
2016-03-03,44.000000,44.639999,40.959999,41.360001,41.360001,75600
2016-03-04,39.040001,43.759998,38.007999,39.919998,39.919998,106700
2016-03-07,39.200001,46.240002,39.200001,45.040001,45.040001,91900
2016-03-08,45.040001,45.439999,41.759998,42.720001,42.720001,42900
2016-03-09,42.240002,43.695999,40.799999,41.200001,41.200001,41700
2016-03-10,40.639999,42.320000,39.200001,39.439999,39.439999,46300
2016-03-11,40.000000,41.919998,39.200001,41.599998,41.599998,38900
2016-03-14,41.119999,42.400002,40.639999,41.200001,41.200001,30800
2016-03-15,40.560001,40.688000,38.400002,38.799999,38.799999,59500
2016-03-16,38.400002,39.520000,37.040001,37.360001,37.360001,53300
2016-03-17,37.360001,39.040001,36.456001,38.639999,38.639999,33600
2016-03-18,38.639999,39.840000,38.080002,39.200001,39.200001,47100
2016-03-21,39.200001,39.840000,38.000000,38.320000,38.320000,20600
2016-03-22,38.000000,41.200001,37.599998,40.639999,40.639999,53000
2016-03-23,40.240002,40.736000,37.680000,38.400002,38.400002,43100
2016-03-24,38.000000,38.400002,37.759998,38.400002,38.400002,29500
2016-03-28,38.400002,38.400002,37.312000,38.400002,38.400002,33500
2016-03-29,37.680000,40.799999,37.200001,40.320000,40.320000,35100
2016-03-30,40.240002,41.231998,39.216000,39.840000,39.840000,20300
2016-03-31,39.599998,39.919998,38.400002,38.639999,38.639999,15800
2016-04-01,38.480000,39.680000,38.080002,39.599998,39.599998,16900
2016-04-04,39.599998,41.279999,39.439999,41.279999,41.279999,47600
2016-04-05,40.880001,41.840000,39.520000,40.160000,40.160000,34000
2016-04-06,40.400002,46.320000,40.160000,43.840000,43.840000,150600
2016-04-07,44.080002,44.720001,41.200001,43.200001,43.200001,47000
2016-04-08,43.840000,45.296001,40.959999,42.080002,42.080002,53800
2016-04-11,42.080002,43.680000,40.880001,41.119999,41.119999,21900
2016-04-12,40.959999,42.400002,40.000000,41.119999,41.119999,25400
2016-04-13,41.759998,43.840000,40.799999,43.119999,43.119999,41700
2016-04-14,42.880001,43.680000,41.599998,42.959999,42.959999,28900
2016-04-15,42.959999,42.959999,41.040001,41.279999,41.279999,31500
2016-04-18,41.439999,42.480000,40.480000,42.160000,42.160000,22000
2016-04-19,41.919998,42.480000,40.720001,41.279999,41.279999,20700
2016-04-20,41.599998,41.599998,40.639999,41.439999,41.439999,20800
2016-04-21,41.439999,46.000000,40.959999,42.959999,42.959999,118400
2016-04-22,41.840000,44.480000,40.799999,43.279999,43.279999,66300
2016-04-25,43.200001,48.400002,42.175999,46.799999,46.799999,150300
2016-04-26,46.799999,47.200001,43.279999,43.759998,43.759998,46700
2016-04-27,43.119999,44.112000,42.240002,42.720001,42.720001,31400
2016-04-28,43.200001,43.200001,40.080002,40.480000,40.480000,41700
2016-04-29,39.840000,39.840000,36.799999,37.840000,37.840000,64300
2016-05-02,38.160000,38.160000,36.799999,37.119999,37.119999,32300
2016-05-03,36.880001,37.520000,36.000000,36.320000,36.320000,28600
2016-05-04,36.000000,36.880001,34.720001,34.959999,34.959999,29000
2016-05-05,35.200001,35.296001,32.000000,32.560001,32.560001,34500
2016-05-06,32.400002,33.520000,31.600000,32.560001,32.560001,34100
2016-05-09,32.320000,32.992001,32.000000,32.639999,32.639999,16200
2016-05-10,33.119999,34.952000,30.400000,33.759998,33.759998,75300
2016-05-11,33.599998,40.400002,33.439999,34.000000,34.000000,142000
2016-05-12,33.759998,35.040001,30.799999,31.760000,31.760000,56400
2016-05-13,31.120001,32.959999,31.120001,32.000000,32.000000,20600
2016-05-16,32.880001,33.439999,31.120001,31.440001,31.440001,23100
2016-05-17,31.520000,31.615999,30.000000,30.400000,30.400000,33300
2016-05-18,30.320000,32.320000,28.799999,29.600000,29.600000,58700
2016-05-19,29.440001,30.320000,27.440001,27.600000,27.600000,42700
2016-05-20,27.600000,29.680000,27.200001,29.280001,29.280001,35700
2016-05-23,29.120001,30.799999,28.799999,29.280001,29.280001,27200
2016-05-24,29.520000,30.559999,28.959999,30.480000,30.480000,22300
2016-05-25,30.400000,31.360001,30.080000,30.879999,30.879999,18500
2016-05-26,30.959999,31.360001,29.760000,30.959999,30.959999,13000
2016-05-27,30.879999,30.879999,30.080000,30.559999,30.559999,16600
2016-05-31,30.320000,31.840000,30.176001,31.200001,31.200001,24600
2016-06-01,31.360001,34.080002,30.559999,33.520000,33.520000,53200
2016-06-02,32.880001,33.599998,31.440001,32.480000,32.480000,30300
2016-06-03,32.080002,32.576000,30.799999,31.360001,31.360001,24500
2016-06-06,31.280001,31.760000,30.160000,30.559999,30.559999,24800
2016-06-07,30.480000,31.200001,30.400000,31.040001,31.040001,16100
2016-06-08,30.799999,31.040001,30.400000,30.799999,30.799999,18400
2016-06-09,30.639999,38.000000,29.760000,37.680000,37.680000,320900
2016-06-10,36.000000,36.240002,32.080002,32.240002,32.240002,233500
2016-06-13,31.840000,32.799999,30.240000,30.719999,30.719999,91600
2016-06-14,29.120001,30.712000,29.120001,29.840000,29.840000,39000
2016-06-15,29.840000,31.959999,29.360001,30.400000,30.400000,37500
2016-06-16,30.000000,31.040001,29.600000,30.240000,30.240000,31500
2016-06-17,30.080000,30.799999,29.840000,29.920000,29.920000,27600
2016-06-20,30.400000,31.840000,29.903999,30.080000,30.080000,27600
2016-06-21,31.040001,31.040001,29.840000,30.639999,30.639999,23100
2016-06-22,30.559999,30.959999,29.760000,29.920000,29.920000,26700
2016-06-23,30.240000,30.799999,29.920000,30.240000,30.240000,22400
2016-06-24,29.040001,30.480000,28.400000,28.480000,28.480000,56600
2016-06-27,28.080000,28.400000,25.360001,25.440001,25.440001,50600
2016-06-28,25.920000,27.200001,25.680000,26.080000,26.080000,72400
2016-06-29,26.320000,28.000000,25.840000,27.760000,27.760000,57500
2016-06-30,27.920000,29.040001,26.879999,28.639999,28.639999,42200
2016-07-01,28.400000,29.680000,27.760000,27.920000,27.920000,42100
2016-07-05,27.680000,27.920000,26.320000,26.480000,26.480000,23500
2016-07-06,26.240000,29.440001,26.240000,27.040001,27.040001,101300
2016-07-07,33.279999,35.119999,31.360001,32.799999,32.799999,397100
2016-07-08,33.040001,33.599998,31.680000,32.480000,32.480000,86400
2016-07-11,32.480000,33.279999,31.840000,33.200001,33.200001,44600
2016-07-12,33.360001,36.400002,33.000000,33.680000,33.680000,159900
2016-07-13,34.160000,34.911999,32.480000,33.439999,33.439999,55600
2016-07-14,34.160000,34.200001,32.400002,32.400002,32.400002,30000
2016-07-15,32.480000,33.520000,31.600000,33.119999,33.119999,34800
2016-07-18,33.439999,34.000000,32.799999,33.279999,33.279999,21100
2016-07-19,33.200001,33.360001,31.920000,32.000000,32.000000,19000
2016-07-20,32.400002,33.040001,31.840000,32.639999,32.639999,19200
2016-07-21,32.560001,33.200001,31.840000,32.560001,32.560001,26500
2016-07-22,35.200001,35.759998,33.040001,33.040001,33.040001,124600
2016-07-25,33.520000,36.000000,33.040001,33.919998,33.919998,144600
2016-07-26,34.000000,34.560001,33.080002,33.279999,33.279999,36100
2016-07-27,33.040001,34.080002,32.799999,33.040001,33.040001,20800
2016-07-28,33.119999,33.599998,32.799999,32.959999,32.959999,30600
2016-07-29,31.600000,33.223999,29.680000,32.320000,32.320000,120100
2016-08-01,32.480000,32.720001,31.600000,31.680000,31.680000,22100
2016-08-02,31.600000,32.080002,31.000000,31.840000,31.840000,22600
2016-08-03,31.520000,32.400002,31.520000,32.000000,32.000000,16600
2016-08-04,32.240002,32.480000,31.360001,31.440001,31.440001,15000
2016-08-05,31.600000,31.920000,31.280001,31.520000,31.520000,17700
2016-08-08,31.680000,33.840000,31.440001,33.200001,33.200001,41100
2016-08-09,32.880001,34.000000,31.680000,32.160000,32.160000,25600
2016-08-10,32.080002,32.080002,31.040001,31.040001,31.040001,27500
2016-08-11,31.120001,32.160000,30.240000,31.520000,31.520000,38900
2016-08-12,31.360001,31.360001,30.240000,30.559999,30.559999,17900
2016-08-15,30.559999,31.360001,30.559999,31.280001,31.280001,20300
2016-08-16,31.120001,31.280001,30.160000,30.320000,30.320000,20200
2016-08-17,30.240000,30.320000,28.559999,29.200001,29.200001,30400
2016-08-18,29.120001,31.280001,29.120001,30.080000,30.080000,14200
2016-08-19,29.840000,29.840000,28.799999,28.879999,28.879999,25200
2016-08-22,28.719999,29.856001,28.000000,28.400000,28.400000,68800
2016-08-23,28.719999,30.080000,28.320000,29.440001,29.440001,40900
2016-08-24,29.360001,29.520000,27.280001,27.600000,27.600000,29600
2016-08-25,27.600000,28.240000,26.400000,26.639999,26.639999,25600
2016-08-26,26.639999,27.832001,26.639999,27.280001,27.280001,26500
2016-08-29,27.520000,28.080000,26.959999,27.520000,27.520000,17300
2016-08-30,27.520000,28.240000,27.200001,27.360001,27.360001,13000
2016-08-31,27.120001,27.760000,26.480000,26.799999,26.799999,19000
2016-09-01,26.639999,26.879999,26.400000,26.879999,26.879999,13000
2016-09-02,27.040001,27.760000,26.559999,27.520000,27.520000,20700
2016-09-06,27.840000,27.920000,27.200001,27.760000,27.760000,18300
2016-09-07,27.840000,27.920000,25.920000,26.559999,26.559999,40600
2016-09-08,26.240000,27.040001,26.000000,26.719999,26.719999,18000
2016-09-09,26.559999,26.719999,25.680000,25.760000,25.760000,16500
2016-09-12,25.600000,26.719999,25.360001,26.639999,26.639999,23600
2016-09-13,26.240000,27.040001,25.760000,26.879999,26.879999,19200
2016-09-14,26.879999,27.520000,26.040001,26.320000,26.320000,22300
2016-09-15,26.320000,27.040001,25.760000,26.879999,26.879999,22800
2016-09-16,26.719999,26.879999,25.600000,26.000000,26.000000,42300
2016-09-19,26.240000,26.799999,25.360001,25.760000,25.760000,42700
2016-09-20,26.080000,26.879999,25.600000,26.320000,26.320000,33100
2016-09-21,26.160000,26.480000,25.680000,26.000000,26.000000,24900
2016-09-22,26.480000,26.879999,26.000000,26.799999,26.799999,26700
2016-09-23,26.799999,27.440001,26.080000,26.320000,26.320000,21100
2016-09-26,26.080000,26.552000,26.000000,26.000000,26.000000,14800
2016-09-27,26.000000,27.040001,25.680000,26.639999,26.639999,38000
2016-09-28,26.799999,27.600000,26.080000,26.719999,26.719999,44600
2016-09-29,26.240000,26.840000,25.760000,26.080000,26.080000,18600
2016-09-30,26.400000,28.799999,26.000000,28.160000,28.160000,83000
2016-10-03,28.160000,28.320000,26.968000,27.840000,27.840000,17300
2016-10-04,27.840000,27.920000,26.240000,26.559999,26.559999,28000
2016-10-05,26.240000,27.360001,26.160000,26.879999,26.879999,21700
2016-10-06,26.799999,26.879999,26.240000,26.719999,26.719999,14600
2016-10-07,26.959999,27.040001,25.760000,25.840000,25.840000,28100
2016-10-10,26.000000,26.392000,25.600000,25.920000,25.920000,9300
2016-10-11,25.680000,25.840000,24.160000,24.799999,24.799999,41100
2016-10-12,24.559999,25.200001,23.200001,24.240000,24.240000,41200
2016-10-13,24.000000,25.200001,23.760000,24.480000,24.480000,29100
2016-10-14,24.879999,24.879999,23.360001,23.360001,23.360001,23300
2016-10-17,23.200001,23.608000,22.240000,23.280001,23.280001,22100
2016-10-18,23.680000,23.832001,20.480000,22.240000,22.240000,51500
2016-10-19,22.000000,23.351999,21.952000,22.719999,22.719999,16400
2016-10-20,22.400000,23.200001,22.080000,23.120001,23.120001,9000
2016-10-21,22.799999,23.600000,22.559999,22.799999,22.799999,9000
2016-10-24,22.719999,22.879999,22.480000,22.719999,22.719999,6400
2016-10-25,27.040001,28.080000,26.000000,26.639999,26.639999,425300
2016-10-26,27.600000,27.600000,22.799999,23.280001,23.280001,99300
2016-10-27,23.920000,25.200001,22.296000,22.879999,22.879999,31500
2016-10-28,22.400000,22.440001,21.280001,22.000000,22.000000,36200
2016-10-31,21.840000,22.087999,20.799999,20.879999,20.879999,28300
2016-11-01,20.799999,20.879999,18.799999,19.200001,19.200001,63200
2016-11-02,19.920000,20.368000,18.000000,18.400000,18.400000,55000
2016-11-03,17.200001,18.000000,15.440000,15.840000,15.840000,101400
2016-11-04,15.680000,16.080000,15.336000,15.600000,15.600000,34500
2016-11-07,16.000000,16.080000,14.560000,14.960000,14.960000,60000
2016-11-08,14.640000,14.960000,13.680000,14.080000,14.080000,47900
2016-11-09,14.080000,15.200000,13.760000,15.120000,15.120000,63300
2016-11-10,15.200000,16.559999,15.200000,16.080000,16.080000,46500
2016-11-11,16.000000,17.360001,15.840000,17.280001,17.280001,37700
2016-11-14,17.600000,18.048000,16.719999,17.360001,17.360001,30800
2016-11-15,17.360001,18.760000,17.280001,18.719999,18.719999,49400
2016-11-16,18.799999,19.760000,17.680000,19.280001,19.280001,40200
2016-11-17,19.360001,20.000000,18.559999,19.520000,19.520000,32000
2016-11-18,19.520000,19.840000,18.160000,18.799999,18.799999,26300
2016-11-21,18.639999,18.879999,18.240000,18.559999,18.559999,20200
2016-11-22,18.639999,19.120001,16.879999,17.120001,17.120001,33100
2016-11-23,16.639999,17.440001,16.480000,16.719999,16.719999,20200
2016-11-25,16.559999,17.360001,16.000000,16.400000,16.400000,7700
2016-11-28,16.240000,16.959999,16.160000,16.799999,16.799999,16100
2016-11-29,16.639999,16.903999,16.480000,16.639999,16.639999,12100
2016-11-30,16.639999,16.799999,16.000000,16.240000,16.240000,23700
2016-12-01,16.559999,16.719999,15.040000,15.280000,15.280000,54600
2016-12-02,15.200000,15.760000,14.960000,15.120000,15.120000,27400
2016-12-05,15.200000,15.600000,14.960000,15.440000,15.440000,21100
2016-12-06,15.440000,16.240000,15.200000,15.680000,15.680000,33200
2016-12-07,15.760000,16.879999,15.520000,15.760000,15.760000,57700
2016-12-08,15.760000,16.264000,15.520000,16.160000,16.160000,15200
2016-12-09,16.000000,17.128000,15.920000,16.719999,16.719999,40700
2016-12-12,16.799999,16.879999,15.840000,16.000000,16.000000,22500
2016-12-13,16.080000,16.240000,14.800000,15.120000,15.120000,31000
2016-12-14,15.120000,15.520000,14.800000,14.880000,14.880000,25400
2016-12-15,14.800000,15.120000,14.400000,14.720000,14.720000,25700
2016-12-16,14.480000,15.200000,14.480000,14.720000,14.720000,26600
2016-12-19,15.040000,15.280000,14.480000,15.040000,15.040000,36000
2016-12-20,15.120000,15.840000,14.944000,15.440000,15.440000,25000
2016-12-21,15.440000,16.160000,15.280000,15.520000,15.520000,38800
2016-12-22,16.799999,19.840000,16.160000,16.400000,16.400000,318300
2016-12-23,16.480000,17.200001,15.520000,17.040001,17.040001,55700
2016-12-27,17.280001,18.240000,17.280001,17.920000,17.920000,58400
2016-12-28,18.000000,18.400000,16.400000,16.559999,16.559999,48100
2016-12-29,16.559999,17.200001,16.080000,16.160000,16.160000,33200
2016-12-30,16.160000,16.799999,15.680000,15.760000,15.760000,55200
2017-01-03,15.920000,16.848000,15.680000,15.760000,15.760000,16100
2017-01-04,15.760000,16.719999,15.680000,16.639999,16.639999,22400
2017-01-05,16.639999,16.719999,15.840000,16.160000,16.160000,12400
2017-01-06,16.240000,16.584000,15.600000,15.920000,15.920000,21300
2017-01-09,15.840000,15.840000,14.160000,14.560000,14.560000,83900
2017-01-10,14.720000,14.960000,14.480000,14.720000,14.720000,18800
2017-01-11,15.200000,15.200000,13.760000,14.080000,14.080000,47900
2017-01-12,14.400000,14.800000,14.000000,14.640000,14.640000,39300
2017-01-13,14.880000,15.200000,14.400000,14.640000,14.640000,30000
2017-01-17,14.640000,14.640000,14.000000,14.080000,14.080000,10800
2017-01-18,14.080000,14.400000,13.760000,13.840000,13.840000,15400
2017-01-19,13.760000,13.760000,12.160000,12.960000,12.960000,55000
2017-01-20,13.040000,13.120000,12.160000,13.040000,13.040000,24200
2017-01-23,13.120000,13.120000,12.240000,12.240000,12.240000,19500
2017-01-24,12.160000,12.160000,10.560000,11.040000,11.040000,55300
2017-01-25,11.360000,11.520000,10.800000,10.960000,10.960000,44600
2017-01-26,10.720000,11.120000,10.560000,10.800000,10.800000,35400
2017-01-27,10.720000,11.280000,10.720000,11.200000,11.200000,19300
2017-01-30,11.200000,11.440000,10.560000,11.120000,11.120000,31200
2017-01-31,11.120000,11.600000,10.800000,11.440000,11.440000,32700
2017-02-01,11.840000,12.000000,11.120000,11.760000,11.760000,41300
2017-02-02,12.800000,13.120000,12.080000,12.240000,12.240000,65900
2017-02-03,12.320000,12.600000,12.240000,12.560000,12.560000,25900
2017-02-06,12.880000,12.880000,12.240000,12.400000,12.400000,32900
2017-02-07,12.400000,22.639999,12.240000,22.080000,22.080000,1134900
2017-02-08,17.600000,18.712000,15.440000,16.000000,16.000000,596100
2017-02-09,15.520000,16.080000,14.400000,15.680000,15.680000,149300
2017-02-10,16.000000,17.200001,15.120000,16.160000,16.160000,107500
2017-02-13,16.000000,16.375999,14.320000,15.200000,15.200000,72800
2017-02-14,15.120000,15.440000,14.400000,14.480000,14.480000,74700
2017-02-15,14.400000,14.960000,13.840000,14.320000,14.320000,76900
2017-02-16,14.080000,14.240000,13.600000,14.000000,14.000000,45500
2017-02-17,14.000000,14.880000,13.760000,14.800000,14.800000,73400
2017-02-21,14.800000,15.440000,14.080000,14.240000,14.240000,96600
2017-02-22,14.240000,14.320000,13.360000,13.440000,13.440000,54700
2017-02-23,13.600000,14.064000,13.200000,13.680000,13.680000,34700
2017-02-24,13.440000,13.680000,12.400000,13.440000,13.440000,63900
2017-02-27,13.600000,13.760000,12.960000,13.360000,13.360000,44900
2017-02-28,12.960000,13.600000,12.880000,13.360000,13.360000,43900
2017-03-01,13.200000,13.440000,12.720000,12.880000,12.880000,44300
2017-03-02,12.720000,12.800000,12.000000,12.240000,12.240000,56900
2017-03-03,12.160000,12.568000,12.080000,12.400000,12.400000,27800
2017-03-06,12.400000,12.720000,11.040000,11.760000,11.760000,109400
2017-03-07,11.600000,12.800000,11.200000,12.400000,12.400000,94800
2017-03-08,12.480000,14.400000,12.240000,13.680000,13.680000,182800
2017-03-09,14.000000,14.080000,11.840000,12.400000,12.400000,109100
2017-03-10,11.520000,11.792000,10.560000,11.520000,11.520000,120400
2017-03-13,11.280000,11.520000,10.800000,10.960000,10.960000,36800
2017-03-14,10.800000,10.800000,9.920000,10.160000,10.160000,85800
2017-03-15,10.080000,10.320000,9.360000,9.760000,9.760000,81000
2017-03-16,9.600000,9.920000,8.960000,9.680000,9.680000,86600
2017-03-17,9.600000,10.320000,9.280000,9.920000,9.920000,97700
2017-03-20,10.000000,10.320000,9.504000,9.680000,9.680000,56300
2017-03-21,9.760000,9.760000,9.200000,9.360000,9.360000,54700
2017-03-22,9.280000,9.360000,8.480000,8.880000,8.880000,134700
2017-03-23,9.120000,9.760000,8.880000,9.600000,9.600000,84700
2017-03-24,9.680000,10.240000,9.360000,9.920000,9.920000,64900
2017-03-27,10.000000,10.400000,9.680000,10.240000,10.240000,55500
2017-03-28,10.800000,11.280000,10.480000,10.960000,10.960000,179400
2017-03-29,11.040000,11.280000,10.000000,10.320000,10.320000,189800
2017-03-30,10.320000,10.400000,9.760000,10.160000,10.160000,49200
2017-03-31,10.080000,10.560000,9.680000,9.680000,9.680000,104000
2017-04-03,10.000000,10.160000,9.200000,9.520000,9.520000,58800
2017-04-04,9.440000,10.240000,8.920000,9.360000,9.360000,156900
2017-04-05,9.280000,9.600000,8.880000,9.440000,9.440000,55800
2017-04-06,9.360000,9.600000,8.960000,9.440000,9.440000,17300
2017-04-07,9.360000,9.840000,9.280000,9.600000,9.600000,26800
2017-04-10,9.680000,9.680000,9.040000,9.200000,9.200000,42300
2017-04-11,9.680000,11.280000,9.360000,9.680000,9.680000,214300
2017-04-12,9.680000,9.920000,9.280000,9.280000,9.280000,52000
2017-04-13,11.520000,12.240000,9.600000,10.080000,10.080000,738100
2017-04-17,10.000000,10.080000,9.280000,9.600000,9.600000,90600
2017-04-18,9.520000,9.600000,9.200000,9.440000,9.440000,55800
2017-04-19,9.440000,9.440000,9.200000,9.360000,9.360000,66200
2017-04-20,9.200000,9.840000,9.200000,9.360000,9.360000,53700
2017-04-21,9.360000,9.440000,8.840000,8.960000,8.960000,91400
2017-04-24,9.120000,9.200000,8.800000,8.960000,8.960000,30500
2017-04-25,9.040000,9.440000,8.880000,9.280000,9.280000,69300
2017-04-26,9.280000,9.520000,9.280000,9.520000,9.520000,37900
2017-04-27,9.600000,9.680000,9.200000,9.200000,9.200000,43900
2017-04-28,9.200000,9.360000,9.200000,9.280000,9.280000,18500
2017-05-01,9.200000,9.360000,9.120000,9.360000,9.360000,21300
2017-05-02,9.200000,10.720000,9.200000,10.320000,10.320000,232300
2017-05-03,10.240000,10.384000,9.760000,10.160000,10.160000,64000
2017-05-04,9.680000,9.680000,9.120000,9.520000,9.520000,53000
2017-05-05,9.520000,9.520000,9.280000,9.360000,9.360000,17800
2017-05-08,9.280000,9.360000,9.200000,9.360000,9.360000,22700
2017-05-09,9.280000,9.360000,9.200000,9.360000,9.360000,30600
2017-05-10,9.280000,9.600000,9.120000,9.520000,9.520000,40400
2017-05-11,9.520000,9.520000,9.280000,9.360000,9.360000,16300
2017-05-12,9.360000,9.520000,9.280000,9.280000,9.280000,18800
2017-05-15,9.360000,9.360000,9.280000,9.360000,9.360000,12800
2017-05-16,9.280000,9.520000,9.200000,9.280000,9.280000,13800
2017-05-17,9.280000,9.440000,9.200000,9.200000,9.200000,18900
2017-05-18,9.200000,9.520000,8.960000,9.280000,9.280000,34900
2017-05-19,9.200000,9.280000,9.040000,9.120000,9.120000,25000
2017-05-22,9.040000,9.120000,8.880000,9.120000,9.120000,26300
2017-05-23,9.120000,9.520000,8.880000,9.440000,9.440000,56400
2017-05-24,9.520000,9.920000,9.520000,9.760000,9.760000,52500
2017-05-25,9.760000,9.840000,9.280000,9.440000,9.440000,25600
2017-05-26,9.520000,9.520000,9.120000,9.200000,9.200000,12400
2017-05-30,9.200000,9.280000,9.120000,9.200000,9.200000,16800
2017-05-31,9.200000,9.208000,9.120000,9.200000,9.200000,19200
2017-06-01,9.120000,9.200000,9.040000,9.040000,9.040000,22800
2017-06-02,9.120000,9.200000,9.040000,9.120000,9.120000,22800
2017-06-05,9.200000,9.200000,8.960000,8.960000,8.960000,25200
2017-06-06,9.040000,9.200000,8.880000,9.040000,9.040000,39900
2017-06-07,9.120000,9.200000,8.960000,9.040000,9.040000,14000
2017-06-08,8.960000,9.440000,8.880000,9.120000,9.120000,30800
2017-06-09,9.040000,9.440000,9.040000,9.120000,9.120000,28900
2017-06-12,9.200000,9.360000,8.800000,8.960000,8.960000,35200
2017-06-13,9.040000,9.200000,8.880000,9.040000,9.040000,25700
2017-06-14,8.960000,9.200000,8.960000,9.120000,9.120000,11400
2017-06-15,9.120000,9.280000,9.040000,9.200000,9.200000,23700
2017-06-16,9.280000,9.336000,8.800000,8.800000,8.800000,34500
2017-06-19,8.960000,9.200000,8.880000,9.040000,9.040000,27700
2017-06-20,9.120000,9.520000,9.040000,9.360000,9.360000,48200
2017-06-21,9.440000,10.240000,9.440000,10.080000,10.080000,86500
2017-06-22,10.000000,10.480000,9.680000,9.840000,9.840000,50400
2017-06-23,9.760000,10.320000,9.360000,9.520000,9.520000,245000
2017-06-26,9.440000,10.800000,9.440000,10.480000,10.480000,103100
2017-06-27,10.560000,11.040000,10.400000,10.480000,10.480000,102900
2017-06-28,10.480000,10.640000,10.000000,10.320000,10.320000,24000
2017-06-29,10.240000,10.480000,9.680000,10.240000,10.240000,58100
2017-06-30,10.240000,10.240000,10.000000,10.080000,10.080000,11100
2017-07-03,11.600000,11.680000,10.000000,10.160000,10.160000,225400
2017-07-05,10.560000,10.800000,10.000000,10.400000,10.400000,90000
2017-07-06,10.480000,10.520000,9.520000,10.160000,10.160000,86900
2017-07-07,10.080000,10.400000,9.600000,9.680000,9.680000,31300
2017-07-10,9.600000,10.000000,9.280000,9.440000,9.440000,41700
2017-07-11,9.360000,10.400000,9.360000,10.240000,10.240000,96100
2017-07-12,10.320000,10.480000,9.920000,10.000000,10.000000,33200
2017-07-13,9.920000,10.160000,9.840000,10.080000,10.080000,7900
2017-07-14,10.080000,10.720000,10.080000,10.480000,10.480000,34500
2017-07-17,10.640000,11.120000,10.480000,10.800000,10.800000,43100
2017-07-18,10.880000,10.960000,10.080000,10.400000,10.400000,19800
2017-07-19,10.240000,10.640000,10.080000,10.320000,10.320000,19200
2017-07-20,10.240000,10.480000,10.168000,10.320000,10.320000,10100
2017-07-21,10.240000,10.400000,10.000000,10.160000,10.160000,14100
2017-07-24,10.080000,10.240000,9.840000,9.920000,9.920000,9100
2017-07-25,9.760000,9.920000,9.680000,9.680000,9.680000,23800
2017-07-26,9.680000,10.128000,9.680000,9.920000,9.920000,44300
2017-07-27,9.840000,10.240000,9.840000,10.000000,10.000000,17800
2017-07-28,10.160000,10.160000,9.840000,9.920000,9.920000,8200
2017-07-31,10.000000,10.160000,9.840000,9.920000,9.920000,11200
2017-08-01,9.920000,9.952000,9.600000,9.680000,9.680000,48900
2017-08-02,9.680000,10.000000,9.680000,9.840000,9.840000,21000
2017-08-03,9.760000,9.920000,9.728000,9.840000,9.840000,7600
2017-08-04,9.760000,9.920000,9.520000,9.680000,9.680000,15200
2017-08-07,9.600000,9.600000,8.960000,9.040000,9.040000,59700
2017-08-08,9.120000,9.200000,8.960000,9.120000,9.120000,14700
2017-08-09,9.120000,9.200000,8.960000,9.120000,9.120000,30500
2017-08-10,9.040000,9.112000,8.640000,8.640000,8.640000,39800
2017-08-11,8.640000,8.800000,7.200000,7.712000,7.712000,52600
2017-08-14,7.712000,8.480000,7.712000,8.320000,8.320000,28300
2017-08-15,8.320000,8.320000,7.960000,8.160000,8.160000,16500
2017-08-16,8.160000,8.400000,7.840000,8.000000,8.000000,21200
2017-08-17,8.000000,8.400000,7.840000,8.000000,8.000000,29200
2017-08-18,8.176000,8.176000,7.680000,7.760000,7.760000,15300
2017-08-21,7.784000,8.080000,7.680000,8.080000,8.080000,13600
2017-08-22,8.160000,8.480000,8.080000,8.320000,8.320000,16100
2017-08-23,8.320000,8.480000,8.096000,8.240000,8.240000,12400
2017-08-24,8.160000,8.240000,7.840000,8.000000,8.000000,11800
2017-08-25,8.000000,8.160000,7.920000,8.000000,8.000000,14900
2017-08-28,8.800000,9.120000,8.480000,8.640000,8.640000,115100
2017-08-29,8.800000,9.360000,8.640000,8.720000,8.720000,66600
2017-08-30,8.640000,8.880000,8.560000,8.720000,8.720000,16600
2017-08-31,8.640000,9.280000,8.640000,9.040000,9.040000,38100
2017-09-01,9.120000,9.200000,8.800000,8.880000,8.880000,14400
2017-09-05,8.960000,9.120000,8.800000,8.880000,8.880000,7500
2017-09-06,8.960000,9.120000,8.880000,8.960000,8.960000,12800
2017-09-07,9.120000,9.200000,8.880000,9.200000,9.200000,39100
2017-09-08,9.200000,9.360000,8.640000,8.720000,8.720000,30200
2017-09-11,9.040000,11.520000,8.720000,10.160000,10.160000,402300
2017-09-12,10.000000,10.400000,9.200000,9.520000,9.520000,144800
2017-09-13,9.440000,9.680000,9.200000,9.600000,9.600000,35600
2017-09-14,9.600000,9.672000,9.280000,9.440000,9.440000,30300
2017-09-15,9.360000,9.544000,8.960000,8.960000,8.960000,22900
2017-09-18,8.880000,9.600000,8.800000,9.200000,9.200000,57800
2017-09-19,9.280000,9.288000,9.040000,9.120000,9.120000,16500
2017-09-20,9.040000,9.280000,9.040000,9.280000,9.280000,14200
2017-09-21,9.360000,9.440000,9.200000,9.280000,9.280000,19200
2017-09-22,9.200000,9.440000,9.200000,9.440000,9.440000,22500
2017-09-25,9.440000,10.160000,9.360000,9.760000,9.760000,49800
2017-09-26,9.840000,10.000000,9.520000,9.520000,9.520000,25700
2017-09-27,9.600000,10.000000,9.600000,9.600000,9.600000,17300
2017-09-28,9.680000,9.760000,9.600000,9.680000,9.680000,9500
2017-09-29,9.680000,9.760000,9.600000,9.600000,9.600000,14700
2017-10-02,9.600000,9.760000,9.520000,9.680000,9.680000,15100
2017-10-03,9.600000,9.736000,8.880000,8.960000,8.960000,71300
2017-10-04,9.200000,9.440000,9.120000,9.280000,9.280000,28600
2017-10-05,9.360000,9.360000,9.120000,9.120000,9.120000,19700
2017-10-06,9.280000,9.360000,9.040000,9.200000,9.200000,29200
2017-10-09,9.280000,9.360000,8.960000,9.120000,9.120000,22400
2017-10-10,9.120000,10.000000,9.120000,9.320000,9.320000,140300
2017-10-11,9.200000,9.360000,9.040000,9.120000,9.120000,17600
2017-10-12,9.120000,9.832000,9.040000,9.520000,9.520000,67000
2017-10-13,9.600000,9.760000,9.200000,9.360000,9.360000,16600
2017-10-16,9.440000,9.440000,8.880000,9.040000,9.040000,28300
2017-10-17,10.000000,10.160000,9.120000,9.440000,9.440000,261100
2017-10-18,9.520000,9.520000,9.120000,9.280000,9.280000,33900
2017-10-19,9.360000,9.360000,8.880000,9.120000,9.120000,39100
2017-10-20,9.040000,9.280000,8.720000,9.120000,9.120000,39200
2017-10-23,9.200000,9.200000,8.800000,8.960000,8.960000,18800
2017-10-24,8.880000,8.880000,8.640000,8.720000,8.720000,26300
2017-10-25,8.720000,9.120000,8.400000,9.120000,9.120000,44100
2017-10-26,9.120000,9.200000,8.640000,8.720000,8.720000,11900
2017-10-27,8.640000,8.800000,8.528000,8.800000,8.800000,13300
2017-10-30,8.720000,8.720000,8.480000,8.480000,8.480000,20500
2017-10-31,8.400000,8.720000,8.400000,8.560000,8.560000,7000
2017-11-01,8.640000,8.720000,8.560000,8.640000,8.640000,8100
2017-11-02,9.600000,10.320000,8.800000,9.280000,9.280000,408700
2017-11-03,8.880000,9.440000,8.880000,9.200000,9.200000,66900
2017-11-06,9.360000,9.600000,9.040000,9.520000,9.520000,62100
2017-11-07,9.280000,9.520000,9.120000,9.360000,9.360000,25600
2017-11-08,9.680000,9.840000,9.360000,9.600000,9.600000,102400
2017-11-09,9.680000,9.760000,9.280000,9.520000,9.520000,18100
2017-11-10,9.760000,9.760000,9.280000,9.440000,9.440000,22100
2017-11-13,9.360000,9.760000,9.280000,9.600000,9.600000,15200
2017-11-14,9.520000,10.000000,9.440000,9.440000,9.440000,36100
2017-11-15,9.440000,9.600000,9.040000,9.120000,9.120000,32200
2017-11-16,9.040000,9.280000,9.040000,9.040000,9.040000,19900
2017-11-17,9.200000,9.440000,9.120000,9.360000,9.360000,26200
2017-11-20,9.280000,9.600000,9.280000,9.520000,9.520000,15500
2017-11-21,9.440000,9.600000,9.120000,9.120000,9.120000,47300
2017-11-22,9.280000,9.520000,9.120000,9.440000,9.440000,24200
2017-11-24,9.520000,10.160000,9.448000,9.760000,9.760000,55800
2017-11-27,9.920000,11.760000,9.280000,10.000000,10.000000,306400
2017-11-28,10.000000,11.040000,9.600000,10.480000,10.480000,94800
2017-11-29,10.400000,10.880000,10.232000,10.560000,10.560000,40300
2017-11-30,10.720000,10.720000,9.800000,9.840000,9.840000,71600
2017-12-01,9.840000,11.040000,9.280000,10.880000,10.880000,246700
2017-12-04,11.040000,13.200000,10.960000,12.080000,12.080000,459800
2017-12-05,12.080000,12.560000,11.360000,11.920000,11.920000,92700
2017-12-06,11.840000,13.760000,11.520000,13.360000,13.360000,228600
2017-12-07,13.760000,14.640000,12.560000,12.960000,12.960000,207600
2017-12-08,12.960000,14.552000,12.800000,14.000000,14.000000,160600
2017-12-11,14.480000,16.320000,14.400000,16.000000,16.000000,299200
2017-12-12,16.320000,20.400000,16.160000,18.799999,18.799999,498700
2017-12-13,18.799999,19.840000,16.639999,17.440001,17.440001,239300
2017-12-14,17.520000,17.752001,14.720000,15.280000,15.280000,205300
2017-12-15,15.200000,16.480000,15.120000,16.080000,16.080000,119300
2017-12-18,16.440001,16.680000,15.048000,15.600000,15.600000,80700
2017-12-19,15.760000,15.840000,12.800000,14.160000,14.160000,102700
2017-12-20,14.080000,15.520000,14.000000,15.280000,15.280000,54200
2017-12-21,15.280000,16.080000,15.168000,15.360000,15.360000,61300
2017-12-22,15.440000,15.520000,14.400000,15.120000,15.120000,58900
2017-12-26,15.200000,16.240000,15.200000,16.000000,16.000000,91700
2017-12-27,16.000000,16.080000,15.520000,16.000000,16.000000,46500
2017-12-28,16.000000,16.080000,15.520000,16.080000,16.080000,38200
2017-12-29,16.160000,16.320000,15.120000,15.280000,15.280000,51100
2018-01-02,15.360000,16.232000,15.360000,16.080000,16.080000,84100
2018-01-03,16.160000,16.160000,15.360000,15.840000,15.840000,45000
2018-01-04,16.000000,17.200001,15.600000,16.480000,16.480000,151600
2018-01-05,16.799999,16.799999,15.760000,16.000000,16.000000,67600
2018-01-08,16.080000,16.240000,14.720000,15.360000,15.360000,56700
2018-01-09,15.360000,15.760000,14.920000,15.040000,15.040000,33900
2018-01-10,15.360000,15.920000,15.040000,15.760000,15.760000,34700
2018-01-11,15.920000,16.000000,15.600000,16.000000,16.000000,30800
2018-01-12,16.080000,16.240000,16.000000,16.160000,16.160000,92200
2018-01-16,16.160000,16.240000,15.280000,15.840000,15.840000,68000
2018-01-17,16.000000,16.000000,14.400000,15.280000,15.280000,75700
2018-01-18,15.440000,15.440000,14.800000,15.040000,15.040000,26400
2018-01-19,15.120000,15.120000,14.480000,14.640000,14.640000,20300
2018-01-22,14.400000,15.200000,14.400000,14.960000,14.960000,26600
2018-01-23,14.960000,15.360000,14.960000,15.200000,15.200000,25900
2018-01-24,15.360000,15.520000,15.200000,15.440000,15.440000,18600
2018-01-25,15.600000,15.680000,15.360000,15.440000,15.440000,22700
2018-01-26,15.600000,15.600000,15.200000,15.280000,15.280000,13600
2018-01-29,15.360000,15.440000,15.040000,15.360000,15.360000,22500
2018-01-30,15.360000,15.440000,14.960000,15.200000,15.200000,22000
2018-01-31,15.200000,15.440000,14.880000,14.880000,14.880000,20200
2018-02-01,14.960000,15.360000,14.880000,15.280000,15.280000,20100
2018-02-02,15.360000,17.360001,15.360000,16.400000,16.400000,184900
2018-02-05,17.120001,20.639999,16.799999,18.480000,18.480000,1069200
2018-02-06,18.080000,18.080000,15.600000,16.000000,16.000000,273900
2018-02-07,16.160000,16.400000,15.120000,15.760000,15.760000,89900
2018-02-08,15.680000,16.000000,14.400000,14.800000,14.800000,81800
2018-02-09,14.640000,14.648000,12.400000,13.520000,13.520000,147700
2018-02-12,13.600000,14.280000,13.368000,13.520000,13.520000,70500
2018-02-13,13.600000,13.600000,12.640000,13.120000,13.120000,62700
2018-02-14,13.120000,13.736000,12.880000,13.440000,13.440000,50600
2018-02-15,13.520000,14.320000,13.504000,14.040000,14.040000,41500
2018-02-16,14.400000,14.632000,13.600000,13.680000,13.680000,74900
2018-02-20,13.760000,13.920000,12.800000,12.880000,12.880000,79700
2018-02-21,12.720000,13.120000,12.400000,12.480000,12.480000,54800
2018-02-22,12.400000,12.800000,12.248000,12.480000,12.480000,33500
2018-02-23,12.320000,12.800000,12.320000,12.800000,12.800000,41200
2018-02-26,12.880000,12.960000,12.520000,12.720000,12.720000,42500
2018-02-27,12.720000,13.200000,11.600000,12.080000,12.080000,322700
2018-02-28,12.000000,12.320000,11.128000,11.920000,11.920000,101800
2018-03-01,11.920000,12.640000,11.520000,12.400000,12.400000,42800
2018-03-02,12.400000,13.280000,12.160000,13.280000,13.280000,51800
2018-03-05,13.360000,14.960000,13.280000,14.480000,14.480000,99500
2018-03-06,14.800000,15.040000,14.160000,14.400000,14.400000,50700
2018-03-07,14.240000,15.040000,14.000000,14.800000,14.800000,83200
2018-03-08,16.559999,16.559999,12.800000,13.840000,13.840000,238500
2018-03-09,13.760000,15.200000,12.960000,14.800000,14.800000,166200
2018-03-12,15.120000,15.520000,14.160000,15.120000,15.120000,80300
2018-03-13,15.360000,15.512000,14.800000,15.360000,15.360000,38400
2018-03-14,15.520000,15.520000,14.880000,15.360000,15.360000,30900
2018-03-15,15.680000,15.680000,14.960000,15.200000,15.200000,20600
2018-03-16,15.120000,15.760000,14.960000,15.680000,15.680000,41000
2018-03-19,15.600000,15.760000,15.280000,15.280000,15.280000,24000
2018-03-20,15.280000,15.352000,14.880000,15.120000,15.120000,21800
2018-03-21,15.120000,15.840000,14.960000,15.680000,15.680000,39700
2018-03-22,15.440000,16.799999,15.440000,15.640000,15.640000,63500
2018-03-23,15.760000,16.400000,15.440000,16.080000,16.080000,36600
2018-03-26,16.160000,16.280001,15.440000,15.760000,15.760000,28000
2018-03-27,15.760000,15.992000,14.984000,15.040000,15.040000,29900
2018-03-28,15.040000,15.480000,14.560000,14.800000,14.800000,21900
2018-03-29,14.720000,15.600000,14.720000,15.360000,15.360000,18300
2018-04-02,15.360000,15.520000,14.800000,14.960000,14.960000,23500
2018-04-03,14.960000,15.200000,14.560000,15.040000,15.040000,13900
2018-04-04,14.880000,15.040000,14.400000,14.480000,14.480000,23200
2018-04-05,14.560000,14.720000,12.888000,13.440000,13.440000,72400
2018-04-06,13.600000,14.000000,13.520000,13.680000,13.680000,12600
2018-04-09,13.600000,13.800000,13.040000,13.200000,13.200000,31500
2018-04-10,13.280000,14.240000,13.200000,13.920000,13.920000,42000
2018-04-11,13.920000,13.920000,13.368000,13.680000,13.680000,18000
2018-04-12,13.600000,14.320000,13.600000,14.000000,14.000000,21700
2018-04-13,14.080000,14.400000,13.520000,14.320000,14.320000,26800
2018-04-16,14.400000,14.400000,13.760000,13.920000,13.920000,14100
2018-04-17,13.840000,14.240000,13.680000,13.920000,13.920000,17000
2018-04-18,13.760000,14.040000,13.440000,13.600000,13.600000,22700
2018-04-19,13.600000,13.840000,13.280000,13.360000,13.360000,16400
2018-04-20,13.280000,13.520000,13.200000,13.360000,13.360000,10500
2018-04-23,13.200000,13.440000,13.080000,13.200000,13.200000,22000
2018-04-24,13.200000,13.760000,12.880000,13.600000,13.600000,18600
2018-04-25,13.440000,13.760000,13.040000,13.120000,13.120000,16300
2018-04-26,12.800000,13.520000,12.800000,12.960000,12.960000,20800
2018-04-27,12.960000,13.440000,12.880000,13.440000,13.440000,14900
2018-04-30,12.800000,13.440000,12.800000,13.120000,13.120000,17600
2018-05-01,12.960000,13.040000,12.400000,12.480000,12.480000,22200
2018-05-02,12.640000,12.720000,12.000000,12.160000,12.160000,30600
2018-05-03,12.000000,12.304000,11.440000,11.840000,11.840000,26800
2018-05-04,11.840000,13.680000,11.680000,13.200000,13.200000,70300
2018-05-07,13.680000,14.000000,12.080000,12.240000,12.240000,51700
2018-05-08,12.560000,14.800000,12.560000,14.480000,14.480000,145500
2018-05-09,14.720000,16.799999,14.000000,16.320000,16.320000,221400
2018-05-10,16.480000,17.191999,15.200000,15.440000,15.440000,132400
2018-05-11,14.000000,15.520000,13.200000,15.040000,15.040000,98500
2018-05-14,14.960000,15.840000,14.480000,15.600000,15.600000,52000
2018-05-15,15.680000,16.000000,14.960000,15.840000,15.840000,49400
2018-05-16,15.840000,16.719999,15.680000,16.400000,16.400000,86200
2018-05-17,16.559999,16.959999,16.080000,16.799999,16.799999,47100
2018-05-18,16.799999,17.440001,16.719999,17.280001,17.280001,61200
2018-05-21,17.440001,17.600000,16.240000,16.559999,16.559999,54000
2018-05-22,16.480000,17.520000,16.264000,17.440001,17.440001,32900
2018-05-23,17.360001,17.920000,16.879999,17.520000,17.520000,37900
2018-05-24,17.600000,17.920000,17.440001,17.840000,17.840000,34300
2018-05-25,17.840000,18.000000,16.719999,16.959999,16.959999,37400
2018-05-29,17.040001,17.200001,16.408001,16.639999,16.639999,37700
2018-05-30,16.559999,17.040001,15.440000,15.440000,15.440000,52600
2018-05-31,15.200000,16.320000,15.200000,16.320000,16.320000,33000
2018-06-01,16.400000,16.712000,15.160000,15.520000,15.520000,64100
2018-06-04,15.440000,16.080000,15.200000,15.360000,15.360000,41500
2018-06-05,15.280000,15.840000,15.040000,15.200000,15.200000,22000
2018-06-06,15.280000,15.512000,14.960000,15.040000,15.040000,33700
2018-06-07,14.880000,15.200000,14.240000,14.320000,14.320000,54900
2018-06-08,14.400000,14.656000,14.160000,14.240000,14.240000,25900
2018-06-11,14.480000,15.200000,14.400000,14.800000,14.800000,38200
2018-06-12,14.800000,14.880000,14.400000,14.720000,14.720000,32200
2018-06-13,14.640000,15.120000,14.640000,14.640000,14.640000,20400
2018-06-14,14.640000,14.960000,14.320000,14.320000,14.320000,29000
2018-06-15,14.320000,14.560000,14.320000,14.480000,14.480000,13500
2018-06-18,14.480000,14.800000,14.000000,14.000000,14.000000,29300
2018-06-19,14.000000,14.240000,13.600000,14.080000,14.080000,40100
2018-06-20,14.000000,15.040000,14.000000,14.400000,14.400000,32100
2018-06-21,14.320000,14.952000,13.840000,13.840000,13.840000,18200
2018-06-22,13.840000,14.160000,13.440000,14.080000,14.080000,43200
2018-06-25,14.080000,14.080000,13.200000,13.440000,13.440000,42200
2018-06-26,13.520000,14.080000,13.440000,13.760000,13.760000,18200
2018-06-27,13.680000,14.000000,13.280000,13.440000,13.440000,18100
2018-06-28,13.600000,13.760000,13.200000,13.440000,13.440000,24800
2018-06-29,13.440000,13.600000,13.120000,13.280000,13.280000,31500
2018-07-02,13.280000,13.520000,13.120000,13.440000,13.440000,13700
2018-07-03,13.440000,13.600000,13.040000,13.120000,13.120000,10400
2018-07-05,13.120000,13.840000,13.120000,13.600000,13.600000,23400
2018-07-06,13.600000,14.320000,13.600000,14.160000,14.160000,28900
2018-07-09,14.480000,14.680000,14.248000,14.560000,14.560000,25600
2018-07-10,14.720000,14.800000,14.080000,14.240000,14.240000,23800
2018-07-11,14.080000,14.400000,13.520000,13.680000,13.680000,20000
2018-07-12,14.000000,14.400000,13.680000,14.400000,14.400000,11600
2018-07-13,14.560000,14.560000,14.000000,14.240000,14.240000,12300
2018-07-16,14.240000,14.320000,13.840000,14.240000,14.240000,13500
2018-07-17,14.400000,14.536000,13.920000,14.000000,14.000000,24100
2018-07-18,14.000000,14.072000,13.360000,13.440000,13.440000,38300
2018-07-19,13.600000,13.760000,13.360000,13.520000,13.520000,15100
2018-07-20,13.600000,13.600000,13.280000,13.440000,13.440000,13100
2018-07-23,13.440000,13.520000,12.880000,12.960000,12.960000,31700
2018-07-24,12.960000,13.112000,12.080000,12.160000,12.160000,49100
2018-07-25,12.800000,13.112000,12.296000,12.960000,12.960000,21100
2018-07-26,13.120000,13.440000,12.960000,13.280000,13.280000,13900
2018-07-27,13.360000,13.360000,12.480000,12.720000,12.720000,24000
2018-07-30,12.880000,12.960000,12.400000,12.640000,12.640000,20700
2018-07-31,12.560000,13.272000,12.560000,12.800000,12.800000,24900
2018-08-01,12.880000,13.040000,12.480000,12.560000,12.560000,11100
2018-08-02,12.560000,12.720000,12.400000,12.720000,12.720000,6800
2018-08-03,12.720000,13.600000,12.560000,13.280000,13.280000,31500
2018-08-06,13.360000,13.520000,12.960000,13.120000,13.120000,19000
2018-08-07,13.120000,13.600000,12.960000,13.360000,13.360000,17300
2018-08-08,13.120000,13.232000,12.160000,12.160000,12.160000,72600
2018-08-09,12.080000,12.640000,12.080000,12.400000,12.400000,17000
2018-08-10,12.400000,13.120000,12.160000,12.880000,12.880000,35400
2018-08-13,12.960000,12.960000,12.400000,12.400000,12.400000,10800
2018-08-14,12.000000,12.720000,12.000000,12.400000,12.400000,13600
2018-08-15,12.640000,12.640000,12.000000,12.080000,12.080000,20100
2018-08-16,12.800000,12.872000,12.160000,12.240000,12.240000,20400
2018-08-17,12.400000,12.800000,12.320000,12.320000,12.320000,14600
2018-08-20,12.480000,12.800000,12.320000,12.640000,12.640000,16200
2018-08-21,12.800000,13.200000,12.640000,12.960000,12.960000,27100
2018-08-22,12.880000,13.280000,12.800000,12.960000,12.960000,18600
2018-08-23,13.040000,13.184000,12.880000,12.960000,12.960000,9900
2018-08-24,12.960000,13.112000,12.480000,12.480000,12.480000,17500
2018-08-27,12.480000,13.040000,12.400000,12.560000,12.560000,22900
2018-08-28,12.640000,12.800000,12.560000,12.720000,12.720000,14600
2018-08-29,12.800000,13.200000,12.640000,13.120000,13.120000,19800
2018-08-30,13.280000,14.160000,13.200000,13.920000,13.920000,126200
2018-08-31,13.920000,14.064000,13.440000,13.520000,13.520000,46500
2018-09-04,13.840000,14.000000,13.120000,14.000000,14.000000,41100
2018-09-05,14.000000,14.000000,13.200000,13.360000,13.360000,24200
2018-09-06,13.360000,14.560000,13.360000,14.000000,14.000000,74400
2018-09-07,14.000000,14.160000,13.496000,13.680000,13.680000,35300
2018-09-10,13.840000,13.992000,13.360000,13.520000,13.520000,21900
2018-09-11,13.520000,13.520000,12.800000,12.800000,12.800000,42900
2018-09-12,12.800000,13.200000,12.800000,12.880000,12.880000,21100
2018-09-13,13.040000,13.760000,13.040000,13.760000,13.760000,45800
2018-09-14,13.680000,13.920000,13.360000,13.840000,13.840000,24500
2018-09-17,14.000000,14.960000,14.000000,14.720000,14.720000,89700
2018-09-18,15.280000,15.360000,14.000000,14.160000,14.160000,53800
2018-09-19,14.400000,14.400000,13.760000,14.000000,14.000000,25000
2018-09-20,14.160000,15.120000,14.000000,14.240000,14.240000,48900
2018-09-21,14.240000,15.040000,14.000000,14.960000,14.960000,43000
2018-09-24,14.960000,15.040000,14.480000,14.800000,14.800000,24300
2018-09-25,14.800000,15.680000,14.560000,15.520000,15.520000,73200
2018-09-26,15.760000,15.840000,15.280000,15.760000,15.760000,30800
2018-09-27,15.840000,15.840000,14.800000,14.960000,14.960000,28400
2018-09-28,15.040000,15.448000,14.960000,15.200000,15.200000,18300
2018-10-01,15.200000,15.312000,14.480000,14.560000,14.560000,29700
2018-10-02,14.560000,14.880000,14.000000,14.080000,14.080000,24100
2018-10-03,14.000000,14.320000,13.840000,14.080000,14.080000,15000
2018-10-04,14.000000,14.560000,14.000000,14.160000,14.160000,19000
2018-10-05,14.160000,14.320000,13.360000,13.400000,13.400000,29600
2018-10-08,13.360000,13.600000,12.800000,12.800000,12.800000,28100
2018-10-09,12.800000,13.360000,12.800000,12.960000,12.960000,19000
2018-10-10,13.040000,13.112000,12.400000,12.400000,12.400000,30700
2018-10-11,12.400000,13.120000,12.320000,12.800000,12.800000,39800
2018-10-12,12.880000,13.224000,12.560000,13.040000,13.040000,18300
2018-10-15,13.200000,13.352000,12.800000,12.960000,12.960000,16000
2018-10-16,13.040000,13.600000,12.968000,13.600000,13.600000,22200
2018-10-17,13.680000,13.680000,13.040000,13.280000,13.280000,8400
2018-10-18,13.200000,13.280000,12.800000,12.960000,12.960000,19500
2018-10-19,13.040000,13.136000,12.480000,12.560000,12.560000,21100
2018-10-22,12.800000,13.440000,12.480000,12.800000,12.800000,20900
2018-10-23,13.120000,13.432000,12.560000,13.120000,13.120000,23300
2018-10-24,12.960000,13.120000,12.640000,12.720000,12.720000,28400
2018-10-25,12.720000,13.120000,12.640000,12.720000,12.720000,19000
2018-10-26,12.560000,12.960000,12.560000,12.800000,12.800000,14900
2018-10-29,12.800000,12.800000,12.240000,12.560000,12.560000,25000
2018-10-30,12.400000,12.800000,12.160000,12.640000,12.640000,12300
2018-10-31,12.640000,12.800000,12.480000,12.640000,12.640000,10800
2018-11-01,12.640000,13.280000,12.640000,13.120000,13.120000,15300
2018-11-02,13.040000,13.920000,12.800000,13.600000,13.600000,57800
2018-11-05,13.520000,14.080000,13.440000,13.920000,13.920000,22300
2018-11-06,13.840000,14.160000,13.600000,14.000000,14.000000,22200
2018-11-07,14.000000,14.080000,13.600000,13.600000,13.600000,20200
2018-11-08,13.600000,13.680000,12.800000,12.960000,12.960000,25400
2018-11-09,12.640000,13.376000,12.000000,12.320000,12.320000,85500
2018-11-12,12.240000,12.480000,11.520000,11.600000,11.600000,38800
2018-11-13,11.360000,12.000000,11.280000,11.680000,11.680000,91800
2018-11-14,11.840000,11.864000,10.480000,11.040000,11.040000,87200
2018-11-15,10.960000,11.200000,10.240000,10.240000,10.240000,61600
2018-11-16,10.240000,10.640000,9.680000,9.840000,9.840000,94600
2018-11-19,9.600000,10.000000,9.600000,9.600000,9.600000,81700
2018-11-20,9.600000,9.648000,9.120000,9.440000,9.440000,69300
2018-11-21,9.280000,9.920000,9.040000,9.680000,9.680000,107700
2018-11-23,9.600000,9.680000,9.200000,9.200000,9.200000,24600
2018-11-26,9.200000,9.280000,8.240000,8.640000,8.640000,135800
2018-11-27,8.480000,9.120000,8.400000,8.480000,8.480000,85100
2018-11-28,8.480000,9.040000,8.480000,8.720000,8.720000,49600
2018-11-29,8.800000,9.040000,8.560000,8.800000,8.800000,29500
2018-11-30,8.800000,9.016000,8.480000,8.640000,8.640000,51100
2018-12-03,8.800000,8.800000,8.080000,8.480000,8.480000,127700
2018-12-04,8.400000,8.720000,7.440000,8.048000,8.048000,107300
2018-12-06,7.920000,8.160000,7.368000,7.680000,7.680000,75700
2018-12-07,7.736000,8.640000,7.280000,8.480000,8.480000,227800
2018-12-10,8.560000,8.960000,7.200000,8.480000,8.480000,281800
2018-12-11,8.560000,8.560000,7.360000,7.600000,7.600000,135100
2018-12-12,7.440000,7.680000,7.280000,7.328000,7.328000,73100
2018-12-13,7.440000,7.520000,6.544000,6.880000,6.880000,112300
2018-12-14,7.480000,7.600000,6.968000,7.312000,7.312000,120900
2018-12-17,7.440000,7.464000,6.960000,6.984000,6.984000,55400
2018-12-18,7.120000,7.304000,6.880000,6.920000,6.920000,60900
2018-12-19,7.072000,7.072000,6.000000,6.008000,6.008000,81300
2018-12-20,6.000000,6.016000,5.680000,5.840000,5.840000,78700
2018-12-21,6.000000,6.344000,5.080000,6.080000,6.080000,161600
2018-12-24,6.400000,7.360000,6.240000,7.128000,7.128000,81400
2018-12-26,7.760000,7.760000,6.704000,6.960000,6.960000,140600
2018-12-27,6.960000,7.120000,6.432000,6.728000,6.728000,38900
2018-12-28,7.600000,7.600000,6.720000,7.520000,7.520000,73800
2018-12-31,7.520000,7.600000,6.640000,7.088000,7.088000,77900
2019-01-02,7.200000,7.912000,7.128000,7.880000,7.880000,46400
2019-01-03,7.872000,7.872000,7.600000,7.800000,7.800000,16400
2019-01-04,7.832000,8.160000,7.680000,7.776000,7.776000,28600
2019-01-07,7.280000,8.120000,7.200000,8.000000,8.000000,33600
2019-01-08,8.160000,8.160000,7.296000,7.576000,7.576000,38600
2019-01-09,7.664000,7.840000,7.400000,7.840000,7.840000,52800
2019-01-10,7.440000,7.840000,7.440000,7.760000,7.760000,32900
2019-01-11,7.568000,7.840000,7.536000,7.784000,7.784000,22900
2019-01-14,7.680000,7.784000,6.800000,7.200000,7.200000,39800
2019-01-15,7.200000,7.368000,6.808000,7.136000,7.136000,47300
2019-01-16,7.040000,7.120000,6.560000,6.592000,6.592000,24300
2019-01-17,6.856000,6.856000,6.240000,6.344000,6.344000,35500
2019-01-18,6.400000,6.480000,6.240000,6.400000,6.400000,43000
2019-01-22,6.400000,6.480000,6.320000,6.400000,6.400000,35400
2019-01-23,6.480000,6.672000,6.400000,6.520000,6.520000,70500
2019-01-24,6.520000,6.672000,6.400000,6.640000,6.640000,37600
2019-01-25,6.640000,6.920000,6.560000,6.704000,6.704000,42500
2019-01-28,6.800000,7.040000,6.720000,6.960000,6.960000,48800
2019-01-29,6.960000,7.120000,6.640000,6.712000,6.712000,47000
2019-01-30,6.680000,6.720000,6.400000,6.480000,6.480000,36300
2019-01-31,6.440000,6.512000,6.240000,6.400000,6.400000,39800
2019-02-01,6.400000,6.432000,6.288000,6.288000,6.288000,18200
2019-02-04,6.240000,6.400000,6.088000,6.152000,6.152000,35100
2019-02-05,6.160000,6.240000,5.776000,5.968000,5.968000,46500
2019-02-06,5.960000,6.112000,5.760000,5.776000,5.776000,22600
2019-02-07,5.776000,5.992000,5.696000,5.736000,5.736000,23200
2019-02-08,5.920000,5.920000,5.560000,5.568000,5.568000,25100
2019-02-11,5.760000,5.760000,5.440000,5.480000,5.480000,38500
2019-02-12,5.384000,5.968000,5.384000,5.800000,5.800000,102400
2019-02-13,5.840000,6.080000,5.680000,5.920000,5.920000,67400
2019-02-14,5.944000,6.000000,5.760000,5.880000,5.880000,26700
2019-02-15,5.920000,5.920000,5.760000,5.816000,5.816000,21600
2019-02-19,5.824000,5.960000,5.760000,5.920000,5.920000,16200
2019-02-20,5.816000,6.160000,5.816000,6.000000,6.000000,14700
2019-02-21,6.160000,6.480000,6.040000,6.320000,6.320000,80700
2019-02-22,6.400000,6.400000,6.224000,6.296000,6.296000,33700
2019-02-25,6.400000,6.400000,5.520000,5.544000,5.544000,81100
2019-02-26,5.680000,6.000000,5.680000,5.920000,5.920000,47100
2019-02-27,6.000000,6.080000,5.600000,5.616000,5.616000,56200
2019-02-28,5.600000,5.752000,5.360000,5.544000,5.544000,71000
2019-03-01,5.520000,5.960000,5.360000,5.944000,5.944000,81000
2019-03-04,6.400000,6.936000,6.120000,6.648000,6.648000,231700
2019-03-05,6.656000,6.720000,6.400000,6.576000,6.576000,40700
2019-03-06,6.800000,6.880000,6.400000,6.416000,6.416000,37400
2019-03-07,6.480000,6.480000,6.160000,6.320000,6.320000,34600
2019-03-08,6.080000,6.640000,6.080000,6.160000,6.160000,51800
2019-03-11,6.240000,6.304000,6.000000,6.080000,6.080000,44500
2019-03-12,6.112000,6.680000,6.112000,6.552000,6.552000,43200
2019-03-13,6.800000,6.840000,6.560000,6.728000,6.728000,42500
2019-03-14,6.480000,6.520000,6.080000,6.136000,6.136000,38900
2019-03-15,6.320000,6.672000,6.080000,6.480000,6.480000,33800
2019-03-18,6.640000,6.880000,6.560000,6.720000,6.720000,80900
2019-03-19,7.040000,7.040000,6.736000,6.896000,6.896000,61400
2019-03-20,7.040000,7.040000,6.560000,6.712000,6.712000,30200
2019-03-21,6.704000,6.880000,6.416000,6.656000,6.656000,26600
2019-03-22,6.640000,6.880000,6.496000,6.800000,6.800000,68800
2019-03-25,6.832000,7.112000,6.600000,6.624000,6.624000,57400
2019-03-26,6.792000,6.792000,6.320000,6.360000,6.360000,28700
2019-03-27,6.400000,6.400000,6.120000,6.136000,6.136000,30000
2019-03-28,6.160000,6.400000,6.120000,6.264000,6.264000,19700
2019-03-29,6.320000,6.400000,6.240000,6.360000,6.360000,22400
2019-04-01,6.400000,6.800000,6.360000,6.528000,6.528000,39300
2019-04-02,6.552000,6.800000,6.392000,6.608000,6.608000,32000
2019-04-03,6.640000,6.760000,6.584000,6.720000,6.720000,18700
2019-04-04,6.792000,6.856000,6.568000,6.760000,6.760000,34300
2019-04-05,6.800000,6.960000,6.720000,6.840000,6.840000,34400
2019-04-08,6.888000,7.000000,6.832000,6.944000,6.944000,21200
2019-04-09,6.944000,7.520000,6.944000,7.352000,7.352000,56900
2019-04-10,7.352000,9.600000,7.200000,9.120000,9.120000,206800
2019-04-11,8.720000,8.720000,8.000000,8.280000,8.280000,93700
2019-04-12,8.320000,9.120000,8.320000,8.880000,8.880000,77200
2019-04-15,8.800000,8.960000,8.320000,8.800000,8.800000,44300
2019-04-16,8.720000,8.800000,8.400000,8.480000,8.480000,27200
2019-04-17,8.480000,8.480000,8.000000,8.000000,8.000000,39200
2019-04-18,8.080000,8.080000,7.360000,7.360000,7.360000,42000
2019-04-22,7.440000,7.760000,7.392000,7.448000,7.448000,17500
2019-04-23,7.440000,7.584000,7.120000,7.200000,7.200000,33300
2019-04-24,7.128000,7.240000,7.040000,7.064000,7.064000,16400
2019-04-25,7.064000,7.120000,6.960000,7.120000,7.120000,16500
2019-04-26,7.200000,7.520000,7.200000,7.360000,7.360000,10900
2019-04-29,7.440000,7.520000,7.208000,7.280000,7.280000,16700
2019-04-30,7.360000,7.440000,7.200000,7.440000,7.440000,12800
2019-05-01,7.280000,8.392000,7.280000,8.080000,8.080000,38900
2019-05-02,8.160000,8.160000,7.760000,7.904000,7.904000,27000
2019-05-03,8.000000,8.080000,7.920000,7.944000,7.944000,10200
2019-05-06,7.920000,8.080000,7.920000,8.080000,8.080000,8300
2019-05-07,8.080000,8.080000,7.840000,7.856000,7.856000,11000
2019-05-08,7.816000,7.840000,7.520000,7.600000,7.600000,12500
2019-05-09,7.520000,7.680000,7.440000,7.560000,7.560000,18100
2019-05-10,7.520000,7.840000,7.440000,7.640000,7.640000,15100
2019-05-13,7.600000,7.600000,7.440000,7.520000,7.520000,23600
2019-05-14,7.520000,8.320000,7.520000,8.320000,8.320000,47200
2019-05-15,8.000000,8.320000,7.440000,7.696000,7.696000,72200
2019-05-16,7.680000,7.680000,6.992000,7.048000,7.048000,47600
2019-05-17,7.040000,7.200000,7.008000,7.160000,7.160000,24800
2019-05-20,7.200000,7.280000,6.800000,6.856000,6.856000,22900
2019-05-21,6.800000,7.040000,6.480000,6.560000,6.560000,19700
2019-05-22,6.480000,7.128000,6.480000,6.960000,6.960000,22700
2019-05-23,6.800000,6.800000,5.600000,5.680000,5.680000,74400
2019-05-24,5.760000,6.304000,5.600000,5.672000,5.672000,63300
2019-05-28,5.680000,6.128000,5.672000,5.680000,5.680000,28600
2019-05-29,5.800000,5.984000,5.760000,5.800000,5.800000,13600
2019-05-30,5.768000,6.800000,5.768000,6.248000,6.248000,69700
2019-05-31,6.256000,6.720000,5.936000,5.960000,5.960000,23700
2019-06-03,5.840000,6.000000,5.440000,5.592000,5.592000,67200
2019-06-04,5.584000,5.768000,5.520000,5.672000,5.672000,49400
2019-06-05,5.720000,5.760000,5.200000,5.280000,5.280000,52600
2019-06-06,5.384000,5.520000,5.200000,5.216000,5.216000,23500
2019-06-07,5.200000,5.504000,5.120000,5.280000,5.280000,29600
2019-06-10,5.280000,5.736000,5.280000,5.600000,5.600000,39100
2019-06-11,5.760000,5.976000,5.632000,5.760000,5.760000,15900
2019-06-12,5.520000,5.760000,5.440000,5.440000,5.440000,37100
2019-06-13,5.440000,5.920000,5.440000,5.912000,5.912000,17800
2019-06-14,5.832000,5.856000,5.600000,5.664000,5.664000,8400
2019-06-17,5.656000,5.840000,5.600000,5.600000,5.600000,13100
2019-06-18,5.680000,6.304000,5.640000,5.848000,5.848000,30500
2019-06-19,5.864000,6.080000,5.808000,5.808000,5.808000,16900
2019-06-20,5.840000,6.080000,5.840000,5.960000,5.960000,14700
2019-06-21,6.000000,6.320000,5.808000,6.160000,6.160000,25000
2019-06-24,6.248000,6.560000,6.000000,6.344000,6.344000,28900
2019-06-25,6.416000,6.536000,6.240000,6.464000,6.464000,84200
2019-06-26,7.024000,7.024000,6.160000,6.504000,6.504000,98900
2019-06-27,6.400000,6.760000,6.008000,6.568000,6.568000,29000
2019-06-28,6.480000,6.640000,6.400000,6.408000,6.408000,30400
2019-07-01,6.400000,6.560000,6.240000,6.240000,6.240000,24600
2019-07-02,6.280000,6.560000,6.280000,6.392000,6.392000,18800
2019-07-03,6.400000,6.440000,6.328000,6.392000,6.392000,4500
2019-07-05,6.248000,6.320000,6.248000,6.296000,6.296000,4600
2019-07-08,6.248000,6.432000,6.240000,6.240000,6.240000,82200
2019-07-09,6.320000,6.320000,6.016000,6.160000,6.160000,140600
2019-07-10,6.080000,6.320000,6.080000,6.208000,6.208000,96200
2019-07-11,6.240000,6.320000,6.008000,6.184000,6.184000,105100
2019-07-12,6.168000,6.240000,6.000000,6.184000,6.184000,77800
2019-07-15,6.240000,6.520000,6.240000,6.464000,6.464000,111300
2019-07-16,6.480000,6.560000,6.456000,6.504000,6.504000,91500
2019-07-17,6.552000,6.920000,6.512000,6.864000,6.864000,247800
2019-07-18,7.008000,7.360000,6.736000,7.280000,7.280000,328200
2019-07-19,7.200000,7.200000,6.848000,7.200000,7.200000,202900
2019-07-22,7.200000,7.200000,6.800000,7.200000,7.200000,74300
2019-07-23,7.200000,7.360000,6.800000,7.008000,7.008000,131600
2019-07-24,7.024000,7.200000,6.800000,7.032000,7.032000,37200
2019-07-25,6.832000,7.040000,6.760000,6.784000,6.784000,66700
2019-07-26,6.720000,6.960000,6.720000,6.832000,6.832000,109300
2019-07-29,6.848000,7.008000,6.560000,6.608000,6.608000,107600
2019-07-30,6.640000,6.960000,6.600000,6.920000,6.920000,78000
2019-07-31,6.920000,6.952000,6.720000,6.720000,6.720000,92600
2019-08-01,6.624000,6.720000,6.400000,6.408000,6.408000,131600
2019-08-02,6.400000,6.480000,6.160000,6.408000,6.408000,142700
2019-08-05,6.160000,6.400000,6.080000,6.248000,6.248000,83800
2019-08-06,6.248000,6.400000,6.080000,6.272000,6.272000,101900
2019-08-07,6.080000,6.512000,6.000000,6.304000,6.304000,180100
2019-08-08,6.424000,6.784000,6.008000,6.360000,6.360000,193500
2019-08-09,6.240000,6.880000,6.240000,6.720000,6.720000,188300
2019-08-12,6.512000,6.824000,6.408000,6.824000,6.824000,193300
2019-08-13,6.960000,6.960000,6.496000,6.800000,6.800000,121300
2019-08-14,6.744000,6.744000,6.408000,6.680000,6.680000,179700
2019-08-15,6.680000,6.832000,6.032000,6.240000,6.240000,235600
2019-08-16,6.104000,6.560000,5.680000,6.480000,6.480000,406600
2019-08-19,6.480000,6.640000,6.240000,6.560000,6.560000,133000
2019-08-20,6.464000,6.480000,6.080000,6.160000,6.160000,107500
2019-08-21,6.200000,6.200000,6.080000,6.184000,6.184000,54000
2019-08-22,6.192000,6.392000,6.192000,6.240000,6.240000,65000
2019-08-23,6.208000,6.240000,5.840000,6.048000,6.048000,121100
2019-08-26,6.080000,6.240000,5.768000,5.968000,5.968000,48600
2019-08-27,5.824000,5.968000,5.744000,5.840000,5.840000,108800
2019-08-28,5.648000,6.240000,5.280000,5.960000,5.960000,244500
2019-08-29,5.952000,6.208000,5.800000,5.960000,5.960000,89100
2019-08-30,5.944000,6.240000,5.760000,6.240000,6.240000,218500
2019-09-03,6.240000,6.400000,6.160000,6.240000,6.240000,73600
2019-09-04,6.240000,6.560000,6.240000,6.560000,6.560000,106300
2019-09-05,6.560000,6.720000,6.440000,6.552000,6.552000,128800
2019-09-06,6.488000,6.720000,6.480000,6.720000,6.720000,58800
2019-09-09,6.720000,6.720000,6.400000,6.720000,6.720000,60500
2019-09-10,6.712000,7.040000,6.560000,6.752000,6.752000,114700
2019-09-11,6.880000,7.040000,6.752000,6.880000,6.880000,111300
2019-09-12,6.920000,6.920000,6.584000,6.640000,6.640000,69600
2019-09-13,6.696000,7.184000,6.648000,7.096000,7.096000,109700
2019-09-16,7.096000,7.096000,6.720000,6.808000,6.808000,144400
2019-09-17,6.816000,7.048000,6.800000,6.960000,6.960000,132400
2019-09-18,7.120000,8.960000,7.008000,7.680000,7.680000,2585000
2019-09-19,7.600000,7.680000,7.192000,7.400000,7.400000,251700
2019-09-20,7.208000,7.280000,7.040000,7.120000,7.120000,203900
2019-09-23,7.120000,7.440000,6.800000,7.120000,7.120000,423900
2019-09-24,7.168000,7.200000,6.800000,6.856000,6.856000,120500
2019-09-25,6.800000,6.800000,6.480000,6.640000,6.640000,145500
2019-09-26,6.560000,6.584000,6.248000,6.248000,6.248000,79500
2019-09-27,6.320000,6.640000,6.320000,6.560000,6.560000,81000
2019-09-30,6.592000,6.640000,6.264000,6.600000,6.600000,79600
2019-10-01,6.656000,6.720000,6.000000,6.152000,6.152000,196900
2019-10-02,6.400000,6.424000,6.080000,6.400000,6.400000,108300
2019-10-03,6.320000,6.400000,6.080000,6.272000,6.272000,215800
2019-10-04,6.072000,6.792000,6.072000,6.584000,6.584000,317900
2019-10-07,6.776000,7.016000,6.640000,6.816000,6.816000,132700
2019-10-08,6.824000,6.880000,6.416000,6.416000,6.416000,113700
2019-10-09,6.464000,6.560000,6.320000,6.344000,6.344000,82300
2019-10-10,6.400000,6.744000,6.272000,6.544000,6.544000,62700
2019-10-11,6.488000,6.800000,6.280000,6.472000,6.472000,167000
2019-10-14,6.424000,6.648000,6.280000,6.648000,6.648000,127800
2019-10-15,6.488000,6.752000,6.472000,6.600000,6.600000,95100
2019-10-16,6.400000,6.664000,6.328000,6.624000,6.624000,123800
2019-10-17,6.416000,6.712000,6.400000,6.664000,6.664000,76700
2019-10-18,6.800000,6.880000,6.576000,6.800000,6.800000,107900
2019-10-21,6.648000,6.960000,6.640000,6.800000,6.800000,73200
2019-10-22,6.800000,6.800000,6.560000,6.800000,6.800000,63900
2019-10-23,6.648000,6.992000,6.560000,6.800000,6.800000,126000
2019-10-24,6.752000,6.880000,6.504000,6.800000,6.800000,126700
2019-10-25,6.704000,6.736000,6.280000,6.320000,6.320000,239500
2019-10-28,6.320000,6.640000,6.080000,6.552000,6.552000,263100
2019-10-29,6.328000,6.480000,6.080000,6.480000,6.480000,328600
2019-10-30,6.408000,6.408000,6.160000,6.360000,6.360000,175900
2019-10-31,6.328000,6.328000,6.080000,6.144000,6.144000,105000
2019-11-01,6.080000,6.152000,5.648000,5.920000,5.920000,270200
2019-11-04,5.920000,5.944000,5.680000,5.808000,5.808000,183400
2019-11-05,5.920000,6.360000,5.784000,6.240000,6.240000,252300
2019-11-06,6.240000,6.800000,6.040000,6.800000,6.800000,329700
2019-11-07,6.880000,7.600000,6.632000,6.784000,6.784000,346000
2019-11-08,6.792000,7.080000,6.784000,7.080000,7.080000,145300
2019-11-11,7.280000,7.280000,6.808000,7.008000,7.008000,104700
2019-11-12,6.976000,7.120000,6.480000,6.960000,6.960000,174300
2019-11-13,6.944000,7.360000,6.720000,7.344000,7.344000,277600
2019-11-14,7.360000,7.432000,6.584000,6.952000,6.952000,246600
2019-11-15,7.200000,7.200000,6.880000,7.080000,7.080000,120800
2019-11-18,7.072000,7.120000,6.600000,6.872000,6.872000,123900
2019-11-19,6.800000,7.040000,6.400000,6.720000,6.720000,137800
2019-11-20,6.720000,6.960000,6.664000,6.888000,6.888000,262300
2019-11-21,6.640000,6.960000,6.640000,6.880000,6.880000,82800
2019-11-22,6.808000,6.960000,6.624000,6.856000,6.856000,82500
2019-11-25,6.800000,7.200000,6.800000,7.040000,7.040000,177300
2019-11-26,7.200000,7.288000,6.960000,7.288000,7.288000,369800
2019-11-27,7.200000,7.360000,6.960000,7.200000,7.200000,253800
2019-11-29,7.216000,7.280000,6.808000,7.200000,7.200000,99900
2019-12-02,7.160000,7.160000,6.080000,6.336000,6.336000,651000
2019-12-03,6.160000,6.880000,6.160000,6.880000,6.880000,225700
2019-12-04,6.240000,6.856000,6.240000,6.616000,6.616000,131500
2019-12-05,6.640000,6.640000,6.408000,6.480000,6.480000,188800
2019-12-06,6.400000,6.640000,6.256000,6.576000,6.576000,176300
2019-12-09,6.320000,6.576000,6.320000,6.560000,6.560000,96800
2019-12-10,6.480000,6.560000,6.240000,6.240000,6.240000,103200
2019-12-11,6.240000,6.448000,6.216000,6.320000,6.320000,247800
2019-12-12,6.208000,6.360000,6.080000,6.192000,6.192000,138700
2019-12-13,6.240000,6.240000,6.144000,6.208000,6.208000,177800
2019-12-16,6.160000,6.240000,5.920000,6.096000,6.096000,301700
2019-12-17,6.040000,6.168000,5.840000,6.160000,6.160000,335800
2019-12-18,6.240000,6.320000,6.040000,6.304000,6.304000,193800
2019-12-19,6.000000,6.304000,6.000000,6.256000,6.256000,313800
2019-12-20,6.080000,6.248000,6.000000,6.192000,6.192000,320900
2019-12-23,6.232000,6.240000,5.960000,6.000000,6.000000,242800
2019-12-24,6.000000,6.080000,5.640000,6.000000,6.000000,371900
2019-12-26,6.008000,6.120000,5.840000,6.120000,6.120000,354300
2019-12-27,6.080000,6.080000,5.840000,5.920000,5.920000,232000
2019-12-30,5.920000,6.136000,5.800000,6.016000,6.016000,303900
2019-12-31,6.160000,6.160000,5.848000,5.936000,5.936000,220800
2020-01-02,5.912000,6.000000,5.848000,5.896000,5.896000,103100
2020-01-03,5.888000,5.936000,5.200000,5.400000,5.400000,556700
2020-01-06,5.450000,5.450000,4.692000,5.210000,5.210000,80600
2020-01-07,5.210000,5.246000,4.500000,4.730000,4.730000,86700
2020-01-08,4.750000,4.960000,4.600000,4.840000,4.840000,83100
2020-01-09,4.800000,5.060000,4.660000,5.040000,5.040000,91700
2020-01-10,5.040000,5.650000,4.890000,5.535000,5.535000,93500
2020-01-13,5.500000,5.590000,5.270000,5.530000,5.530000,51500
2020-01-14,5.530000,5.600000,5.280000,5.510000,5.510000,33500
2020-01-15,5.430000,5.490000,5.130000,5.270000,5.270000,31400
2020-01-16,5.290000,5.300000,5.000000,5.120000,5.120000,22500
2020-01-17,5.110000,5.190000,4.929000,5.020000,5.020000,26000
2020-01-21,5.020000,5.020000,4.550000,4.600000,4.600000,36600
2020-01-22,4.560000,4.690000,4.190000,4.190000,4.190000,66900
2020-01-23,4.190000,4.190000,3.560000,3.890000,3.890000,166000
2020-01-24,3.950000,4.388000,3.880000,4.330000,4.330000,56500
2020-01-27,4.400000,4.424000,4.170000,4.330000,4.330000,101100
2020-01-28,4.400000,4.830000,4.339000,4.810000,4.810000,60700
2020-01-29,4.870000,5.020000,4.530000,5.020000,5.020000,78900
2020-01-30,4.980000,5.475000,4.980000,5.230000,5.230000,43200
2020-01-31,5.250000,6.230000,5.250000,6.050000,6.050000,109700
2020-02-03,6.100000,6.400000,5.045000,5.180000,5.180000,136600
2020-02-04,5.190000,5.490000,4.855000,4.943000,4.943000,96200
2020-02-05,4.930000,5.207000,4.771000,5.145000,5.145000,52700
2020-02-06,5.100000,5.110000,4.790000,5.010000,5.010000,40300
2020-02-07,4.990000,5.230000,4.720000,5.210000,5.210000,56900
2020-02-10,5.180000,6.220000,5.150000,5.960000,5.960000,151600
2020-02-11,6.030000,6.150000,5.649000,5.810000,5.810000,98500
2020-02-12,5.820000,6.000000,5.780000,5.980000,5.980000,35800
2020-02-13,6.000000,6.200000,5.630000,5.850000,5.850000,37500
2020-02-14,5.870000,6.000000,5.610000,5.700000,5.700000,50700
2020-02-18,5.630000,5.630000,5.210000,5.340000,5.340000,32200
2020-02-19,5.280000,5.680000,5.200000,5.650000,5.650000,17600
2020-02-20,5.440000,5.490000,5.320000,5.410000,5.410000,50200
2020-02-21,5.390000,5.750000,5.230000,5.710000,5.710000,29700
2020-02-24,5.650000,5.690000,4.760000,5.150000,5.150000,112900
2020-02-25,5.170000,5.328000,4.950000,4.980000,4.980000,34300
2020-02-26,4.890000,5.060000,4.800000,4.920000,4.920000,29500
2020-02-27,4.720000,4.861000,4.180000,4.270000,4.270000,55200
2020-02-28,4.140000,4.380000,3.930000,4.310000,4.310000,61000
2020-03-02,4.320000,4.540000,4.250000,4.470000,4.470000,19500
2020-03-03,4.510000,4.740000,4.250000,4.250000,4.250000,44900
2020-03-04,4.380000,4.380000,4.150000,4.200000,4.200000,30100
2020-03-05,4.100000,4.255000,4.000000,4.059000,4.059000,30800
2020-03-06,4.100000,4.158000,3.910000,3.980000,3.980000,28500
2020-03-09,3.790000,3.980000,3.500000,3.500000,3.500000,74600
2020-03-10,3.670000,4.000000,3.600000,3.955000,3.955000,62700
2020-03-11,3.890000,3.890000,3.530000,3.530000,3.530000,25300
2020-03-12,3.480000,3.480000,3.300000,3.330000,3.330000,28000
2020-03-13,3.310000,3.414000,3.010000,3.060000,3.060000,30600
2020-03-16,3.000000,3.060000,2.750000,2.750000,2.750000,26100
2020-03-17,2.670000,3.020000,2.550000,3.000000,3.000000,38700
2020-03-18,3.000000,3.000000,2.550000,2.618000,2.618000,29800
2020-03-19,2.480000,2.980000,2.340000,2.880000,2.880000,27300
2020-03-20,3.070000,3.070000,2.410000,2.540000,2.540000,55300
2020-03-23,2.800000,2.800000,1.810000,2.180000,2.180000,86600
2020-03-24,2.150000,2.500000,2.000000,2.420000,2.420000,54600
2020-03-25,2.800000,2.800000,2.390000,2.790000,2.790000,59600
2020-03-26,3.100000,3.100000,2.430000,2.730000,2.730000,62200
2020-03-27,2.520000,2.550000,2.050000,2.339000,2.339000,38600
2020-03-30,2.260000,2.531000,1.000000,1.140000,1.140000,1131100
2020-03-31,0.820000,1.010000,0.820000,0.995000,0.995000,771900
2020-04-01,0.948000,0.990000,0.880000,0.960000,0.960000,148400
2020-04-02,0.932000,1.020000,0.870000,0.950000,0.950000,126500
2020-04-03,0.840000,0.860000,0.820000,0.840000,0.840000,219600
2020-04-06,0.750000,0.850000,0.710000,0.805000,0.805000,242800
2020-04-07,0.845000,0.890000,0.800000,0.816000,0.816000,98500
2020-04-08,0.854000,1.000000,0.815000,0.929000,0.929000,368400
2020-04-09,1.000000,1.100000,0.950000,1.060000,1.060000,236200
2020-04-13,1.350000,1.350000,1.110000,1.190000,1.190000,393100
2020-04-14,1.320000,2.540000,1.220000,1.750000,1.750000,2766800
2020-04-15,1.660000,1.840000,1.430000,1.800000,1.800000,465200
2020-04-16,1.890000,1.890000,1.500000,1.550000,1.550000,226900
2020-04-17,1.550000,1.870000,1.550000,1.670000,1.670000,388200
2020-04-20,1.800000,2.050000,1.680000,1.860000,1.860000,226600
2020-04-21,1.860000,2.320000,1.860000,2.067000,2.067000,597100
2020-04-22,1.930000,2.020000,1.700000,1.867000,1.867000,232400
2020-04-23,1.860000,1.940000,1.510000,1.580000,1.580000,208000
2020-04-24,1.600000,1.769000,1.600000,1.740000,1.740000,216000
2020-04-27,1.740000,1.750000,1.610000,1.640000,1.640000,148300
2020-04-28,1.600000,2.040000,1.600000,1.860000,1.860000,318100
2020-04-29,1.860000,2.160000,1.680000,2.100000,2.100000,431900
2020-04-30,2.000000,2.040000,1.160000,1.330000,1.330000,1437600
2020-05-01,1.170000,1.240000,1.110000,1.130000,1.130000,1832000
2020-05-04,1.170000,1.170000,1.020000,1.090000,1.090000,583700
2020-05-05,1.150000,1.150000,1.060000,1.080000,1.080000,616900
2020-05-06,1.090000,1.105000,1.020000,1.040000,1.040000,392400
2020-05-07,1.030000,1.070000,1.030000,1.030000,1.030000,262700
2020-05-08,1.040000,1.100000,1.020000,1.050000,1.050000,747000
2020-05-11,1.100000,1.150000,1.060000,1.090000,1.090000,1537600
2020-05-12,1.100000,1.110000,1.060000,1.100000,1.100000,598900
2020-05-13,1.100000,1.100000,0.920000,0.950000,0.950000,1077100
2020-05-14,0.980000,0.980000,0.920000,0.926000,0.926000,293500
2020-05-15,0.940000,0.960000,0.890000,0.935000,0.935000,524700
2020-05-18,0.940000,0.950000,0.905000,0.910000,0.910000,606500
2020-05-19,0.940000,0.998000,0.910000,0.980000,0.980000,965500
2020-05-20,0.980000,0.987000,0.910000,0.950000,0.950000,473000
2020-05-21,0.930000,0.970000,0.920000,0.950000,0.950000,365900
2020-05-22,0.960000,0.970000,0.900000,0.930000,0.930000,611500
2020-05-26,0.940000,1.070000,0.930000,1.040000,1.040000,2036400
2020-05-27,1.040000,1.040000,0.931000,0.990000,0.990000,772400
2020-05-28,0.960000,1.010000,0.937000,0.937000,0.937000,550400
2020-05-29,0.980000,0.980000,0.900000,0.956000,0.956000,712300
2020-06-01,0.960000,1.040000,0.950000,1.010000,1.010000,1489100
2020-06-02,1.010000,1.020000,0.950000,1.000000,1.000000,682300
2020-06-03,1.000000,1.030000,0.960000,1.020000,1.020000,1279600
2020-06-04,1.040000,1.040000,0.921000,1.020000,1.020000,1240300
2020-06-05,1.020000,1.090000,0.981000,1.060000,1.060000,2078900
2020-06-08,1.200000,1.320000,1.160000,1.260000,1.260000,4397200
2020-06-09,1.710000,1.900000,1.510000,1.540000,1.540000,11541100
2020-06-10,1.450000,1.450000,1.150000,1.320000,1.320000,3019600
2020-06-11,1.110000,1.200000,1.010000,1.090000,1.090000,1365000
2020-06-12,1.250000,1.260000,1.100000,1.170000,1.170000,836700
2020-06-15,1.160000,1.270000,1.100000,1.190000,1.190000,997600
2020-06-16,1.250000,1.250000,1.100000,1.145000,1.145000,1003700
2020-06-17,1.150000,1.150000,1.100000,1.110000,1.110000,756500
2020-06-18,1.100000,1.110000,1.040000,1.060000,1.060000,587300
2020-06-19,1.080000,1.200000,1.040000,1.090000,1.090000,1348800
2020-06-22,1.140000,1.140000,1.070000,1.090000,1.090000,549500
2020-06-23,1.120000,1.130000,1.050000,1.070000,1.070000,516000
2020-06-24,1.070000,1.080000,0.970000,1.040000,1.040000,672900
2020-06-25,1.020000,1.030000,0.980000,1.010000,1.010000,278600
2020-06-26,1.030000,1.030000,0.950000,0.970000,0.970000,568600
2020-06-29,0.990000,1.010000,0.960000,0.981000,0.981000,390900
2020-06-30,0.980000,0.996000,0.950000,0.980000,0.980000,344900
2020-07-01,0.978000,1.010000,0.970000,1.000000,1.000000,272100
2020-07-02,0.990000,1.000000,0.950000,0.961000,0.961000,577500
2020-07-06,0.980000,0.990000,0.910000,0.935000,0.935000,412100
2020-07-07,0.960000,0.960000,0.890000,0.905000,0.905000,500300
2020-07-08,0.900000,0.900000,0.850000,0.873000,0.873000,580400
2020-07-09,0.870000,0.870000,0.822000,0.860000,0.860000,348100
2020-07-10,0.880000,0.939000,0.850000,0.900000,0.900000,396100
2020-07-13,0.907000,0.907000,0.845000,0.860000,0.860000,379900
2020-07-14,0.860000,0.860000,0.830000,0.840000,0.840000,232500
2020-07-15,0.840000,0.880000,0.840000,0.860000,0.860000,211100
2020-07-16,0.873000,0.873000,0.840000,0.860000,0.860000,205100
2020-07-17,0.860000,0.970000,0.852000,0.965000,0.965000,1107500
2020-07-20,0.962000,1.150000,0.945000,1.040000,1.040000,1272400
2020-07-21,1.050000,1.110000,0.950000,0.963000,0.963000,881800
2020-07-22,0.960000,1.000000,0.930000,0.938000,0.938000,265600
2020-07-23,0.940000,0.940000,0.880000,0.900000,0.900000,458100
2020-07-24,0.908000,0.909000,0.880000,0.899000,0.899000,177900
2020-07-27,0.898000,0.938000,0.889000,0.900000,0.900000,263700
2020-07-28,0.920000,0.920000,0.880000,0.899000,0.899000,191200
2020-07-29,0.897000,0.898000,0.860000,0.881000,0.881000,284400
2020-07-30,0.871000,0.879000,0.840000,0.861000,0.861000,244900
2020-07-31,0.869000,0.890000,0.850000,0.856000,0.856000,199300
2020-08-03,0.910000,0.910000,0.860000,0.884000,0.884000,163000
2020-08-04,0.903000,0.906000,0.873000,0.900000,0.900000,213000
2020-08-05,0.890000,0.920000,0.880000,0.910000,0.910000,165900
2020-08-06,0.950000,0.950000,0.880000,0.907000,0.907000,185800