Date,Open,High,Low,Close,Adj Close,Volume
2017-11-14,24.450001,24.450001,24.000000,24.250000,17.792147,90000
2017-11-15,24.000000,24.499001,24.000000,24.350000,17.865517,81200
2017-11-16,24.271000,24.299999,24.200001,24.270000,17.806822,30900
2017-11-17,24.250000,24.330000,24.249001,24.330000,17.850843,17500
2017-11-20,24.290001,24.299999,24.100000,24.143000,17.713638,11300
2017-11-21,24.100000,24.100000,23.760000,23.760000,17.432634,8200
2017-11-22,24.000000,24.000000,23.950001,23.950001,17.572037,2100
2017-11-24,23.850000,23.950001,23.850000,23.950001,17.572037,2100
2017-11-27,23.900000,23.900000,23.650000,23.799999,17.461985,11800
2017-11-28,23.750000,23.799999,23.750000,23.795000,17.458315,2600
2017-11-29,23.775999,23.799999,23.360001,23.670000,17.366604,5400
2017-11-30,23.489000,23.600000,22.299999,23.200001,17.021769,8900
2017-12-01,23.010000,23.040001,22.750000,23.000000,16.875023,3700
2017-12-04,23.010000,23.010000,22.198999,22.889999,16.794319,6300
2017-12-05,22.940001,24.090000,22.480000,23.990000,17.601385,13600
2017-12-06,23.990000,24.000000,23.500000,23.500000,17.241875,3400
2017-12-07,23.780001,23.790001,23.497999,23.497999,17.240406,3600
2017-12-08,23.480000,23.490000,23.480000,23.490000,17.234533,300
2017-12-11,23.900000,23.900000,23.650000,23.653000,17.354128,5400
2017-12-12,23.660000,23.770000,22.664000,22.790001,16.720951,18500
2017-12-13,22.709999,23.740000,22.709999,23.730000,17.410625,1000
2017-12-14,24.799999,24.799999,23.400000,23.400000,17.168505,2700
2017-12-15,23.690001,23.690001,23.690001,23.690001,17.381275,100
2017-12-18,23.469999,23.469999,23.400000,23.400000,17.168505,1100
2017-12-19,22.761000,23.118000,20.010000,21.700001,15.921220,41500
2017-12-20,21.670000,22.799999,20.250000,21.250000,15.591056,43700
2017-12-21,21.049999,22.270000,20.350000,20.469999,15.018771,20400
2017-12-22,20.552999,21.680000,20.552999,21.040001,15.436978,8500
2017-12-26,21.049999,21.940001,20.730000,20.730000,15.209534,11100
2017-12-27,20.570000,22.000000,20.459999,21.180000,15.539699,8100
2017-12-28,22.320000,22.480000,21.010000,22.450001,16.471495,25600
2017-12-29,22.480000,23.980000,22.000000,22.750000,16.691601,15200
2018-01-02,22.097000,22.097000,22.097000,22.097000,16.212498,400
2018-01-03,22.097000,22.097000,22.097000,22.097000,16.212498,0
2018-01-04,22.792999,23.000000,22.346001,22.346001,16.395187,4500
2018-01-05,23.000000,23.350000,22.298000,22.879999,16.786983,11200
2018-01-08,22.888000,22.900000,22.348000,22.504999,16.511847,11100
2018-01-09,22.455000,22.500000,22.393999,22.405001,16.438480,4200
2018-01-10,22.930000,22.993999,22.549999,22.549999,16.544861,3000
2018-01-11,22.622000,22.690001,22.622000,22.690001,16.647581,400
2018-01-12,22.905001,22.905001,22.690001,22.697001,16.652716,3200
2018-01-16,22.610001,22.961000,22.610001,22.961000,16.846409,600
2018-01-17,22.610001,22.610001,21.700001,22.014999,16.152334,5500
2018-01-18,22.150000,22.150000,22.150000,22.150000,16.251387,1100
2018-01-19,22.455999,22.455999,22.440001,22.440001,16.464157,600
2018-01-22,22.950001,22.950001,22.950001,22.950001,16.838341,900
2018-01-23,21.400000,22.940001,21.021999,22.365999,16.409863,47400
2018-01-24,22.874001,22.874001,22.323999,22.323999,16.379049,900
2018-01-25,22.160000,22.160000,22.049999,22.049999,16.178015,1200
2018-01-26,22.400000,22.400000,22.400000,22.400000,16.434807,200
2018-01-29,22.200001,22.200001,21.110001,21.780001,15.979918,9200
2018-01-30,21.780001,21.780001,21.780001,21.780001,15.979918,0
2018-01-31,22.327000,22.327000,21.500000,21.587000,15.838313,800
2018-02-01,21.500000,21.899000,21.500000,21.730000,15.943231,1600
2018-02-02,21.500000,21.500000,20.570999,20.885000,15.323255,15300
2018-02-05,20.580000,21.587999,20.110001,20.850000,15.297579,5000
2018-02-06,21.100000,21.634001,20.049999,21.000000,15.407635,12400
2018-02-07,20.350000,20.490000,20.139999,20.448000,15.002633,3400
2018-02-08,20.200001,21.024000,20.110001,20.230000,14.842685,4800
2018-02-09,21.230000,21.535000,20.299999,21.535000,15.800161,2600
2018-02-12,21.330000,21.365999,20.525999,20.525999,15.059858,4500
2018-02-13,20.600000,20.600000,20.330000,20.500000,15.040783,2800
2018-02-14,20.511000,20.867001,20.510000,20.510000,15.048121,800
2018-02-15,21.010000,21.150000,21.010000,21.150000,15.517687,300
2018-02-16,22.059999,22.059999,22.059999,22.059999,16.185352,2000
2018-02-20,21.940001,22.084999,21.940001,22.084999,16.203693,1200
2018-02-21,21.969999,22.229000,21.969999,22.229000,16.309343,1900
2018-02-22,22.209000,22.350000,22.120001,22.350000,16.398123,8000
2018-02-23,22.350000,22.350000,22.350000,22.350000,16.398123,0
2018-02-26,22.350000,22.350000,22.350000,22.350000,16.398123,0
2018-02-27,22.436001,22.436001,22.436001,22.436001,16.461222,400
2018-02-28,22.740000,22.750000,22.740000,22.740000,16.684263,2100
2018-03-01,22.600000,22.600000,22.600000,22.600000,16.581549,600
2018-03-02,22.903999,23.000000,22.903999,23.000000,16.875023,800
2018-03-05,23.129999,23.129999,23.129999,23.129999,16.970407,100
2018-03-06,22.760000,22.760000,22.760000,22.760000,16.698940,300
2018-03-07,23.129999,23.150000,23.004000,23.098000,16.946928,2700
2018-03-08,23.150000,23.690001,23.150000,23.673000,17.368805,600
2018-03-09,23.454000,23.454000,21.955000,21.955000,16.108315,5700
2018-03-12,23.959999,23.959999,23.719999,23.719999,17.403286,1000
2018-03-13,23.709999,23.959999,23.389999,23.898001,17.533886,2600
2018-03-14,23.849001,23.849001,22.660000,22.700001,17.073574,4700
2018-03-15,22.250000,23.500000,22.230000,23.000000,17.299215,3000
2018-03-16,23.000000,23.000000,23.000000,23.000000,17.299215,0
2018-03-19,22.250000,22.250000,22.250000,22.250000,16.735113,100
2018-03-20,22.524000,22.860001,22.524000,22.622999,17.015661,900
2018-03-21,22.500000,22.500000,22.410000,22.410000,16.855453,700
2018-03-22,23.650000,23.650000,22.400000,22.400000,16.847933,3000
2018-03-23,23.650000,23.650000,22.000000,22.100000,16.622292,2000
2018-03-26,21.990999,22.950001,21.990999,22.950001,17.261610,2600
2018-03-27,22.709999,22.709999,22.709999,22.709999,17.081099,900
2018-03-28,22.709999,22.709999,22.709999,22.709999,17.081099,0
2018-03-29,22.920000,23.200001,22.920000,23.200001,17.449650,500
2018-04-02,22.809999,22.900000,22.809999,22.818001,17.162331,3900
2018-04-03,22.818001,22.818001,22.818001,22.818001,17.162331,0
2018-04-04,22.818001,22.818001,22.818001,22.818001,17.162331,0
2018-04-05,22.818001,22.818001,22.818001,22.818001,17.162331,0
2018-04-06,22.111000,22.629999,22.000000,22.000000,16.547079,1700
2018-04-09,22.879999,22.879999,22.687000,22.794001,17.144278,1500
2018-04-10,22.889999,22.889999,22.260000,22.260000,16.742634,1700
2018-04-11,22.260000,22.260000,22.260000,22.260000,16.742634,0
2018-04-12,22.594999,22.594999,22.594999,22.594999,16.994600,1000
2018-04-13,22.299999,22.417999,22.299999,22.299999,16.772720,1000
2018-04-16,22.697001,22.700001,22.625000,22.625000,17.017166,400
2018-04-17,22.260000,22.400000,21.920000,22.000000,16.547079,5900
2018-04-18,22.155001,22.393000,22.155001,22.393000,16.842670,300
2018-04-19,22.393000,22.393000,22.393000,22.393000,16.842670,0
2018-04-20,22.393000,22.393000,22.393000,22.393000,16.842670,0
2018-04-23,22.375000,22.799999,22.375000,22.799999,17.148787,800
2018-04-24,22.554001,22.879999,22.200001,22.879999,17.208961,1500
2018-04-25,22.879999,22.879999,22.799999,22.799999,17.148787,200
2018-04-26,22.250000,22.281000,22.180000,22.281000,16.758429,1100
2018-04-27,22.290001,22.290001,22.240000,22.290001,16.765200,2200
2018-04-30,22.110001,22.150000,22.000000,22.150000,16.659903,1500
2018-05-01,22.500000,22.900000,22.500000,22.900000,17.224003,1400
2018-05-02,22.900000,22.900000,22.900000,22.900000,17.224003,0
2018-05-03,22.495001,22.495001,22.495001,22.495001,16.919392,300
2018-05-04,22.430000,22.430000,21.090000,21.790001,16.389128,7900
2018-05-07,23.000000,23.000000,23.000000,23.000000,17.299215,100
2018-05-08,21.674999,22.020000,21.674999,21.889999,16.464338,3000
2018-05-09,22.870001,22.870001,21.799999,22.190001,16.689983,6700
2018-05-10,22.000000,22.160000,21.277000,22.160000,16.667419,6700
2018-05-11,22.870001,22.870001,21.799999,21.799999,16.396650,7100
2018-05-14,22.150000,22.275999,22.122999,22.122999,16.639591,1800
2018-05-15,22.348000,22.348000,21.799999,21.799999,16.396650,5500
2018-05-16,22.219999,22.219999,22.219999,22.219999,16.712549,100
2018-05-17,22.700001,22.750000,22.695000,22.695000,17.069815,800
2018-05-18,22.340000,22.790001,22.340000,22.780001,17.133749,4100
2018-05-21,22.350000,22.750000,22.011000,22.750000,17.111181,7100
2018-05-22,22.790001,22.790001,22.364000,22.364000,16.820858,3900
2018-05-23,22.400000,22.400000,22.000999,22.059999,16.592207,2100
2018-05-24,22.010000,22.299999,21.100000,22.000000,16.547079,10800
2018-05-25,22.299999,22.524000,21.475000,22.000000,16.547079,6200
2018-05-29,22.264999,22.400000,22.000000,22.318001,16.786259,1800
2018-05-30,21.750000,22.770000,21.750000,22.770000,17.126226,900
2018-05-31,22.780001,22.780001,21.120001,22.459999,16.893059,8700
2018-06-01,22.389999,22.389999,21.200001,22.000000,16.547079,7700
2018-06-04,21.700001,22.438999,21.500000,22.438999,16.877266,4500
2018-06-05,22.500000,22.790001,22.500000,22.722000,17.090120,2600
2018-06-06,22.250000,22.250000,22.010000,22.010000,16.554600,2300
2018-06-07,22.049999,22.690001,22.000000,22.000000,16.547079,5000
2018-06-08,22.000000,22.000000,21.771000,21.940001,16.501947,4500
2018-06-11,22.049999,22.205000,21.500000,21.750000,16.359043,11200
2018-06-12,22.200001,22.459999,21.510000,21.559999,16.216135,8400
2018-06-13,22.000000,22.000000,21.520000,21.670000,16.298870,2700
2018-06-14,21.650000,21.650000,21.389999,21.389999,16.535423,1600
2018-06-15,21.600000,21.639999,21.600000,21.600000,16.697763,1400
2018-06-18,21.650000,21.650000,21.625000,21.625000,16.717089,2100
2018-06-19,21.650000,21.760000,21.650000,21.760000,16.821449,2800
2018-06-20,21.750000,21.750000,21.750000,21.750000,16.813719,1000
2018-06-21,21.750000,21.750000,21.650000,21.650000,16.736412,500
2018-06-22,21.350000,21.476999,21.100000,21.474001,16.600357,2000
2018-06-25,22.000000,22.000000,22.000000,22.000000,17.006979,100
2018-06-26,22.020000,22.020000,21.100000,21.600000,16.697763,1900
2018-06-27,21.900000,21.900000,20.790001,20.790001,16.071596,2600
2018-06-28,20.820000,20.820000,20.709999,20.709999,16.009748,1000
2018-06-29,21.200001,21.200001,21.000000,21.000000,16.233936,1600
2018-07-02,21.240000,21.240000,21.000000,21.150000,16.349892,2300
2018-07-03,21.000000,21.000000,20.611000,20.611000,15.933223,800
2018-07-05,21.000000,21.230000,20.691000,21.125000,16.330564,5300
2018-07-06,21.250000,21.969999,21.100000,21.200001,16.388544,5900
2018-07-09,21.209999,21.500999,21.120001,21.120001,16.326700,2200
2018-07-10,21.120001,21.250000,21.059000,21.250000,16.427195,7200
2018-07-11,21.947001,21.947001,21.947001,21.947001,16.966011,100
2018-07-12,21.500000,21.615000,21.500000,21.615000,16.709358,600
2018-07-13,21.620001,21.760000,21.270000,21.450001,16.581806,2000
2018-07-16,21.750000,21.950001,21.000000,21.000000,16.233936,2900
2018-07-17,21.139999,21.424999,20.700001,21.049999,16.272589,8700
2018-07-18,21.150000,21.150000,20.700001,20.910000,16.164364,1000
2018-07-19,21.000000,21.000000,20.750000,20.900000,16.156633,4800
2018-07-20,20.670000,20.799999,20.600000,20.799999,16.079325,2900
2018-07-23,20.799999,20.903999,20.799999,20.903999,16.159721,400
2018-07-24,21.139999,21.139999,21.139999,21.139999,16.342159,500
2018-07-25,20.930000,20.930000,20.400000,20.525000,15.866738,3600
2018-07-26,20.719999,20.809999,20.719999,20.809999,16.087055,700
2018-07-27,20.799999,21.370001,20.799999,21.370001,16.519962,600
2018-07-30,21.927999,21.927999,21.927999,21.927999,16.951323,300
2018-07-31,21.750000,21.750000,20.799999,20.799999,16.079325,2400
2018-08-01,21.160000,21.160000,20.809999,21.000000,16.233936,500
2018-08-02,20.820000,20.903999,14.000000,17.156000,13.262351,40200
2018-08-03,17.000000,18.788000,17.000000,17.500000,13.528279,13000
2018-08-06,17.500000,18.150000,17.180000,17.250000,13.335018,3100
2018-08-07,17.180000,17.180000,16.198999,16.990000,13.134027,22000
2018-08-08,17.450001,18.490000,17.450001,18.379999,14.208556,11000
2018-08-09,17.850000,18.823999,17.589001,17.989000,13.906297,4500
2018-08-10,18.000000,18.000000,17.590000,17.600000,13.605583,2800
2018-08-13,17.600000,17.760000,17.600000,17.760000,13.729271,3600
2018-08-14,17.750000,17.750000,17.690001,17.690001,13.675159,1300
2018-08-15,17.690001,17.799999,17.650000,17.799999,13.760193,4500
2018-08-16,17.650000,17.910999,17.650000,17.900000,13.837499,1200
2018-08-17,18.100000,18.584999,18.000000,18.100000,13.992108,6000
2018-08-20,18.964001,18.964001,18.290001,18.290001,14.138984,300
2018-08-21,18.290001,18.490000,18.290001,18.490000,14.293593,2000
2018-08-22,18.299999,18.400000,18.290001,18.299999,14.146713,4300
2018-08-23,18.299999,18.299999,18.299999,18.299999,14.146713,500
2018-08-24,18.299999,18.299999,18.003000,18.299999,14.146713,900
2018-08-27,18.000000,18.000000,18.000000,18.000000,13.914803,500
2018-08-28,18.000000,18.299999,18.000000,18.299999,14.146713,800
2018-08-29,18.209999,18.209999,18.209999,18.209999,14.077141,200
2018-08-30,18.000000,18.250000,17.700001,18.250000,14.108062,1300
2018-08-31,18.799999,18.799999,18.799999,18.799999,14.533237,200
2018-09-04,18.000000,18.000000,17.799999,18.000000,13.914803,2600
2018-09-05,18.000999,18.570000,17.799999,18.200001,14.069413,2700
2018-09-06,18.209999,19.000000,18.200001,18.753000,14.496903,1100
2018-09-07,18.510000,18.576000,18.500000,18.576000,14.360075,2900
2018-09-10,18.924999,18.924999,18.603001,18.603001,14.380950,1000
2018-09-11,19.000000,19.200001,19.000000,19.200001,14.842454,2100
2018-09-12,19.152000,19.152000,18.538000,19.100000,14.765152,1300
2018-09-13,18.000000,18.583000,18.000000,18.583000,14.820180,600
2018-09-14,19.250000,19.423000,19.250000,19.260000,15.360097,6800
2018-09-17,19.260000,19.500000,17.920000,18.750000,14.953363,4800
2018-09-18,19.600000,19.600000,18.750000,18.750000,14.953363,3000
2018-09-19,18.750000,18.750000,18.750000,18.750000,14.953363,0
2018-09-20,18.750000,18.750000,18.750000,18.750000,14.953363,0
2018-09-21,18.750000,18.750000,18.750000,18.750000,14.953363,0
2018-09-24,18.709999,18.750000,18.709999,18.750000,14.953363,700
2018-09-25,18.750000,19.250000,18.750000,19.250000,15.352121,1800
2018-09-26,19.250000,19.250000,19.250000,19.250000,15.352121,0
2018-09-27,19.173000,19.173000,18.350000,18.350000,14.634358,900
2018-09-28,19.250000,19.250000,18.532000,18.600000,14.833737,1500
2018-10-01,18.600000,18.600000,18.600000,18.600000,14.833737,0
2018-10-02,19.018999,19.018999,19.018999,19.018999,15.167893,1000
2018-10-03,18.570000,18.570000,18.430000,18.430000,14.698160,1300
2018-10-04,18.990000,18.990000,18.260000,18.260000,14.562583,3200
2018-10-05,18.889999,18.889999,18.889999,18.889999,15.065015,200
2018-10-08,18.889999,18.889999,18.889999,18.889999,15.065015,0
2018-10-09,18.889999,18.889999,18.889999,18.889999,15.065015,0
2018-10-10,18.282000,18.282000,18.250000,18.250000,14.554607,1300
2018-10-11,18.250000,18.250000,18.250000,18.250000,14.554607,0
2018-10-12,18.250999,18.370001,18.250000,18.292000,14.588103,2500
2018-10-15,18.292000,18.292000,18.292000,18.292000,14.588103,0
2018-10-16,18.370001,18.370001,18.360001,18.370001,14.650310,1900
2018-10-17,18.260000,18.309999,18.250000,18.250000,14.554607,900
2018-10-18,18.250000,18.250000,17.450001,17.450001,13.916597,3900
2018-10-19,17.110001,17.747999,17.110001,17.747999,14.154256,500
2018-10-22,17.110001,17.110001,11.900000,14.301000,11.405230,11900
2018-10-23,14.300000,17.330000,14.000000,15.750000,12.560826,6200
2018-10-24,15.500000,15.500000,14.500000,15.250000,12.162069,4700
2018-10-25,15.317000,16.483000,15.317000,16.240000,12.951606,2100
2018-10-26,15.659000,16.110001,15.010000,16.110001,12.847931,2100
2018-10-29,16.500000,16.500000,16.500000,16.500000,13.158960,200
2018-10-30,16.490000,16.490000,15.010000,15.750000,12.560826,2100
2018-10-31,15.990000,15.990000,15.915000,15.915000,12.692415,400
2018-11-01,15.680000,15.700000,15.000000,15.000000,11.962690,2300
2018-11-02,14.281000,15.089000,14.281000,15.089000,12.033669,700
2018-11-05,15.490000,16.000000,15.377000,16.000000,12.760204,3300
2018-11-06,15.750000,15.794000,15.750000,15.751000,12.561624,3500
2018-11-07,15.811000,15.811000,15.811000,15.811000,12.609474,200
2018-11-08,16.000000,16.000000,16.000000,16.000000,12.760204,100
2018-11-09,16.000000,16.000000,16.000000,16.000000,12.760204,100
2018-11-12,16.000000,16.000000,15.060000,15.060000,12.010543,500
2018-11-13,15.500000,15.500000,15.400000,15.401000,12.282494,11000
2018-11-14,15.115000,15.500000,14.730000,15.010000,11.970665,2700
2018-11-15,15.000000,15.500000,14.930000,15.380000,12.265747,3200
2018-11-16,15.340000,15.500000,15.330000,15.470000,12.337522,1500
2018-11-19,16.000000,18.368999,16.000000,17.500000,13.956473,20000
2018-11-20,17.500000,18.240000,17.000000,17.000000,13.557716,9100
2018-11-21,17.150000,17.629999,16.930000,17.580000,14.020276,1700
2018-11-23,17.580000,17.580000,17.580000,17.580000,14.020276,0
2018-11-26,17.629999,18.250000,17.000000,17.000000,13.557716,4500
2018-11-27,17.000000,17.584999,17.000000,17.219999,13.733170,3000
2018-11-28,17.886000,18.260000,17.886000,18.100000,14.434982,4800
2018-11-29,18.110001,18.129999,18.110001,18.110001,14.442956,2500
2018-11-30,17.490000,17.920000,17.490000,17.566000,14.009109,1900
2018-12-03,18.370001,19.155001,18.320000,19.155001,15.276357,2000
2018-12-04,18.856001,18.910999,17.559999,17.820000,14.211679,4600
2018-12-06,18.000000,18.000000,17.648001,17.648001,14.074506,3100
2018-12-07,18.134001,18.134001,17.667000,17.667000,14.089660,1800
2018-12-10,17.600000,18.520000,16.010000,16.600000,13.238712,12200
2018-12-11,16.750000,17.000000,15.600000,17.000000,13.557716,2400
2018-12-12,17.000000,18.500000,17.000000,17.729000,14.139103,5100
2018-12-13,16.000000,16.549999,16.000000,16.379999,13.509800,3100
2018-12-14,16.000000,16.000000,15.160000,15.500000,12.783999,2900
2018-12-17,15.020000,15.020000,12.020000,14.849000,12.247071,15400
2018-12-18,13.260000,13.750000,13.260000,13.730000,11.324148,3900
2018-12-19,14.110000,14.855000,14.110000,14.220000,11.728288,3900
2018-12-20,14.500000,14.536000,13.650000,13.690000,11.291159,2700
2018-12-21,13.870000,13.870000,13.487000,13.790000,11.373636,4400
2018-12-24,14.971000,14.971000,14.971000,14.971000,12.347693,200
2018-12-26,14.660000,15.073000,13.210000,14.500000,11.959224,9900
2018-12-27,14.450000,14.910000,13.790000,14.370000,11.852005,3800
2018-12-28,14.000000,14.785000,13.790000,14.400000,11.876746,2100
2018-12-31,14.990000,15.000000,14.000000,14.389000,11.867675,8400
2019-01-02,14.130000,16.160000,14.130000,16.160000,13.328350,5100
2019-01-03,15.120000,16.004999,15.120000,15.880000,13.097415,4700
2019-01-04,16.790001,16.850000,16.000000,16.010000,13.204635,4400
2019-01-07,16.219999,16.850000,16.020000,16.850000,13.897443,8100
2019-01-08,16.000000,17.000000,16.000000,16.510000,13.617022,700
2019-01-09,16.010000,16.010000,16.010000,16.010000,13.204635,500
2019-01-10,15.700000,16.750000,15.700000,16.500000,13.608774,1900
2019-01-11,16.500000,16.736000,16.500000,16.500000,13.608774,2500
2019-01-14,16.500999,16.669001,16.500000,16.500000,13.608774,500
2019-01-15,16.250000,16.250000,16.170000,16.250000,13.402580,2500
2019-01-16,16.250000,16.250000,16.177000,16.250000,13.402580,2100
2019-01-17,17.799999,17.799999,17.799999,17.799999,14.680980,600
2019-01-18,17.309999,17.450001,17.299999,17.450001,14.392309,1300
2019-01-22,17.379999,17.379999,17.243000,17.243000,14.221580,1900
2019-01-23,17.243000,17.243000,17.243000,17.243000,14.221580,0
2019-01-24,17.243000,17.243000,17.243000,17.243000,14.221580,100
2019-01-25,17.400000,17.400000,17.236000,17.236000,14.215807,600
2019-01-28,16.500000,17.490000,16.500000,17.490000,14.425300,1900
2019-01-29,17.490000,17.490000,17.490000,17.490000,14.425300,100
2019-01-30,16.791000,17.170000,16.791000,17.000000,14.021161,1000
2019-01-31,17.549999,18.900000,17.549999,18.900000,15.588230,10800
2019-02-01,18.750000,18.750000,18.114000,18.292000,15.086766,1000
2019-02-04,18.658001,18.990000,18.200001,18.980000,15.654212,6500
2019-02-05,18.910000,18.910000,18.820999,18.820999,15.523074,800
2019-02-06,18.500000,18.500000,18.496000,18.496000,15.255023,1000
2019-02-07,18.870001,19.139999,18.704000,19.139999,15.786178,11900
2019-02-08,18.540001,18.820000,18.500000,18.802999,15.508227,1600
2019-02-11,19.045000,19.240000,18.979000,19.150000,15.794425,2100
2019-02-12,19.250000,20.010000,18.794001,19.205000,15.839787,7300
2019-02-13,19.299999,19.566999,19.209999,19.299999,15.918140,900
2019-02-14,19.309999,19.750000,19.299999,19.750000,16.289289,900
2019-02-15,19.299999,19.745001,19.299999,19.645000,16.202690,3000
2019-02-19,19.219999,20.000000,19.200001,19.917000,16.427029,3300
2019-02-20,19.600000,19.740999,19.200001,19.200001,15.835662,4700
2019-02-21,19.200001,19.200001,17.500000,18.530001,15.283064,4300
2019-02-22,18.490000,18.520000,18.243000,18.243000,15.046356,500
2019-02-25,18.240000,19.469999,18.240000,19.000000,15.670708,4200
2019-02-26,19.010000,19.990000,19.010000,19.450001,16.041857,4700
2019-02-27,19.662001,20.000000,19.450001,19.905001,16.417128,5900
2019-02-28,18.392000,19.660000,18.392000,19.660000,16.215061,300
2019-03-01,19.900000,19.900000,19.900000,19.900000,16.413004,200
2019-03-04,19.877001,20.000000,19.738001,19.900000,16.413004,2300
2019-03-05,20.229000,20.229000,20.142000,20.142000,16.612600,700
2019-03-06,20.440001,20.500000,20.000000,20.170000,16.635696,5100
2019-03-07,19.600000,19.639999,19.600000,19.600000,16.165573,1900
2019-03-08,19.600000,19.900000,19.600000,19.750000,16.289289,2700
2019-03-11,19.750000,19.750000,19.750000,19.750000,16.289289,100
2019-03-12,19.750000,20.200001,19.750000,20.110001,16.586208,6900
2019-03-13,20.200001,20.200001,19.955999,20.190001,16.652191,600
2019-03-14,19.860001,19.900000,19.260000,19.700001,16.733734,15700
2019-03-15,19.750000,19.750000,19.750000,19.750000,16.776205,400
2019-03-18,19.750000,19.750000,19.250000,19.700001,16.733734,4400
2019-03-19,19.250000,19.250000,19.010000,19.010000,16.147629,1700
2019-03-20,19.308001,19.500000,19.250000,19.250000,16.351492,2900
2019-03-21,19.396999,19.658001,19.396999,19.658001,16.698059,1500
2019-03-22,19.743999,19.750000,19.580000,19.750000,16.776205,1600
2019-03-25,19.750000,19.750000,19.750000,19.750000,16.776205,100
2019-03-26,19.750000,19.750000,19.500999,19.580000,16.631802,1200
2019-03-27,19.816000,19.816000,19.618000,19.618000,16.664080,500
2019-03-28,19.747000,19.750000,19.700001,19.733999,16.762615,6900
2019-03-29,19.750000,19.750000,19.600000,19.652000,16.692963,1200
2019-04-01,19.600000,19.750000,19.600000,19.740000,16.767710,8700
2019-04-02,19.698000,19.698000,19.468000,19.468000,16.536665,900
2019-04-03,19.400000,19.750000,19.285000,19.750000,16.776205,12500
2019-04-04,19.700001,19.750000,19.490000,19.690001,16.725241,1600
2019-04-05,19.450001,19.469999,19.250000,19.250000,16.351492,1600
2019-04-08,19.539000,19.705999,19.500000,19.500000,16.563848,1300
2019-04-09,19.643999,19.643999,19.643999,19.643999,16.686165,100
2019-04-10,19.000000,19.379999,18.680000,19.230000,16.334503,6200
2019-04-11,19.250000,19.250000,18.670000,18.670000,15.858826,2100
2019-04-12,18.170000,18.900000,18.170000,18.693001,15.878360,2800
2019-04-15,19.889999,19.889999,18.730000,18.830000,15.994732,6900
2019-04-16,19.280001,19.280001,19.280001,19.280001,16.376976,300
2019-04-17,19.264999,19.643999,19.138000,19.150000,16.266550,1500
2019-04-18,20.250000,20.299999,19.010000,19.750000,16.776205,8900
2019-04-22,19.250000,20.129999,19.250000,20.129999,17.098988,1500
2019-04-23,20.094000,20.094000,19.261000,19.261000,16.360836,500
2019-04-24,18.886999,19.660000,18.886999,19.510000,16.572346,2500
2019-04-25,19.612000,19.864000,19.612000,19.799999,16.818678,2400
2019-04-26,19.325001,19.503000,19.004999,19.503000,16.566395,1200
2019-04-29,19.500000,19.990000,19.500000,19.980000,16.971575,2000
2019-04-30,19.426001,19.790001,19.400000,19.750000,16.776205,3700
2019-05-01,19.799999,20.136999,19.799999,19.900000,16.903618,6400
2019-05-02,19.983000,19.983000,19.860001,19.860001,16.869642,300
2019-05-03,19.686001,20.129000,19.686001,19.910000,16.912113,3100
2019-05-06,19.360001,20.129999,19.360001,20.068001,17.046324,4000
2019-05-07,19.643000,19.768000,19.520000,19.600000,16.648792,1900
2019-05-08,19.660000,19.990000,19.660000,19.850000,16.861151,1400
2019-05-09,20.190001,20.190001,19.833000,20.030001,17.014046,2000
2019-05-10,20.110001,20.190001,19.775000,20.132999,17.101538,1500
2019-05-13,20.030001,20.150000,19.629999,19.629999,16.674276,2800
2019-05-14,19.605000,20.240000,19.605000,20.000000,16.988564,6400
2019-05-15,20.000000,20.000000,20.000000,20.000000,16.988564,0
2019-05-16,20.190001,20.280001,20.049999,20.200001,17.158451,2400
2019-05-17,20.135000,20.229000,20.135000,20.229000,17.183081,800
2019-05-20,20.299999,20.899000,20.209999,20.507000,17.419224,10500
2019-05-21,20.509001,20.750000,20.415001,20.600000,17.498220,3200
2019-05-22,21.000000,21.000000,20.566000,20.600000,17.498220,4400
2019-05-23,20.690001,21.000000,20.549999,21.000000,17.837992,18900
2019-05-24,20.950001,21.084999,20.902000,21.084999,17.910191,1600
2019-05-28,21.209999,21.341999,21.000000,21.000000,17.837992,4200
2019-05-29,20.896999,21.108000,20.896999,20.990000,17.829496,9600
2019-05-30,21.290001,21.290001,20.438000,20.889000,17.743704,7000
2019-05-31,20.990000,20.990000,20.370001,20.500000,17.413277,5400
2019-06-03,20.500000,21.350000,20.500000,21.350000,18.135292,4000
2019-06-04,21.209999,21.350000,21.105000,21.250000,18.050348,3500
2019-06-05,21.299999,21.350000,21.146999,21.170000,17.982393,2600
2019-06-06,21.209999,21.209999,20.610001,21.135000,17.952663,8900
2019-06-07,21.191999,21.250000,21.174000,21.250000,18.050348,4900
2019-06-10,21.250000,21.549999,21.226999,21.500000,18.262705,5700
2019-06-11,21.375000,21.587000,21.375000,21.577000,18.328110,3100
2019-06-12,21.549999,21.639999,21.549999,21.568001,18.320467,2700
2019-06-13,21.299999,21.299999,21.000000,21.000000,18.336184,4600
2019-06-14,21.000000,21.100000,20.789000,20.900000,18.248869,3400
2019-06-17,21.004999,21.146999,20.790001,20.809999,18.170284,4600
2019-06-18,21.000000,21.000000,20.000000,20.893999,18.243628,7800
2019-06-19,19.809999,20.899000,19.780001,20.549999,17.943264,6000
2019-06-20,20.510000,20.621000,20.100000,20.305000,17.729342,3700
2019-06-21,20.410000,20.950001,20.410000,20.780001,18.144091,5200
2019-06-24,20.677999,21.195000,20.677999,21.000000,18.336184,5200
2019-06-25,20.808001,21.142000,20.690001,21.100000,18.423498,7400
2019-06-26,20.877001,21.250000,20.819000,21.250000,18.554470,8800
2019-06-27,20.990000,21.250000,20.990000,21.250000,18.554470,4300
2019-06-28,21.250000,21.250000,20.000000,20.992001,18.329199,9000
2019-07-01,21.250000,21.250000,20.927999,21.169001,18.483747,6200
2019-07-02,21.169001,21.169001,21.169001,21.169001,18.483747,100
2019-07-03,21.169001,21.169001,21.169001,21.169001,18.483747,0
2019-07-05,21.000000,21.128000,20.840000,20.954000,18.296019,2200
2019-07-08,21.500000,21.500000,21.171000,21.250000,18.554470,7000
2019-07-09,21.222000,21.365000,21.205000,21.364000,18.654011,1900
2019-07-10,21.209000,21.219000,21.125999,21.209999,18.519545,6600
2019-07-11,21.209999,21.209999,21.177999,21.209999,18.519545,3000
2019-07-12,21.385000,21.440001,21.270000,21.280001,18.580666,3900
2019-07-15,21.280001,21.280001,21.280001,21.280001,18.580666,700
2019-07-16,21.450001,21.500000,21.450001,21.500000,18.772760,500
2019-07-17,21.469999,21.469999,21.270000,21.270000,18.571934,3600
2019-07-18,21.350000,21.350000,21.145000,21.145000,18.462791,700
2019-07-19,21.131001,21.538000,21.131001,21.538000,18.805939,2000
2019-07-22,21.639999,21.639999,21.149000,21.149000,18.466284,6300
2019-07-23,20.900000,21.299999,20.500000,20.799999,18.161552,4100
2019-07-24,21.639999,21.639999,21.020000,21.635000,18.890633,5000
2019-07-25,21.100000,21.400000,21.100000,21.356001,18.647026,9900
2019-07-26,21.698999,21.698999,21.593000,21.593000,18.853962,3000
2019-07-29,21.650000,21.665001,21.285999,21.422001,18.704655,4700
2019-07-30,21.469999,21.628000,21.469999,21.565001,18.829515,1900
2019-07-31,21.600000,21.750000,21.530001,21.646000,18.900240,5900
2019-08-01,21.750000,21.799999,21.500000,21.500000,18.772760,4900
2019-08-02,21.500000,21.700001,21.500000,21.700001,18.947388,3800
2019-08-05,21.080000,21.694000,21.080000,21.601999,18.861820,7300
2019-08-06,21.444000,21.638000,21.150999,21.150999,18.468029,3200
2019-08-07,21.325001,21.712999,21.150000,21.517000,18.787605,5600
2019-08-08,21.500000,21.799999,21.500000,21.799999,19.034704,8100
2019-08-09,21.700001,21.889999,21.552999,21.851000,19.079235,10200
2019-08-12,21.639999,21.740000,21.530001,21.530001,18.798956,2400
2019-08-13,21.559999,21.940001,21.559999,21.940001,19.156946,2500
2019-08-14,21.570999,21.950001,21.570000,21.775000,19.012877,5800
2019-08-15,21.792000,21.792000,21.558001,21.600000,18.860073,12500
2019-08-16,21.708000,21.778999,21.700001,21.726999,18.970963,1800
2019-08-19,21.730000,21.730000,21.200001,21.200001,18.510815,18900
2019-08-20,21.400000,21.400000,21.000000,21.158001,18.474144,7000
2019-08-21,21.200001,21.420000,21.200001,21.400000,18.685442,4900
2019-08-22,21.400000,21.400000,21.400000,21.400000,18.685442,400
2019-08-23,21.299999,21.299999,21.250000,21.250000,18.554470,600
2019-08-26,21.410000,21.430000,20.752001,20.910000,18.257601,32400
2019-08-27,20.959999,21.318001,20.900000,21.318001,18.613846,6700
2019-08-28,20.950001,21.105000,20.780001,20.860001,18.213942,6600
2019-08-29,20.900000,20.900000,20.860001,20.860001,18.213942,3000
2019-08-30,20.872000,20.900000,20.805000,20.840000,18.196478,6700
2019-09-03,20.889999,20.900000,20.700001,20.700001,18.074240,7400
2019-09-04,20.701000,20.892000,20.680000,20.680000,18.056778,4300
2019-09-05,20.650000,20.700001,20.434000,20.434000,17.841978,10400
2019-09-06,20.445999,20.600000,20.417999,20.540001,17.934534,18700
2019-09-09,20.600000,20.638000,20.386999,20.528000,17.924053,12900
2019-09-10,20.450001,20.487000,20.309999,20.330000,17.751171,22000
2019-09-11,20.400000,20.490000,20.309999,20.350000,17.768637,33900
2019-09-12,20.290001,20.290001,19.690001,20.079000,18.051832,3100
2019-09-13,20.010000,20.030001,19.693001,19.900000,17.890903,2300
2019-09-16,20.120001,20.290001,19.980000,20.290001,18.241529,5500
2019-09-17,19.811001,20.280001,19.811001,20.280001,18.232540,8800
2019-09-18,20.275000,20.275000,20.198000,20.198000,18.158819,5100
2019-09-19,20.209999,20.319000,20.150000,20.150000,18.115664,8200
2019-09-20,20.139999,20.400000,19.896999,20.131001,18.098583,9100
2019-09-23,20.180000,20.410000,20.139999,20.340000,18.286484,21600
2019-09-24,20.250000,20.330000,20.250000,20.275000,18.228045,1800
2019-09-25,20.229000,20.268999,19.750000,19.799999,17.801001,8300
2019-09-26,19.760000,19.760000,19.500000,19.524000,17.552866,8600
2019-09-27,19.728001,20.000000,19.655001,20.000000,17.980808,2700
2019-09-30,20.389999,20.429001,20.181000,20.429001,18.366497,6600
2019-10-01,20.400000,20.500000,20.365999,20.450001,18.385376,10900
2019-10-02,20.417999,20.450001,20.200001,20.450001,18.385376,4300
2019-10-03,20.549999,20.878000,20.450001,20.719999,18.628119,16100
2019-10-04,20.593000,20.709999,20.590000,20.590000,18.511242,6000
2019-10-07,20.590000,20.645000,20.590000,20.645000,18.560690,2900
2019-10-08,20.636999,20.670000,20.610001,20.635000,18.551701,1600
2019-10-09,20.676001,20.676001,20.615000,20.615000,18.533720,700
2019-10-10,20.631001,20.643999,20.608999,20.635000,18.551701,4900
2019-10-11,20.790001,20.870001,20.650000,20.749001,18.654192,6600
2019-10-14,20.799999,20.850000,20.799999,20.850000,18.744993,900
2019-10-15,20.860001,20.860001,20.629999,20.680000,18.592157,4400
2019-10-16,20.620001,20.850000,20.620001,20.850000,18.744993,3200
2019-10-17,20.900000,20.900000,20.850000,20.860001,18.753983,4500
2019-10-18,20.882000,20.900000,20.799999,20.799999,18.700039,4800
2019-10-21,20.834000,20.834000,20.200001,20.590000,18.511242,14900
2019-10-22,20.740000,20.740000,20.309999,20.309999,18.259512,1800
2019-10-23,20.677000,20.677000,20.632999,20.650000,18.565184,1200
2019-10-24,20.695000,20.799999,20.500000,20.500000,18.430326,3200
2019-10-25,20.650000,20.732000,20.650000,20.732000,18.638908,700
2019-10-28,20.827999,20.827999,20.754000,20.754000,18.658686,1200
2019-10-29,20.680000,20.799999,20.601000,20.780001,18.682060,1700
2019-10-30,20.780001,20.780001,20.780001,20.780001,18.682060,100
2019-10-31,20.780001,20.798000,20.780001,20.780001,18.682060,7600
2019-11-01,20.780001,20.840000,20.752001,20.840000,18.736000,4700
2019-11-04,20.900000,20.990000,20.806000,20.990000,18.870857,4100
2019-11-05,21.000000,21.042999,21.000000,21.042999,18.918507,800
2019-11-06,20.959999,21.650000,20.959999,21.360001,19.203505,4500
2019-11-07,21.879000,21.879000,21.049000,21.180000,19.041677,1600
2019-11-08,21.180000,21.750999,20.809999,21.200001,19.059658,5300
2019-11-11,21.070000,21.878000,21.000000,21.040001,18.915812,8900
2019-11-12,21.000000,21.000000,20.756001,20.886999,18.778255,5100
2019-11-13,20.809999,21.000000,20.639999,20.900000,18.789946,13300
2019-11-14,20.896999,21.660999,20.896000,21.200001,19.059658,5300
2019-11-15,21.200001,21.600000,20.600000,20.947001,18.832201,18800
2019-11-18,20.670000,20.950001,20.021999,20.030001,18.007780,20700
2019-11-19,20.120001,21.756001,20.000000,20.340000,18.286484,21600
2019-11-20,20.379999,21.150000,20.368000,21.030001,18.906820,10000
2019-11-21,21.510000,21.510000,21.000000,21.080000,18.951771,9100
2019-11-22,21.261000,21.261000,20.379999,20.520000,18.448309,17100
2019-11-25,20.500000,20.530001,20.042999,20.059999,18.034750,42600
2019-11-26,20.000000,21.000000,20.000000,20.200001,18.160616,131300
2019-11-27,20.200001,20.486000,20.180000,20.400000,18.340425,14000
2019-11-29,20.350000,20.424000,20.250000,20.424000,18.362001,2100
2019-12-02,20.420000,20.420000,20.150000,20.378000,18.320646,11800
2019-12-03,20.250000,20.410000,20.000000,20.000000,17.980808,14900
2019-12-04,20.000000,20.200001,20.000000,20.190001,18.151627,9900
2019-12-05,20.260000,20.400000,20.030001,20.370001,18.313456,9000
2019-12-06,20.340000,20.450001,20.261000,20.350000,18.295473,3400
2019-12-09,20.450001,20.650000,20.030001,20.200001,18.160616,30200
2019-12-10,20.250000,20.455999,20.139999,20.306000,18.255915,10300
2019-12-11,20.400000,20.570000,20.320000,20.400000,18.340425,22700
2019-12-12,19.990000,20.440001,19.655001,20.440001,18.919868,18100
2019-12-13,20.113001,20.430000,19.750000,20.129999,18.632923,12800
2019-12-16,20.219999,20.319000,19.860001,20.094000,18.599600,14000
2019-12-17,20.093000,20.389999,20.000000,20.350000,18.836563,8000
2019-12-18,20.299999,20.440001,20.250000,20.440001,18.919868,33800
2019-12-19,20.340000,20.430000,20.184999,20.430000,18.910612,11400
2019-12-20,20.266001,20.580000,20.266001,20.540001,19.012434,15400
2019-12-23,20.540001,20.700001,20.320000,20.337999,18.825455,9100
2019-12-24,20.309999,20.420000,20.282000,20.399000,18.881920,4600
2019-12-26,20.420000,20.450001,20.382999,20.382999,18.867107,800
2019-12-27,20.648001,20.725000,20.360001,20.450001,18.929127,7300
2019-12-30,20.559999,20.575001,20.360001,20.575001,19.044830,6400
2019-12-31,20.600000,20.600000,20.386999,20.480000,18.956894,19200
2020-01-02,20.476999,20.600000,20.450001,20.600000,19.067970,7200
2020-01-03,20.950001,20.950001,20.750000,20.770000,19.225327,7300
2020-01-06,20.969999,21.000000,20.719999,20.955999,19.397491,25100
2020-01-07,21.000000,21.540001,20.900999,21.420000,19.826986,14000
2020-01-08,21.240000,21.409000,20.980000,20.980000,19.419708,14300
2020-01-09,20.902000,21.162001,20.549999,20.655001,19.118879,12500
2020-01-10,20.650000,21.065001,20.608999,20.740000,19.197557,16700
2020-01-13,21.090000,21.400000,20.770000,20.975000,19.415083,24800
2020-01-14,21.150000,21.379999,20.980000,21.153999,19.580767,8600
2020-01-15,21.280001,21.299999,21.100000,21.150000,19.577066,7100
2020-01-16,21.230000,21.420000,21.018999,21.200001,19.623348,13400
2020-01-17,21.250000,21.400000,21.200001,21.233000,19.653893,8200
2020-01-21,21.110001,21.450001,21.049999,21.177999,19.602982,20100
2020-01-22,21.059999,21.059999,20.900000,20.976000,19.416006,23200
2020-01-23,21.049999,21.200001,20.799999,21.049999,19.484503,13100
2020-01-24,21.219999,21.219999,20.950001,21.000000,19.438223,7800
2020-01-27,20.959999,21.490000,20.260000,20.389999,18.873587,124700
2020-01-28,20.590000,20.906000,20.280001,20.400000,18.882843,25300
2020-01-29,20.600000,20.600000,20.299999,20.350000,18.836563,22800
2020-01-30,20.549999,20.974001,20.270000,20.400000,18.882843,21800
2020-01-31,20.740000,21.200001,20.320000,20.520000,18.993919,13400
2020-02-03,20.570000,20.952000,20.570000,20.670000,19.132763,4800
2020-02-04,20.610001,21.250000,20.610001,21.049000,19.483576,24300
2020-02-05,21.150000,21.540001,21.105000,21.540001,19.938063,26100
2020-02-06,21.340000,21.340000,20.686001,20.905001,19.350286,25700
2020-02-07,21.000000,21.490000,20.919001,21.160000,19.586321,15100
2020-02-10,21.350000,21.370001,20.850000,21.370001,19.780704,15900
2020-02-11,21.190001,21.475000,21.000000,21.209999,19.632605,8200
2020-02-12,20.090000,20.440001,19.969999,19.969999,18.484821,283300
2020-02-13,20.230000,20.650000,20.200001,20.610001,19.077225,47200
2020-02-14,20.530001,20.740000,20.445000,20.700001,19.160534,47300
2020-02-18,20.700001,20.700001,20.230000,20.350000,18.836563,45800
2020-02-19,20.370001,20.684999,20.370001,20.610001,19.077225,30300
2020-02-20,20.600000,20.650000,20.400000,20.563000,19.033722,23300
2020-02-21,20.690001,20.690001,20.350000,20.558001,19.029093,19100
2020-02-24,20.299999,20.582001,20.239000,20.490000,18.966150,35800
2020-02-25,20.490000,20.650000,20.200001,20.250000,18.743999,14700
2020-02-26,20.240999,20.580000,20.228001,20.580000,19.049456,33400
2020-02-27,20.160000,20.500000,19.549999,20.150000,18.651438,58900
2020-02-28,19.910000,20.500000,19.648001,20.059999,18.568129,90300
2020-03-02,20.389999,20.396000,20.000000,20.384001,18.868034,14800
2020-03-03,20.389999,20.400999,20.143999,20.150000,18.651438,17800
2020-03-04,20.240000,20.330000,20.100000,20.330000,18.818050,13800
2020-03-05,20.330000,20.450001,20.020000,20.080000,18.586643,10800
2020-03-06,20.260000,20.260000,19.049999,19.900000,18.420029,24900
2020-03-09,18.820000,19.535999,17.790001,18.250000,16.892740,62700
2020-03-10,18.250000,19.000000,18.250000,18.745001,17.350927,13100
2020-03-11,18.778999,19.100000,18.600000,18.770000,17.374067,13400
2020-03-12,18.500000,18.708000,15.020000,17.010000,15.744960,46900
2020-03-13,18.600000,18.600000,17.250000,17.370001,16.651850,12800
2020-03-16,16.500000,16.500000,13.932000,14.094000,13.511292,39000
2020-03-17,14.100000,15.670000,14.100000,15.329000,14.695233,11500
2020-03-18,14.760000,15.140000,12.576000,12.600000,12.079061,40800
2020-03-19,12.060000,14.210000,12.000000,14.200000,13.612909,13700
2020-03-20,14.800000,15.300000,14.750000,14.750000,14.140170,10700
2020-03-23,15.100000,15.100000,13.130000,14.500000,13.900506,33100
2020-03-24,14.270000,15.660000,14.270000,15.660000,15.012547,9200
2020-03-25,15.500000,16.000000,15.500000,15.990000,15.328903,5500
2020-03-26,15.260000,16.500000,14.010000,15.480000,14.839989,26300
2020-03-27,15.000000,15.480000,14.990000,15.300000,14.667431,1700
2020-03-30,15.500000,15.765000,14.500000,14.659000,14.052934,10400
2020-03-31,14.750000,15.600000,14.344000,15.130000,14.504459,5800
2020-04-01,15.286000,15.395000,14.903000,14.907000,14.290679,3400
2020-04-02,15.105000,15.700000,15.105000,15.400000,14.763296,3200
2020-04-03,15.690000,15.690000,14.670000,15.000000,14.379834,8600
2020-04-06,15.300000,16.750000,15.288000,16.202000,15.532138,27500
2020-04-07,16.584999,18.660000,16.584999,18.000000,17.255800,10300
2020-04-08,17.990000,17.990000,16.600000,17.674000,16.943279,4700
2020-04-09,17.700001,18.290001,17.516001,17.760000,17.025724,19800
2020-04-13,17.010000,17.798000,16.260000,16.260000,15.587740,15100
2020-04-14,17.889999,18.110001,15.820000,17.250000,16.536810,11900
2020-04-15,17.549999,17.549999,16.020000,17.549999,16.824406,8400
2020-04-16,17.038000,17.275000,16.200001,17.150000,16.440943,3300
2020-04-17,17.325001,17.500000,16.639999,16.639999,15.952028,5100
2020-04-20,16.990000,18.250000,16.965000,18.100000,17.351667,23600
2020-04-21,18.049999,18.049999,17.719999,17.969999,17.227041,12400
2020-04-22,17.830000,18.643999,17.761999,18.100000,17.351667,7800
2020-04-23,18.200001,18.799999,18.200001,18.200001,17.447535,5500
2020-04-24,18.180000,18.750000,17.549999,18.700001,17.926861,5200
2020-04-27,18.730000,18.750000,18.000000,18.378000,17.618174,8100
2020-04-28,18.379999,18.740000,18.379999,18.650000,17.878927,13300
2020-04-29,18.750000,18.950001,18.250000,18.260000,17.505051,11400
2020-04-30,18.400000,18.931000,18.400000,18.830000,18.051485,4200
2020-05-01,18.799999,18.893999,18.559999,18.693001,17.920151,24000
2020-05-04,18.650000,18.826000,18.309999,18.700001,17.926861,42100
2020-05-05,18.309999,18.889999,17.559999,18.639999,17.869339,23300
2020-05-06,18.750000,18.799999,18.350000,18.610001,17.840582,4600
2020-05-07,18.320000,18.850000,18.320000,18.674999,17.902893,5800
2020-05-08,19.049999,19.299999,18.549999,18.799999,18.022726,5700
2020-05-11,18.750000,19.006001,18.730000,18.825001,18.046694,5600
2020-05-12,19.030001,19.750000,19.030001,19.350000,18.549986,10700
2020-05-13,19.450001,19.500000,19.299999,19.350000,18.549986,11100
2020-05-14,19.360001,19.360001,18.299999,18.733999,17.959454,9000
2020-05-15,19.208000,19.490000,18.700001,18.879999,18.099417,9300
2020-05-18,18.900000,19.559999,18.320000,19.296000,18.498219,9600
2020-05-19,19.650000,19.750000,18.422001,18.500000,17.735130,19900
2020-05-20,18.520000,18.870001,17.879999,18.773001,17.996843,75400
2020-05-21,18.400000,18.500000,18.049999,18.350000,17.591331,52500
2020-05-22,18.490000,18.500000,18.243000,18.290001,17.533813,23700
2020-05-26,18.500000,18.500000,18.100000,18.270000,17.514639,46200
2020-05-27,17.889999,18.049999,17.770000,17.900000,17.159937,276300
2020-05-28,18.090000,18.090000,17.850000,17.950001,17.207869,25100
2020-05-29,17.930000,18.250000,17.879999,18.010000,17.265388,35100
2020-06-01,18.049999,18.299999,18.030001,18.125000,17.375633,15100
2020-06-02,18.230000,18.350000,18.152000,18.299999,17.543396,15500
2020-06-03,18.330000,18.340000,18.170000,18.219999,17.466705,16900
2020-06-04,18.270000,18.270000,18.100000,18.100000,17.351667,8700
2020-06-05,18.250000,19.299999,18.250000,18.766001,17.990133,81600
2020-06-08,18.900000,19.698000,18.806000,19.450001,18.645853,49700
2020-06-09,19.490000,19.490000,19.000000,19.440001,18.636267,14700
2020-06-10,19.229000,19.350000,19.150000,19.330000,18.530811,6900
2020-06-11,19.350000,19.350000,18.559999,19.020000,18.233631,13400
2020-06-12,18.680000,18.908001,18.480000,18.480000,18.279131,3100
2020-06-15,18.559999,18.565001,18.040001,18.565001,18.363207,7500
2020-06-16,18.330000,18.700001,18.200001,18.344999,18.145597,22500
2020-06-17,18.059999,18.650000,18.059999,18.531000,18.329576,12700
2020-06-18,18.430000,18.590000,18.270000,18.365000,18.165380,8200
2020-06-19,18.370001,18.500000,18.270000,18.389999,18.190107,12500
2020-06-22,18.389999,18.450001,18.150000,18.200001,18.002174,11800
2020-06-23,18.325001,18.500000,18.129999,18.150000,17.952717,7700
2020-06-24,18.100000,18.490000,18.010000,18.120001,17.923044,10200
2020-06-25,18.010000,18.299999,17.850000,18.160000,17.962608,9000
2020-06-26,18.150000,18.150000,17.850000,17.950001,17.754892,11200
2020-06-29,17.950001,18.100000,17.750000,17.754000,17.561022,3700
2020-06-30,17.920000,18.000000,17.559999,17.850000,17.655979,10700
2020-07-01,17.850000,18.195000,17.610001,17.950001,17.754892,45200
2020-07-02,17.820000,17.990000,17.700001,17.889999,17.695543,13100
2020-07-06,17.900000,18.100000,17.860001,17.879999,17.685652,10000
2020-07-07,17.902000,17.990000,17.770000,17.799999,17.606522,8800
2020-07-08,17.875000,17.879000,17.650000,17.650000,17.458153,16800
2020-07-09,17.610001,17.900000,17.610001,17.629999,17.438368,12800
2020-07-10,17.650000,17.733000,17.180000,17.230000,17.042717,29100
2020-07-13,17.480000,17.780001,17.270000,17.270000,17.082283,42900
2020-07-14,17.510000,17.740000,17.176001,17.628000,17.436392,52800
2020-07-15,17.740000,17.900000,17.655001,17.820000,17.626305,30900
2020-07-16,17.799999,17.940001,17.650000,17.940001,17.745001,17800
2020-07-17,17.850000,18.180000,17.764000,17.889999,17.889999,29800
2020-07-20,17.719999,18.150000,17.719999,18.150000,18.150000,48600
2020-07-21,18.180000,18.180000,17.900000,18.139999,18.139999,18600
2020-07-22,18.099001,18.150000,18.020000,18.150000,18.150000,6100
2020-07-23,18.080000,18.150000,18.080000,18.135000,18.135000,3200