Date,Open,High,Low,Close,Adj Close,Volume
2019-05-29,19.950001,20.000000,19.900000,20.000000,18.536228,969400
2019-05-30,20.000000,20.059999,19.940001,19.969999,18.508425,183300
2019-05-31,19.950001,20.000000,19.850000,20.000000,18.536228,148900
2019-06-03,20.000000,20.090000,20.000000,20.000000,18.536228,34500
2019-06-04,20.010000,20.100000,20.010000,20.100000,18.628910,11600
2019-06-05,20.040001,20.100000,20.010000,20.010000,18.545496,134300
2019-06-06,20.049999,20.049999,20.004000,20.020000,18.554764,15300
2019-06-07,20.010000,20.070000,20.010000,20.070000,18.601107,12800
2019-06-10,20.030001,20.100000,20.010000,20.100000,18.628910,37200
2019-06-11,20.049999,20.129999,20.040001,20.059999,18.591839,13800
2019-06-12,20.129999,20.129999,20.000000,20.010000,18.545496,30300
2019-06-13,20.010000,20.020000,20.000000,20.010000,18.545496,20200
2019-06-14,20.000000,20.080000,20.000000,20.049999,18.582571,40700
2019-06-17,20.049999,20.090000,20.049999,20.080000,18.610373,12600
2019-06-18,20.110001,20.799999,20.049999,20.410000,18.916220,43700
2019-06-19,20.471001,20.471001,20.250999,20.379999,18.888416,10000
2019-06-20,20.280001,20.379999,20.280001,20.340000,18.851343,12800
2019-06-21,20.370001,20.510000,20.370001,20.450001,18.953295,16200
2019-06-24,20.510000,20.510000,20.370001,20.370001,18.879147,11600
2019-06-25,20.469999,20.750000,20.362000,20.559999,19.055244,30100
2019-06-26,20.500000,20.559999,20.450001,20.499001,18.998705,11100
2019-06-27,20.450001,20.450001,20.184000,20.215000,18.735495,13800
2019-06-28,20.200001,20.260000,20.100000,20.100000,18.628910,18800
2019-07-01,20.153999,20.700001,20.153999,20.260000,18.777201,36800
2019-07-02,20.500000,20.598000,20.500000,20.580000,19.073780,9700
2019-07-03,20.690001,20.799999,20.639999,20.778000,19.257290,9200
2019-07-05,20.000000,20.100000,19.851000,19.950001,18.489889,139800
2019-07-08,19.950001,20.020000,19.861000,19.974001,18.512133,55300
2019-07-09,20.000000,20.190001,19.900000,20.000000,18.536228,63000
2019-07-10,20.150000,20.150000,19.990000,20.049999,18.582571,81500
2019-07-11,19.959999,20.250000,19.900000,20.250000,18.878094,44600
2019-07-12,20.233000,20.340000,20.030001,20.030001,18.673004,36300
2019-07-15,20.129999,20.180000,19.709999,19.850000,18.505192,42300
2019-07-16,19.809999,20.010000,19.799999,19.980000,18.626387,25500
2019-07-17,19.910000,20.000000,19.885000,19.990000,18.635706,25200
2019-07-18,20.040001,20.040001,19.860001,19.910000,18.561125,13300
2019-07-19,19.920000,19.983999,19.879999,19.983999,18.630116,21200
2019-07-22,19.920000,20.040001,19.879999,20.000000,18.645031,31000
2019-07-23,20.030001,20.100000,19.930000,20.000000,18.645031,35900
2019-07-24,19.980000,20.209999,19.950001,19.950001,18.598421,40200
2019-07-25,20.030001,20.129999,19.914000,20.030001,18.673004,56000
2019-07-26,20.180000,20.180000,20.049999,20.077999,18.717745,19300
2019-07-29,20.000000,20.350000,20.000000,20.110001,18.747580,62300
2019-07-30,20.110001,20.110001,20.025999,20.070000,18.710285,10600
2019-07-31,20.129999,20.129999,20.000000,20.020000,18.663675,13000
2019-08-01,20.049999,20.160000,20.049999,20.059999,18.700966,19900
2019-08-02,20.150000,20.150000,20.014000,20.059999,18.700966,20700
2019-08-05,20.100000,20.100000,20.000000,20.000000,18.645031,17800
2019-08-06,20.100000,20.202000,20.040001,20.049999,18.691643,18700
2019-08-07,20.093000,20.250000,20.080000,20.250000,18.878094,19600
2019-08-08,20.250000,20.299999,20.049999,20.150000,18.784872,21000
2019-08-09,20.200001,20.299999,20.070000,20.150000,18.784872,32600
2019-08-12,20.129999,20.129999,20.030001,20.030001,18.673004,4300
2019-08-13,20.049999,20.150000,20.000000,20.100000,18.738255,13100
2019-08-14,20.049999,20.100000,19.940001,20.086000,18.725203,74000
2019-08-15,20.040001,20.139999,20.000000,20.000000,18.754272,8200
2019-08-16,20.030001,20.280001,20.030001,20.200001,18.941818,17300
2019-08-19,20.299999,20.360001,20.236000,20.350000,19.082472,8000
2019-08-20,20.364000,20.950001,20.350000,20.510000,19.232506,13800
2019-08-21,20.650000,21.790001,20.190001,21.299999,19.973297,58200
2019-08-22,21.049999,21.290001,21.049999,21.096001,19.782005,6900
2019-08-23,21.000000,21.000000,20.860001,20.860001,19.560707,3800
2019-08-26,21.000000,21.000000,20.850000,20.980000,19.673231,14900
2019-08-27,20.903999,21.000000,20.500000,20.570000,19.288765,31200
2019-08-28,20.549999,20.809999,20.549999,20.600000,19.316898,31800
2019-08-29,20.520000,20.600000,20.341000,20.420000,19.148111,32500
2019-08-30,20.530001,20.802999,20.270000,20.379999,19.110601,39200
2019-09-03,20.271999,20.388000,19.930000,20.100000,18.848043,47400
2019-09-04,20.200001,20.250000,20.000000,20.160000,18.904305,14200
2019-09-05,20.160000,20.350000,20.100000,20.100000,18.848043,21200
2019-09-06,20.150000,20.450001,20.150000,20.250000,18.988701,28000
2019-09-09,20.170000,20.500000,20.170000,20.180000,18.923061,8800
2019-09-10,20.389999,20.500000,20.180000,20.180000,18.923061,19400
2019-09-11,20.190001,20.600000,20.000000,20.250000,18.988701,26900
2019-09-12,20.500000,20.540001,20.280001,20.290001,19.026209,19800
2019-09-13,20.500000,20.618999,20.200001,20.270000,19.118645,29400
2019-09-16,20.301001,20.600000,20.299999,20.299999,19.146936,33100
2019-09-17,20.410000,20.410000,20.200001,20.200001,19.052618,15500
2019-09-18,20.200001,20.250000,20.200001,20.200001,19.052618,14500
2019-09-19,20.240000,20.590000,20.240000,20.360001,19.203529,46700
2019-09-20,20.360001,20.481001,20.200001,20.200001,19.052618,12000
2019-09-23,20.250000,20.299999,20.200001,20.200001,19.052618,18500
2019-09-24,20.250000,20.250000,20.139999,20.150000,19.005459,38300
2019-09-25,20.209999,20.250000,20.183001,20.250000,19.099777,23800
2019-09-26,20.400000,20.400000,20.200001,20.230000,19.080915,36500
2019-09-27,20.240000,20.250000,20.190001,20.250000,19.099777,23100
2019-09-30,20.250000,20.250000,20.129999,20.170000,19.024323,40800
2019-10-01,20.250000,20.250000,20.059999,20.059999,18.920570,20800
2019-10-02,20.156000,20.250000,20.059999,20.250000,19.099777,12800
2019-10-03,20.195999,20.250000,20.059999,20.250000,19.099777,21700
2019-10-04,20.240000,20.250000,20.129999,20.150000,19.005459,33700
2019-10-07,20.195000,20.250000,20.090000,20.250000,19.099777,15800
2019-10-08,20.200001,20.250000,20.059999,20.100000,18.958300,90000
2019-10-09,20.150000,20.200001,19.980000,20.030001,18.892275,137100
2019-10-10,20.000000,20.149000,20.000000,20.049999,18.911139,18300
2019-10-11,20.190001,20.190001,19.799999,19.885000,18.755508,302400
2019-10-14,19.889999,20.049000,19.879999,20.000000,18.863977,35800
2019-10-15,20.000000,20.049999,19.959999,20.020000,18.882845,34900
2019-10-16,19.860001,20.020000,19.860001,20.010000,18.985312,19600
2019-10-17,20.010000,20.010000,19.860001,19.990000,18.966333,28700
2019-10-18,20.000000,20.000000,19.944000,19.990000,18.966333,47800
2019-10-21,19.969999,20.087000,19.910000,20.030001,19.004290,37300
2019-10-22,19.780001,20.010000,19.780001,19.934999,18.914150,53200
2019-10-23,19.980000,19.980000,19.770000,19.809999,18.795553,27600
2019-10-24,19.780001,19.809999,19.700001,19.700001,18.691189,55600
2019-10-25,19.750000,19.840000,19.700001,19.799999,18.786068,41000
2019-10-28,20.000000,20.250000,19.799999,20.170000,19.137121,128300
2019-10-29,20.261999,20.400000,20.100000,20.230000,19.194048,54700
2019-10-30,20.150000,20.440001,20.135000,20.389999,19.345852,26200
2019-10-31,20.400000,20.534000,20.320000,20.320000,19.279436,39800
2019-11-01,20.520000,20.520000,20.282000,20.420000,19.374315,30400
2019-11-04,20.700001,20.738001,20.400000,20.590000,19.535616,45000
2019-11-05,20.590000,20.820000,20.580000,20.750000,19.687424,40200
2019-11-06,20.840000,20.840000,20.450001,20.450001,19.402782,43000
2019-11-07,20.580000,20.650000,20.450001,20.580000,19.526125,52700
2019-11-08,20.400000,20.700001,20.399000,20.650000,19.592541,33800
2019-11-11,20.900000,20.900000,20.629999,20.700001,19.639980,33300
2019-11-12,20.940001,20.940001,20.730000,20.850000,19.782295,40800
2019-11-13,20.750000,20.850000,20.622999,20.639999,19.583050,22500
2019-11-14,20.690001,20.754999,20.500000,20.500000,19.562057,36300
2019-11-15,20.500000,20.740000,20.500000,20.700001,19.752911,16000
2019-11-18,20.900000,20.916000,20.600000,20.610001,19.667028,45500
2019-11-19,20.650000,20.700001,20.580000,20.700001,19.752911,33000
2019-11-20,20.750000,20.799999,20.629999,20.757000,19.807299,10000
2019-11-21,20.825001,20.900000,20.799999,20.900000,19.943756,15900
2019-11-22,20.889999,20.900000,20.719999,20.900000,19.943756,16300
2019-11-25,20.950001,21.000000,20.500000,21.000000,20.039181,32000
2019-11-26,20.850000,20.957001,20.500000,20.589001,19.646988,27800
2019-11-27,20.639999,20.690001,20.500000,20.600000,19.657484,30800
2019-11-29,20.900000,20.990000,20.650000,20.650000,19.705196,11900
2019-12-02,20.760000,20.760000,20.500000,20.510000,19.571602,15100
2019-12-03,20.629999,20.698999,20.520000,20.680000,19.733824,29000
2019-12-04,20.770000,20.770000,20.591999,20.670000,19.724281,20300
2019-12-05,20.686001,20.721001,20.500000,20.500000,19.562057,24400
2019-12-06,20.594000,20.594000,20.490000,20.500000,19.562057,35500
2019-12-09,20.570000,20.650000,20.510000,20.570000,19.628853,32000
2019-12-10,20.730000,20.770000,20.549999,20.580000,19.638399,28400
2019-12-11,20.600000,20.645000,20.558001,20.580000,19.638399,18400
2019-12-12,20.719999,20.719999,20.580000,20.580000,19.638399,23000
2019-12-13,20.600000,20.770000,20.600000,20.700001,19.752911,42200
2019-12-16,20.709999,20.709999,20.476999,20.510000,19.683807,26400
2019-12-17,20.740000,20.740000,20.469999,20.534000,19.706839,27200
2019-12-18,20.580999,20.690001,20.459999,20.520000,19.693403,39500
2019-12-19,20.500000,20.646999,20.500000,20.520000,19.693403,41800
2019-12-20,20.610001,20.959999,20.549999,20.705000,19.870953,89300
2019-12-23,20.930000,20.930000,20.730000,20.799999,19.962122,39400
2019-12-24,20.900000,20.900000,20.740000,20.796000,19.958284,15700
2019-12-26,20.860001,20.940001,20.790001,20.900000,20.058096,54900
2019-12-27,20.870001,20.980000,20.660000,20.700001,19.866156,61500
2019-12-30,20.700001,20.750000,20.530001,20.700001,19.866156,52600
2019-12-31,20.719999,20.809999,20.680000,20.690001,19.856558,34800
2020-01-02,20.830000,20.884001,20.653000,20.719999,19.885347,57100
2020-01-03,20.726000,20.879999,20.670000,20.719999,19.885347,27600
2020-01-06,20.809999,20.875999,20.700001,20.850000,20.010111,52300
2020-01-07,20.889999,20.889999,20.716000,20.745001,19.909342,26300
2020-01-08,20.709999,20.795000,20.700001,20.740000,19.904545,29400
2020-01-09,20.840000,20.840000,20.700001,20.750000,19.914143,20000
2020-01-10,20.820000,20.850000,20.721001,20.778000,19.941011,33500
2020-01-13,20.830000,20.850000,20.719999,20.836000,19.996674,44700
2020-01-14,20.840000,20.850000,20.670000,20.840000,20.000513,46400
2020-01-15,20.900000,20.900000,20.580000,20.770000,19.933336,43200
2020-01-16,20.670000,20.770000,20.670000,20.700001,19.971930,19900
2020-01-17,20.790001,20.790001,20.700001,20.754000,20.024027,24400
2020-01-21,20.850000,21.122000,20.799999,21.122000,20.379082,32300
2020-01-22,21.200001,21.979000,21.090000,21.420000,20.666603,46300
2020-01-23,21.650000,21.650000,21.340000,21.350000,20.599066,68400
2020-01-24,21.450001,21.636999,21.049999,21.100000,20.357857,57900
2020-01-27,21.080000,21.799999,21.080000,21.200001,20.454342,62500
2020-01-28,21.510000,21.622000,21.209999,21.540001,20.782385,45200
2020-01-29,21.750000,21.750000,21.000000,21.100000,20.357857,44900
2020-01-30,21.139999,21.330000,21.139999,21.299999,20.550825,21700
2020-01-31,21.559999,21.559999,21.299999,21.299999,20.550825,29400
2020-02-03,21.510000,21.549999,21.360001,21.490000,20.734140,33100
2020-02-04,21.400000,21.613001,21.400000,21.549999,20.792030,18000
2020-02-05,21.750000,21.917999,21.632000,21.650000,20.888514,42300
2020-02-06,21.740000,21.740000,21.500000,21.500000,20.743790,21100
2020-02-07,21.750000,21.750000,21.450001,21.500000,20.743790,27100
2020-02-10,21.740000,21.740000,21.000000,21.030001,20.290321,35400
2020-02-11,21.299999,21.299999,21.000000,21.180000,20.435045,70400
2020-02-12,21.190001,21.316000,21.190001,21.250000,20.502581,16100
2020-02-13,21.120001,21.246000,20.934999,21.016001,20.383287,29600
2020-02-14,20.992001,21.077000,20.820000,20.853001,20.225193,22400
2020-02-18,20.799999,21.059999,20.750000,20.920000,20.290174,54800
2020-02-19,21.040001,21.090000,20.750000,20.910000,20.280476,25500
2020-02-20,21.040001,21.150000,20.900000,20.900000,20.270779,53700
2020-02-21,20.799999,20.900000,20.639999,20.760000,20.134995,43900
2020-02-24,20.940001,20.940001,20.420000,20.480000,19.863420,70100
2020-02-25,20.709999,20.781000,20.351000,20.360001,19.747034,62600
2020-02-26,20.450001,20.930000,20.403000,20.900000,20.270779,48000
2020-02-27,20.815001,20.870001,20.270000,20.400000,19.785830,25500
2020-02-28,20.270000,20.599001,20.250000,20.500000,19.882820,55500
2020-03-02,20.299999,20.490000,20.200001,20.209999,19.601551,70200
2020-03-03,20.309999,20.398001,20.174999,20.250000,19.640345,59500
2020-03-04,20.260000,20.360001,20.110001,20.240000,19.630650,91300
2020-03-05,20.250000,20.450001,20.115000,20.230000,19.620949,32100
2020-03-06,20.100000,20.150000,19.950001,20.000000,19.397873,36500
2020-03-09,19.740000,19.740000,18.420000,18.790001,18.224304,93100
2020-03-10,18.920000,19.049999,18.309999,19.049999,18.476471,68800
2020-03-11,18.450001,18.889999,18.450001,18.600000,18.040022,51400
2020-03-12,16.850000,17.400000,14.410000,16.200001,15.712277,124000
2020-03-13,16.799999,17.639999,16.500000,17.260000,16.740366,156100
2020-03-16,16.990000,17.040001,16.000000,16.469999,16.078482,97400
2020-03-17,16.000000,17.049999,15.920000,17.000000,16.595884,120600
2020-03-18,16.400000,17.250000,11.700000,12.670000,12.368814,326400
2020-03-19,12.740000,17.820000,12.716000,16.200001,15.814901,260300
2020-03-20,16.150000,17.240000,16.020000,16.450001,16.058958,71400
2020-03-23,15.500000,16.042000,14.550000,14.650000,14.301745,156400
2020-03-24,15.350000,16.240000,15.350000,16.049999,15.668464,50800
2020-03-25,16.240000,17.209999,15.750000,17.110001,16.703266,75700
2020-03-26,16.930000,17.801001,16.930000,17.230000,16.820414,50100
2020-03-27,17.129999,17.809999,16.500000,17.010000,16.605644,33200
2020-03-30,16.860001,17.791000,16.860001,17.292000,16.880939,30300
2020-03-31,17.700001,17.900000,17.004999,17.100000,16.693506,33700
2020-04-01,16.770000,16.990000,15.810000,15.970000,15.590366,24600
2020-04-02,15.760000,16.500000,15.588000,16.500000,16.107767,24500
2020-04-03,16.309999,16.919001,16.250000,16.500000,16.107767,16700
2020-04-06,16.500000,17.100000,16.299999,16.580000,16.185865,44700
2020-04-07,16.995001,16.995001,16.340000,16.370001,15.980858,39200
2020-04-08,16.370001,16.475000,16.096001,16.440001,16.049194,12500
2020-04-09,16.490000,17.920000,16.490000,17.500000,17.083998,44600
2020-04-13,17.549999,17.549999,16.750000,17.160000,16.752079,10900
2020-04-14,17.208000,18.000000,17.200001,17.610001,17.191383,37800
2020-04-15,17.059999,17.264999,16.920000,17.049999,16.740707,28200
2020-04-16,17.094999,17.500000,16.889999,16.889999,16.583611,42100
2020-04-17,17.400000,17.500000,17.000000,17.000000,16.691616,9300
2020-04-20,17.000000,17.200001,16.389999,17.020000,16.711254,26500
2020-04-21,16.430000,17.870001,16.430000,17.780001,17.457466,34100
2020-04-22,17.650000,17.719999,16.795000,17.049999,16.740707,43700
2020-04-23,17.049999,17.100000,16.638000,17.090000,16.779985,38200
2020-04-24,16.870001,17.400000,16.870001,17.010000,16.701433,20900
2020-04-27,16.950001,17.629999,16.840000,16.950001,16.642523,29500
2020-04-28,17.490000,17.490000,16.750000,16.850000,16.544338,35200
2020-04-29,17.000000,17.299999,16.680000,17.120001,16.809439,60900
2020-04-30,17.240000,17.450001,16.760000,16.809999,16.505062,41100
2020-05-01,16.549999,16.700001,16.129999,16.420000,16.122137,54600
2020-05-04,17.024000,17.024000,16.170000,16.270000,15.974858,36900
2020-05-05,16.280001,16.889999,16.280001,16.325001,16.028860,34600
2020-05-06,16.379999,16.389999,16.120001,16.180000,15.886491,66200
2020-05-07,16.150000,16.500000,16.150000,16.469999,16.171228,17000
2020-05-08,16.360001,16.879999,16.180000,16.680000,16.377422,50700
2020-05-11,16.700001,16.889999,16.450001,16.750000,16.446152,26400
2020-05-12,16.830000,16.969999,16.677000,16.879999,16.573792,25100
2020-05-13,16.750000,16.750000,16.110001,16.250000,15.955222,51500
2020-05-14,16.770000,16.770000,15.700000,15.900000,15.709208,32900
2020-05-15,16.020000,16.646999,15.480000,15.981000,15.789237,26700
2020-05-18,16.195000,16.299999,15.790000,16.129999,15.936448,38500
2020-05-19,16.490000,16.490000,16.010000,16.200001,16.005610,23000
2020-05-20,16.200001,16.497999,16.100000,16.165001,15.971030,32000
2020-05-21,16.150000,16.500000,16.150000,16.379999,16.183449,12100
2020-05-22,16.360001,16.389999,16.100000,16.240000,16.045128,40000
2020-05-26,16.299999,16.500000,16.250000,16.299999,16.104408,52700
2020-05-27,16.330000,16.500000,16.330000,16.469999,16.272369,27600
2020-05-28,16.469999,16.770000,16.469999,16.680000,16.479851,31200
2020-05-29,16.750000,16.820000,16.330000,16.360001,16.163689,35300
2020-06-01,16.351999,16.787001,16.351999,16.639999,16.440329,22400
2020-06-02,16.867001,17.049999,16.709999,16.950001,16.746611,28900
2020-06-03,17.100000,17.200001,17.000000,17.040001,16.835529,32500
2020-06-04,17.000000,17.077999,16.809999,16.910000,16.707088,26800
2020-06-05,17.000000,17.200001,16.920000,17.090000,16.884930,54700
2020-06-08,17.209999,17.490000,17.090000,17.120001,16.914570,50100
2020-06-09,17.150000,17.240000,17.020000,17.059999,16.855288,21200
2020-06-10,17.020000,17.250000,17.000000,17.000000,16.796009,32700
2020-06-11,16.900000,16.900000,16.520000,16.650000,16.450209,30500
2020-06-12,16.795000,16.950001,16.719999,16.950001,16.746611,39100
2020-06-15,16.750000,16.889999,16.750000,16.790001,16.687967,19900
2020-06-16,16.889999,17.200001,16.440001,16.660000,16.558758,46100
2020-06-17,16.629999,16.889999,16.459999,16.830000,16.727724,37400
2020-06-18,16.530001,17.100000,16.530001,17.100000,16.996084,15900
2020-06-19,17.260000,17.260000,16.950001,17.004999,16.901659,18900
2020-06-22,17.000000,17.049999,16.620001,16.719999,16.618393,39700
2020-06-23,16.745001,17.010000,16.745001,16.815001,16.712816,31900
2020-06-24,16.660000,16.860001,16.381001,16.650000,16.548819,57900
2020-06-25,16.780001,16.850000,16.410000,16.410000,16.310276,65700
2020-06-26,16.430000,16.820000,16.290001,16.820000,16.717785,49100
2020-06-29,16.634001,16.889999,16.634001,16.850000,16.747602,3800
2020-06-30,16.950001,16.990000,16.770000,16.900000,16.797298,35800
2020-07-01,17.000000,17.000000,16.760000,16.879999,16.777420,16500
2020-07-02,16.990000,16.990000,16.840000,16.875000,16.772451,13500
2020-07-06,16.799999,16.927999,16.760000,16.809999,16.707846,13500
2020-07-07,16.804001,16.867001,16.700001,16.771000,16.669083,38000
2020-07-08,16.870001,16.889999,16.719999,16.740000,16.638271,11800
2020-07-09,16.830000,16.830000,16.700001,16.700001,16.598515,33200
2020-07-10,16.700001,16.795000,16.610001,16.639999,16.538877,28100
2020-07-13,16.610001,16.820000,16.510000,16.760000,16.658150,32500
2020-07-14,16.679001,16.881001,16.370001,16.400000,16.300337,37400
2020-07-15,16.549999,16.780001,16.469999,16.620001,16.519001,53000
2020-07-16,16.681999,16.681999,16.309999,16.469999,16.469999,72000
2020-07-17,16.520000,16.620001,16.330000,16.469999,16.469999,43800
2020-07-20,16.370001,16.580000,16.309999,16.490000,16.490000,31500
2020-07-21,16.410000,16.723000,16.260000,16.270000,16.270000,20400
2020-07-22,16.400000,16.400000,15.900000,16.115000,16.115000,87100
2020-07-23,16.120001,16.264000,15.950000,16.020000,16.020000,39600