Date,Open,High,Low,Close,Adj Close,Volume
2017-10-30,9.560000,9.580000,9.560000,9.580000,8.317688,7900
2017-10-31,9.580000,9.580000,9.580000,9.580000,8.317688,0
2017-11-01,9.580000,9.580000,9.580000,9.580000,8.317688,0
2017-11-02,9.580000,9.580000,9.580000,9.580000,8.317688,9500
2017-11-03,9.580000,9.580000,9.580000,9.580000,8.317688,0
2017-11-06,9.580000,9.580000,9.580000,9.580000,8.317688,0
2017-11-07,9.580000,9.580000,9.580000,9.580000,8.317688,148900
2017-11-08,9.580000,9.580000,9.580000,9.580000,8.317688,0
2017-11-09,9.580000,9.580000,9.580000,9.580000,8.317688,0
2017-11-10,9.580000,9.580000,9.580000,9.580000,8.317688,0
2017-11-13,9.560000,9.600000,9.560000,9.600000,8.335052,3100
2017-11-14,9.600000,9.600000,9.600000,9.600000,8.335052,0
2017-11-15,9.600000,9.600000,9.600000,9.600000,8.335052,0
2017-11-16,9.600000,9.600000,9.600000,9.600000,8.335052,0
2017-11-17,9.600000,9.600000,9.600000,9.600000,8.335052,1100
2017-11-20,9.600000,9.600000,9.600000,9.600000,8.335052,0
2017-11-21,9.600000,9.600000,9.600000,9.600000,8.335052,0
2017-11-22,9.600000,9.600000,9.600000,9.600000,8.335052,0
2017-11-24,9.600000,9.600000,9.600000,9.600000,8.335052,0
2017-11-27,9.600000,9.600000,9.600000,9.600000,8.335052,1000
2017-11-28,9.560000,9.600000,9.560000,9.600000,8.335052,8000
2017-11-29,9.600000,9.600000,9.600000,9.600000,8.335052,0
2017-11-30,9.560000,9.600000,9.560000,9.600000,8.335052,1000
2017-12-01,9.600000,9.600000,9.600000,9.600000,8.335052,0
2017-12-04,9.600000,9.600000,9.600000,9.600000,8.335052,200
2017-12-05,9.600000,9.600000,9.600000,9.600000,8.335052,0
2017-12-06,9.600000,9.600000,9.600000,9.600000,8.335052,100
2017-12-07,9.600000,9.600000,9.600000,9.600000,8.335052,0
2017-12-08,9.600000,9.600000,9.600000,9.600000,8.335052,0
2017-12-11,9.600000,9.600000,9.580000,9.600000,8.335052,9700
2017-12-12,9.600000,9.600000,9.600000,9.600000,8.335052,0
2017-12-13,9.600000,9.600000,9.600000,9.600000,8.335052,0
2017-12-14,9.600000,9.600000,9.600000,9.600000,8.335052,353200
2017-12-15,9.600000,9.600000,9.600000,9.600000,8.335052,0
2017-12-18,9.600000,9.600000,9.600000,9.600000,8.335052,0
2017-12-19,9.600000,9.600000,9.600000,9.600000,8.335052,0
2017-12-20,9.600000,9.600000,9.600000,9.600000,8.335052,0
2017-12-21,9.600000,9.600000,9.600000,9.600000,8.335052,0
2017-12-22,9.600000,9.600000,9.600000,9.600000,8.335052,0
2017-12-26,9.600000,9.600000,9.600000,9.600000,8.335052,0
2017-12-27,9.600000,9.600000,9.600000,9.600000,8.335052,0
2017-12-28,9.600000,9.600000,9.600000,9.600000,8.335052,0
2017-12-29,9.600000,9.600000,9.600000,9.600000,8.335052,0
2018-01-02,9.600000,9.600000,9.600000,9.600000,8.335052,0
2018-01-03,9.600000,9.600000,9.600000,9.600000,8.335052,0
2018-01-04,9.600000,9.600000,9.600000,9.600000,8.335052,0
2018-01-05,9.650000,9.650000,9.650000,9.650000,8.378464,101200
2018-01-08,9.650000,9.650000,9.650000,9.650000,8.378464,0
2018-01-09,9.700000,9.700000,9.700000,9.700000,8.421876,400
2018-01-10,9.700000,9.700000,9.700000,9.700000,8.421876,0
2018-01-11,9.650000,9.650000,9.650000,9.650000,8.378464,4500
2018-01-12,9.650000,9.650000,9.650000,9.650000,8.378464,0
2018-01-16,9.650000,9.650000,9.650000,9.650000,8.378464,0
2018-01-17,9.650000,9.650000,9.650000,9.650000,8.378464,0
2018-01-18,9.650000,9.650000,9.650000,9.650000,8.378464,0
2018-01-19,9.700000,9.700000,9.700000,9.700000,8.421876,400
2018-01-22,9.700000,9.700000,9.700000,9.700000,8.421876,0
2018-01-23,9.700000,9.700000,9.700000,9.700000,8.421876,0
2018-01-24,9.630000,9.630000,9.620000,9.630000,8.361100,252100
2018-01-25,9.630000,9.630000,9.630000,9.630000,8.361100,0
2018-01-26,9.750000,9.750000,9.620000,9.630000,8.361100,50800
2018-01-29,9.620000,9.630000,9.620000,9.630000,8.361100,500400
2018-01-30,9.630000,9.630000,9.630000,9.630000,8.361100,0
2018-01-31,9.620000,9.620000,9.620000,9.620000,8.352417,2300
2018-02-01,9.610000,9.750000,9.610000,9.750000,8.465288,1000
2018-02-02,9.790000,9.790000,9.790000,9.790000,8.500017,200
2018-02-05,9.790000,9.790000,9.790000,9.790000,8.500017,0
2018-02-06,9.800000,9.800000,9.600000,9.800000,8.508699,1300
2018-02-07,9.610000,9.610000,9.600000,9.600000,8.335052,900
2018-02-08,9.800000,9.800000,9.620000,9.620000,8.352417,1000
2018-02-09,9.600000,9.620000,9.600000,9.620000,8.352417,150200
2018-02-12,9.620000,9.630000,9.620000,9.630000,8.361100,454500
2018-02-13,9.630000,9.630000,9.630000,9.630000,8.361100,0
2018-02-14,9.700000,9.700000,9.620000,9.700000,8.421876,602400
2018-02-15,9.650000,9.650000,9.620000,9.620000,8.352417,300900
2018-02-16,9.623000,9.623000,9.623000,9.623000,8.355022,500
2018-02-20,9.630000,9.630000,9.620000,9.620000,8.352417,1200
2018-02-21,9.620000,9.620000,9.620000,9.620000,8.352417,0
2018-02-22,9.620000,9.620000,9.620000,9.620000,8.352417,0
2018-02-23,9.620000,9.620000,9.620000,9.620000,8.352417,0
2018-02-26,9.620000,9.620000,9.620000,9.620000,8.352417,8400
2018-02-27,9.620000,9.620000,9.620000,9.620000,8.352417,2160700
2018-02-28,9.620000,9.620000,9.620000,9.620000,8.352417,8900
2018-03-01,9.630000,9.654000,9.620000,9.654000,8.381937,1400
2018-03-02,9.670000,9.670000,9.630000,9.630000,8.361100,900
2018-03-05,9.630000,9.630000,9.630000,9.630000,8.361100,0
2018-03-06,9.630000,9.630000,9.620000,9.630000,8.361100,1200
2018-03-07,9.630000,9.630000,9.630000,9.630000,8.361100,0
2018-03-08,9.620000,9.620000,9.620000,9.620000,8.352417,500
2018-03-09,9.620000,9.620000,9.620000,9.620000,8.352417,0
2018-03-12,9.660000,9.660000,9.620000,9.620000,8.352417,3900
2018-03-13,9.620000,9.620000,9.620000,9.620000,8.352417,0
2018-03-14,9.620000,9.620000,9.620000,9.620000,8.352417,0
2018-03-15,9.620000,9.620000,9.620000,9.620000,8.352417,2600
2018-03-16,9.620000,9.620000,9.620000,9.620000,8.352417,0
2018-03-19,9.600000,9.610000,9.600000,9.600000,8.335052,700
2018-03-20,9.600000,9.850000,9.600000,9.620000,8.352417,27100
2018-03-21,9.620000,9.620000,9.620000,9.620000,8.352417,0
2018-03-22,9.640000,9.640000,9.640000,9.640000,8.369781,300
2018-03-23,9.620000,9.620000,9.620000,9.620000,8.352417,300
2018-03-26,9.620000,9.620000,9.620000,9.620000,8.352417,0
2018-03-27,9.620000,9.620000,9.620000,9.620000,8.352417,0
2018-03-28,9.620000,9.620000,9.620000,9.620000,8.352417,1000
2018-03-29,9.620000,9.620000,9.620000,9.620000,8.352417,500
2018-04-02,9.620000,9.620000,9.620000,9.620000,8.352417,0
2018-04-03,9.620000,9.620000,9.620000,9.620000,8.352417,1000
2018-04-04,9.620000,9.620000,9.620000,9.620000,8.352417,0
2018-04-05,9.620000,9.620000,9.620000,9.620000,8.352417,0
2018-04-06,9.620000,9.620000,9.620000,9.620000,8.352417,0
2018-04-09,9.630000,9.640000,9.630000,9.640000,8.369781,1100
2018-04-10,9.640000,9.640000,9.640000,9.640000,8.369781,0
2018-04-11,9.640000,9.640000,9.640000,9.640000,8.369781,0
2018-04-12,9.640000,9.640000,9.640000,9.640000,8.369781,0
2018-04-13,9.470000,9.640000,9.470000,9.640000,8.369781,2900
2018-04-16,9.630000,9.630000,9.630000,9.630000,8.361100,200
2018-04-17,9.630000,9.630000,9.630000,9.630000,8.361100,0
2018-04-18,9.630000,9.630000,9.630000,9.630000,8.361100,0
2018-04-19,9.630000,9.630000,9.630000,9.630000,8.361100,0
2018-04-20,9.630000,9.630000,9.630000,9.630000,8.361100,0
2018-04-23,9.630000,9.630000,9.630000,9.630000,8.361100,0
2018-04-24,9.630000,9.630000,9.630000,9.630000,8.361100,0
2018-04-25,9.630000,9.630000,9.630000,9.630000,8.361100,0
2018-04-26,9.960000,10.000000,9.960000,10.000000,8.682346,4600
2018-04-27,9.850000,9.850000,9.650000,9.650000,8.378464,300
2018-04-30,9.640000,9.640000,9.640000,9.640000,8.369781,2600
2018-05-01,9.640000,9.640000,9.640000,9.640000,8.369781,0
2018-05-02,9.650000,9.700000,9.650000,9.700000,8.421876,139400
2018-05-03,9.660000,9.680000,9.660000,9.680000,8.404511,3300
2018-05-04,9.670000,9.670000,9.670000,9.670000,8.395829,364000
2018-05-07,9.680000,9.680000,9.680000,9.680000,8.404511,400
2018-05-08,9.680000,9.680000,9.680000,9.680000,8.404511,400
2018-05-09,9.680000,9.680000,9.680000,9.680000,8.404511,0
2018-05-10,9.700000,9.710000,9.690000,9.710000,8.430558,6700
2018-05-11,9.700000,9.700000,9.700000,9.700000,8.421876,100
2018-05-14,9.750000,9.760000,9.700000,9.760000,8.473969,131300
2018-05-15,9.760000,9.760000,9.760000,9.760000,8.473969,0
2018-05-16,9.760000,9.760000,9.760000,9.760000,8.473969,113300
2018-05-17,9.700000,9.790000,9.700000,9.790000,8.500017,5100
2018-05-18,9.790000,9.790000,9.790000,9.790000,8.500017,0
2018-05-21,9.710000,9.710000,9.705000,9.710000,8.430558,15000
2018-05-22,9.720000,9.720000,9.720000,9.720000,8.439240,10700
2018-05-23,9.710000,9.720000,9.710000,9.720000,8.439240,99600
2018-05-24,9.700000,9.720000,9.700000,9.700000,8.421876,20900
2018-05-25,9.700000,9.700000,9.700000,9.700000,8.421876,0
2018-05-29,9.700000,9.700000,9.700000,9.700000,8.421876,0
2018-05-30,9.700000,9.700000,9.700000,9.700000,8.421876,0
2018-05-31,9.700000,9.700000,9.700000,9.700000,8.421876,100000
2018-06-01,9.700000,9.700000,9.700000,9.700000,8.421876,0
2018-06-04,10.200000,10.200000,10.100000,10.100000,8.769171,3020300
2018-06-05,10.150000,10.150000,9.950000,10.100000,8.769171,630300
2018-06-06,10.110000,10.140000,10.090000,10.100000,8.769171,815000
2018-06-07,10.100000,10.120000,10.090000,10.110000,8.777851,824300
2018-06-08,10.120000,10.120000,10.090000,10.100000,8.769171,771100
2018-06-11,10.100000,10.190000,10.090000,10.190000,8.847310,1573900
2018-06-12,10.190000,10.190000,10.120000,10.130000,8.795218,563300
2018-06-13,10.130000,10.130000,10.130000,10.130000,8.795218,1900
2018-06-14,10.140000,10.160000,10.140000,10.160000,8.821263,1409200
2018-06-15,10.160000,10.200000,10.160000,10.180000,8.838629,771200
2018-06-18,10.194000,10.200000,10.170000,10.170000,8.829946,82800
2018-06-19,10.170000,10.190000,10.150000,10.150000,8.812581,93700
2018-06-20,10.200000,10.200000,10.150000,10.150000,8.812581,280200
2018-06-21,10.160000,10.160000,10.160000,10.160000,8.821263,300
2018-06-22,10.190000,10.200000,10.160000,10.160000,8.821263,133800
2018-06-25,10.160000,10.160000,10.160000,10.160000,8.821263,0
2018-06-26,10.150000,10.150000,10.130000,10.150000,8.812581,7500
2018-06-27,10.100000,10.180000,10.100000,10.150000,8.812581,12400
2018-06-28,10.150000,10.160000,10.100000,10.160000,8.821263,17100
2018-06-29,10.140000,10.170000,10.140000,10.150000,8.812581,8200
2018-07-02,10.100000,10.180000,10.100000,10.140000,8.803900,1600
2018-07-03,10.150000,10.150000,10.140000,10.140000,8.803900,104800
2018-07-05,10.160000,10.160000,10.100000,10.100000,8.769171,300
2018-07-06,10.100000,10.150000,10.100000,10.150000,8.812581,600
2018-07-09,10.170000,10.170000,10.080000,10.080000,8.751805,500
2018-07-10,10.140000,10.180000,10.130000,10.150000,8.812581,66000
2018-07-11,10.100000,10.180000,10.100000,10.160000,8.821263,561000
2018-07-12,10.180000,10.180000,10.110000,10.160000,8.821263,11200
2018-07-13,10.150000,10.180000,10.150000,10.170000,8.829946,82800
2018-07-16,10.170000,10.240000,10.159000,10.160000,8.821263,97100
2018-07-17,10.160000,10.160000,10.150000,10.160000,8.821263,32900
2018-07-18,10.160000,10.160000,10.150000,10.153000,8.815186,484200
2018-07-19,10.120000,10.165000,10.120000,10.120000,8.786534,260600
2018-07-20,10.160000,10.300000,10.150000,10.225000,8.877699,333700
2018-07-23,10.210000,10.300000,10.160000,10.213000,8.867279,199600
2018-07-24,10.250000,10.255000,10.230000,10.250000,8.899405,159000
2018-07-25,10.250000,10.280000,10.249000,10.270000,8.916769,189900
2018-07-26,10.210000,10.370000,10.210000,10.330000,8.968864,517000
2018-07-27,10.350000,10.470000,10.330000,10.360000,8.994911,650800
2018-07-30,10.420000,10.480000,10.410000,10.450000,9.073051,334100
2018-07-31,10.470000,10.650000,10.400000,10.440000,9.064369,694500
2018-08-01,10.500000,10.550000,10.475000,10.550000,9.159876,601800
2018-08-02,10.550000,10.600000,10.500000,10.550000,9.159876,1055700
2018-08-03,10.580000,10.755000,10.550000,10.690000,9.281427,1290700
2018-08-06,10.770000,10.800000,10.670000,10.700000,9.290111,836500
2018-08-07,10.790000,10.850000,10.670000,10.750000,9.333522,2782600
2018-08-08,10.950000,10.950000,10.760000,10.760000,9.342206,538900
2018-08-09,10.850000,11.000000,10.775000,10.810000,9.385616,2264200
2018-08-10,10.850000,10.950000,10.820000,10.900000,9.463757,1125000
2018-08-13,11.000000,11.000000,10.900000,10.970000,9.524535,1409400
2018-08-14,10.820000,11.250000,10.820000,11.160000,9.689499,1762800
2018-08-15,10.820000,11.149000,10.090000,11.000000,9.550581,1010500
2018-08-16,11.050000,11.100000,10.920000,10.990000,9.541898,528600
2018-08-17,11.055000,11.200000,11.014000,11.160000,9.689499,632300
2018-08-20,11.220000,11.305000,11.200000,11.260000,9.776321,405600
2018-08-21,11.300000,11.350000,11.212000,11.290000,9.802369,466300
2018-08-22,11.324000,11.400000,11.324000,11.340000,9.845779,51900
2018-08-23,11.370000,11.400000,11.290000,11.290000,9.802369,37200
2018-08-24,11.310000,11.616000,11.310000,11.400000,9.897875,116300
2018-08-27,11.660000,11.660000,11.470000,11.500000,9.984697,163000
2018-08-28,11.500000,11.660000,11.450000,11.520000,10.002063,323800
2018-08-29,11.623000,11.623000,11.360000,11.490000,9.976015,92200
2018-08-30,11.400000,11.500000,11.350000,11.390000,9.889193,227900
2018-08-31,11.400000,11.640000,11.305000,11.390000,9.889193,32300
2018-09-04,11.400000,11.520000,11.340000,11.500000,9.984697,98400
2018-09-05,11.530000,11.700000,11.445000,11.580000,10.054156,773000
2018-09-06,11.599000,11.599000,11.415000,11.490000,9.976015,105300
2018-09-07,11.340000,11.390000,11.250000,11.340000,9.845779,345700
2018-09-10,11.340000,11.580000,11.270000,11.330000,9.837098,404200
2018-09-11,11.340000,11.420000,11.260000,11.410000,9.906557,192500
2018-09-12,11.430000,11.500000,11.100000,11.190000,9.715546,168600
2018-09-13,11.410000,11.490000,11.340000,11.400000,9.897875,81800
2018-09-14,11.400000,11.445000,11.180000,11.350000,9.854465,375600
2018-09-17,11.360000,11.450000,11.070000,11.210000,9.732911,128200
2018-09-18,10.975000,11.500000,10.975000,11.300000,9.811051,261200
2018-09-19,11.240000,11.500000,11.240000,11.270000,9.785005,492400
2018-09-20,11.370000,11.500000,11.150000,11.250000,9.767639,1081500
2018-09-21,11.260000,11.450000,10.950000,11.250000,9.767639,871300
2018-09-24,11.250000,11.500000,11.130000,11.250000,9.767639,846800
2018-09-25,11.200000,11.440000,11.170000,11.250000,9.767639,497300
2018-09-26,11.400000,11.400000,11.180000,11.190000,9.715546,144900
2018-09-27,11.270000,11.310000,11.030000,11.110000,9.646087,153100
2018-09-28,11.130000,11.280000,11.000000,11.000000,9.550581,211000
2018-10-01,11.060000,11.550000,10.910000,11.250000,9.767639,158400
2018-10-02,11.270000,11.300000,11.000000,11.300000,9.811051,183400
2018-10-03,11.340000,11.340000,10.880000,11.060000,9.602674,1126100
2018-10-04,11.020000,11.150000,10.880000,10.950000,9.507170,602100
2018-10-05,10.960000,11.170000,10.920000,11.000000,9.550581,123600
2018-10-08,11.000000,11.180000,10.880000,10.990000,9.541898,89300
2018-10-09,11.070000,11.080000,10.850000,10.870000,9.437710,522300
2018-10-10,10.850000,10.990000,10.400000,10.500000,9.116464,524100
2018-10-11,10.480000,10.730000,10.375000,10.480000,9.099098,236200
2018-10-12,10.700000,10.730000,10.260000,10.470000,9.090417,224700
2018-10-15,10.520000,10.680000,10.340000,10.400000,9.029639,196000
2018-10-16,10.490000,10.850000,10.280000,10.700000,9.290111,39700
2018-10-17,10.780000,10.780000,10.350000,10.550000,9.159876,56300
2018-10-18,10.700000,10.700000,10.350000,10.430000,9.055687,24700
2018-10-19,10.520000,10.670000,10.340000,10.450000,9.073051,53000
2018-10-22,10.390000,10.700000,10.280000,10.420000,9.047005,38400
2018-10-23,10.360000,10.360000,9.690000,9.880000,8.578158,276800
2018-10-24,10.020000,10.050000,9.700000,9.720000,8.439240,49800
2018-10-25,9.810000,10.150000,9.500000,10.060000,8.734441,441500
2018-10-26,9.750000,9.990000,9.705000,9.950000,8.638934,46500
2018-10-29,10.020000,10.020000,9.280000,9.450000,8.204818,161900
2018-10-30,9.200000,9.700000,9.135000,9.580000,8.317688,187200
2018-10-31,9.660000,10.085000,9.660000,9.800000,8.508699,377400
2018-11-01,9.810000,10.100000,9.670000,9.710000,8.430558,165600
2018-11-02,9.760000,9.810000,9.400000,9.450000,8.204818,150700
2018-11-05,9.500000,9.830000,9.500000,9.750000,8.465288,21900
2018-11-06,9.840000,9.890000,9.540000,9.700000,8.421876,42200
2018-11-07,9.410000,9.960000,9.410000,9.600000,8.417492,44700
2018-11-08,9.430000,9.770000,9.120000,9.250000,8.110604,84400
2018-11-09,7.965000,9.415000,7.400000,9.000000,7.891399,417300
2018-11-12,8.940000,9.420000,8.445000,8.560000,7.505597,236500
2018-11-13,8.450000,8.800000,8.000000,8.060000,7.067186,114600
2018-11-14,8.070000,8.360000,7.890000,8.150000,7.146100,120300
2018-11-15,8.030000,8.170000,7.510000,7.920000,6.944430,332200
2018-11-16,7.870000,8.170000,7.690000,8.000000,7.014576,168400
2018-11-19,7.550000,8.490000,7.550000,8.260000,7.242550,160800
2018-11-20,7.790000,8.170000,7.590000,7.730000,6.777834,85200
2018-11-21,7.960000,8.290000,7.820000,8.000000,7.014576,70500
2018-11-23,7.920000,8.640000,7.600000,7.700000,6.751530,41700
2018-11-26,8.080000,8.370000,7.700000,7.900000,6.926894,69500
2018-11-27,7.905000,7.940000,7.500000,7.520000,6.593702,109600
2018-11-28,7.520000,7.700000,7.190000,7.660000,6.716456,77000
2018-11-29,8.030000,8.030000,7.650000,7.750000,6.795371,286400
2018-11-30,7.810000,7.810000,7.400000,7.700000,6.751530,209700
2018-12-03,7.790000,8.080000,7.720000,8.010000,7.023345,431600
2018-12-04,7.900000,8.060000,7.430000,7.600000,6.663847,60700
2018-12-06,7.620000,7.920000,7.120000,7.380000,6.470947,57200
2018-12-07,7.730000,7.800000,7.550000,7.560000,6.628775,149900
2018-12-10,7.560000,7.560000,7.190000,7.340000,6.435874,81200
2018-12-11,7.380000,8.300000,7.380000,7.550000,6.620007,654500
2018-12-12,7.560000,7.840000,7.500000,7.510000,6.584934,99700
2018-12-13,7.430000,7.450000,7.170000,7.310000,6.409569,69200
2018-12-14,7.470000,7.490000,7.180000,7.350000,6.444642,3462000
2018-12-17,7.750000,7.900000,7.380000,7.490000,6.567397,479100
2018-12-18,7.430000,7.640000,7.300000,7.380000,6.470947,514900
2018-12-19,7.360000,7.560000,7.330000,7.480000,6.558629,576200
2018-12-20,7.290000,7.470000,7.170000,7.330000,6.427105,461000
2018-12-21,7.260000,8.080000,7.110000,7.110000,6.234205,2002100
2018-12-24,7.060000,7.160000,6.810000,7.030000,6.164059,793300
2018-12-26,7.060000,7.490000,6.710000,7.490000,6.567397,453300
2018-12-27,7.330000,7.780000,7.240000,7.750000,6.795371,190200
2018-12-28,7.920000,8.350000,7.780000,8.200000,7.189940,191500
2018-12-31,8.240000,8.590000,7.920000,8.500000,7.452988,230900
2019-01-02,8.390000,9.040000,8.220000,8.530000,7.479292,153800
2019-01-03,8.540000,9.250000,7.930000,8.390000,7.356537,191000
2019-01-04,8.500000,8.680000,8.390000,8.600000,7.540671,102900
2019-01-07,8.560000,8.970000,8.500000,8.820000,7.733572,305000
2019-01-08,8.950000,8.950000,8.485000,8.550000,7.496829,132700
2019-01-09,8.680000,8.950000,8.560000,8.790000,7.707266,181400
2019-01-10,8.760000,8.950000,8.625000,8.780000,7.698497,154000
2019-01-11,8.740000,8.915000,8.530000,8.530000,7.479292,194600
2019-01-14,8.500000,8.820000,8.500000,8.610000,7.549438,85000
2019-01-15,8.690000,8.820000,8.460000,8.490000,7.444220,83800
2019-01-16,8.520000,8.700000,8.370000,8.520000,7.470523,109300
2019-01-17,8.460000,8.620000,8.260000,8.390000,7.356537,152900
2019-01-18,8.510000,8.770000,8.280000,8.400000,7.365304,213000
2019-01-22,8.440000,8.640000,7.980000,7.990000,7.005808,160700
2019-01-23,8.100000,8.410000,7.850000,8.000000,7.014576,114800
2019-01-24,7.900000,8.270000,7.830000,8.100000,7.102259,109400
2019-01-25,8.050000,8.400000,8.000000,8.190000,7.181173,104600
2019-01-28,8.070000,8.220000,7.810000,8.050000,7.058417,102600
2019-01-29,8.040000,8.310000,8.020000,8.150000,7.146100,398400
2019-01-30,8.240000,8.260000,8.120000,8.220000,7.207478,331900
2019-01-31,8.240000,8.320000,7.840000,8.020000,7.032114,149100
2019-02-01,8.000000,8.440000,8.000000,8.440000,7.400378,171900
2019-02-04,8.280000,8.380000,7.975000,8.200000,7.189940,307000
2019-02-05,8.090000,8.290000,8.000000,8.000000,7.014576,168100
2019-02-06,8.300000,8.620000,8.080000,8.100000,7.102259,189100
2019-02-07,8.010000,8.070000,7.150000,7.230000,6.339423,345400
2019-02-08,7.130000,7.550000,7.130000,7.340000,6.435874,338900
2019-02-11,7.410000,7.470000,7.240000,7.270000,6.374496,131900
2019-02-12,7.400000,7.566000,7.140000,7.250000,6.356960,230500
2019-02-13,7.260000,7.425000,7.260000,7.300000,6.400802,149900
2019-02-14,7.310000,7.970000,7.310000,7.860000,6.891821,471700
2019-02-15,7.890000,8.055000,7.850000,8.000000,7.014576,288000
2019-02-19,8.070000,8.250000,8.015000,8.040000,7.049649,99500
2019-02-20,7.810000,8.060000,7.750000,7.870000,7.076625,97000
2019-02-21,7.860000,7.875000,7.620000,7.670000,6.896787,69000
2019-02-22,7.660000,7.840000,7.530000,7.620000,6.851828,58000
2019-02-25,7.630000,7.780000,7.520000,7.690000,6.914771,49300
2019-02-26,7.720000,8.040000,7.700000,7.750000,6.968723,145600
2019-02-27,7.750000,7.920000,7.600000,7.790000,7.004690,146700
2019-02-28,7.850000,7.940000,7.705000,7.750000,6.968723,88500
2019-03-01,7.750000,7.995000,7.750000,7.840000,7.049650,59700
2019-03-04,7.950000,8.040000,7.800000,7.930000,7.130577,89500
2019-03-05,7.920000,8.040000,7.800000,8.030000,7.220496,79200
2019-03-06,7.930000,8.180000,7.760000,7.910000,7.112593,329600
2019-03-07,7.900000,8.370000,7.900000,8.080000,7.265455,127600
2019-03-08,8.040000,8.090000,7.780000,7.890000,7.094608,113000
2019-03-11,8.000000,8.200000,7.920000,8.100000,7.283440,81400
2019-03-12,8.100000,8.150000,7.820000,7.830000,7.040658,100200
2019-03-13,7.920000,8.100000,7.920000,8.100000,7.283440,74000
2019-03-14,8.060000,8.250000,8.000000,8.170000,7.346382,98800
2019-03-15,8.160000,8.820000,8.090000,8.750000,7.867912,342100
2019-03-18,8.710000,8.750000,8.530000,8.750000,7.867912,116600
2019-03-19,8.740000,8.780000,8.540000,8.710000,7.831944,133600
2019-03-20,8.710000,8.970000,8.630000,8.820000,7.930855,164200
2019-03-21,8.780000,8.990000,8.650000,8.960000,8.056742,123800
2019-03-22,8.920000,8.920000,8.400000,8.450000,7.598155,80600
2019-03-25,8.370000,8.700000,8.110000,8.630000,7.760011,197600
2019-03-26,8.730000,8.880000,8.630000,8.690000,7.813961,61900
2019-03-27,8.770000,8.880000,8.570000,8.700000,7.822953,61000
2019-03-28,8.630000,8.740000,8.500000,8.630000,7.760011,71700
2019-03-29,8.720000,9.130000,8.700000,8.840000,7.948840,155100
2019-04-01,9.070000,9.120000,8.856000,8.980000,8.074725,127300
2019-04-02,9.060000,9.100000,8.610000,9.100000,8.182629,157600
2019-04-03,9.100000,9.270000,8.960000,9.120000,8.200612,95600
2019-04-04,9.010000,9.180000,8.710000,9.070000,8.155653,49100
2019-04-05,9.090000,9.360000,9.020000,9.280000,8.344483,358200
2019-04-08,9.420000,9.530000,9.070000,9.160000,8.236580,141400
2019-04-09,9.170000,9.190000,8.910000,9.110000,8.191620,200200
2019-04-10,9.130000,9.524000,8.910000,9.160000,8.236580,84000
2019-04-11,9.170000,9.210000,9.030000,9.130000,8.209604,55900
2019-04-12,9.310000,9.480000,9.220000,9.270000,8.335492,124100
2019-04-15,9.310000,9.310000,8.860000,8.960000,8.056742,60500
2019-04-16,8.970000,9.200000,8.870000,8.980000,8.074725,103900
2019-04-17,9.000000,9.290000,8.980000,9.250000,8.317507,263000
2019-04-18,9.260000,9.260000,8.960000,9.050000,8.137670,55200
2019-04-22,9.020000,9.290000,9.020000,9.080000,8.164644,63100
2019-04-23,9.060000,9.200000,8.940000,9.060000,8.146661,81500
2019-04-24,9.130000,9.130000,8.880000,8.950000,8.047750,155900
2019-04-25,8.950000,9.050000,8.950000,9.020000,8.110694,62000
2019-04-26,8.970000,9.030000,8.830000,8.890000,7.993800,69900
2019-04-29,8.860000,8.970000,8.860000,8.880000,7.984807,85500
2019-04-30,8.950000,8.950000,8.280000,8.670000,7.795978,277700
2019-05-01,8.680000,8.770000,8.375000,8.550000,7.688075,148900
2019-05-02,8.530000,8.540000,8.250000,8.250000,7.418317,54500
2019-05-03,8.310000,8.500000,8.070000,8.300000,7.463277,48100
2019-05-06,8.260000,8.460000,8.140000,8.260000,7.427310,539100
2019-05-07,8.090000,8.410000,8.000000,8.090000,7.274447,146000
2019-05-08,8.040000,8.260000,8.040000,8.150000,7.328398,117900
2019-05-09,8.210000,8.300000,8.100000,8.160000,7.337390,189800
2019-05-10,8.200000,8.300000,8.100000,8.210000,7.382349,203000
2019-05-13,8.220000,8.355000,7.840000,8.140000,7.319407,267100
2019-05-14,8.180000,8.180000,7.960000,7.970000,7.166544,171300
2019-05-15,7.980000,8.160000,7.980000,8.140000,7.319407,303600
2019-05-16,7.980000,8.205000,7.920000,8.010000,7.360759,371700
2019-05-17,8.100000,8.170000,7.810000,7.850000,7.213727,114300
2019-05-20,7.790000,8.030000,7.790000,7.870000,7.232107,199000
2019-05-21,7.890000,7.960000,7.760000,7.900000,7.259675,310400
2019-05-22,7.890000,7.900000,7.470000,7.620000,7.002370,298100
2019-05-23,7.480000,7.600000,7.000000,7.350000,6.754255,198100
2019-05-24,7.520000,7.560000,7.300000,7.540000,6.928854,406300
2019-05-28,7.580000,7.680000,7.240000,7.340000,6.745065,287300
2019-05-29,7.870000,8.000000,7.220000,7.310000,6.717497,454600
2019-05-30,7.400000,7.410000,7.190000,7.240000,6.653171,337700
2019-05-31,7.250000,7.430000,7.010000,7.380000,6.781823,213500
2019-06-03,7.380000,7.630000,7.340000,7.530000,6.919665,169100
2019-06-04,7.530000,7.975000,7.260000,7.350000,6.754255,247700
2019-06-05,7.400000,7.400000,7.010000,7.240000,6.653171,135600
2019-06-06,7.300000,7.410000,7.120000,7.380000,6.781823,70400
2019-06-07,7.440000,7.550000,7.270000,7.380000,6.781823,160700
2019-06-10,7.320000,7.365000,6.910000,7.260000,6.671550,537300
2019-06-11,7.330000,7.530000,7.240000,7.400000,6.800202,86100
2019-06-12,7.410000,7.480000,6.950000,7.060000,6.487760,87200
2019-06-13,7.100000,7.279000,6.985000,7.070000,6.496950,132600
2019-06-14,7.120000,7.530000,7.055000,7.490000,6.882906,131100
2019-06-17,7.770000,7.770000,7.540000,7.540000,6.928854,181600
2019-06-18,7.600000,8.080000,7.598000,8.070000,7.415895,168500
2019-06-19,8.010000,8.100000,7.860000,7.910000,7.268864,203100
2019-06-20,7.960000,8.460000,7.920000,8.050000,7.397517,142100
2019-06-21,8.120000,8.210000,7.550000,7.900000,7.259675,183500
2019-06-24,7.950000,8.000000,7.810000,7.820000,7.186159,129700
2019-06-25,7.850000,8.140000,7.760000,7.870000,7.232107,219500
2019-06-26,8.000000,8.400000,8.000000,8.250000,7.581306,216300
2019-06-27,8.230000,8.490000,8.200000,8.300000,7.627254,210500
2019-06-28,8.330000,8.660000,8.120000,8.400000,7.719148,4796900
2019-07-01,8.450000,8.820000,8.450000,8.560000,7.866180,295900
2019-07-02,8.480000,8.550000,8.350000,8.380000,7.700769,155500
2019-07-03,8.400000,8.720000,8.230000,8.520000,7.829422,97700
2019-07-05,8.480000,8.490000,8.030000,8.290000,7.618063,104200
2019-07-08,8.250000,8.370000,8.140000,8.200000,7.535359,139000
2019-07-09,8.160000,8.320000,8.000000,8.310000,7.636443,118300
2019-07-10,8.270000,8.383000,8.125000,8.130000,7.471033,117500
2019-07-11,8.140000,8.240000,7.860000,7.940000,7.296432,239000
2019-07-12,7.960000,7.980000,7.790000,7.840000,7.204539,212300
2019-07-15,7.900000,7.900000,7.750000,7.850000,7.213727,160200
2019-07-16,7.840000,7.990000,7.770000,7.770000,7.140212,101500
2019-07-17,7.800000,7.860000,7.700000,7.760000,7.131023,79700
2019-07-18,7.760000,7.850000,7.610000,7.810000,7.176970,136400
2019-07-19,7.750000,8.027000,7.740000,7.960000,7.314812,172200
2019-07-22,8.010000,8.100000,7.770000,8.000000,7.351570,62000
2019-07-23,8.000000,8.100000,7.810000,8.090000,7.434275,58100
2019-07-24,8.160000,8.200000,8.020000,8.100000,7.443465,130400
2019-07-25,8.110000,8.110000,7.890000,7.890000,7.250485,67500
2019-07-26,7.860000,7.970000,7.840000,7.900000,7.259675,100600
2019-07-29,7.910000,7.940000,7.780000,7.810000,7.176970,124900
2019-07-30,7.730000,8.100000,7.730000,7.930000,7.287243,117300
2019-07-31,7.920000,8.329000,7.910000,7.910000,7.268864,172200
2019-08-01,7.850000,7.990000,7.750000,7.790000,7.158591,219000
2019-08-02,7.730000,7.840000,7.620000,7.760000,7.131023,100300
2019-08-05,7.400000,7.570000,6.360000,6.410000,5.890445,635300
2019-08-06,6.500000,6.840000,6.200000,6.270000,5.761793,277200
2019-08-07,6.200000,6.490000,6.050000,6.370000,5.853687,220500
2019-08-08,6.410000,6.450000,6.070000,6.150000,5.651519,288600
2019-08-09,6.170000,6.320000,6.050000,6.100000,5.605572,69800
2019-08-12,6.250000,6.360000,6.120000,6.270000,5.761793,189200
2019-08-13,6.180000,6.446000,6.180000,6.250000,5.743414,106600
2019-08-14,6.230000,6.230000,6.000000,6.050000,5.559625,153700
2019-08-15,6.050000,6.080000,5.820000,6.010000,5.522867,224200
2019-08-16,6.040000,6.470000,5.930000,6.300000,5.789361,113300
2019-08-19,6.390000,6.500000,6.180000,6.330000,5.816929,207200
2019-08-20,6.460000,6.555000,6.260000,6.460000,5.936393,225000
2019-08-21,6.540000,6.640000,6.390000,6.540000,6.009909,140600
2019-08-22,6.480000,6.701000,6.355000,6.430000,5.908824,246500
2019-08-23,6.160000,6.175000,5.885000,6.000000,5.645373,167200
2019-08-26,5.940000,6.210000,5.930000,5.980000,5.626555,120500
2019-08-27,6.020000,6.028000,5.800000,5.950000,5.598329,435800
2019-08-28,5.960000,5.960000,5.800000,5.850000,5.504239,238900
2019-08-29,5.900000,5.990000,5.840000,5.850000,5.504239,101500
2019-08-30,5.880000,6.110000,5.850000,5.860000,5.513648,138500
2019-09-03,5.850000,5.930000,5.750000,5.780000,5.438377,214600
2019-09-04,5.780000,6.390000,5.730000,6.210000,5.842961,377100
2019-09-05,6.210000,6.490000,6.200000,6.230000,5.861779,215800
2019-09-06,6.210000,6.500000,6.080000,6.470000,6.087594,294400
2019-09-09,6.480000,6.800000,6.315000,6.680000,6.285182,148600
2019-09-10,6.640000,7.050000,6.640000,6.670000,6.275773,248100
2019-09-11,6.690000,7.180000,6.690000,7.030000,6.614496,486600
2019-09-12,6.950000,7.040000,6.620000,6.700000,6.304000,145800
2019-09-13,6.690000,6.940000,6.590000,6.790000,6.388680,152600
2019-09-16,7.140000,7.240000,6.910000,7.000000,6.586268,194200
2019-09-17,6.970000,6.980000,6.510000,6.670000,6.275773,141800
2019-09-18,6.660000,6.750000,6.560000,6.670000,6.275773,124000
2019-09-19,6.740000,6.790000,6.430000,6.500000,6.115821,75900
2019-09-20,6.520000,6.665000,6.420000,6.600000,6.209911,654900
2019-09-23,6.650000,6.775000,6.580000,6.680000,6.285182,212100
2019-09-24,6.610000,6.760000,6.250000,6.340000,5.965278,122100
2019-09-25,6.330000,6.370000,6.116000,6.300000,5.927642,149300
2019-09-26,6.290000,6.290000,6.030000,6.050000,5.692419,120800
2019-09-27,6.060000,6.230000,5.910000,6.000000,5.645373,151700
2019-09-30,5.980000,6.040000,5.740000,5.750000,5.410150,339200
2019-10-01,5.780000,5.830000,5.450000,5.500000,5.174926,144700
2019-10-02,5.530000,5.540000,5.370000,5.420000,5.099654,89800
2019-10-03,5.350000,5.620000,5.350000,5.470000,5.146699,175400
2019-10-04,5.420000,5.620000,5.370000,5.440000,5.118472,98300
2019-10-07,5.350000,5.600000,5.350000,5.510000,5.184335,195700
2019-10-08,5.640000,5.930000,5.310000,5.450000,5.127880,220400
2019-10-09,5.500000,5.500000,5.370000,5.480000,5.156107,70200
2019-10-10,5.460000,6.375000,5.460000,6.145000,5.781803,627200
2019-10-11,6.450000,7.140000,6.238000,6.390000,6.012322,913100
2019-10-14,6.410000,6.450000,6.160000,6.210000,5.842961,329500
2019-10-15,6.170000,6.500000,6.170000,6.360000,5.984096,205300
2019-10-16,6.380000,6.590000,6.330000,6.370000,5.993505,201400
2019-10-17,6.420000,6.590000,6.300000,6.510000,6.125230,255000
2019-10-18,6.490000,6.580000,6.290000,6.320000,5.946460,246400
2019-10-21,6.340000,6.510000,6.200000,6.490000,6.106412,283500
2019-10-22,6.500000,6.580000,6.380000,6.400000,6.021731,305800
2019-10-23,6.430000,6.470000,6.250000,6.390000,6.012322,104200
2019-10-24,6.460000,6.510000,6.350000,6.380000,6.002913,85600
2019-10-25,6.330000,6.410000,6.000000,6.340000,5.965278,216400
2019-10-28,6.410000,6.470000,6.280000,6.370000,5.993505,138400
2019-10-29,6.340000,6.500000,6.280000,6.340000,5.965278,212300
2019-10-30,6.330000,6.380000,6.130000,6.190000,5.824143,435300
2019-10-31,6.120000,6.280000,6.000000,6.160000,5.795917,141700
2019-11-01,6.210000,6.410000,6.183000,6.340000,5.965278,657600
2019-11-04,6.430000,6.540000,6.300000,6.450000,6.068777,347700
2019-11-05,6.530000,6.540000,6.300000,6.440000,6.059368,248100
2019-11-06,6.430000,6.490000,6.250000,6.270000,5.899415,152400
2019-11-07,6.340000,6.430000,6.120000,6.380000,6.002913,174200
2019-11-08,6.000000,6.518000,6.000000,6.395000,6.017027,229500
2019-11-11,6.250000,6.500000,6.250000,6.480000,6.097003,147400
2019-11-12,6.500000,6.750000,6.480000,6.630000,6.238138,241500
2019-11-13,6.550000,6.730000,6.350000,6.420000,6.040550,140500
2019-11-14,6.420000,6.620000,6.300000,6.370000,5.993505,169600
2019-11-15,6.440000,6.570000,6.370000,6.460000,6.078186,2794400
2019-11-18,6.440000,6.710000,6.150000,6.475000,6.092299,390400
2019-11-19,6.280000,6.400000,6.086000,6.165000,5.924136,491100
2019-11-20,6.120000,6.340000,6.100000,6.220000,5.976987,226300
2019-11-21,6.270000,6.350000,6.120000,6.300000,6.053862,175500
2019-11-22,6.310000,6.370000,6.192000,6.350000,6.101908,139900
2019-11-25,6.320000,6.500000,6.261000,6.470000,6.217219,286600
2019-11-26,6.420000,6.550000,6.410000,6.420000,6.169173,123900
2019-11-27,6.480000,6.650000,6.450000,6.480000,6.226829,149000
2019-11-29,6.440000,6.600000,6.310000,6.450000,6.198001,71700
2019-12-02,6.460000,6.525000,6.380000,6.460000,6.207611,100200
2019-12-03,6.380000,6.540000,6.340000,6.470000,6.217219,154700
2019-12-04,6.540000,6.850000,6.540000,6.560000,6.303703,221800
2019-12-05,6.580000,6.698000,6.300000,6.310000,6.063471,182000
2019-12-06,6.330000,6.540000,6.260000,6.290000,6.044252,157700
2019-12-09,6.250000,6.290000,6.200000,6.260000,6.015424,219400
2019-12-10,6.300000,6.400000,6.210000,6.340000,6.092299,254400
2019-12-11,6.320000,6.400000,6.240000,6.390000,6.140345,147900
2019-12-12,6.350000,6.600000,6.300000,6.430000,6.178782,392600
2019-12-13,6.440000,6.520000,6.350000,6.430000,6.178782,234500
2019-12-16,6.490000,6.766000,6.410000,6.660000,6.399796,287400
2019-12-17,6.670000,6.780000,6.600000,6.760000,6.495890,197600
2019-12-18,6.800000,6.820000,6.710000,6.770000,6.505498,221800
2019-12-19,6.780000,6.850000,6.740000,6.780000,6.515108,274200
2019-12-20,6.800000,6.890000,6.710000,6.850000,6.582373,888500
2019-12-23,6.850000,7.090000,6.750000,7.020000,6.745731,212000
2019-12-24,7.010000,7.200000,6.980000,7.120000,6.841825,76000
2019-12-26,7.110000,7.250000,7.050000,7.140000,6.861043,106700
2019-12-27,7.170000,7.230000,6.900000,6.950000,6.678466,247400
2019-12-30,6.950000,7.040000,6.930000,6.970000,6.697685,146600
2019-12-31,6.950000,7.090000,6.910000,7.060000,6.784169,100400
2020-01-02,7.130000,7.180000,6.950000,6.950000,6.678466,124200
2020-01-03,7.050000,7.200000,6.860000,6.960000,6.688076,177100
2020-01-06,7.070000,7.200000,6.940000,7.080000,6.803387,157600
2020-01-07,7.020000,7.120000,7.020000,7.070000,6.793778,74900
2020-01-08,7.030000,7.070000,6.790000,6.825000,6.558350,141200
2020-01-09,6.920000,6.950000,6.770000,6.850000,6.582373,238600
2020-01-10,6.880000,6.901000,6.670000,6.700000,6.438233,139100
2020-01-13,6.660000,6.740000,6.600000,6.680000,6.419015,138800
2020-01-14,6.670000,6.730000,6.600000,6.730000,6.467062,156500
2020-01-15,6.730000,6.795000,6.670000,6.750000,6.486280,72200
2020-01-16,6.790000,7.010000,6.790000,6.900000,6.630420,101600
2020-01-17,6.970000,6.970000,6.760000,6.760000,6.495890,206900
2020-01-21,6.850000,6.850000,6.625000,6.630000,6.370968,168400
2020-01-22,6.630000,6.630000,6.380000,6.410000,6.159564,175800
2020-01-23,6.370000,6.370000,6.190000,6.230000,5.986597,173800
2020-01-24,6.260000,6.260000,5.990000,6.020000,5.784801,174900
2020-01-27,5.880000,5.940000,5.500000,5.695000,5.472499,1410600
2020-01-28,5.760000,5.910000,5.740000,5.800000,5.573396,580900
2020-01-29,5.810000,5.895000,5.640000,5.660000,5.438866,138400
2020-01-30,5.600000,5.650000,5.360000,5.480000,5.265899,221800
2020-01-31,5.400000,5.540000,5.285000,5.500000,5.285117,315600
2020-02-03,5.020000,5.420000,4.750000,4.950000,4.756605,510500
2020-02-04,4.980000,5.045000,4.760000,4.765000,4.578833,469700
2020-02-05,4.800000,4.940000,4.750000,4.850000,4.660512,273500
2020-02-06,4.920000,4.925000,4.650000,4.740000,4.554810,361200
2020-02-07,4.700000,4.750000,4.550000,4.720000,4.535591,262200
2020-02-10,4.670000,4.690000,4.470000,4.540000,4.362624,433400
2020-02-11,4.590000,4.800000,4.480000,4.740000,4.554810,411000
2020-02-12,4.780000,4.880000,4.650000,4.730000,4.545201,130400
2020-02-13,4.650000,4.770000,4.649000,4.670000,4.487545,83100
2020-02-14,4.680000,4.717000,4.510000,4.540000,4.362624,504500
2020-02-18,4.520000,4.650000,4.500000,4.640000,4.458717,185500
2020-02-19,4.640000,4.700000,4.530000,4.640000,4.458717,201700
2020-02-20,4.620000,4.820000,4.600000,4.790000,4.602857,177400
2020-02-21,4.820000,4.820000,4.550000,4.610000,4.429889,185600
2020-02-24,4.430000,4.430000,4.230000,4.290000,4.246754,245900
2020-02-25,4.280000,4.300000,4.000000,4.070000,4.028972,617700
2020-02-26,4.070000,4.290000,4.040000,4.120000,4.078468,229800
2020-02-27,3.990000,4.130000,3.760000,4.020000,3.979476,1174900
2020-02-28,3.940000,4.020000,3.917000,3.995000,3.954728,342300
2020-03-02,4.010000,4.010000,3.500000,3.720000,3.682500,313800
2020-03-03,3.750000,3.790000,3.550000,3.570000,3.534012,280600
2020-03-04,3.650000,3.700000,3.505000,3.660000,3.623105,371500
2020-03-05,3.650000,3.750000,3.450000,3.480000,3.444919,282600
2020-03-06,3.410000,3.540000,3.250000,3.540000,3.504314,1293600
2020-03-09,2.880000,3.220000,2.570000,2.700000,2.672782,3805200
2020-03-10,2.990000,3.000000,2.510000,2.700000,2.672782,474000
2020-03-11,2.630000,2.670000,2.414000,2.500000,2.474798,368300
2020-03-12,2.400000,2.460000,2.270000,2.280000,2.257016,390100
2020-03-13,2.440000,2.622000,2.060000,2.240000,2.217419,564300
2020-03-16,2.000000,2.600000,2.000000,2.380000,2.356008,362000
2020-03-17,2.340000,2.700000,2.290000,2.550000,2.524294,367600
2020-03-18,2.400000,2.430000,1.930000,2.020000,1.999637,487600
2020-03-19,2.010000,2.750000,1.800000,2.310000,2.286714,283300
2020-03-20,2.350000,2.480000,2.200000,2.230000,2.207520,280000
2020-03-23,2.230000,2.290000,1.850000,2.000000,1.979839,263700
2020-03-24,2.130000,2.170000,1.600000,1.780000,1.762056,476400
2020-03-25,1.820000,2.400000,1.820000,2.340000,2.316411,303400
2020-03-26,2.340000,2.480000,2.160000,2.410000,2.385706,197200
2020-03-27,2.310000,2.360000,2.040000,2.060000,2.039234,165500
2020-03-30,2.080000,2.110000,1.900000,2.080000,2.059032,307200
2020-03-31,2.140000,2.200000,2.030000,2.150000,2.128327,376900
2020-04-01,2.070000,2.200000,1.930000,2.010000,1.989738,221200
2020-04-02,2.000000,2.750000,2.000000,2.470000,2.445101,344100
2020-04-03,2.510000,2.600000,2.220000,2.600000,2.573790,239300
2020-04-06,2.550000,2.550000,2.150000,2.430000,2.405504,192900
2020-04-07,2.450000,2.476000,2.300000,2.320000,2.296613,193700
2020-04-08,2.350000,2.420000,2.260000,2.370000,2.346109,202200
2020-04-09,2.430000,2.590000,2.340000,2.420000,2.395605,155900
2020-04-13,2.500000,2.655000,2.380000,2.400000,2.375807,157200
2020-04-14,2.420000,2.459000,2.170000,2.180000,2.158024,160200
2020-04-15,2.110000,2.230000,1.950000,2.220000,2.197621,209600
2020-04-16,2.250000,2.250000,2.020000,2.060000,2.039234,97800
2020-04-17,2.060000,2.250000,2.030000,2.140000,2.118428,172700
2020-04-20,2.140000,2.260000,2.020000,2.050000,2.029335,235800
2020-04-21,2.050000,2.220000,2.030000,2.150000,2.128327,231800
2020-04-22,2.200000,2.290000,2.120000,2.140000,2.118428,204800
2020-04-23,2.250000,2.311000,2.110000,2.130000,2.108528,273700
2020-04-24,2.170000,2.230000,2.070000,2.090000,2.068931,196500
2020-04-27,2.100000,2.260000,2.050000,2.220000,2.197621,221700
2020-04-28,2.220000,2.364000,2.150000,2.280000,2.257016,172200
2020-04-29,2.400000,2.660000,2.345000,2.550000,2.524294,393700
2020-04-30,2.620000,2.670000,2.350000,2.445000,2.420353,359400
2020-05-01,2.360000,2.390000,2.150000,2.230000,2.207520,447100
2020-05-04,2.250000,2.500000,2.100000,2.200000,2.177823,459400
2020-05-05,2.290000,2.540000,2.220000,2.270000,2.247117,349000
2020-05-06,2.270000,2.520000,2.250000,2.395000,2.370857,330700
2020-05-07,2.460000,2.550000,2.415000,2.510000,2.484698,240700
2020-05-08,2.500000,2.650000,2.300000,2.500000,2.474798,375400
2020-05-11,2.500000,2.680000,2.430000,2.490000,2.464899,380900
2020-05-12,2.490000,2.560000,2.320000,2.340000,2.316411,254600
2020-05-13,2.370000,2.400000,2.150000,2.170000,2.148125,343400
2020-05-14,2.150000,2.330000,2.107000,2.150000,2.128327,240800
2020-05-15,2.210000,2.400000,2.150000,2.250000,2.227319,523100
2020-05-18,2.410000,2.480000,2.310000,2.410000,2.385706,385200
2020-05-19,2.430000,2.430000,2.280000,2.360000,2.336210,578100
2020-05-20,2.440000,2.530000,2.370000,2.480000,2.455000,429800
2020-05-21,2.440000,2.880000,2.429000,2.780000,2.780000,533100
2020-05-22,2.740000,2.740000,2.500000,2.550000,2.550000,353600
2020-05-26,2.650000,2.680000,2.545000,2.580000,2.580000,212600
2020-05-27,2.660000,2.700000,2.520000,2.640000,2.640000,272000
2020-05-28,2.680000,2.685000,2.530000,2.550000,2.550000,194900
2020-05-29,2.530000,2.530000,2.340000,2.490000,2.490000,250000
2020-06-01,2.470000,2.657000,2.460000,2.560000,2.560000,194800
2020-06-02,2.590000,3.130000,2.580000,2.790000,2.790000,404200
2020-06-03,2.840000,3.090000,2.810000,3.010000,3.010000,476800
2020-06-04,2.980000,3.040000,2.900000,2.970000,2.970000,235100
2020-06-05,3.010000,3.790000,3.010000,3.590000,3.590000,536000
2020-06-08,3.750000,3.830000,3.610000,3.660000,3.660000,284200
2020-06-09,3.660000,3.690000,3.350000,3.590000,3.590000,195700
2020-06-10,3.510000,3.510000,3.280000,3.390000,3.390000,455500
2020-06-11,3.230000,3.230000,2.910000,3.020000,3.020000,432100
2020-06-12,3.160000,3.193000,2.950000,3.090000,3.090000,147400
2020-06-15,3.000000,3.350000,2.880000,3.310000,3.310000,269500
2020-06-16,3.550000,3.590000,3.130000,3.260000,3.260000,154500
2020-06-17,3.290000,3.290000,3.010000,3.060000,3.060000,108700
2020-06-18,2.980000,3.166000,2.920000,3.100000,3.100000,167400
2020-06-19,3.110000,3.170000,3.000000,3.070000,3.070000,2167900
2020-06-22,3.090000,3.190000,2.960000,3.020000,3.020000,354100
2020-06-23,3.100000,3.100000,2.983000,3.050000,3.050000,141800
2020-06-24,3.010000,3.020000,2.880000,2.890000,2.890000,179200
2020-06-25,2.870000,2.990000,2.830000,2.985000,2.985000,132200
2020-06-26,2.970000,3.690000,2.755000,3.640000,3.640000,934400
2020-06-29,3.500000,3.505000,2.980000,3.100000,3.100000,415700
2020-06-30,3.080000,3.230000,3.010000,3.200000,3.200000,249900
2020-07-01,3.170000,3.340000,3.150000,3.180000,3.180000,309500
2020-07-02,3.250000,3.310000,3.150000,3.180000,3.180000,123200
2020-07-06,3.250000,3.250000,3.160000,3.180000,3.180000,310200
2020-07-07,3.210000,3.220000,3.090000,3.190000,3.190000,204600
2020-07-08,3.180000,3.180000,3.060000,3.160000,3.160000,323000
2020-07-09,3.140000,3.200000,2.990000,3.040000,3.040000,386700
2020-07-10,3.030000,3.180000,3.030000,3.180000,3.180000,129900
2020-07-13,3.210000,3.210000,3.060000,3.080000,3.080000,140500
2020-07-14,3.070000,3.210000,3.000000,3.130000,3.130000,176200
2020-07-15,3.210000,3.230000,3.160000,3.200000,3.200000,238200
2020-07-16,3.170000,3.210000,3.090000,3.130000,3.130000,184600
2020-07-17,3.100000,3.190000,3.020000,3.050000,3.050000,82100
2020-07-20,3.030000,3.110000,2.830000,2.840000,2.840000,115900
2020-07-21,2.850000,3.050000,2.850000,2.960000,2.960000,182000
2020-07-22,2.910000,2.980000,2.850000,2.930000,2.930000,109500
2020-07-23,2.900000,2.920000,2.810000,2.830000,2.830000,83100
2020-07-24,2.840000,2.900000,2.720000,2.740000,2.740000,108500
2020-07-27,2.730000,2.740000,2.640000,2.680000,2.680000,138800
2020-07-28,2.690000,2.740000,2.630000,2.650000,2.650000,66500
2020-07-29,2.650000,2.700000,2.583000,2.690000,2.690000,72100
2020-07-30,2.640000,2.700000,2.560000,2.670000,2.670000,95900
2020-07-31,2.670000,2.690000,2.490000,2.510000,2.510000,133000
2020-08-03,2.540000,2.570000,2.420000,2.500000,2.500000,186700
2020-08-04,2.500000,2.560000,2.440000,2.560000,2.560000,85500
2020-08-05,2.600000,2.730000,2.590000,2.700000,2.700000,106100
2020-08-06,2.680000,3.040000,2.659000,2.850000,2.850000,171100