Date,Open,High,Low,Close,Adj Close,Volume
2018-10-09,4.136400,4.136400,4.136400,4.136400,4.136400,100
2018-10-10,3.968800,3.976500,3.744100,3.820000,3.820000,3634
2018-10-11,3.811410,3.843000,3.804490,3.808220,3.808220,3156
2018-10-12,3.839400,3.942290,3.791610,3.800700,3.800700,10865
2018-10-15,4.166600,4.212960,3.981880,3.997890,3.997890,10551
2018-10-16,4.200000,4.200000,3.983600,3.983600,3.983600,20526
2018-10-17,3.948880,3.948880,3.893360,3.893360,3.893360,3357
2018-10-18,3.920390,3.936200,3.795000,3.834000,3.834000,14616
2018-10-19,3.808990,3.808990,3.411700,3.411700,3.411700,11056
2018-10-22,3.414600,3.414600,2.985700,2.987100,2.987100,9424
2018-10-23,2.605540,2.605620,2.559920,2.600000,2.600000,38900
2018-10-24,2.644600,2.769450,2.643500,2.643500,2.643500,7060
2018-10-25,2.772400,2.896100,2.772400,2.896100,2.896100,2875
2018-10-26,2.900000,2.900000,2.718600,2.718600,2.718600,7600
2018-10-29,2.824900,2.824900,2.587250,2.587250,2.587250,9200
2018-10-30,2.667460,2.667460,2.590000,2.590000,2.590000,1000
2018-10-31,2.657610,2.657610,2.490000,2.490000,2.490000,435
2018-11-01,2.734850,2.743900,2.705110,2.710000,2.710000,6000
2018-11-02,2.710000,2.710000,2.710000,2.710000,2.710000,0
2018-11-05,2.710000,2.791000,2.710000,2.713400,2.713400,14799
2018-11-06,2.797000,2.813400,2.797000,2.810000,2.810000,4500
2018-11-07,2.871710,2.950000,2.800000,2.845630,2.845630,24177
2018-11-08,2.805400,2.818880,2.746300,2.790000,2.790000,23230
2018-11-09,2.770000,2.957910,2.770000,2.914800,2.914800,5800
2018-11-12,2.912800,2.913300,2.833700,2.841200,2.841200,25660
2018-11-13,2.834150,2.834150,2.740000,2.740000,2.740000,1715
2018-11-14,2.706500,2.710000,2.620000,2.620000,2.620000,2250
2018-11-15,2.783330,2.790900,2.744900,2.773300,2.773300,1061
2018-11-16,2.760500,2.760500,2.700000,2.700000,2.700000,950
2018-11-19,2.795000,2.795000,2.700000,2.700000,2.700000,2842
2018-11-20,2.637400,2.637400,2.604060,2.604060,2.604060,3400
2018-11-21,2.590000,2.600000,2.554480,2.595400,2.595400,4000
2018-11-23,2.500000,2.500000,2.500000,2.500000,2.500000,1278
2018-11-26,2.646000,2.653550,2.600000,2.610000,2.610000,7620
2018-11-27,2.501490,2.501490,2.470000,2.470000,2.470000,3810
2018-11-28,2.471700,2.489340,2.424100,2.489340,2.489340,14795
2018-11-29,2.500000,2.500000,2.285700,2.316100,2.316100,8100
2018-11-30,2.316100,2.316100,2.316100,2.316100,2.316100,0
2018-12-03,2.349200,2.349200,2.226000,2.297500,2.297500,10263
2018-12-04,2.250000,2.250000,2.250000,2.250000,2.250000,2700
2018-12-06,2.180000,2.180000,2.180000,2.180000,2.180000,100
2018-12-07,2.452450,2.452450,2.450380,2.450380,2.450380,1242
2018-12-10,2.470000,2.470000,2.368800,2.370000,2.370000,52592
2018-12-11,2.340000,2.340000,2.340000,2.340000,2.340000,2215
2018-12-12,2.340000,2.340000,2.319900,2.319900,2.319900,1441
2018-12-13,2.439000,2.467510,2.424000,2.437000,2.437000,8800
2018-12-14,2.484400,2.620000,2.484400,2.538300,2.538300,3945
2018-12-17,2.754000,2.811000,2.530000,2.560690,2.560690,55354
2018-12-18,2.612600,2.829900,2.553500,2.696000,2.696000,64608
2018-12-19,2.799900,2.878000,2.748000,2.789900,2.789900,52640
2018-12-20,2.801600,4.470000,2.689900,2.695000,2.695000,40867
2018-12-21,2.798000,2.853740,2.743000,2.814400,2.814400,16700
2018-12-24,3.616560,3.616560,2.773650,2.806400,2.806400,16548
2018-12-26,2.810000,3.600000,2.809900,3.250000,3.250000,19000
2018-12-27,2.859970,3.250000,2.800000,2.940810,2.940810,28374
2018-12-28,2.939540,3.103500,2.870000,3.103500,3.103500,27501
2018-12-31,3.141280,3.170000,3.032170,3.039210,3.039210,8055
2019-01-02,3.099000,3.214900,3.047600,3.197400,3.197400,13382
2019-01-03,3.240000,3.260740,3.113660,3.192100,3.192100,12219
2019-01-04,3.180000,3.490000,3.100000,3.212600,3.212600,82935
2019-01-07,3.208600,3.429520,3.200000,3.300000,3.300000,47587
2019-01-08,3.342000,3.375600,3.240000,3.303800,3.303800,35902
2019-01-09,3.490000,3.531710,3.364000,3.410000,3.410000,29987
2019-01-10,3.469800,3.549900,3.250000,3.415000,3.415000,19613
2019-01-11,3.414100,3.550000,3.220000,3.260000,3.260000,20845
2019-01-14,3.470000,3.470000,3.228000,3.355640,3.355640,8987
2019-01-15,3.370000,3.370000,3.150000,3.150000,3.150000,12124
2019-01-16,3.150000,3.150000,3.052200,3.070000,3.070000,15980
2019-01-17,3.159300,3.159300,3.131100,3.150000,3.150000,4959
2019-01-18,3.208180,3.208180,2.890000,3.000600,3.000600,35668
2019-01-22,2.890660,2.890660,2.750000,2.750000,2.750000,21516
2019-01-23,2.774000,2.850000,2.722700,2.797500,2.797500,18553
2019-01-24,2.769990,2.800000,2.760000,2.800000,2.800000,13836
2019-01-25,2.820000,2.898720,2.756000,2.860000,2.860000,73951
2019-01-28,2.890000,2.900000,2.824300,2.900000,2.900000,8748
2019-01-29,2.897000,3.083000,2.897000,3.027240,3.027240,30651
2019-01-30,3.097600,3.110000,3.000000,3.037700,3.037700,5341
2019-01-31,3.085000,3.300000,2.994900,3.300000,3.300000,8424
2019-02-01,3.320000,3.480000,3.280000,3.396700,3.396700,46855
2019-02-04,3.420000,3.500000,3.393800,3.420000,3.420000,28823
2019-02-05,3.550000,3.700000,3.420000,3.644180,3.644180,47885
2019-02-06,3.700000,3.950000,3.489800,3.590000,3.590000,38136
2019-02-07,3.565850,3.565850,3.450000,3.490000,3.490000,33093
2019-02-08,3.600000,3.600000,3.450000,3.480000,3.480000,17740
2019-02-11,3.550000,3.610000,3.440000,3.460000,3.460000,23650
2019-02-12,3.485000,3.510000,3.357970,3.380000,3.380000,13889
2019-02-13,3.360000,3.370000,3.200000,3.290000,3.290000,20240
2019-02-14,3.260000,3.350000,3.150000,3.150000,3.150000,11778
2019-02-15,3.150000,3.180000,3.123730,3.150000,3.150000,8466
2019-02-19,3.160500,3.171060,3.030000,3.070000,3.070000,13863
2019-02-20,3.060000,3.068730,2.959550,3.068730,3.068730,12371
2019-02-21,3.144200,3.465500,3.142700,3.465500,3.465500,55427
2019-02-22,3.510000,3.660000,3.320090,3.660000,3.660000,61354
2019-02-25,3.750000,3.840000,3.579300,3.802000,3.802000,129340
2019-02-26,3.816100,4.180000,3.808300,4.160000,4.160000,414512
2019-02-27,4.150000,4.192650,3.972700,4.050000,4.050000,192382
2019-02-28,4.080000,4.080000,3.950000,4.040000,4.040000,113306
2019-03-01,4.170000,4.328300,4.058700,4.132200,4.132200,128808
2019-03-04,4.310000,4.335000,4.093300,4.167400,4.167400,151273
2019-03-05,4.204000,4.258700,4.090000,4.184470,4.184470,77891
2019-03-06,4.153000,4.220000,4.076700,4.104250,4.104250,54779
2019-03-07,4.115000,4.354500,3.970200,4.230000,4.230000,84558
2019-03-08,4.423700,4.859300,4.240000,4.837000,4.837000,137066
2019-03-11,4.780000,5.718740,4.780000,5.010000,5.010000,225234
2019-03-12,5.220000,5.700000,5.100000,5.700000,5.700000,221875
2019-03-13,5.884900,6.300000,5.690540,5.781600,5.781600,453491
2019-03-14,6.000000,6.000000,5.380490,5.525100,5.525100,163847
2019-03-15,5.600000,5.609990,5.000000,5.150000,5.150000,208571
2019-03-18,5.401300,5.510000,5.085000,5.250000,5.250000,121864
2019-03-19,5.471460,5.471460,5.059200,5.060000,5.060000,109353
2019-03-20,5.062790,5.180000,4.450000,4.630000,4.630000,176655
2019-03-21,4.531700,4.733470,4.400000,4.471340,4.471340,106487
2019-03-22,4.500000,4.700000,4.252100,4.352000,4.352000,75854
2019-03-25,4.320000,4.750000,4.310000,4.750000,4.750000,160750
2019-03-26,4.781400,4.994900,4.760000,4.890800,4.890800,114071
2019-03-27,4.919000,4.920000,4.524310,4.800000,4.800000,107255
2019-03-28,4.800000,4.860000,4.530000,4.670000,4.670000,88245
2019-03-29,4.752460,4.752460,4.596900,4.651360,4.651360,44714
2019-04-01,4.715990,4.900000,4.513700,4.620870,4.620870,81304
2019-04-02,4.760000,4.760000,4.381400,4.525700,4.525700,50048
2019-04-03,4.430000,4.700000,4.430000,4.532300,4.532300,45398
2019-04-04,4.457100,4.540000,4.410000,4.490000,4.490000,45751
2019-04-05,4.522000,4.809200,4.500000,4.779500,4.779500,121184
2019-04-08,4.801000,4.900000,4.570000,4.620000,4.620000,108671
2019-04-09,4.592300,4.875000,4.387400,4.400000,4.400000,67729
2019-04-10,4.750000,5.100000,4.469700,5.040000,5.040000,631810
2019-04-11,5.061600,5.200000,4.928400,4.998750,4.998750,295047
2019-04-12,5.072100,5.170000,4.832930,4.917900,4.917900,129277
2019-04-15,4.971300,5.170000,4.850000,4.977700,4.977700,128469
2019-04-16,5.044300,5.155000,4.960400,5.000000,5.000000,84280
2019-04-17,5.109300,5.210000,4.910000,4.960000,4.960000,91878
2019-04-18,4.965200,5.100000,4.950000,5.030000,5.030000,52659
2019-04-22,5.190000,5.190000,5.031200,5.152600,5.152600,78670
2019-04-23,5.300000,5.300000,5.100000,5.200000,5.200000,117272
2019-04-24,5.290000,5.290000,5.071000,5.110000,5.110000,92908
2019-04-25,4.990000,5.220000,4.990000,5.120000,5.120000,62130
2019-04-26,5.131400,5.240000,5.010000,5.110000,5.110000,39931
2019-04-29,5.130200,5.240000,4.900000,4.900000,4.900000,70658
2019-04-30,4.881440,5.000000,4.780000,4.890000,4.890000,43557
2019-05-01,4.750000,5.050000,4.750000,5.025000,5.025000,41912
2019-05-02,4.998300,5.150000,4.794100,5.150000,5.150000,44639
2019-05-03,5.072300,5.102900,4.940000,4.999000,4.999000,39585
2019-05-06,4.740000,5.051100,4.740000,5.030000,5.030000,48131
2019-05-07,4.901700,4.970000,4.849400,4.880000,4.880000,23056
2019-05-08,4.895900,5.040000,4.895900,5.039550,5.039550,23570
2019-05-09,4.918600,5.060000,4.720000,4.766500,4.766500,52072
2019-05-10,4.817300,5.124200,4.750000,5.124200,5.124200,58760
2019-05-13,5.130000,5.140000,4.820400,5.090000,5.090000,47922
2019-05-14,5.100000,5.140000,4.907400,5.068270,5.068270,53366
2019-05-15,5.056700,5.300000,5.050000,5.120000,5.120000,38986
2019-05-16,5.280000,5.340000,5.180000,5.213400,5.213400,38669
2019-05-17,5.200000,5.220000,5.040000,5.200000,5.200000,41549
2019-05-20,5.260000,5.400000,5.124500,5.395000,5.395000,33800
2019-05-21,5.380000,5.380000,5.130000,5.240000,5.240000,39868
2019-05-22,5.333800,5.370000,5.150000,5.343830,5.343830,39820
2019-05-23,5.300100,5.340000,5.124900,5.203600,5.203600,31421
2019-05-24,5.758000,5.780000,5.410770,5.450000,5.450000,172284
2019-05-28,5.343000,5.490000,5.137000,5.290000,5.290000,113477
2019-05-29,5.330500,5.360000,5.150000,5.220000,5.220000,67212
2019-05-30,5.440000,5.440000,5.200000,5.252500,5.252500,51212
2019-05-31,5.269300,5.320000,5.000000,5.000000,5.000000,85409
2019-06-03,5.100000,5.190000,4.495100,4.548000,4.548000,108908
2019-06-04,4.546000,4.990000,4.450000,4.800000,4.800000,46220
2019-06-05,4.799200,4.910000,4.545000,4.571500,4.571500,33779
2019-06-06,4.480000,4.680000,4.480000,4.530000,4.530000,38109
2019-06-07,4.581920,4.791100,4.562000,4.620000,4.620000,49524
2019-06-10,4.810000,5.062850,4.672020,4.916000,4.916000,59295
2019-06-11,4.908200,5.120000,4.908200,5.050000,5.050000,41658
2019-06-12,5.038200,5.070000,4.688340,4.979900,4.979900,79945
2019-06-13,5.016700,5.140000,4.850000,5.000000,5.000000,46958
2019-06-14,5.000000,5.093400,4.900000,5.080000,5.080000,35938
2019-06-17,5.098500,5.400000,5.063720,5.370000,5.370000,96786
2019-06-18,5.418300,5.540000,5.270000,5.380000,5.380000,39828
2019-06-19,5.288100,5.457100,5.162100,5.450000,5.450000,52596
2019-06-20,5.380000,5.560000,5.380000,5.470000,5.470000,35007
2019-06-21,5.510000,5.510000,5.342500,5.490000,5.490000,44413
2019-06-24,5.500000,5.620000,5.250000,5.341800,5.341800,49858
2019-06-25,5.250000,5.250000,4.239700,4.340000,4.340000,340586
2019-06-26,5.000000,5.000000,4.410000,4.721100,4.721100,139306
2019-06-27,4.950000,4.975000,4.600000,4.689830,4.689830,44713
2019-06-28,4.665000,4.990000,4.665000,4.674400,4.674400,79299
2019-07-01,4.825000,5.000000,4.650000,4.790000,4.790000,51191
2019-07-02,5.000000,5.000000,4.634000,4.739700,4.739700,57567
2019-07-03,4.827200,4.900000,4.594000,4.750000,4.750000,35493
2019-07-05,4.760000,4.925000,4.465900,4.500410,4.500410,79127
2019-07-08,4.472000,4.780000,4.300000,4.300000,4.300000,58860
2019-07-09,4.200000,4.360000,4.070000,4.215000,4.215000,54596
2019-07-10,4.140000,4.420000,4.140000,4.368700,4.368700,47867
2019-07-11,4.590000,4.821800,4.310000,4.540000,4.540000,50101
2019-07-12,4.575000,4.636970,4.340000,4.377000,4.377000,43343
2019-07-15,4.360000,4.360000,3.920000,4.020000,4.020000,93849
2019-07-16,4.088900,4.088900,3.640000,3.698100,3.698100,166350
2019-07-17,3.740000,3.740000,3.540000,3.627100,3.627100,200024
2019-07-18,3.750000,3.790000,3.057500,3.071540,3.071540,429953
2019-07-19,3.451000,3.910000,3.360000,3.730000,3.730000,207257
2019-07-22,2.740000,3.253300,2.740000,3.060000,3.060000,75941
2019-07-23,3.090000,3.230880,3.060000,3.091000,3.091000,119835
2019-07-24,3.270000,3.270000,2.900000,2.960000,2.960000,102395
2019-07-25,3.120000,3.395410,2.985000,3.177830,3.177830,90678
2019-07-26,3.242900,3.382660,3.080000,3.340000,3.340000,56296
2019-07-29,3.320000,3.580000,3.293000,3.487000,3.487000,84639
2019-07-30,3.550000,3.680000,3.430000,3.680000,3.680000,89283
2019-07-31,3.750000,3.810000,3.490000,3.696670,3.696670,95612
2019-08-01,3.687000,3.750000,3.350000,3.350000,3.350000,86531
2019-08-02,3.390000,3.480000,3.100000,3.300000,3.300000,87614
2019-08-05,3.290000,3.640000,3.270000,3.400000,3.400000,65171
2019-08-06,3.290000,3.290000,3.000000,3.057000,3.057000,109699
2019-08-07,3.000000,3.150000,2.850000,2.950000,2.950000,83235
2019-08-08,2.950000,3.093500,2.950000,3.060000,3.060000,51216
2019-08-09,3.126000,3.126000,2.870000,3.006100,3.006100,51188
2019-08-12,2.822500,3.160000,2.570000,2.599300,2.599300,202235
2019-08-13,2.610000,2.710000,2.525000,2.660000,2.660000,124299
2019-08-14,2.750000,2.776840,2.410000,2.474980,2.474980,104388
2019-08-15,2.480000,2.480000,2.230000,2.270000,2.270000,114940
2019-08-16,2.454500,2.454500,2.199710,2.223300,2.223300,132931
2019-08-19,2.200000,2.320000,2.120000,2.130000,2.130000,113134
2019-08-20,2.130300,2.285000,2.070000,2.250000,2.250000,168921
2019-08-21,2.329200,2.405070,2.270000,2.350000,2.350000,110209
2019-08-22,2.270000,2.380000,2.219240,2.250000,2.250000,102815
2019-08-23,2.250000,2.310000,2.130000,2.188630,2.188630,96288
2019-08-26,2.220000,2.226500,2.160000,2.160000,2.160000,57064
2019-08-27,2.250000,2.260000,2.033000,2.042500,2.042500,73659
2019-08-28,2.050000,2.100000,1.897000,2.070000,2.070000,94293
2019-08-29,2.120000,2.300000,2.091890,2.149900,2.149900,69321
2019-08-30,2.220000,2.270000,2.140000,2.240000,2.240000,42699
2019-09-03,2.200000,2.362870,2.150000,2.354800,2.354800,59070
2019-09-04,2.400000,2.524920,2.285000,2.480000,2.480000,137269
2019-09-05,2.550000,2.650000,2.502000,2.650000,2.650000,57431
2019-09-06,2.620000,2.689840,2.499000,2.500000,2.500000,122938
2019-09-09,2.520000,2.543760,2.400000,2.455000,2.455000,53354
2019-09-10,2.450000,2.669900,2.450000,2.563120,2.563120,70700
2019-09-11,2.623380,2.623380,2.470000,2.516000,2.516000,49264
2019-09-12,2.490000,2.540000,2.380000,2.539500,2.539500,99509
2019-09-13,2.530000,2.620000,2.450860,2.612000,2.612000,44026
2019-09-16,2.676500,2.788260,2.547000,2.590000,2.590000,62203
2019-09-17,2.592300,2.600000,2.440000,2.510000,2.510000,52746
2019-09-18,2.517600,2.550000,2.381790,2.411000,2.411000,21284
2019-09-19,2.412000,2.460000,2.400000,2.420000,2.420000,19297
2019-09-20,2.400000,2.435000,2.237370,2.250000,2.250000,63270
2019-09-23,2.250000,2.307200,2.180880,2.180880,2.180880,63972
2019-09-24,2.180000,2.250000,2.110000,2.236000,2.236000,80398
2019-09-25,2.247800,2.247800,2.160000,2.171380,2.171380,20406
2019-09-26,2.170000,2.192000,2.050000,2.070000,2.070000,61815
2019-09-27,2.079100,2.126000,1.990000,1.990000,1.990000,55997
2019-09-30,1.990000,2.139700,1.979700,2.120000,2.120000,305647
2019-10-01,2.030000,2.180000,1.950000,2.010000,2.010000,96823
2019-10-02,2.020000,2.050000,1.649990,1.720000,1.720000,135982
2019-10-03,1.713400,1.924000,1.670000,1.924000,1.924000,42401
2019-10-04,1.980000,1.980000,1.820000,1.880000,1.880000,35689
2019-10-07,1.880000,1.890000,1.737160,1.769000,1.769000,47920
2019-10-08,1.721550,1.760000,1.680000,1.680000,1.680000,45432
2019-10-09,1.700000,1.752000,1.613680,1.659900,1.659900,32215
2019-10-10,1.590000,1.650180,1.335000,1.370000,1.370000,120632
2019-10-11,1.450000,1.660000,1.369100,1.563830,1.563830,199009
2019-10-14,1.683500,1.750000,1.600000,1.605000,1.605000,31354
2019-10-15,1.540000,1.640500,1.505000,1.560000,1.560000,48870
2019-10-16,1.580000,1.790000,1.560000,1.750000,1.750000,78401
2019-10-17,1.800000,1.810000,1.610000,1.760000,1.760000,112763
2019-10-18,1.770000,1.783600,1.710000,1.760000,1.760000,45273
2019-10-21,1.743800,1.829000,1.710000,1.790000,1.790000,36907
2019-10-22,1.795900,2.015000,1.760000,1.908000,1.908000,57523
2019-10-23,1.910000,2.030000,1.910000,2.030000,2.030000,41826
2019-10-24,2.076500,2.250000,2.020000,2.250000,2.250000,212949
2019-10-25,2.310000,2.310000,2.180000,2.225760,2.225760,72013
2019-10-28,2.150000,2.231300,2.030780,2.120000,2.120000,93809
2019-10-29,2.190000,2.190000,1.820000,1.869500,1.869500,111062
2019-10-30,1.410000,1.830000,1.405000,1.640000,1.640000,152556
2019-10-31,1.695000,1.750000,1.640000,1.660000,1.660000,28778
2019-11-01,1.680980,1.742000,1.600000,1.710000,1.710000,21580
2019-11-04,1.685000,1.750000,1.650000,1.710000,1.710000,73879
2019-11-05,1.660000,1.800000,1.660000,1.770000,1.770000,61107
2019-11-06,1.776370,1.950000,1.740000,1.900000,1.900000,60381
2019-11-07,1.892500,2.037610,1.850000,2.000000,2.000000,75999
2019-11-08,2.150000,2.169990,1.969810,2.137000,2.137000,60344
2019-11-11,2.149500,2.150000,2.070000,2.150000,2.150000,21302
2019-11-12,2.150000,2.250000,2.125000,2.210000,2.210000,83766
2019-11-13,2.080000,2.198600,2.080000,2.136520,2.136520,30341
2019-11-14,2.140000,2.150000,1.980000,2.006450,2.006450,50127
2019-11-15,1.810470,2.022000,1.770000,2.020000,2.020000,39341
2019-11-18,1.870000,1.990000,1.870000,1.940000,1.940000,66501
2019-11-19,1.870000,1.900000,1.773700,1.848500,1.848500,68129
2019-11-20,1.900000,1.970000,1.860000,1.953190,1.953190,26935
2019-11-21,1.940000,2.100000,1.940000,2.075000,2.075000,41646
2019-11-22,2.060000,2.156800,2.036630,2.036630,2.036630,16419
2019-11-25,1.910000,2.080000,1.910000,2.052780,2.052780,15365
2019-11-26,2.110000,2.140000,2.068640,2.103970,2.103970,27054
2019-11-27,1.940000,2.090000,1.740000,1.790000,1.790000,83921
2019-11-29,1.770000,1.790000,1.650100,1.730000,1.730000,35215
2019-12-02,1.750000,1.777800,1.696600,1.750000,1.750000,50424
2019-12-03,1.770000,1.770000,1.680000,1.710000,1.710000,28966
2019-12-04,1.720000,1.730000,1.672170,1.710000,1.710000,28226
2019-12-05,1.700000,1.719900,1.580100,1.605000,1.605000,37756
2019-12-06,1.600000,1.630000,1.580000,1.580000,1.580000,70869
2019-12-09,1.570000,1.700000,1.570000,1.700000,1.700000,26544
2019-12-10,1.610000,1.703500,1.610000,1.630000,1.630000,28321
2019-12-11,1.570000,1.630000,1.570000,1.581000,1.581000,21304
2019-12-12,1.581600,1.629900,1.580000,1.600000,1.600000,14330
2019-12-13,1.620000,1.650000,1.574000,1.620000,1.620000,29509
2019-12-16,1.645560,1.645560,1.560000,1.570000,1.570000,35061
2019-12-17,1.569500,1.581000,1.530000,1.531610,1.531610,24099
2019-12-18,1.513600,1.560100,1.513600,1.544990,1.544990,23910
2019-12-19,1.480000,1.550000,1.480000,1.510000,1.510000,103909
2019-12-20,1.550000,1.550000,1.499900,1.499900,1.499900,29770
2019-12-23,1.500000,1.528000,1.430000,1.480000,1.480000,49365
2019-12-24,1.492700,1.492700,1.430000,1.450000,1.450000,20059
2019-12-26,1.470000,1.470000,1.390000,1.410000,1.410000,62347
2019-12-27,1.420000,1.500000,1.388000,1.500000,1.500000,22543
2019-12-30,1.450000,1.675000,1.450000,1.520000,1.520000,54328
2019-12-31,1.534900,1.570000,1.500000,1.550000,1.550000,63839
2020-01-02,1.560000,1.750000,1.550000,1.750000,1.750000,40146
2020-01-03,1.775600,1.775600,1.650000,1.655980,1.655980,17397
2020-01-06,1.610000,1.649900,1.560000,1.580000,1.580000,21262
2020-01-07,1.510000,1.570000,1.460000,1.470000,1.470000,25573
2020-01-08,1.470000,1.546000,1.460000,1.500490,1.500490,27026
2020-01-09,1.540000,1.599900,1.478000,1.480000,1.480000,30327
2020-01-10,1.480000,1.500000,1.350000,1.480000,1.480000,62815
2020-01-13,1.490000,1.490000,1.390000,1.450000,1.450000,50591
2020-01-14,1.464200,1.479700,1.410000,1.440000,1.440000,30632
2020-01-15,1.460000,1.590000,1.405700,1.550000,1.550000,282434
2020-01-16,1.569000,1.620000,1.527800,1.528910,1.528910,172748
2020-01-17,1.590000,1.590000,1.500000,1.510000,1.510000,92938
2020-01-21,1.500000,1.520000,1.410000,1.430000,1.430000,89466
2020-01-22,1.500000,1.500000,1.430000,1.450000,1.450000,110456
2020-01-23,1.440000,1.489060,1.370000,1.400000,1.400000,80559
2020-01-24,1.380000,1.450000,1.350000,1.370000,1.370000,89636
2020-01-27,1.350000,1.390000,1.330000,1.360000,1.360000,40307
2020-01-28,1.360000,1.400000,1.330000,1.390000,1.390000,53329
2020-01-29,1.350000,1.400000,1.300000,1.370000,1.370000,40948
2020-01-30,1.370000,1.383300,1.310000,1.310000,1.310000,33562
2020-01-31,1.340000,1.360000,1.270000,1.270000,1.270000,84044
2020-02-03,1.250000,1.330000,1.170000,1.175000,1.175000,135148
2020-02-04,1.130000,1.190000,1.100000,1.130000,1.130000,161954
2020-02-05,1.120000,1.200000,1.120000,1.140000,1.140000,52507
2020-02-06,1.125900,1.210000,1.080000,1.080000,1.080000,60957
2020-02-07,1.080000,1.105000,0.960100,0.980000,0.980000,142988
2020-02-10,1.020000,1.030000,0.934360,0.951380,0.951380,146520
2020-02-11,0.925000,0.988000,0.837100,0.885500,0.885500,135518
2020-02-12,0.870000,0.895000,0.750000,0.800000,0.800000,146412
2020-02-13,0.808000,0.850000,0.743440,0.819600,0.819600,122821
2020-02-14,0.827200,0.850000,0.752000,0.781800,0.781800,122622
2020-02-18,0.844000,0.844000,0.750000,0.750000,0.750000,111586
2020-02-19,0.810000,0.810000,0.721600,0.736540,0.736540,188409
2020-02-20,0.760000,0.801430,0.746100,0.769050,0.769050,69573
2020-02-21,0.780000,0.780000,0.731990,0.746900,0.746900,116636
2020-02-24,0.735000,0.760000,0.683300,0.710000,0.710000,162632
2020-02-25,0.674000,0.737450,0.644900,0.652000,0.652000,100915
2020-02-26,0.641900,0.657340,0.550000,0.550000,0.550000,125131
2020-02-27,0.500000,0.527100,0.444000,0.520000,0.520000,176599
2020-02-28,0.511000,0.540000,0.413440,0.520000,0.520000,205731
2020-03-02,0.520000,0.524000,0.447000,0.452000,0.452000,107444
2020-03-03,0.471000,0.497500,0.430500,0.465000,0.465000,65347
2020-03-04,0.482510,0.502900,0.470000,0.490000,0.490000,31197
2020-03-05,0.470000,0.479100,0.440000,0.447000,0.447000,54015
2020-03-06,0.462000,0.497000,0.430000,0.451000,0.451000,205977
2020-03-09,0.421100,0.456600,0.394250,0.422500,0.422500,169344
2020-03-10,0.455000,0.465000,0.392700,0.420000,0.420000,110216
2020-03-11,0.404700,0.425520,0.370000,0.376000,0.376000,92279
2020-03-12,0.336000,0.385000,0.295800,0.301500,0.301500,127491
2020-03-13,0.305000,0.358950,0.269300,0.333300,0.333300,96767
2020-03-16,0.335500,0.335500,0.242300,0.313000,0.313000,60956
2020-03-17,0.299000,0.356400,0.272300,0.280160,0.280160,82205
2020-03-18,0.312800,0.312800,0.257100,0.290000,0.290000,57069
2020-03-19,0.286120,0.363000,0.259230,0.350000,0.350000,86570
2020-03-20,0.377000,0.431160,0.315980,0.340000,0.340000,96974
2020-03-23,0.339750,0.366000,0.308100,0.308100,0.308100,40747
2020-03-24,0.340000,0.386900,0.300000,0.334300,0.334300,183668
2020-03-25,0.335000,0.379300,0.334380,0.369200,0.369200,74935
2020-03-26,0.385000,0.401800,0.372000,0.380000,0.380000,188814
2020-03-27,0.370000,0.422200,0.370000,0.420000,0.420000,128210
2020-03-30,0.456000,0.468880,0.394000,0.450000,0.450000,101894
2020-03-31,0.491000,0.632500,0.456420,0.557500,0.557500,204270
2020-04-01,0.531600,0.588000,0.445050,0.450000,0.450000,176807
2020-04-02,0.467600,0.480000,0.418000,0.469900,0.469900,71813
2020-04-03,0.437880,0.471900,0.400000,0.420490,0.420490,70204
2020-04-06,0.363000,0.465400,0.363000,0.400000,0.400000,68206
2020-04-07,0.350000,0.445440,0.350000,0.383900,0.383900,63534
2020-04-08,0.370810,0.383440,0.350000,0.369040,0.369040,175007
2020-04-09,0.360300,0.447000,0.360300,0.439100,0.439100,40054
2020-04-13,0.460000,0.501000,0.412440,0.432500,0.432500,111478
2020-04-14,0.445200,0.500000,0.428300,0.442000,0.442000,65568
2020-04-15,0.431000,0.431000,0.388300,0.390000,0.390000,127045
2020-04-16,0.409790,0.446000,0.393400,0.393400,0.393400,71706
2020-04-17,0.454000,0.454000,0.400000,0.411000,0.411000,87272
2020-04-20,0.430800,0.435000,0.399000,0.420000,0.420000,91646
2020-04-21,0.420000,0.436170,0.407000,0.435920,0.435920,61927
2020-04-22,0.474000,0.490000,0.426500,0.468900,0.468900,74932
2020-04-23,0.488270,0.488270,0.445000,0.473760,0.473760,54149
2020-04-24,0.467500,0.473700,0.443500,0.467000,0.467000,38112
2020-04-27,0.475250,0.503800,0.450100,0.468000,0.468000,85872
2020-04-28,0.460500,0.484900,0.425000,0.460000,0.460000,85985
2020-04-29,0.482500,0.491100,0.442390,0.479290,0.479290,46703
2020-04-30,0.497600,0.500000,0.435630,0.452500,0.452500,201929
2020-05-01,0.453660,0.460900,0.440000,0.449550,0.449550,29161
2020-05-04,0.430000,0.459680,0.422000,0.422000,0.422000,46031
2020-05-05,0.401000,0.452300,0.382000,0.404000,0.404000,90906
2020-05-06,0.386700,0.416800,0.386700,0.401930,0.401930,34635
2020-05-07,0.401200,0.418800,0.390500,0.400000,0.400000,50330
2020-05-08,0.400000,0.413400,0.383000,0.390000,0.390000,81586
2020-05-11,0.418000,0.427210,0.390100,0.391000,0.391000,138635
2020-05-12,0.420000,0.441000,0.381500,0.381500,0.381500,30312
2020-05-13,0.386800,0.400000,0.366000,0.385000,0.385000,27365
2020-05-14,0.377400,0.402440,0.370000,0.385100,0.385100,40725
2020-05-15,0.423000,0.423000,0.380000,0.380000,0.380000,56565
2020-05-18,0.400000,0.440000,0.380000,0.440000,0.440000,60308
2020-05-19,0.436000,0.436000,0.391000,0.400670,0.400670,48130
2020-05-20,0.410000,0.430800,0.390000,0.400900,0.400900,48131
2020-05-21,0.388500,0.410000,0.388500,0.388600,0.388600,35666
2020-05-22,0.410300,0.430000,0.380000,0.410000,0.410000,89192
2020-05-26,0.490200,0.490200,0.424400,0.430500,0.430500,101967
2020-05-27,0.484500,0.485140,0.431100,0.450000,0.450000,92578
2020-05-28,0.438400,0.462500,0.423000,0.450000,0.450000,118311
2020-05-29,0.430300,0.450000,0.410000,0.421300,0.421300,169094
2020-06-01,0.410000,0.443090,0.410000,0.420000,0.420000,62831
2020-06-02,0.416200,0.436110,0.410000,0.422000,0.422000,40062
2020-06-03,0.421360,0.442000,0.420000,0.425000,0.425000,156096
2020-06-04,0.416300,0.440000,0.410000,0.429000,0.429000,52188
2020-06-05,0.405000,0.460000,0.405000,0.440200,0.440200,135878
2020-06-08,0.440000,0.450000,0.430000,0.447400,0.447400,95585
2020-06-09,0.439650,0.483700,0.436100,0.460000,0.460000,61489
2020-06-10,0.467800,0.476500,0.450000,0.456180,0.456180,44056
2020-06-11,0.465000,0.468080,0.430000,0.451410,0.451410,68547