Date,Open,High,Low,Close,Adj Close,Volume
2017-08-01,2.200000,2.300000,2.200000,2.300000,2.300000,2000
2017-08-02,2.300000,4.500000,2.000000,4.500000,4.500000,23800
2017-08-03,4.650000,4.750000,4.650000,4.750000,4.750000,500
2017-08-04,4.750000,5.750000,4.750000,5.750000,5.750000,2900
2017-08-07,5.200000,6.500000,5.200000,6.500000,6.500000,1200
2017-08-08,6.000000,6.750000,6.000000,6.750000,6.750000,800
2017-08-09,6.250000,6.250000,6.250000,6.250000,6.250000,200
2017-08-10,6.250000,6.250000,6.250000,6.250000,6.250000,0
2017-08-11,6.250000,6.250000,6.250000,6.250000,6.250000,0
2017-08-14,6.220000,6.220000,6.220000,6.220000,6.220000,300
2017-08-15,6.150000,6.150000,5.340000,6.000000,6.000000,1600
2017-08-16,6.000000,6.000000,6.000000,6.000000,6.000000,300
2017-08-17,6.000000,6.000000,6.000000,6.000000,6.000000,0
2017-08-18,5.500000,6.000000,5.000000,5.400000,5.400000,5500
2017-08-21,5.400000,5.400000,5.400000,5.400000,5.400000,0
2017-08-22,5.400000,5.400000,5.400000,5.400000,5.400000,0
2017-08-23,4.917000,4.917000,4.800000,4.800000,4.800000,200
2017-08-24,4.300000,4.300000,4.250000,4.250000,4.250000,500
2017-08-25,4.250000,4.250000,4.250000,4.250000,4.250000,0
2017-08-28,4.000000,4.000000,2.290000,2.290000,2.290000,1200
2017-08-29,4.250000,4.250000,4.250000,4.250000,4.250000,200
2017-08-30,4.940000,4.940000,4.940000,4.940000,4.940000,100
2017-08-31,4.480000,4.940000,4.350000,4.940000,4.940000,800
2017-09-01,4.000000,4.750000,4.000000,4.750000,4.750000,1300
2017-09-05,4.750000,4.750000,4.750000,4.750000,4.750000,0
2017-09-06,4.750000,4.750000,4.750000,4.750000,4.750000,0
2017-09-07,4.750000,4.750000,4.750000,4.750000,4.750000,0
2017-09-08,4.750000,4.750000,4.750000,4.750000,4.750000,0
2017-09-11,4.750000,4.750000,4.750000,4.750000,4.750000,0
2017-09-12,4.750000,4.750000,4.750000,4.750000,4.750000,0
2017-09-13,4.750000,4.750000,4.750000,4.750000,4.750000,0
2017-09-14,4.920000,5.050000,4.920000,5.050000,5.050000,600
2017-09-15,5.050000,5.050000,5.050000,5.050000,5.050000,0
2017-09-18,5.050000,5.050000,5.050000,5.050000,5.050000,0
2017-09-19,5.050000,5.050000,5.050000,5.050000,5.050000,0
2017-09-20,4.600000,4.600000,4.500000,4.500000,4.500000,200
2017-09-21,4.500000,4.600000,4.500000,4.600000,4.600000,300
2017-09-22,4.600000,4.600000,4.600000,4.600000,4.600000,0
2017-09-25,4.600000,4.600000,4.600000,4.600000,4.600000,0
2017-09-26,4.600000,4.600000,4.600000,4.600000,4.600000,0
2017-09-27,4.600000,4.600000,4.600000,4.600000,4.600000,0
2017-09-28,4.600000,4.600000,4.600000,4.600000,4.600000,0
2017-09-29,4.600000,4.600000,4.600000,4.600000,4.600000,0
2017-10-02,4.600000,4.600000,4.600000,4.600000,4.600000,0
2017-10-03,4.600000,4.600000,4.600000,4.600000,4.600000,0
2017-10-04,4.600000,4.600000,4.600000,4.600000,4.600000,0
2017-10-05,4.600000,4.600000,4.600000,4.600000,4.600000,0
2017-10-06,4.600000,4.600000,4.600000,4.600000,4.600000,0
2017-10-09,4.600000,4.600000,4.600000,4.600000,4.600000,300
2017-10-10,4.600000,4.600000,4.600000,4.600000,4.600000,0
2017-10-11,4.600000,4.600000,4.600000,4.600000,4.600000,0
2017-10-12,4.600000,4.600000,4.600000,4.600000,4.600000,0
2017-10-13,4.300000,4.500000,4.000000,4.500000,4.500000,1500
2017-10-16,4.500000,4.500000,4.500000,4.500000,4.500000,0
2017-10-17,4.550000,4.550000,4.550000,4.550000,4.550000,400
2017-10-18,4.692000,4.692000,4.692000,4.692000,4.692000,100
2017-10-19,4.692000,4.692000,4.692000,4.692000,4.692000,0
2017-10-20,4.250000,4.250000,4.250000,4.250000,4.250000,100
2017-10-23,4.500000,5.250000,4.500000,5.250000,5.250000,900
2017-10-24,5.250000,5.250000,5.250000,5.250000,5.250000,0
2017-10-25,5.250000,5.250000,5.250000,5.250000,5.250000,0
2017-10-26,5.250000,5.250000,5.250000,5.250000,5.250000,300
2017-10-27,6.000000,6.000000,6.000000,6.000000,6.000000,200
2017-10-30,6.000000,6.000000,6.000000,6.000000,6.000000,0
2017-10-31,6.000000,6.000000,6.000000,6.000000,6.000000,0
2017-11-01,6.000000,6.000000,4.750000,4.750000,4.750000,800
2017-11-02,4.750000,4.750000,4.750000,4.750000,4.750000,0
2017-11-03,6.000000,6.000000,4.850000,5.800000,5.800000,1300
2017-11-06,5.800000,5.800000,5.800000,5.800000,5.800000,0
2017-11-07,5.800000,5.800000,5.800000,5.800000,5.800000,0
2017-11-08,5.800000,5.800000,5.800000,5.800000,5.800000,0
2017-11-09,5.800000,5.800000,5.800000,5.800000,5.800000,0
2017-11-10,4.600000,6.050000,4.600000,4.600000,4.600000,300
2017-11-13,4.600000,4.600000,4.600000,4.600000,4.600000,0
2017-11-14,4.600000,4.600000,4.600000,4.600000,4.600000,0
2017-11-15,6.600000,6.600000,6.600000,6.600000,6.600000,200
2017-11-16,6.600000,6.600000,6.600000,6.600000,6.600000,0
2017-11-17,6.600000,6.600000,6.600000,6.600000,6.600000,0
2017-11-20,5.000000,5.250000,5.000000,5.000000,5.000000,800
2017-11-21,5.000000,5.000000,5.000000,5.000000,5.000000,0
2017-11-22,6.000000,6.000000,6.000000,6.000000,6.000000,100
2017-11-24,6.000000,6.000000,6.000000,6.000000,6.000000,0
2017-11-27,6.000000,6.000000,6.000000,6.000000,6.000000,0
2017-11-28,6.000000,6.000000,6.000000,6.000000,6.000000,0
2017-11-29,6.000000,6.000000,6.000000,6.000000,6.000000,0
2017-11-30,6.000000,6.000000,6.000000,6.000000,6.000000,0
2017-12-01,5.200000,6.000000,5.200000,6.000000,6.000000,500
2017-12-04,6.000000,6.000000,6.000000,6.000000,6.000000,0
2017-12-05,6.000000,6.000000,6.000000,6.000000,6.000000,0
2017-12-06,6.000000,6.000000,6.000000,6.000000,6.000000,0
2017-12-07,6.000000,6.000000,6.000000,6.000000,6.000000,0
2017-12-08,5.800000,5.808000,5.800000,5.808000,5.808000,900
2017-12-11,5.808000,5.808000,5.808000,5.808000,5.808000,0
2017-12-12,5.200000,5.650000,3.000000,5.000000,5.000000,1600
2017-12-13,5.000000,5.000000,5.000000,5.000000,5.000000,0
2017-12-14,4.900000,4.900000,4.900000,4.900000,4.900000,100
2017-12-15,4.900000,4.900000,4.900000,4.900000,4.900000,0
2017-12-18,4.900000,4.900000,4.900000,4.900000,4.900000,0
2017-12-19,4.900000,4.900000,4.900000,4.900000,4.900000,0
2017-12-20,4.900000,4.900000,4.900000,4.900000,4.900000,0
2017-12-21,4.900000,4.900000,4.900000,4.900000,4.900000,0
2017-12-22,4.900000,4.900000,4.900000,4.900000,4.900000,0
2017-12-26,4.900000,4.900000,4.900000,4.900000,4.900000,0
2017-12-27,4.900000,4.900000,4.900000,4.900000,4.900000,0
2017-12-28,3.050000,3.050000,3.050000,3.050000,3.050000,400
2017-12-29,4.250000,4.250000,4.250000,4.250000,4.250000,300
2018-01-02,4.250000,4.250000,4.250000,4.250000,4.250000,0
2018-01-03,4.000000,4.000000,4.000000,4.000000,4.000000,100
2018-01-04,4.000000,4.000000,4.000000,4.000000,4.000000,0
2018-01-05,4.250000,4.250000,4.250000,4.250000,4.250000,100
2018-01-08,4.250000,4.250000,4.250000,4.250000,4.250000,0
2018-01-09,4.900000,4.900000,4.900000,4.900000,4.900000,100
2018-01-10,4.900000,4.900000,4.900000,4.900000,4.900000,0
2018-01-11,4.900000,4.900000,4.900000,4.900000,4.900000,0
2018-01-12,4.900000,4.900000,4.900000,4.900000,4.900000,0
2018-01-16,4.900000,4.900000,4.900000,4.900000,4.900000,0
2018-01-17,4.900000,4.900000,4.900000,4.900000,4.900000,0
2018-01-18,4.900000,5.050000,3.000000,3.000000,3.000000,3200
2018-01-19,4.550000,5.000000,4.550000,5.000000,5.000000,200
2018-01-22,5.700000,5.700000,5.700000,5.700000,5.700000,300
2018-01-23,5.700000,5.700000,5.700000,5.700000,5.700000,0
2018-01-24,5.700000,5.700000,5.700000,5.700000,5.700000,0
2018-01-25,5.700000,5.700000,5.700000,5.700000,5.700000,0
2018-01-26,5.700000,5.700000,5.700000,5.700000,5.700000,0
2018-01-29,5.700000,5.700000,5.700000,5.700000,5.700000,0
2018-01-30,5.700000,5.700000,5.700000,5.700000,5.700000,0
2018-01-31,5.700000,5.700000,5.700000,5.700000,5.700000,0
2018-02-01,5.700000,5.700000,5.700000,5.700000,5.700000,0
2018-02-02,5.700000,5.700000,5.700000,5.700000,5.700000,0
2018-02-05,5.700000,5.700000,5.700000,5.700000,5.700000,0
2018-02-06,5.700000,5.700000,5.700000,5.700000,5.700000,0
2018-02-07,5.700000,5.700000,5.700000,5.700000,5.700000,0
2018-02-08,5.700000,5.700000,5.700000,5.700000,5.700000,0
2018-02-09,5.700000,5.700000,5.700000,5.700000,5.700000,0
2018-02-12,5.700000,5.700000,5.700000,5.700000,5.700000,0
2018-02-13,5.700000,5.700000,5.700000,5.700000,5.700000,0
2018-02-14,5.700000,5.700000,5.700000,5.700000,5.700000,0
2018-02-15,5.700000,5.700000,5.700000,5.700000,5.700000,0
2018-02-16,5.700000,5.700000,5.700000,5.700000,5.700000,0
2018-02-20,5.700000,5.700000,5.700000,5.700000,5.700000,0
2018-02-21,5.700000,5.700000,5.700000,5.700000,5.700000,0
2018-02-22,5.700000,5.700000,5.700000,5.700000,5.700000,0
2018-02-23,5.700000,5.700000,5.700000,5.700000,5.700000,0
2018-02-26,5.700000,5.700000,5.700000,5.700000,5.700000,0
2018-02-27,5.700000,5.700000,5.700000,5.700000,5.700000,0
2018-02-28,5.700000,5.700000,5.700000,5.700000,5.700000,0
2018-03-01,5.700000,5.700000,5.700000,5.700000,5.700000,0
2018-03-02,5.700000,5.700000,5.700000,5.700000,5.700000,0
2018-03-05,5.700000,5.700000,5.700000,5.700000,5.700000,0
2018-03-06,5.700000,5.700000,5.700000,5.700000,5.700000,0
2018-03-07,5.700000,5.700000,5.700000,5.700000,5.700000,0
2018-03-08,5.700000,5.700000,5.700000,5.700000,5.700000,0
2018-03-09,5.700000,5.700000,5.700000,5.700000,5.700000,0
2018-03-12,5.700000,5.700000,5.700000,5.700000,5.700000,0
2018-03-13,5.700000,5.700000,5.700000,5.700000,5.700000,0
2018-03-14,5.700000,5.700000,5.700000,5.700000,5.700000,0
2018-03-15,5.700000,5.700000,5.700000,5.700000,5.700000,0
2018-03-16,5.700000,5.700000,5.700000,5.700000,5.700000,0
2018-03-19,5.700000,5.700000,5.700000,5.700000,5.700000,0
2018-03-20,5.700000,5.700000,5.700000,5.700000,5.700000,0
2018-03-21,5.700000,5.700000,5.700000,5.700000,5.700000,0
2018-03-22,5.700000,5.700000,5.700000,5.700000,5.700000,0
2018-03-23,5.700000,5.700000,5.700000,5.700000,5.700000,0
2018-03-26,5.700000,5.700000,5.700000,5.700000,5.700000,0
2018-03-27,5.700000,5.700000,5.700000,5.700000,5.700000,0
2018-03-28,5.700000,5.700000,5.700000,5.700000,5.700000,0
2018-03-29,5.700000,5.700000,5.700000,5.700000,5.700000,0
2018-04-02,5.700000,5.700000,5.700000,5.700000,5.700000,0
2018-04-03,5.700000,5.700000,5.700000,5.700000,5.700000,0
2018-04-04,5.700000,5.700000,5.700000,5.700000,5.700000,0
2018-04-05,5.700000,5.700000,5.700000,5.700000,5.700000,0
2018-04-06,5.700000,5.700000,5.700000,5.700000,5.700000,0
2018-04-09,5.700000,5.700000,5.700000,5.700000,5.700000,0
2018-04-10,5.700000,5.700000,5.700000,5.700000,5.700000,0
2018-04-11,5.700000,5.700000,5.700000,5.700000,5.700000,0
2018-04-12,5.700000,5.700000,5.700000,5.700000,5.700000,0
2018-04-13,5.700000,5.700000,5.700000,5.700000,5.700000,0
2018-04-16,5.700000,5.700000,5.700000,5.700000,5.700000,0
2018-04-17,3.050000,3.050000,3.000000,3.000000,3.000000,700
2018-04-18,3.000000,3.000000,3.000000,3.000000,3.000000,0
2018-04-19,3.000000,3.150000,3.000000,3.000000,3.000000,300
2018-04-20,3.000000,3.000000,3.000000,3.000000,3.000000,0
2018-04-23,3.000000,3.000000,3.000000,3.000000,3.000000,0
2018-04-24,3.000000,3.000000,3.000000,3.000000,3.000000,0
2018-04-25,3.000000,3.000000,3.000000,3.000000,3.000000,0
2018-04-26,3.000000,3.000000,3.000000,3.000000,3.000000,0
2018-04-27,3.000000,3.000000,3.000000,3.000000,3.000000,100
2018-04-30,3.000000,3.000000,3.000000,3.000000,3.000000,200
2018-05-01,3.000000,3.000000,3.000000,3.000000,3.000000,0
2018-05-02,3.000000,3.000000,3.000000,3.000000,3.000000,0
2018-05-03,3.000000,3.000000,3.000000,3.000000,3.000000,0
2018-05-04,3.000000,3.000000,3.000000,3.000000,3.000000,0
2018-05-07,3.000000,3.000000,3.000000,3.000000,3.000000,0
2018-05-08,3.000000,3.000000,3.000000,3.000000,3.000000,0
2018-05-09,3.000000,3.000000,3.000000,3.000000,3.000000,0
2018-05-10,2.250000,2.250000,2.250000,2.250000,2.250000,600
2018-05-11,2.020000,2.300000,2.020000,2.300000,2.300000,400
2018-05-14,2.300000,2.300000,2.300000,2.300000,2.300000,0
2018-05-15,2.300000,2.300000,2.300000,2.300000,2.300000,0
2018-05-16,2.500000,2.500000,2.500000,2.500000,2.500000,200
2018-05-17,2.500000,2.500000,2.500000,2.500000,2.500000,0
2018-05-18,2.500000,2.500000,2.500000,2.500000,2.500000,0
2018-05-21,2.450000,2.570000,2.450000,2.570000,2.570000,200
2018-05-22,2.570000,2.570000,2.570000,2.570000,2.570000,0
2018-05-23,2.570000,2.570000,2.570000,2.570000,2.570000,0
2018-05-24,2.690000,2.690000,2.690000,2.690000,2.690000,100
2018-05-25,2.820000,2.820000,2.820000,2.820000,2.820000,200
2018-05-29,2.900000,2.900000,2.900000,2.900000,2.900000,200
2018-05-30,2.900000,2.900000,2.900000,2.900000,2.900000,0
2018-05-31,2.900000,2.900000,2.900000,2.900000,2.900000,0
2018-06-01,2.900000,2.900000,2.900000,2.900000,2.900000,0
2018-06-04,2.750000,3.000000,2.750000,3.000000,3.000000,1100
2018-06-05,3.000000,3.000000,3.000000,3.000000,3.000000,0
2018-06-06,3.000000,3.000000,3.000000,3.000000,3.000000,0
2018-06-07,3.000000,3.150000,3.000000,3.150000,3.150000,600
2018-06-08,3.150000,3.150000,3.150000,3.150000,3.150000,0
2018-06-11,3.150000,3.250000,3.150000,3.250000,3.250000,500
2018-06-12,3.250000,3.480000,3.250000,3.480000,3.480000,900
2018-06-13,3.480000,3.480000,3.480000,3.480000,3.480000,0
2018-06-14,3.480000,3.480000,3.480000,3.480000,3.480000,400
2018-06-15,3.480000,3.480000,3.480000,3.480000,3.480000,0
2018-06-18,3.480000,3.480000,3.480000,3.480000,3.480000,0
2018-06-19,3.480000,3.480000,3.480000,3.480000,3.480000,0
2018-06-20,3.480000,3.480000,3.480000,3.480000,3.480000,0
2018-06-21,3.480000,3.480000,3.480000,3.480000,3.480000,0
2018-06-22,3.480000,3.480000,3.480000,3.480000,3.480000,0
2018-06-25,3.480000,3.480000,3.480000,3.480000,3.480000,0
2018-06-26,3.480000,3.480000,3.480000,3.480000,3.480000,0
2018-06-27,3.480000,3.480000,3.480000,3.480000,3.480000,0
2018-06-28,3.480000,3.480000,3.480000,3.480000,3.480000,0
2018-06-29,3.480000,3.480000,3.480000,3.480000,3.480000,0
2018-07-02,3.480000,3.480000,3.480000,3.480000,3.480000,0
2018-07-03,3.480000,3.480000,3.480000,3.480000,3.480000,0
2018-07-05,3.480000,3.480000,3.480000,3.480000,3.480000,0
2018-07-06,3.480000,3.480000,3.480000,3.480000,3.480000,0
2018-07-09,3.480000,3.480000,3.480000,3.480000,3.480000,0
2018-07-10,3.480000,3.480000,3.480000,3.480000,3.480000,0
2018-07-11,3.480000,3.480000,3.480000,3.480000,3.480000,0
2018-07-12,3.480000,3.480000,3.480000,3.480000,3.480000,0
2018-07-13,3.480000,3.480000,3.480000,3.480000,3.480000,0
2018-07-16,3.480000,3.480000,3.480000,3.480000,3.480000,0
2018-07-17,3.480000,3.480000,3.480000,3.480000,3.480000,0
2018-07-18,3.480000,3.480000,3.480000,3.480000,3.480000,0
2018-07-19,3.480000,3.480000,3.480000,3.480000,3.480000,0
2018-07-20,3.480000,3.480000,3.480000,3.480000,3.480000,0
2018-07-23,3.480000,3.480000,3.480000,3.480000,3.480000,0
2018-07-24,3.480000,3.480000,3.480000,3.480000,3.480000,0
2018-07-25,3.480000,3.480000,3.480000,3.480000,3.480000,0
2018-07-26,3.480000,3.480000,3.480000,3.480000,3.480000,0
2018-07-27,3.480000,3.480000,3.480000,3.480000,3.480000,0
2018-07-30,3.480000,3.480000,3.480000,3.480000,3.480000,0
2018-07-31,3.480000,3.480000,3.480000,3.480000,3.480000,0
2018-08-01,3.480000,3.480000,3.480000,3.480000,3.480000,0
2018-08-02,3.480000,3.480000,3.480000,3.480000,3.480000,0
2018-08-03,3.480000,3.480000,3.480000,3.480000,3.480000,0
2018-08-06,3.480000,3.480000,3.480000,3.480000,3.480000,0
2018-08-07,3.480000,3.480000,3.480000,3.480000,3.480000,0
2018-08-08,3.480000,3.480000,3.480000,3.480000,3.480000,0
2018-08-09,3.480000,3.480000,3.480000,3.480000,3.480000,0
2018-08-10,3.480000,3.480000,3.480000,3.480000,3.480000,0
2018-08-13,3.480000,3.480000,3.480000,3.480000,3.480000,0
2018-08-14,3.480000,3.480000,3.480000,3.480000,3.480000,0
2018-08-15,3.480000,3.480000,3.480000,3.480000,3.480000,0
2018-08-16,3.480000,3.480000,3.480000,3.480000,3.480000,0
2018-08-17,3.480000,3.480000,3.480000,3.480000,3.480000,0
2018-08-20,3.480000,3.480000,3.480000,3.480000,3.480000,0
2018-08-21,3.480000,3.480000,3.480000,3.480000,3.480000,0
2018-08-22,3.480000,3.480000,3.480000,3.480000,3.480000,0
2018-08-23,3.480000,3.480000,3.480000,3.480000,3.480000,0
2018-08-24,3.480000,3.480000,3.480000,3.480000,3.480000,0
2018-08-27,3.480000,3.480000,3.480000,3.480000,3.480000,0
2018-08-28,3.480000,3.480000,3.480000,3.480000,3.480000,0
2018-08-29,3.480000,3.480000,3.480000,3.480000,3.480000,0
2018-08-30,3.480000,3.480000,3.480000,3.480000,3.480000,0
2018-08-31,3.480000,3.480000,3.480000,3.480000,3.480000,0
2018-09-04,3.480000,3.480000,3.480000,3.480000,3.480000,0
2018-09-05,3.300000,3.300000,3.300000,3.300000,3.300000,100
2018-09-06,3.300000,3.300000,3.300000,3.300000,3.300000,0
2018-09-07,3.300000,3.300000,3.300000,3.300000,3.300000,0
2018-09-10,3.300000,3.300000,3.300000,3.300000,3.300000,0
2018-09-11,3.300000,3.300000,3.300000,3.300000,3.300000,0
2018-09-12,3.300000,3.300000,3.300000,3.300000,3.300000,0
2018-09-13,3.300000,3.300000,3.300000,3.300000,3.300000,0
2018-09-14,3.300000,3.300000,3.300000,3.300000,3.300000,0
2018-09-17,3.300000,3.300000,3.300000,3.300000,3.300000,0
2018-09-18,3.300000,3.300000,3.300000,3.300000,3.300000,0
2018-09-19,3.300000,3.300000,3.300000,3.300000,3.300000,0
2018-09-20,3.300000,3.300000,3.300000,3.300000,3.300000,0
2018-09-21,3.300000,3.300000,3.300000,3.300000,3.300000,0
2018-09-24,3.300000,3.300000,3.300000,3.300000,3.300000,0
2018-09-25,3.300000,3.300000,3.300000,3.300000,3.300000,0
2018-09-26,3.300000,3.300000,3.300000,3.300000,3.300000,0
2018-09-27,3.300000,3.300000,3.300000,3.300000,3.300000,0
2018-09-28,3.300000,3.300000,3.300000,3.300000,3.300000,0
2018-10-01,3.300000,3.300000,3.300000,3.300000,3.300000,0
2018-10-02,3.300000,3.300000,3.300000,3.300000,3.300000,0
2018-10-03,3.300000,3.300000,3.300000,3.300000,3.300000,0
2018-10-04,3.300000,3.300000,3.300000,3.300000,3.300000,0
2018-10-05,3.300000,3.300000,3.300000,3.300000,3.300000,0
2018-10-08,3.300000,3.300000,3.300000,3.300000,3.300000,0
2018-10-09,3.300000,3.300000,3.300000,3.300000,3.300000,0
2018-10-10,3.300000,3.300000,3.300000,3.300000,3.300000,300
2018-10-11,3.300000,3.300000,3.300000,3.300000,3.300000,0
2018-10-12,3.300000,3.300000,3.300000,3.300000,3.300000,0
2018-10-15,3.300000,3.300000,3.300000,3.300000,3.300000,0
2018-10-16,3.300000,3.300000,3.300000,3.300000,3.300000,0
2018-10-17,3.300000,3.300000,3.300000,3.300000,3.300000,0
2018-10-18,3.300000,3.300000,3.300000,3.300000,3.300000,0
2018-10-19,1.990000,1.990000,1.980000,1.980000,1.980000,800
2018-10-22,3.330000,3.330000,3.330000,3.330000,3.330000,100
2018-10-23,3.330000,3.330000,3.330000,3.330000,3.330000,0
2018-10-24,3.330000,3.330000,3.330000,3.330000,3.330000,0
2018-10-25,3.330000,3.330000,3.330000,3.330000,3.330000,0
2018-10-26,3.300000,3.300000,3.300000,3.300000,3.300000,100
2018-10-29,3.100000,3.100000,3.000000,3.000000,3.000000,800
2018-10-30,3.000000,3.000000,3.000000,3.000000,3.000000,300
2018-10-31,3.300000,3.300000,3.000000,3.290000,3.290000,1700
2018-11-01,3.290000,3.290000,3.290000,3.290000,3.290000,0
2018-11-02,3.290000,3.290000,3.290000,3.290000,3.290000,0
2018-11-05,3.290000,3.290000,3.290000,3.290000,3.290000,0
2018-11-06,3.290000,3.290000,3.290000,3.290000,3.290000,0
2018-11-07,3.290000,3.290000,3.290000,3.290000,3.290000,0
2018-11-08,3.290000,3.290000,3.290000,3.290000,3.290000,0
2018-11-09,3.280000,3.300000,3.280000,3.300000,3.300000,1800
2018-11-12,3.000000,3.000000,3.000000,3.000000,3.000000,1500
2018-11-13,3.000000,3.000000,3.000000,3.000000,3.000000,0
2018-11-14,3.000000,3.000000,3.000000,3.000000,3.000000,0
2018-11-15,3.000000,3.000000,3.000000,3.000000,3.000000,0
2018-11-16,3.000000,3.000000,3.000000,3.000000,3.000000,0
2018-11-19,3.000000,3.000000,3.000000,3.000000,3.000000,0
2018-11-20,2.300000,2.300000,2.300000,2.300000,2.300000,100
2018-11-21,2.990000,2.990000,2.990000,2.990000,2.990000,200
2018-11-23,2.990000,2.990000,2.990000,2.990000,2.990000,0
2018-11-26,2.990000,2.990000,2.990000,2.990000,2.990000,0
2018-11-27,2.990000,2.990000,2.990000,2.990000,2.990000,0
2018-11-28,2.990000,2.990000,2.990000,2.990000,2.990000,0
2018-11-29,2.990000,2.990000,2.990000,2.990000,2.990000,0
2018-11-30,2.990000,2.990000,2.990000,2.990000,2.990000,0
2018-12-03,2.990000,2.990000,2.990000,2.990000,2.990000,0
2018-12-04,2.990000,2.990000,2.990000,2.990000,2.990000,0
2018-12-06,2.990000,2.990000,2.990000,2.990000,2.990000,0
2018-12-07,2.990000,2.990000,2.990000,2.990000,2.990000,0
2018-12-10,2.990000,2.990000,2.990000,2.990000,2.990000,0
2018-12-11,2.990000,2.990000,2.990000,2.990000,2.990000,0
2018-12-12,2.990000,2.990000,2.990000,2.990000,2.990000,900
2018-12-13,2.990000,2.990000,2.990000,2.990000,2.990000,0
2018-12-14,2.110000,2.110000,2.100000,2.100000,2.100000,200
2018-12-17,2.100000,2.100000,2.100000,2.100000,2.100000,0
2018-12-18,2.750000,2.750000,2.750000,2.750000,2.750000,100
2018-12-19,2.750000,2.750000,2.750000,2.750000,2.750000,0
2018-12-20,2.750000,2.750000,2.750000,2.750000,2.750000,0
2018-12-21,2.750000,2.750000,2.750000,2.750000,2.750000,100
2018-12-24,2.750000,2.750000,2.750000,2.750000,2.750000,100
2018-12-26,2.750000,2.750000,2.750000,2.750000,2.750000,0
2018-12-27,2.100000,2.713000,2.000000,2.713000,2.713000,400
2018-12-28,2.713000,2.713000,2.713000,2.713000,2.713000,0
2018-12-31,2.750000,3.000000,2.550000,2.900000,2.900000,4100
2019-01-02,2.950000,2.950000,2.950000,2.950000,2.950000,800
2019-01-03,3.000000,3.090000,2.970000,3.000000,3.000000,2200
2019-01-04,3.090000,3.330000,3.090000,3.150000,3.150000,2900
2019-01-07,3.350000,3.450000,3.000000,3.300000,3.300000,5800
2019-01-08,3.450000,3.500000,3.450000,3.500000,3.500000,1800
2019-01-09,3.220000,3.450000,3.010000,3.010000,3.010000,2500
2019-01-10,3.350000,3.500000,3.300000,3.500000,3.500000,2700
2019-01-11,3.390000,3.600000,3.200000,3.200000,3.200000,4200
2019-01-14,3.500000,3.900000,3.500000,3.900000,3.900000,14300
2019-01-15,3.900000,4.100000,3.900000,4.000000,4.000000,20000
2019-01-16,4.100000,4.700000,3.750000,4.450000,4.450000,21400
2019-01-17,4.445000,4.700000,4.350000,4.350000,4.350000,24000
2019-01-18,4.350000,4.450000,4.100000,4.200000,4.200000,4000
2019-01-22,3.950000,5.350000,3.950000,5.350000,5.350000,14700
2019-01-23,5.010000,5.550000,4.000000,4.020000,4.020000,33100
2019-01-24,4.250000,4.780000,4.000000,4.000000,4.000000,20500
2019-01-25,4.000000,4.250000,3.990000,4.100000,4.100000,9100
2019-01-28,4.010000,4.010000,3.500000,3.500000,3.500000,9600
2019-01-29,3.400000,3.550000,3.300000,3.350000,3.350000,12800
2019-01-30,3.300000,3.350000,2.900000,3.050000,3.050000,17100
2019-01-31,2.950000,3.340000,2.520000,2.850000,2.850000,23800
2019-02-01,3.050000,3.200000,2.950000,3.050000,3.050000,10600
2019-02-04,3.050000,3.150000,3.000000,3.150000,3.150000,5400
2019-02-05,3.190000,3.300000,3.190000,3.300000,3.300000,2100
2019-02-06,3.190000,3.190000,2.800000,3.190000,3.190000,1200
2019-02-07,3.190000,3.300000,3.190000,3.300000,3.300000,1800
2019-02-08,3.100000,3.350000,3.100000,3.350000,3.350000,4500
2019-02-11,3.350000,3.350000,3.100000,3.100000,3.100000,3300
2019-02-12,3.000000,3.300000,3.000000,3.100000,3.100000,2900
2019-02-13,3.013000,3.200000,3.013000,3.200000,3.200000,500
2019-02-14,3.290000,3.290000,3.100000,3.200000,3.200000,1900
2019-02-15,3.100000,3.210000,3.100000,3.150000,3.150000,8100
2019-02-19,3.150000,4.500000,3.150000,4.050000,4.050000,4800
2019-02-20,4.090000,4.590000,4.010000,4.440000,4.440000,7100
2019-02-21,4.050000,4.150000,3.900000,4.150000,4.150000,6100
2019-02-22,3.820000,4.320000,3.800000,4.250000,4.250000,6000
2019-02-25,4.100000,6.500000,4.100000,5.840000,5.840000,13200
2019-02-26,5.600000,6.250000,5.550000,5.750000,5.750000,7500
2019-02-27,5.800000,6.120000,5.800000,6.000000,6.000000,7500
2019-02-28,6.240000,8.500000,6.100000,7.000000,7.000000,8200
2019-03-01,7.110000,8.250000,6.600000,7.503000,7.503000,22000
2019-03-04,7.800000,7.990000,7.200000,7.200000,7.200000,8300
2019-03-05,7.450000,7.450000,6.400000,6.610000,6.610000,3200
2019-03-06,7.000000,7.050000,6.460000,6.460000,6.460000,8300
2019-03-07,6.200000,6.200000,5.650000,5.900000,5.900000,5100
2019-03-08,5.900000,6.000000,5.500000,5.800000,5.800000,6700
2019-03-11,5.770000,5.990000,5.770000,5.990000,5.990000,1600
2019-03-12,6.000000,6.300000,6.000000,6.300000,6.300000,1500
2019-03-13,6.700000,7.490000,6.500000,6.500000,6.500000,7300
2019-03-14,7.490000,8.050000,7.000000,7.000000,7.000000,7100
2019-03-15,7.000000,7.500000,7.000000,7.250000,7.250000,2000
2019-03-18,7.100000,7.100000,6.605000,7.100000,7.100000,4000
2019-03-19,6.750000,7.500000,6.650000,6.900000,6.900000,8800
2019-03-20,6.550000,6.900000,6.010000,6.900000,6.900000,5200
2019-03-21,7.000000,7.000000,6.755000,6.800000,6.800000,900
2019-03-22,6.800000,7.000000,6.010000,6.709000,6.709000,13300
2019-03-25,6.750000,7.000000,6.510000,6.750000,6.750000,7000
2019-03-26,6.750000,6.900000,6.400000,6.900000,6.900000,9600
2019-03-27,6.570000,6.890000,6.400000,6.890000,6.890000,3800
2019-03-28,6.510000,6.880000,6.411000,6.880000,6.880000,3500
2019-03-29,6.310000,6.310000,6.300000,6.310000,6.310000,1600
2019-04-01,6.330000,6.330000,6.330000,6.330000,6.330000,300
2019-04-02,6.360000,6.360000,6.360000,6.360000,6.360000,300
2019-04-03,6.700000,6.800000,6.500000,6.700000,6.700000,3500
2019-04-04,6.550000,6.550000,6.300000,6.300000,6.300000,1400
2019-04-05,6.300000,6.500000,6.300000,6.500000,6.500000,1300
2019-04-08,6.500000,6.890000,6.410000,6.890000,6.890000,4700
2019-04-09,6.350000,6.656000,6.250000,6.656000,6.656000,20600
2019-04-10,6.660000,6.850000,6.120000,6.700000,6.700000,5100
2019-04-11,6.100000,6.110000,6.100000,6.110000,6.110000,2600
2019-04-12,6.070000,6.260000,6.040000,6.260000,6.260000,3300
2019-04-15,6.260000,6.900000,6.250000,6.850000,6.850000,13200
2019-04-16,6.650000,6.850000,6.650000,6.800000,6.800000,8400
2019-04-17,6.600000,6.750000,6.000000,6.000000,6.000000,3300
2019-04-18,6.200000,6.300000,5.900000,6.300000,6.300000,3500
2019-04-22,6.300000,6.300000,5.650000,6.000000,6.000000,4100
2019-04-23,5.950000,6.900000,5.850000,6.900000,6.900000,6600
2019-04-24,6.220000,6.900000,6.220000,6.900000,6.900000,3500
2019-04-25,6.500000,6.800000,6.150000,6.400000,6.400000,5500
2019-04-26,6.250000,6.850000,6.250000,6.850000,6.850000,4900
2019-04-29,6.030000,6.030000,6.030000,6.030000,6.030000,1500
2019-04-30,6.250000,6.250000,6.000000,6.000000,6.000000,800
2019-05-01,6.000000,6.400000,6.000000,6.400000,6.400000,2200
2019-05-02,6.250000,6.250000,6.210000,6.210000,6.210000,300
2019-05-03,6.400000,6.450000,6.250000,6.400000,6.400000,4100
2019-05-06,6.300000,6.300000,5.920000,6.000000,6.000000,3400
2019-05-07,5.530000,6.500000,5.530000,6.000000,6.000000,5300
2019-05-08,6.200000,6.200000,5.550000,5.550000,5.550000,1700
2019-05-09,5.700000,5.800000,5.550000,5.800000,5.800000,1400
2019-05-10,6.000000,6.000000,5.510000,6.000000,6.000000,3000
2019-05-13,5.850000,6.300000,4.500000,6.300000,6.300000,6600
2019-05-14,5.620000,6.400000,5.600000,5.900000,5.900000,7600
2019-05-15,5.750000,6.000000,5.150000,6.000000,6.000000,2600
2019-05-16,5.100000,6.340000,4.620000,6.340000,6.340000,5700
2019-05-17,6.325000,6.325000,5.750000,6.250000,6.250000,2800
2019-05-20,6.250000,6.290000,5.750000,5.965000,5.965000,7600
2019-05-21,6.000000,6.200000,5.800000,5.800000,5.800000,2700
2019-05-22,5.900000,5.930000,5.800000,5.850000,5.850000,7100
2019-05-23,5.850000,5.850000,4.750000,5.300000,5.300000,10200
2019-05-24,5.350000,5.850000,5.300000,5.850000,5.850000,2700
2019-05-28,5.650000,5.650000,5.010000,5.160000,5.160000,6000
2019-05-29,5.050000,5.050000,4.810000,4.810000,4.810000,1300
2019-05-30,5.010000,5.010000,4.900000,4.900000,4.900000,6900
2019-05-31,5.240000,5.240000,4.510000,4.700000,4.700000,4300
2019-06-03,6.000000,6.000000,4.010000,4.450000,4.450000,5600
2019-06-04,4.500000,5.000000,4.450000,4.990000,4.990000,6300
2019-06-05,5.000000,5.000000,4.010000,4.500000,4.500000,14200
2019-06-06,4.740000,4.750000,4.300000,4.300000,4.300000,4400
2019-06-07,4.740000,5.250000,4.250000,4.500000,4.500000,19100
2019-06-10,4.300000,4.300000,4.000000,4.240000,4.240000,6000
2019-06-11,4.300000,4.300000,4.000000,4.150000,4.150000,5300
2019-06-12,4.300000,4.400000,4.000000,4.100000,4.100000,3000
2019-06-13,4.200000,4.500000,3.950000,4.130000,4.130000,8800
2019-06-14,4.130000,4.450000,3.750000,4.200000,4.200000,7900
2019-06-17,4.150000,4.250000,3.750000,4.250000,4.250000,8100
2019-06-18,4.300000,4.350000,4.100000,4.300000,4.300000,4700
2019-06-19,4.350000,4.350000,4.010000,4.300000,4.300000,3500
2019-06-20,4.350000,4.350000,3.850000,4.300000,4.300000,4300
2019-06-21,4.300000,4.390000,4.050000,4.390000,4.390000,7900
2019-06-24,4.050000,4.410000,4.000000,4.200000,4.200000,5300
2019-06-25,4.100000,4.430000,3.950000,4.290000,4.290000,12300
2019-06-26,4.400000,5.600000,3.950000,4.590000,4.590000,38900
2019-06-27,4.700000,5.040000,4.050000,5.040000,5.040000,9000
2019-06-28,5.050000,6.880000,5.050000,6.880000,6.880000,18500
2019-07-01,7.000000,7.250000,6.100000,7.000000,7.000000,6000
2019-07-02,7.000000,7.000000,6.050000,6.800000,6.800000,3500
2019-07-03,6.750000,6.800000,5.770000,6.500000,6.500000,2700
2019-07-05,6.800000,8.500000,6.100000,7.000000,7.000000,8800
2019-07-08,8.000000,8.150000,7.100000,8.000000,8.000000,12500
2019-07-09,8.000000,8.150000,8.000000,8.000000,8.000000,7200
2019-07-10,8.000000,8.100000,7.000000,7.000000,7.000000,5100
2019-07-11,7.110000,8.830000,7.110000,8.400000,8.400000,7200
2019-07-12,9.450000,9.450000,6.160000,6.800000,6.800000,10400
2019-07-15,7.000000,8.000000,6.900000,6.915000,6.915000,6700
2019-07-16,6.920000,6.960000,5.870000,6.500000,6.500000,13800
2019-07-17,6.463000,7.000000,5.850000,6.000000,6.000000,8600
2019-07-18,6.000000,6.000000,5.150000,5.150000,5.150000,6500
2019-07-19,5.050000,5.050000,4.700000,4.830000,4.830000,2000
2019-07-22,4.900000,4.900000,4.050000,4.150000,4.150000,8900
2019-07-23,4.050000,4.200000,3.800000,4.000000,4.000000,11700
2019-07-24,4.000000,4.020000,3.800000,4.000000,4.000000,4500
2019-07-25,4.155000,4.400000,3.670000,3.990000,3.990000,8200
2019-07-26,3.980000,4.430000,3.980000,4.160000,4.160000,1600
2019-07-29,3.830000,3.950000,3.830000,3.950000,3.950000,1600
2019-07-30,3.940000,3.940000,3.550000,3.750000,3.750000,2100
2019-07-31,3.590000,3.590000,3.350000,3.350000,3.350000,1500
2019-08-01,3.720000,4.200000,3.350000,3.600000,3.600000,7400
2019-08-02,3.600000,3.600000,3.450000,3.450000,3.450000,5500
2019-08-05,3.450000,3.700000,3.450000,3.700000,3.700000,4200
2019-08-06,3.600000,3.650000,3.370000,3.480000,3.480000,7200
2019-08-07,3.490000,3.500000,3.410000,3.500000,3.500000,4800
2019-08-08,3.660000,4.000000,3.660000,3.900000,3.900000,2200
2019-08-09,3.660000,4.000000,3.660000,3.900000,3.900000,2200
2019-08-12,3.360000,3.890000,3.360000,3.890000,3.890000,600
2019-08-13,3.940000,4.000000,3.800000,3.800000,3.800000,7900
2019-08-14,3.820000,3.820000,3.411000,3.411000,3.411000,1600
2019-08-15,3.390000,3.390000,3.350000,3.390000,3.390000,2900
2019-08-16,3.390000,3.390000,3.390000,3.390000,3.390000,0
2019-08-19,3.490000,3.840000,3.490000,3.720000,3.720000,3300
2019-08-20,3.750000,3.810000,3.450000,3.690000,3.690000,2400
2019-08-21,3.210000,3.250000,3.100000,3.250000,3.250000,1800
2019-08-22,3.260000,3.400000,3.060000,3.060000,3.060000,1900
2019-08-23,3.060000,3.200000,2.510000,2.760000,2.760000,9700
2019-08-26,2.800000,3.240000,2.750000,3.240000,3.240000,4500
2019-08-27,2.990000,2.990000,2.210000,2.440000,2.440000,6300
2019-08-28,2.440000,2.440000,2.440000,2.440000,2.440000,0
2019-08-29,2.450000,2.580000,2.420000,2.580000,2.580000,1900
2019-08-30,2.400000,2.580000,2.400000,2.580000,2.580000,700
2019-09-03,3.000000,3.440000,3.000000,3.110000,3.110000,1200
2019-09-04,3.110000,3.110000,3.110000,3.110000,3.110000,0
2019-09-05,3.150000,3.340000,3.150000,3.300000,3.300000,1200
2019-09-06,3.280000,3.280000,3.280000,3.280000,3.280000,100
2019-09-09,3.320000,3.320000,2.964000,3.250000,3.250000,400
2019-09-10,3.250000,3.250000,3.214000,3.250000,3.250000,400
2019-09-11,3.240000,3.240000,3.020000,3.131000,3.131000,2200
2019-09-12,3.150000,3.240000,2.500000,3.240000,3.240000,900
2019-09-13,3.240000,3.240000,3.240000,3.240000,3.240000,100
2019-09-16,3.300000,3.390000,3.100000,3.390000,3.390000,2200
2019-09-17,3.500000,3.500000,3.500000,3.500000,3.500000,200
2019-09-18,3.050000,3.050000,3.050000,3.050000,3.050000,500
2019-09-19,3.400000,3.400000,2.750000,2.750000,2.750000,600
2019-09-20,2.750000,3.490000,2.750000,3.490000,3.490000,2700
2019-09-23,2.660000,3.500000,2.490000,3.200000,3.200000,1600
2019-09-24,3.200000,3.500000,3.000000,3.000000,3.000000,900
2019-09-25,3.000000,3.000000,3.000000,3.000000,3.000000,0
2019-09-26,3.200000,3.400000,3.200000,3.300000,3.300000,600
2019-09-27,3.200000,3.500000,2.510000,3.200000,3.200000,3500
2019-09-30,3.200000,3.200000,2.990000,3.000000,3.000000,1300
2019-10-01,3.000000,3.600000,3.000000,3.600000,3.600000,9000
2019-10-02,3.010000,3.500000,3.010000,3.500000,3.500000,1200
2019-10-03,3.500000,3.500000,3.500000,3.500000,3.500000,0
2019-10-04,3.500000,3.500000,3.500000,3.500000,3.500000,0
2019-10-07,3.010000,3.020000,3.010000,3.020000,3.020000,2100
2019-10-08,3.100000,3.100000,3.100000,3.100000,3.100000,100
2019-10-09,3.000000,3.100000,3.000000,3.085000,3.085000,7600
2019-10-10,3.070000,3.190000,3.070000,3.190000,3.190000,1500
2019-10-11,3.090000,3.270000,3.090000,3.270000,3.270000,300
2019-10-14,3.270000,3.270000,3.270000,3.270000,3.270000,0
2019-10-15,3.270000,3.270000,3.270000,3.270000,3.270000,0
2019-10-16,3.270000,3.270000,2.680000,3.050000,3.050000,1900
2019-10-17,3.080000,3.080000,2.720000,3.040000,3.040000,900
2019-10-18,2.810000,2.810000,2.800000,2.800000,2.800000,800
2019-10-21,3.000000,3.000000,2.450000,2.450000,2.450000,1000
2019-10-22,2.600000,2.790000,2.530000,2.790000,2.790000,1800
2019-10-23,2.500000,2.500000,2.400000,2.400000,2.400000,500
2019-10-24,2.440000,2.440000,2.430000,2.430000,2.430000,500
2019-10-25,2.450000,2.510000,2.350000,2.510000,2.510000,1100
2019-10-28,2.360000,2.400000,2.350000,2.350000,2.350000,2200
2019-10-29,2.350000,2.350000,2.350000,2.350000,2.350000,100
2019-10-30,2.300000,2.470000,2.250000,2.470000,2.470000,700
2019-10-31,2.320000,2.320000,2.250000,2.250000,2.250000,900
2019-11-01,2.250000,2.250000,2.250000,2.250000,2.250000,0
2019-11-04,2.200000,2.200000,2.020000,2.020000,2.020000,800
2019-11-05,2.130000,2.190000,2.120000,2.120000,2.120000,3600
2019-11-06,2.200000,2.200000,2.020000,2.020000,2.020000,500
2019-11-07,2.100000,2.100000,1.980000,1.980000,1.980000,1700
2019-11-08,1.960000,1.960000,1.550000,1.900000,1.900000,2900
2019-11-11,1.900000,1.920000,1.300000,1.480000,1.480000,4900
2019-11-12,1.700000,1.700000,1.500000,1.700000,1.700000,2200
2019-11-13,1.660000,1.660000,1.650000,1.650000,1.650000,1500
2019-11-14,1.650000,1.700000,1.650000,1.700000,1.700000,2600
2019-11-15,1.650000,1.650000,1.500000,1.500000,1.500000,4500
2019-11-18,1.500000,1.500000,1.500000,1.500000,1.500000,3800
2019-11-19,1.495000,1.500000,1.330000,1.400000,1.400000,2500
2019-11-20,1.360000,1.360000,1.250000,1.250000,1.250000,14500
2019-11-21,1.150000,1.150000,1.060000,1.080000,1.080000,9200
2019-11-22,1.140000,1.500000,1.140000,1.170000,1.170000,1900
2019-11-25,1.200000,1.390000,1.200000,1.200000,1.200000,3000
2019-11-26,1.350000,1.350000,1.170000,1.170000,1.170000,3700
2019-11-27,1.170000,1.270000,1.160000,1.270000,1.270000,1900
2019-11-29,1.160000,1.160000,1.160000,1.160000,1.160000,300
2019-12-02,1.250000,1.350000,1.250000,1.350000,1.350000,2100
2019-12-03,1.250000,1.250000,1.060000,1.060000,1.060000,3000
2019-12-04,1.030000,1.050000,0.910000,0.910000,0.910000,3800
2019-12-05,0.910000,0.910000,0.910000,0.910000,0.910000,0
2019-12-06,0.950000,1.000000,0.940000,0.940000,0.940000,1200
2019-12-09,0.970000,0.970000,0.950000,0.960000,0.960000,2500
2019-12-10,0.940000,0.940000,0.940000,0.940000,0.940000,1100
2019-12-11,0.960000,0.960000,0.960000,0.960000,0.960000,200
2019-12-12,0.900000,0.900000,0.890000,0.890000,0.890000,1200
2019-12-13,0.890000,0.900000,0.800000,0.890000,0.890000,3700
2019-12-16,0.920000,0.920000,0.800000,0.890000,0.890000,7100
2019-12-17,0.710000,0.900000,0.710000,0.900000,0.900000,17800
2019-12-18,0.850000,0.895000,0.780000,0.880000,0.880000,1900
2019-12-19,0.770000,0.850000,0.770000,0.850000,0.850000,2600
2019-12-20,0.850000,0.850000,0.710000,0.830000,0.830000,6100
2019-12-23,0.873000,0.900000,0.850000,0.880000,0.880000,2900
2019-12-24,0.735000,0.880000,0.710000,0.880000,0.880000,3000
2019-12-26,0.880000,0.880000,0.880000,0.880000,0.880000,0
2019-12-27,0.850000,0.850000,0.600000,0.850000,0.850000,6100
2019-12-30,0.850000,0.850000,0.725000,0.850000,0.850000,3500
2019-12-31,0.822000,0.850000,0.660000,0.850000,0.850000,1900
2020-01-02,0.850000,0.850000,0.850000,0.850000,0.850000,100
2020-01-03,0.870000,0.920000,0.870000,0.920000,0.920000,2400
2020-01-06,0.750000,0.940000,0.670000,0.670000,0.670000,1900
2020-01-07,0.864000,0.910000,0.785000,0.800000,0.800000,6700
2020-01-08,0.879000,0.910000,0.879000,0.910000,0.910000,2000
2020-01-09,0.900000,0.930000,0.900000,0.930000,0.930000,2200
2020-01-10,0.795000,0.950000,0.795000,0.950000,0.950000,2200
2020-01-13,0.950000,0.950000,0.950000,0.950000,0.950000,200
2020-01-14,0.890000,0.900000,0.890000,0.900000,0.900000,2000
2020-01-15,0.670000,0.900000,0.670000,0.890000,0.890000,2700
2020-01-16,0.900000,0.900000,0.900000,0.900000,0.900000,400
2020-01-17,0.690000,0.690000,0.690000,0.690000,0.690000,2000
2020-01-21,0.870000,0.900000,0.870000,0.900000,0.900000,300
2020-01-22,0.670000,0.900000,0.670000,0.900000,0.900000,2200
2020-01-23,0.750000,0.890000,0.670000,0.890000,0.890000,1100
2020-01-24,0.660000,0.890000,0.600000,0.890000,0.890000,2500
2020-01-27,0.750000,0.880000,0.650000,0.650000,0.650000,11400
2020-01-28,0.650000,0.700000,0.650000,0.700000,0.700000,1200
2020-01-29,0.700000,0.800000,0.600000,0.600000,0.600000,4500
2020-01-30,0.600000,0.750000,0.600000,0.750000,0.750000,3400
2020-01-31,0.610000,0.800000,0.610000,0.800000,0.800000,1100
2020-02-03,0.610000,0.800000,0.600000,0.700000,0.700000,7700
2020-02-04,0.600000,0.740000,0.600000,0.740000,0.740000,1800
2020-02-05,0.600000,0.720000,0.600000,0.658000,0.658000,3500
2020-02-06,0.720000,0.750000,0.720000,0.750000,0.750000,400
2020-02-07,0.700000,0.700000,0.700000,0.700000,0.700000,7000
2020-02-10,0.680000,0.800000,0.680000,0.800000,0.800000,11800
2020-02-11,0.600000,0.800000,0.510000,0.720000,0.720000,7200
2020-02-12,0.940000,0.950000,0.940000,0.950000,0.950000,1100
2020-02-13,0.950000,1.250000,0.950000,1.250000,1.250000,10000
2020-02-14,1.230000,1.400000,1.230000,1.250000,1.250000,5800
2020-02-18,1.100000,1.240000,1.000000,1.240000,1.240000,3400
2020-02-19,1.240000,1.240000,1.050000,1.050000,1.050000,800
2020-02-20,1.010000,1.010000,0.850000,0.850000,0.850000,1600
2020-02-21,0.850000,0.950000,0.850000,0.950000,0.950000,1100
2020-02-24,0.950000,0.950000,0.950000,0.950000,0.950000,200
2020-02-25,0.660000,0.940000,0.660000,0.930000,0.930000,6300
2020-02-26,0.670000,0.680000,0.650000,0.650000,0.650000,3000
2020-02-27,0.650000,0.670000,0.650000,0.670000,0.670000,3100
2020-02-28,0.650000,0.800000,0.520000,0.750000,0.750000,12200
2020-03-02,0.750000,0.750000,0.530000,0.740000,0.740000,3000
2020-03-03,0.530000,0.940000,0.520000,0.940000,0.940000,1700
2020-03-04,0.530000,0.870000,0.520000,0.870000,0.870000,1900
2020-03-05,0.520000,0.750000,0.520000,0.750000,0.750000,3400
2020-03-06,0.400000,0.750000,0.400000,0.750000,0.750000,4800
2020-03-09,0.750000,0.750000,0.500000,0.500000,0.500000,2200
2020-03-10,0.800000,0.800000,0.420000,0.800000,0.800000,16400
2020-03-11,0.690000,0.750000,0.650000,0.750000,0.750000,2800
2020-03-12,0.750000,0.750000,0.750000,0.750000,0.750000,0
2020-03-13,0.750000,0.750000,0.750000,0.750000,0.750000,0
2020-03-16,0.630000,0.630000,0.600000,0.600000,0.600000,4300
2020-03-17,0.445000,0.600000,0.400000,0.500000,0.500000,8700
2020-03-18,0.320000,0.416000,0.300000,0.373000,0.373000,6400
2020-03-19,0.420000,0.590000,0.280000,0.590000,0.590000,5500
2020-03-20,0.280000,0.280000,0.280000,0.280000,0.280000,1300
2020-03-23,0.412000,0.450000,0.412000,0.450000,0.450000,1100
2020-03-24,0.395000,0.510000,0.395000,0.510000,0.510000,1000
2020-03-25,0.510000,0.510000,0.300000,0.300000,0.300000,2000
2020-03-26,0.300000,0.510000,0.300000,0.510000,0.510000,3100
2020-03-27,0.510000,0.510000,0.510000,0.510000,0.510000,0
2020-03-30,0.510000,0.510000,0.510000,0.510000,0.510000,0
2020-03-31,0.510000,0.510000,0.300000,0.300000,0.300000,3000
2020-04-01,0.463000,0.463000,0.463000,0.463000,0.463000,300
2020-04-02,0.510000,0.510000,0.510000,0.510000,0.510000,200
2020-04-03,0.500000,0.500000,0.300000,0.300000,0.300000,2100
2020-04-06,0.300000,0.300000,0.300000,0.300000,0.300000,0
2020-04-07,0.301000,0.301000,0.300000,0.300000,0.300000,5300
2020-04-08,0.300000,0.490000,0.250000,0.490000,0.490000,18600
2020-04-09,0.445000,0.445000,0.290000,0.352000,0.352000,14500
2020-04-13,0.300000,0.390000,0.300000,0.390000,0.390000,28100
2020-04-14,0.290000,0.390000,0.290000,0.390000,0.390000,10100
2020-04-15,0.216000,0.216000,0.216000,0.216000,0.216000,1900
2020-04-16,0.380000,0.380000,0.330000,0.330000,0.330000,400
2020-04-17,0.435000,0.435000,0.215000,0.375000,0.375000,7500
2020-04-20,0.375000,0.375000,0.295000,0.295000,0.295000,200
2020-04-21,0.325000,0.375000,0.240000,0.330000,0.330000,9100
2020-04-22,0.330000,0.330000,0.330000,0.330000,0.330000,4000
2020-04-23,0.223000,0.330000,0.223000,0.230000,0.230000,4300
2020-04-24,0.330000,0.330000,0.330000,0.330000,0.330000,400
2020-04-27,0.330000,0.330000,0.215000,0.215000,0.215000,3000
2020-04-28,0.300000,0.300000,0.300000,0.300000,0.300000,10300
2020-04-29,0.215000,0.250000,0.215000,0.215000,0.215000,29000
2020-04-30,0.269000,0.275000,0.215000,0.215000,0.215000,5500
2020-05-01,0.250000,0.250000,0.172000,0.200000,0.200000,29400
2020-05-04,0.200000,0.200000,0.180000,0.180000,0.180000,35400
2020-05-05,0.200000,0.275000,0.200000,0.275000,0.275000,56200
2020-05-06,0.275000,0.275000,0.260000,0.275000,0.275000,15700
2020-05-07,0.273000,0.360000,0.270000,0.360000,0.360000,14400
2020-05-08,0.300000,0.400000,0.300000,0.400000,0.400000,4100
2020-05-11,0.490000,0.490000,0.202000,0.202000,0.202000,18900
2020-05-12,0.220000,0.330000,0.220000,0.330000,0.330000,9700
2020-05-13,0.400000,0.400000,0.320000,0.338000,0.338000,15900
2020-05-14,0.280000,0.280000,0.260000,0.260000,0.260000,11000
2020-05-15,0.315000,0.315000,0.250000,0.250000,0.250000,5000
2020-05-18,0.255000,0.310000,0.255000,0.310000,0.310000,8000
2020-05-19,0.310000,0.310000,0.260000,0.260000,0.260000,4000
2020-05-20,0.310000,0.315000,0.310000,0.315000,0.315000,3100
2020-05-21,0.315000,0.315000,0.260000,0.260000,0.260000,6900
2020-05-22,0.310000,0.315000,0.280000,0.280000,0.280000,8000
2020-05-26,0.315000,0.351000,0.250000,0.351000,0.351000,13500
2020-05-27,0.370000,0.380000,0.250000,0.320000,0.320000,11600
2020-05-28,0.380000,0.400000,0.380000,0.400000,0.400000,1700
2020-05-29,0.400000,0.450000,0.280000,0.450000,0.450000,6000
2020-06-01,0.450000,0.450000,0.450000,0.450000,0.450000,0
2020-06-02,0.450000,0.510000,0.450000,0.510000,0.510000,9900
2020-06-03,0.450000,0.450000,0.360000,0.450000,0.450000,2500
2020-06-04,0.495000,0.495000,0.256000,0.340000,0.340000,900
2020-06-05,0.380000,0.450000,0.300000,0.450000,0.450000,14300
2020-06-08,0.385000,0.400000,0.320000,0.400000,0.400000,4600
2020-06-09,0.325000,0.470000,0.325000,0.470000,0.470000,6200
2020-06-10,0.470000,0.750000,0.420000,0.750000,0.750000,59900
2020-06-11,0.700000,0.770000,0.690000,0.730000,0.730000,47100