Date,Open,High,Low,Close,Adj Close,Volume
2015-01-30,11.750000,12.320000,11.750000,12.180000,11.966529,4155500
2015-02-02,12.280000,12.300000,12.000000,12.150000,11.937055,419400
2015-02-03,12.200000,12.300000,12.200000,12.250000,12.035302,317900
2015-02-04,12.250000,12.300000,12.230000,12.290000,12.074601,144400
2015-02-05,12.300000,12.400000,12.280000,12.350000,12.133550,274000
2015-02-06,12.350000,12.500000,12.300000,12.490000,12.271096,253500
2015-02-09,12.500000,12.520000,12.490000,12.510000,12.290747,128400
2015-02-10,12.520000,12.650000,12.420000,12.560000,12.339870,323200
2015-02-11,12.560000,12.600000,12.540000,12.560000,12.339870,66400
2015-02-12,12.540000,12.590000,12.400000,12.550000,12.330044,223000
2015-02-13,12.620000,12.620000,12.500000,12.530000,12.310394,128500
2015-02-17,12.500000,12.520000,12.450000,12.510000,12.290747,165800
2015-02-18,12.450000,12.520000,12.450000,12.500000,12.280921,49700
2015-02-19,12.450000,12.550000,12.450000,12.520000,12.300570,136100
2015-02-20,12.450000,12.550000,12.450000,12.520000,12.300570,54600
2015-02-23,12.550000,12.550000,12.490000,12.510000,12.290747,86700
2015-02-24,12.520000,12.540000,12.500000,12.520000,12.300570,70600
2015-02-25,12.520000,12.530000,12.490000,12.510000,12.290747,91700
2015-02-26,12.450000,12.510000,12.450000,12.510000,12.290747,37300
2015-02-27,12.450000,12.520000,12.450000,12.520000,12.300570,87800
2015-03-02,12.520000,12.520000,12.450000,12.510000,12.290747,88800
2015-03-03,12.500000,12.520000,12.460000,12.520000,12.300570,68500
2015-03-04,12.450000,12.520000,12.420000,12.500000,12.280921,51700
2015-03-05,12.500000,12.510000,12.430000,12.470000,12.251448,31600
2015-03-06,12.490000,12.490000,12.300000,12.490000,12.271096,61900
2015-03-09,12.490000,12.540000,12.410000,12.440000,12.221973,85200
2015-03-10,12.440000,12.500000,12.330000,12.410000,12.192498,118200
2015-03-11,12.480000,12.500000,12.410000,12.420000,12.202324,37100
2015-03-12,12.480000,12.480000,12.420000,12.450000,12.231798,31000
2015-03-13,12.410000,12.470000,12.410000,12.430000,12.212148,23000
2015-03-16,12.440000,12.440000,12.390000,12.400000,12.182674,48800
2015-03-17,12.370000,12.450000,12.260000,12.440000,12.221973,95400
2015-03-18,12.440000,12.510000,12.320000,12.500000,12.280921,156100
2015-03-19,12.450000,12.480000,12.220000,12.300000,12.084427,77100
2015-03-20,12.210000,12.500000,12.210000,12.440000,12.221973,468000
2015-03-23,12.300000,12.490000,12.300000,12.450000,12.231798,70300
2015-03-24,12.490000,12.490000,12.430000,12.470000,12.251448,24700
2015-03-25,12.480000,12.500000,12.480000,12.500000,12.280921,40900
2015-03-26,12.500000,12.500000,12.270000,12.420000,12.202324,8200
2015-03-27,12.430000,12.430000,12.300000,12.310000,12.094253,8900
2015-03-30,12.390000,12.470000,12.320000,12.350000,12.133550,3500
2015-03-31,12.350000,12.500000,12.310000,12.480000,12.261272,60700
2015-04-01,12.431000,12.500000,12.380000,12.480000,12.261272,62000
2015-04-02,12.500000,12.500000,12.320000,12.440000,12.221973,20300
2015-04-06,12.350000,12.430000,12.330000,12.350000,12.133550,38900
2015-04-07,12.340000,12.370000,12.300000,12.360000,12.143375,12300
2015-04-08,12.320000,12.380000,12.300000,12.370000,12.153200,23600
2015-04-09,12.300000,12.350000,12.220000,12.250000,12.035302,38900
2015-04-10,12.290000,12.360000,12.290000,12.360000,12.143375,7400
2015-04-13,12.310000,12.350000,12.260000,12.300000,12.084427,38400
2015-04-14,12.300000,12.320000,12.260000,12.280000,12.064777,26500
2015-04-15,12.300000,12.300000,12.250000,12.280000,12.064777,22000
2015-04-16,12.260000,12.280000,12.260000,12.280000,12.064777,12300
2015-04-17,12.220000,12.290000,12.180000,12.200000,11.986180,26400
2015-04-20,12.200000,12.300000,12.150000,12.205000,11.991092,31000
2015-04-21,12.210000,12.210000,12.090000,12.190000,11.976354,28000
2015-04-22,12.162000,12.200000,12.160000,12.180000,11.966529,14600
2015-04-23,12.200000,12.200000,12.180000,12.180000,11.966529,6800
2015-04-24,12.180000,12.200000,12.180000,12.200000,11.986180,3700
2015-04-27,12.200000,12.200000,12.130000,12.200000,11.986180,20400
2015-04-28,12.190000,12.200000,12.110000,12.190000,11.976354,12200
2015-04-29,12.190000,12.190000,12.060000,12.110000,11.897756,18900
2015-04-30,12.100000,12.150000,12.070000,12.110000,11.897756,64800
2015-05-01,12.150000,12.150000,11.850000,12.030000,11.819159,44600
2015-05-04,11.960000,12.080000,11.850000,12.080000,11.868282,50600
2015-05-05,12.000000,12.180000,11.995000,12.180000,11.966529,41300
2015-05-06,12.130000,12.130000,12.020000,12.040000,11.828983,17500
2015-05-07,12.060000,12.100000,12.000000,12.000000,11.789685,26800
2015-05-08,12.040000,12.060000,11.960000,11.990000,11.779860,9700
2015-05-11,12.040000,12.040000,11.980000,12.000000,11.789685,9600
2015-05-12,12.000000,12.020000,11.940000,12.000000,11.789685,28100
2015-05-13,12.000000,12.080000,11.920000,11.980000,11.770034,65100
2015-05-14,11.960000,12.200000,11.960000,12.120000,11.907581,49200
2015-05-15,12.100000,12.180000,12.100000,12.180000,11.966529,17100
2015-05-18,12.180000,12.238000,12.150000,12.210000,11.996003,18600
2015-05-19,12.240000,12.280000,12.237000,12.250000,12.035302,30300
2015-05-20,12.271000,12.330000,12.271000,12.297000,12.081480,19600
2015-05-21,12.330000,12.430000,12.300000,12.329000,12.112918,21800
2015-05-22,12.300000,12.391000,12.300000,12.391000,12.173831,3000
2015-05-26,12.340000,12.540000,12.340000,12.490000,12.271096,38400
2015-05-27,12.480000,12.480000,12.320000,12.320000,12.104074,13500
2015-05-28,12.350000,12.470000,12.335000,12.340000,12.123726,14500
2015-05-29,12.450000,12.450000,12.280000,12.300000,12.084427,14700
2015-06-01,12.330000,12.400000,12.280000,12.290000,12.074601,15900
2015-06-02,12.300000,12.330000,12.290000,12.300000,12.084427,18800
2015-06-03,12.350000,12.390000,12.300000,12.300000,12.084427,40400
2015-06-04,12.270000,12.300000,12.270000,12.300000,12.084427,31300
2015-06-05,12.250000,12.340000,12.250000,12.330000,12.113900,28600
2015-06-08,12.400000,12.400000,12.310000,12.320000,12.104074,11400
2015-06-09,12.360000,12.360000,12.180000,12.190000,11.976354,65300
2015-06-10,12.250000,12.320000,12.190000,12.190000,11.976354,30200
2015-06-11,12.330000,12.340000,12.200000,12.340000,12.123726,46800
2015-06-12,12.190000,12.320000,12.170000,12.170000,11.956706,24300
2015-06-15,12.170000,12.440000,12.170000,12.300000,12.084427,46400
2015-06-16,12.350000,12.500000,12.340000,12.340000,12.123726,46000
2015-06-17,12.430000,12.490000,12.280000,12.420000,12.202324,43200
2015-06-18,12.430000,12.510000,12.295000,12.360000,12.143375,53800
2015-06-19,12.420000,12.490000,12.060000,12.060000,11.848635,205700
2015-06-22,12.180000,12.300000,12.160000,12.280000,12.064777,36500
2015-06-23,12.400000,12.400000,12.280000,12.290000,12.074601,8800
2015-06-24,12.280000,12.400000,12.280000,12.400000,12.182674,15800
2015-06-25,12.400000,12.449000,12.360000,12.360000,12.143375,13500
2015-06-26,12.330000,12.510000,12.280000,12.510000,12.290747,35600
2015-06-29,12.400000,12.480000,12.360000,12.400000,12.182674,14400
2015-06-30,12.460000,12.470000,12.389000,12.470000,12.251448,10100
2015-07-01,12.480000,12.480000,12.342000,12.460000,12.241622,2200
2015-07-02,12.420000,12.480000,12.420000,12.470000,12.251448,3000
2015-07-06,12.410000,12.480000,12.230000,12.240000,12.025478,28100
2015-07-07,12.440000,12.440000,12.220000,12.280000,12.064777,8700
2015-07-08,12.220000,12.250000,12.220000,12.220000,12.005830,6100
2015-07-09,12.300000,12.440000,12.200000,12.260000,12.045128,19500
2015-07-10,12.350000,12.470000,12.323000,12.470000,12.251448,5800
2015-07-13,12.480000,12.480000,12.370000,12.460000,12.241622,4700
2015-07-14,12.400000,12.500000,12.400000,12.500000,12.280921,9500
2015-07-15,12.500000,12.510000,12.460000,12.500000,12.280921,5400
2015-07-16,12.450000,12.510000,12.441000,12.510000,12.290747,5800
2015-07-17,12.510000,12.550000,12.500000,12.510000,12.290747,10600
2015-07-20,12.520000,12.550000,12.420000,12.510000,12.290747,3200
2015-07-21,12.520000,12.550000,12.510000,12.550000,12.330044,10900
2015-07-22,12.510000,12.520000,12.450000,12.500000,12.280921,3900
2015-07-23,12.480000,12.550000,12.350000,12.400000,12.182674,16000
2015-07-24,12.539000,12.550000,12.430000,12.430000,12.212148,6800
2015-07-27,12.370000,12.430000,12.370000,12.390000,12.172850,900
2015-07-28,12.370000,12.400000,12.360000,12.370000,12.153200,4200
2015-07-29,12.410000,12.410000,12.350000,12.350000,12.133550,4700
2015-07-30,12.350000,12.490000,12.350000,12.360000,12.143375,4600
2015-07-31,12.370000,12.370000,12.300000,12.300000,12.084427,3500
2015-08-03,12.360000,12.360000,12.250000,12.250000,12.035302,3000
2015-08-04,12.300000,12.350000,12.300000,12.320000,12.104074,9900
2015-08-05,12.350000,12.360000,12.320000,12.350000,12.133550,12500
2015-08-06,12.400000,12.430000,12.400000,12.430000,12.212148,1700
2015-08-07,12.330000,12.330000,12.330000,12.330000,12.113900,300
2015-08-10,12.310000,12.400000,12.270000,12.400000,12.182674,3900
2015-08-11,12.300000,12.324000,12.290000,12.300000,12.084427,2200
2015-08-12,12.260000,12.310000,12.200000,12.280000,12.064777,14500
2015-08-13,12.220000,12.220000,12.220000,12.220000,12.005830,200
2015-08-14,12.250000,12.320000,12.240000,12.260000,12.045128,3700
2015-08-17,12.250000,12.330000,12.240000,12.280000,12.064777,5400
2015-08-18,12.264000,12.264000,12.170000,12.240000,12.025478,10300
2015-08-19,12.201000,12.202000,12.130000,12.190000,11.976354,8500
2015-08-20,12.100000,12.120000,12.060000,12.060000,11.848635,17000
2015-08-21,12.050000,12.090000,12.050000,12.050000,11.838808,10200
2015-08-24,12.000000,12.050000,11.825000,11.880000,11.671787,25500
2015-08-25,11.860000,11.890000,11.800000,11.800000,11.593190,11000
2015-08-26,11.760000,11.850000,11.620000,11.850000,11.642313,27900
2015-08-27,11.860000,11.880000,11.700000,11.830000,11.622664,6100
2015-08-28,11.690000,11.900000,11.690000,11.850000,11.642313,10300
2015-08-31,11.850000,12.047000,11.850000,12.000000,11.789685,9400
2015-09-01,11.900000,12.100000,11.900000,12.090000,11.878107,11600
2015-09-02,12.100000,12.100000,11.910000,11.950000,11.740561,11500
2015-09-03,11.910000,12.120000,11.910000,12.100000,11.887933,11600
2015-09-04,12.100000,12.240000,12.100000,12.160000,11.946880,15900
2015-09-08,12.230000,12.230000,12.120000,12.200000,11.986180,7100
2015-09-09,12.250000,12.250000,12.050000,12.060000,11.848635,10500
2015-09-10,12.160000,12.230000,12.160000,12.220000,12.005830,700
2015-09-11,12.138000,12.200000,12.074000,12.130000,11.917406,6800
2015-09-14,12.190000,12.201000,11.950000,12.130000,11.917406,12700
2015-09-15,12.110000,12.250000,12.110000,12.110000,11.897756,1000
2015-09-16,12.110000,12.195000,12.100000,12.160000,11.946880,7700
2015-09-17,12.215000,12.400000,12.215000,12.300000,12.084427,46300
2015-09-18,12.300000,12.450000,12.300000,12.390000,12.172850,14100
2015-09-21,12.380000,12.430000,12.190000,12.380000,12.163025,20500
2015-09-22,12.310000,12.420000,12.180000,12.360000,12.143375,2300
2015-09-23,12.230000,12.360000,12.210000,12.240000,12.025478,1100
2015-09-24,12.230000,12.280000,12.180000,12.250000,12.035302,1100
2015-09-25,12.250000,12.370000,12.180000,12.370000,12.153200,8800
2015-09-28,12.380000,12.380000,12.180000,12.380000,12.163025,5600
2015-09-29,12.280000,12.380000,12.220000,12.380000,12.163025,1600
2015-09-30,12.380000,12.380000,12.220000,12.380000,12.163025,4700
2015-10-01,12.380000,12.380000,12.110000,12.200000,11.986180,27100
2015-10-02,12.212000,12.290000,12.080000,12.150000,11.937055,10200
2015-10-05,12.280000,12.300000,12.130000,12.180000,11.966529,4500
2015-10-06,12.410000,12.410000,12.090000,12.150000,11.937055,5500
2015-10-07,12.260000,12.380000,12.100000,12.100000,11.887933,9700
2015-10-08,12.220000,12.300000,12.150000,12.300000,12.084427,1000
2015-10-09,12.250000,12.310000,12.250000,12.250000,12.035302,4500
2015-10-12,12.389000,12.389000,12.380000,12.380000,12.163025,1200
2015-10-13,12.200000,12.320000,12.200000,12.320000,12.104074,300
2015-10-14,12.210000,12.220000,12.210000,12.220000,12.005830,500
2015-10-15,12.220000,12.400000,12.220000,12.390000,12.172850,10800
2015-10-16,12.350000,12.390000,12.350000,12.380000,12.163025,2400
2015-10-19,12.370000,12.400000,12.370000,12.383000,12.165974,2800
2015-10-20,12.350000,12.400000,12.350000,12.400000,12.182674,1700
2015-10-21,12.400000,12.400000,12.350000,12.350000,12.133550,3300
2015-10-22,12.420000,12.420000,12.250000,12.250000,12.035302,3500
2015-10-23,12.300000,12.300000,12.250000,12.290000,12.074601,5300
2015-10-26,12.300000,12.390000,12.100000,12.220000,12.005830,16700
2015-10-27,12.300000,12.400000,12.250000,12.330000,12.113900,15600
2015-10-28,12.380000,12.450000,12.250000,12.330000,12.113900,26100
2015-10-29,12.400000,12.550000,12.370000,12.520000,12.300570,35200
2015-10-30,12.455000,12.650000,12.455000,12.640000,12.418468,21900
2015-11-02,12.720000,12.911000,12.650000,12.870000,12.644436,22500
2015-11-03,12.760000,12.949000,12.730000,12.730000,12.506889,14700
2015-11-04,12.640000,12.930000,12.640000,12.740000,12.516714,4600
2015-11-05,12.800000,13.000000,12.800000,12.831000,12.606120,18400
2015-11-06,13.000000,13.140000,12.990000,13.120000,12.890056,9600
2015-11-09,13.040000,13.190000,13.040000,13.190000,12.958827,7200
2015-11-10,13.140000,13.430000,13.140000,13.370000,13.135673,18400
2015-11-11,13.400000,13.490000,13.350000,13.490000,13.253571,12500
2015-11-12,13.460000,13.600000,13.440000,13.510000,13.273219,10200
2015-11-13,13.183000,13.690000,13.183000,13.690000,13.450064,10900
2015-11-16,13.690000,13.690000,13.402000,13.580000,13.341991,23600
2015-11-17,13.650000,13.665000,13.510000,13.570000,13.332167,16800
2015-11-18,13.530000,13.750000,13.530000,13.640000,13.400942,14100
2015-11-19,13.609000,13.840000,13.609000,13.760000,13.518838,12400
2015-11-20,13.800000,13.920000,13.790000,13.920000,13.676034,13600
2015-11-23,13.920000,13.920000,13.860000,13.900000,13.656384,8100
2015-11-24,13.902000,14.077000,13.900000,13.970000,13.725157,15100
2015-11-25,14.040000,14.040000,13.977000,14.040000,13.793932,2900
2015-11-27,14.040000,14.040000,13.900000,13.990000,13.744806,2100
2015-11-30,13.890000,14.040000,13.850000,14.020000,13.774282,15200
2015-12-01,13.970000,14.040000,13.900000,13.980000,13.734982,7600
2015-12-02,13.970000,14.082000,13.960000,14.010000,13.764456,7200
2015-12-03,14.000000,14.040000,13.820000,13.820000,13.577786,9800
2015-12-04,13.910000,13.980000,13.890000,13.970000,13.725157,9200
2015-12-07,13.922000,13.998000,13.922000,13.950000,13.705507,9200
2015-12-08,13.910000,14.100000,13.830000,13.840000,13.597437,8500
2015-12-09,13.790000,13.970000,13.790000,13.970000,13.725157,6100
2015-12-10,13.920000,14.090000,13.840000,14.060000,13.813581,9100
2015-12-11,13.960000,14.010000,13.490000,13.490000,13.253571,9200
2015-12-14,13.480000,13.640000,13.480000,13.500000,13.263395,5500
2015-12-15,13.490000,13.890000,13.490000,13.590000,13.351817,6600
2015-12-16,13.700000,13.860000,13.540000,13.850000,13.607262,6700
2015-12-17,13.890000,13.970000,13.510000,13.570000,13.332167,8200
2015-12-18,13.790000,13.920000,13.760000,13.920000,13.676034,8900
2015-12-21,13.735000,13.948000,13.735000,13.930000,13.685859,3400
2015-12-22,13.920000,13.920000,13.610000,13.620000,13.381293,11200
2015-12-23,13.690000,13.910000,13.640000,13.780000,13.538487,7800
2015-12-24,13.820000,13.820000,13.820000,13.820000,13.577786,100
2015-12-28,13.820000,13.990000,13.820000,13.910000,13.666209,27100
2015-12-29,13.960000,14.210000,13.916000,14.113000,13.865650,10400
2015-12-30,14.040000,14.250000,14.010000,14.210000,13.960952,11700
2015-12-31,14.180000,14.260000,14.000000,14.150000,13.902001,30300
2016-01-04,13.920000,14.090000,13.520000,13.520000,13.283046,22700
2016-01-05,13.700000,13.900000,13.580000,13.790000,13.548311,7700
2016-01-06,13.720000,13.910000,13.720000,13.790000,13.548311,1300
2016-01-07,13.720000,13.760000,13.580000,13.640000,13.400942,6100
2016-01-08,13.648000,13.648000,13.540000,13.630000,13.391117,4000
2016-01-11,13.710000,13.890000,13.530000,13.680000,13.440241,4700
2016-01-12,13.568000,13.780000,13.040000,13.490000,13.253571,23900
2016-01-13,13.050000,13.150000,12.550000,12.910000,12.683735,20800
2016-01-14,12.830000,13.020000,12.830000,13.020000,12.791809,31800
2016-01-15,12.740000,12.989000,12.580000,12.630000,12.408643,25600
2016-01-19,12.960000,12.970000,12.632000,12.740000,12.516714,7100
2016-01-20,12.650000,12.980000,12.600000,12.880000,12.654262,16100
2016-01-21,12.678000,12.900000,12.678000,12.880000,12.654262,5100
2016-01-22,12.900000,13.010000,12.797000,13.000000,12.772160,6200
2016-01-25,12.930000,13.025000,12.550000,12.560000,12.339870,15900
2016-01-26,12.599000,12.970000,12.591000,12.820000,12.595313,13000
2016-01-27,12.870000,12.890000,12.650000,12.650000,12.428293,5600
2016-01-28,12.700000,12.880000,12.700000,12.880000,12.654262,9500
2016-01-29,12.986000,12.990000,12.860000,12.950000,12.723035,11400
2016-02-01,12.830000,12.840000,12.720000,12.820000,12.595313,25300
2016-02-02,12.710000,12.810000,12.660000,12.690000,12.467589,48500
2016-02-03,12.700000,12.770000,12.600000,12.670000,12.447943,18500
2016-02-04,12.670000,12.930000,12.610000,12.800000,12.575664,44700
2016-02-05,12.730000,12.790000,12.350000,12.450000,12.231798,41700
2016-02-08,12.330000,12.670000,12.330000,12.400000,12.182674,28800
2016-02-09,12.340000,12.420000,12.300000,12.330000,12.113900,34900
2016-02-10,12.360000,12.500000,12.080000,12.150000,11.937055,39600
2016-02-11,12.010000,12.320000,11.990000,12.130000,11.917406,31600
2016-02-12,12.090000,12.350000,12.090000,12.290000,12.074601,26000
2016-02-16,12.330000,12.490000,12.130000,12.405000,12.187586,24300
2016-02-17,12.430000,12.520000,12.260000,12.410000,12.192498,14300
2016-02-18,12.500000,12.530000,12.300000,12.460000,12.241622,37400
2016-02-19,12.400000,12.530000,12.400000,12.470000,12.251448,19500
2016-02-22,12.530000,12.680000,12.530000,12.590000,12.369344,47000
2016-02-23,12.620000,12.630000,12.510000,12.560000,12.339870,12900
2016-02-24,12.450000,12.600000,12.300000,12.500000,12.280921,33900
2016-02-25,12.480000,12.500000,12.290000,12.410000,12.192498,28700
2016-02-26,12.440000,12.500000,12.440000,12.490000,12.271096,15400
2016-02-29,12.550000,12.750000,12.410000,12.580000,12.359520,39800
2016-03-01,12.710000,12.750000,12.620000,12.690000,12.467589,21000
2016-03-02,12.620000,12.700000,12.580000,12.700000,12.477416,27700
2016-03-03,12.700000,12.700000,12.670000,12.680000,12.457767,11400
2016-03-04,12.650000,12.700000,12.360000,12.610000,12.388994,23800
2016-03-07,12.570000,12.700000,12.510000,12.690000,12.467589,25500
2016-03-08,12.510000,12.780000,12.510000,12.690000,12.467589,29500
2016-03-09,12.630000,12.750000,12.570000,12.690000,12.467589,20600
2016-03-10,12.650000,12.750000,12.580000,12.660000,12.438117,23400
2016-03-11,12.700000,12.850000,12.694000,12.790000,12.565839,33300
2016-03-14,12.650000,12.800000,12.650000,12.760000,12.536365,12400
2016-03-15,12.690000,12.730000,12.550000,12.620000,12.398819,14500
2016-03-16,12.540000,12.680000,12.500000,12.540000,12.320220,37800
2016-03-17,12.500000,12.740000,12.500000,12.600000,12.379169,18300
2016-03-18,12.640000,12.700000,12.610000,12.620000,12.398819,10200
2016-03-21,12.670000,12.780000,12.540000,12.570000,12.349693,6300
2016-03-22,12.680000,12.750000,12.610000,12.710000,12.487240,14500
2016-03-23,12.690000,12.870000,12.670000,12.820000,12.595313,23000
2016-03-24,12.720000,12.880000,12.720000,12.810000,12.585489,16400
2016-03-28,12.780000,12.900000,12.740000,12.860000,12.634611,7900
2016-03-29,12.790000,13.000000,12.650000,12.870000,12.644436,21600
2016-03-30,12.860000,12.950000,12.850000,12.910000,12.683735,14600
2016-03-31,12.900000,13.000000,12.870000,12.870000,12.644436,16700
2016-04-01,12.880000,13.000000,12.770000,12.770000,12.546189,9800
2016-04-04,12.780000,12.980000,12.780000,12.890000,12.664085,20800
2016-04-05,12.790000,12.980000,12.690000,12.820000,12.595313,16100
2016-04-06,12.770000,12.990000,12.770000,12.960000,12.732858,12400
2016-04-07,12.920000,12.990000,12.880000,12.900000,12.673910,8000
2016-04-08,12.890000,13.000000,12.810000,12.980000,12.752508,39800
2016-04-11,12.940000,12.990000,12.820000,12.930000,12.703385,4700
2016-04-12,12.920000,12.980000,12.890000,12.920000,12.693561,15200
2016-04-13,12.900000,13.010000,12.900000,13.010000,12.781984,15900
2016-04-14,13.000000,13.000000,12.970000,13.000000,12.772160,13300
2016-04-15,13.000000,13.070000,12.940000,13.020000,12.791809,16600
2016-04-18,12.990000,13.020000,12.975000,13.000000,12.772160,8100
2016-04-19,12.901000,13.000000,12.850000,12.960000,12.732858,13900
2016-04-20,12.980000,13.090000,12.930000,13.070000,12.840931,17200
2016-04-21,13.100000,13.100000,13.040000,13.080000,12.850756,13600
2016-04-22,12.890000,13.130000,12.820000,13.060000,12.831107,18000
2016-04-25,13.090000,13.250000,13.090000,13.250000,13.017776,22800
2016-04-26,13.205000,13.205000,12.970000,12.990000,12.762333,21000
2016-04-27,12.850000,13.000000,12.850000,12.970000,12.742683,11900
2016-04-28,12.950000,13.060000,12.850000,13.000000,12.772160,25100
2016-04-29,12.990000,13.000000,12.890000,13.000000,12.772160,6400
2016-05-02,12.990000,13.250000,12.980000,13.220000,12.988303,21400
2016-05-03,13.180000,13.250000,13.180000,13.250000,13.017776,21600
2016-05-04,13.180000,13.480000,13.180000,13.480000,13.243746,96300
2016-05-05,13.360000,13.500000,13.070000,13.160000,12.929354,59000
2016-05-06,13.110000,13.480000,13.030000,13.120000,12.890056,36700
2016-05-09,13.040000,13.200000,13.020000,13.140000,12.909704,27800
2016-05-10,13.160000,13.190000,13.120000,13.140000,12.909704,22600
2016-05-11,13.110000,13.170000,13.090000,13.100000,12.870405,18600
2016-05-12,13.160000,13.160000,12.930000,12.970000,12.742683,26900
2016-05-13,12.970000,13.200000,12.970000,13.170000,12.939178,22800
2016-05-16,13.130000,13.370000,13.070000,13.310000,13.076725,23600
2016-05-17,13.220000,13.290000,12.940000,13.110000,12.880230,28200
2016-05-18,13.090000,13.380000,13.050000,13.240000,13.007951,24900
2016-05-19,13.150000,13.400000,13.090000,13.400000,13.165146,76200
2016-05-20,13.320000,13.450000,13.170000,13.400000,13.165146,30500
2016-05-23,13.380000,13.480000,13.279000,13.390000,13.155323,34500
2016-05-24,13.380000,13.470000,13.280000,13.280000,13.047251,23300
2016-05-25,13.280000,13.300000,13.150000,13.240000,13.007951,20000
2016-05-26,13.200000,13.300000,13.050000,13.285000,13.052163,35900
2016-05-27,13.280000,13.360000,13.240000,13.280000,13.047251,16500
2016-05-31,13.300000,13.305000,13.000000,13.140000,12.909704,30600
2016-06-01,13.050000,13.210000,12.980000,13.080000,12.850756,30500
2016-06-02,13.000000,13.020000,12.810000,12.830000,12.605138,36700
2016-06-03,12.820000,12.950000,12.820000,12.860000,12.634611,40900
2016-06-06,12.950000,12.950000,12.830000,12.870000,12.644436,62300
2016-06-07,12.940000,12.950000,12.810000,12.810000,12.585489,39000
2016-06-08,12.930000,13.060000,12.870000,13.010000,12.781984,41800
2016-06-09,12.850000,13.010000,12.774000,12.960000,12.732858,31000
2016-06-10,12.940000,13.050000,12.940000,12.970000,12.742683,35000
2016-06-13,12.890000,13.050000,12.560000,12.610000,12.388994,55900
2016-06-14,12.630000,12.670000,12.500000,12.570000,12.349693,60900
2016-06-15,12.620000,12.870000,12.620000,12.850000,12.624787,34800
2016-06-16,12.920000,12.920000,12.740000,12.800000,12.575664,31600
2016-06-17,12.884000,12.910000,12.710000,12.760000,12.536365,43800
2016-06-20,12.890000,12.970000,12.670000,12.700000,12.477416,22400
2016-06-21,12.780000,12.920000,12.545000,12.850000,12.624787,48700
2016-06-22,12.940000,13.030000,12.750000,12.880000,12.654262,39000
2016-06-23,12.690000,13.090000,12.690000,12.970000,12.742683,58500
2016-06-24,12.780000,13.050000,12.545000,12.640000,12.418468,1051100
2016-06-27,12.620000,12.740000,12.510000,12.560000,12.339870,50500
2016-06-28,12.550000,12.640000,12.420000,12.540000,12.320220,58200
2016-06-29,12.600000,12.710000,12.450000,12.490000,12.271096,62500
2016-06-30,12.490000,12.750000,12.490000,12.740000,12.516714,20300
2016-07-01,12.790000,12.880000,12.760000,12.820000,12.595313,14400
2016-07-05,12.710000,12.880000,12.680000,12.730000,12.506889,21500
2016-07-06,12.710000,12.890000,12.510000,12.750000,12.526540,37600
2016-07-07,12.755000,12.790000,12.600000,12.700000,12.477416,19400
2016-07-08,12.750000,12.890000,12.750000,12.880000,12.654262,17500
2016-07-11,12.880000,13.080000,12.831000,13.040000,12.811458,31900
2016-07-12,13.000000,13.150000,12.990000,13.140000,12.909704,41600
2016-07-13,13.130000,13.180000,12.950000,13.120000,12.890056,24000
2016-07-14,13.220000,13.240000,13.130000,13.150000,12.919529,16400
2016-07-15,13.240000,13.240000,13.071000,13.200000,12.968654,18700
2016-07-18,13.200000,13.240000,13.080000,13.140000,12.909704,26000
2016-07-19,13.130000,13.240000,13.010000,13.100000,12.870405,13200
2016-07-20,13.090000,13.240000,13.080000,13.180000,12.949004,17300
2016-07-21,13.080000,13.155000,12.811000,12.990000,12.762333,15600
2016-07-22,12.970000,13.110000,12.950000,12.990000,12.762333,21100
2016-07-25,13.004000,13.190000,13.000000,13.170000,12.939178,18900
2016-07-26,13.130000,13.130000,12.810000,13.070000,12.840931,11600
2016-07-27,13.020000,13.240000,13.020000,13.200000,12.968654,23400
2016-07-28,13.040000,13.280000,13.040000,13.270000,13.037426,18700
2016-07-29,13.250000,13.260000,13.020000,13.080000,12.850756,22500
2016-08-01,13.020000,13.105000,12.665000,12.730000,12.506889,35800
2016-08-02,12.800000,12.930000,12.697000,12.720000,12.497066,23000
2016-08-03,12.800000,12.800000,12.620000,12.740000,12.516714,20900
2016-08-04,12.695000,13.030000,12.694000,12.960000,12.732858,22600
2016-08-05,12.940000,13.300000,12.940000,13.210000,12.978477,31000
2016-08-08,13.210000,13.210000,13.030000,13.160000,12.929354,15100
2016-08-09,13.120000,13.290000,13.110000,13.220000,12.988303,25000
2016-08-10,13.250000,13.350000,13.190000,13.340000,13.106200,19900
2016-08-11,13.380000,13.400000,13.270000,13.280000,13.047251,23500
2016-08-12,13.130000,13.370000,13.100000,13.340000,13.106200,25900
2016-08-15,13.310000,13.370000,13.310000,13.350000,13.116024,21600
2016-08-16,13.350000,13.430000,13.290000,13.320000,13.086551,37700
2016-08-17,13.390000,13.450000,13.300000,13.430000,13.194623,29100
2016-08-18,13.450000,13.500000,13.430000,13.470000,13.233920,23300
2016-08-19,13.470000,13.480000,13.365000,13.450000,13.214272,24000
2016-08-22,13.410000,13.500000,13.410000,13.490000,13.253571,23100
2016-08-23,13.350000,13.500000,13.350000,13.380000,13.145499,29000
2016-08-24,13.450000,13.500000,13.370000,13.450000,13.214272,33800
2016-08-25,13.380000,13.500000,13.100000,13.490000,13.253571,36500
2016-08-26,13.500000,13.540000,13.360000,13.430000,13.194623,70300
2016-08-29,13.480000,13.500000,13.420000,13.450000,13.214272,27000
2016-08-30,13.450000,13.450000,13.345000,13.400000,13.165146,43400
2016-08-31,13.470000,13.470000,13.040000,13.160000,12.929354,47700
2016-09-01,13.230000,13.230000,13.000000,13.180000,12.949004,21500
2016-09-02,13.180000,13.350000,13.050000,13.310000,13.076725,19300
2016-09-06,13.380000,13.380000,13.170000,13.280000,13.047251,12000
2016-09-07,13.350000,13.360000,13.155000,13.250000,13.017776,17600
2016-09-08,13.230000,13.300000,13.000000,13.140000,12.909704,19600
2016-09-09,13.050000,13.130000,12.850000,12.850000,12.624787,20900
2016-09-12,12.930000,13.170000,12.820000,13.140000,12.909704,58000
2016-09-13,13.110000,13.130000,12.930000,13.000000,12.772160,24400
2016-09-14,13.060000,13.370000,12.935000,13.100000,12.870405,34200
2016-09-15,13.090000,13.230000,13.030000,13.140000,12.909704,15900
2016-09-16,13.180000,13.400000,12.960000,13.380000,13.145499,96100
2016-09-19,13.380000,13.400000,13.190000,13.380000,13.145499,37100
2016-09-20,13.450000,13.450000,13.240000,13.330000,13.096374,13700
2016-09-21,13.420000,13.450000,13.291000,13.440000,13.204446,12800
2016-09-22,13.410000,13.500000,13.330000,13.420000,13.184797,39000
2016-09-23,13.430000,13.450000,13.390000,13.420000,13.184797,20700
2016-09-26,13.420000,13.420000,13.260000,13.280000,13.047251,23000
2016-09-27,13.310000,13.340000,13.140000,13.230000,12.998127,18900
2016-09-28,13.300000,13.600000,13.130000,13.540000,13.302694,67200
2016-09-29,13.590000,13.590000,13.391000,13.410000,13.174972,23800
2016-09-30,13.420000,13.570000,13.400000,13.490000,13.253571,16800
2016-10-03,13.450000,13.590000,13.250000,13.540000,13.302694,18600
2016-10-04,13.600000,13.630000,13.480000,13.600000,13.361643,13700
2016-10-05,13.650000,13.750000,13.640000,13.740000,13.499188,14600
2016-10-06,13.750000,13.750000,13.610000,13.680000,13.440241,9500
2016-10-07,13.740000,13.740000,13.630000,13.630000,13.391117,6000
2016-10-10,13.670000,13.750000,13.645000,13.710000,13.469715,10700
2016-10-11,13.670000,13.750000,13.560000,13.640000,13.400942,14700
2016-10-12,13.690000,13.750000,13.660000,13.720000,13.479540,22400
2016-10-13,13.670000,13.730000,13.545000,13.610000,13.371466,9000
2016-10-14,13.590000,13.690000,13.540000,13.620000,13.381293,12300
2016-10-17,13.625000,13.650000,13.560000,13.570000,13.332167,14500
2016-10-18,13.650000,13.650000,13.471000,13.640000,13.400942,7800
2016-10-19,13.650000,13.650000,13.610000,13.630000,13.391117,10200
2016-10-20,13.630000,13.650000,13.610000,13.640000,13.400942,23500
2016-10-21,13.590000,13.640000,13.510000,13.600000,13.361643,30600
2016-10-24,13.650000,13.670000,13.570000,13.590000,13.351817,24100
2016-10-25,13.560000,13.570000,13.503000,13.530000,13.292869,17500
2016-10-26,13.500000,13.640000,13.500000,13.550000,13.312519,15100
2016-10-27,13.640000,13.640000,13.500000,13.540000,13.302694,21700
2016-10-28,13.600000,13.650000,13.560000,13.620000,13.381293,610700
2016-10-31,13.660000,13.750000,13.635000,13.690000,13.450064,39200
2016-11-01,13.730000,13.730000,13.530000,13.620000,13.381293,35700
2016-11-02,13.600000,13.640000,13.480000,13.480000,13.243746,34400
2016-11-03,13.450000,13.690000,13.450000,13.640000,13.400942,23300
2016-11-04,13.660000,13.700000,13.620000,13.630000,13.391117,126000
2016-11-07,13.750000,13.750000,13.630000,13.690000,13.450064,39000
2016-11-08,13.690000,13.800000,13.610000,13.710000,13.469715,30400
2016-11-09,13.740000,13.970000,13.740000,13.940000,13.695684,105700
2016-11-10,13.970000,14.000000,13.860000,14.000000,13.754632,70700
2016-11-11,14.000000,14.330000,13.730000,14.250000,14.000250,141700
2016-11-14,14.360000,14.390000,14.250000,14.300000,14.049375,57000
2016-11-15,14.280000,14.350000,13.930000,14.300000,14.049375,65600
2016-11-16,14.260000,14.600000,14.220000,14.570000,14.314641,73300
2016-11-17,14.600000,14.750000,14.510000,14.720000,14.462015,47100
2016-11-18,14.730000,14.800000,14.500000,14.790000,14.530785,45200
2016-11-21,14.800000,14.860000,14.780000,14.810000,14.550436,26600
2016-11-22,14.860000,14.880000,14.670000,14.860000,14.599558,43700
2016-11-23,14.890000,14.920000,14.790000,14.890000,14.629035,24300
2016-11-25,14.920000,14.920000,14.850000,14.890000,14.629035,9000
2016-11-28,14.910000,14.910000,14.790000,14.800000,14.540611,29400
2016-11-29,14.860000,14.890000,14.820000,14.820000,14.560261,16000
2016-11-30,14.850000,14.850000,14.730000,14.740000,14.481663,29900
2016-12-01,14.740000,15.180000,14.730000,15.030000,14.766579,116400
2016-12-02,15.040000,15.040000,14.870000,14.980000,14.717456,53300
2016-12-05,15.000000,15.272000,14.995000,15.140000,14.874653,44100
2016-12-06,15.190000,15.560000,15.150000,15.460000,15.189043,37400
2016-12-07,15.590000,15.770000,15.470000,15.690000,15.415011,34800
2016-12-08,15.750000,16.014999,15.593000,15.870000,15.591858,50800
2016-12-09,15.920000,16.150000,15.721000,16.080000,15.798178,40700
2016-12-12,16.139999,16.139999,15.870000,15.940000,15.660631,26600
2016-12-13,16.010000,16.240000,15.920000,15.930000,15.650805,66600
2016-12-14,15.950000,15.980000,15.840000,15.880000,15.601683,28600
2016-12-15,16.160000,16.200001,15.950000,16.150000,15.866950,31800
2016-12-16,16.209999,16.389999,16.080000,16.370001,16.083092,121200
2016-12-19,16.420000,16.540001,16.230000,16.379999,16.092918,27400
2016-12-20,16.480000,16.750000,16.190001,16.400000,16.112568,33400
2016-12-21,16.400000,16.400000,15.970000,16.230000,15.945550,12200
2016-12-22,16.219999,16.309999,16.155001,16.250000,15.965199,17900
2016-12-23,16.299999,16.389999,16.299999,16.330000,16.043797,11800
2016-12-27,16.400000,16.500000,16.120001,16.150000,15.866950,21900
2016-12-28,16.000000,16.000000,15.668000,15.700000,15.424838,32000
2016-12-29,15.700000,15.890000,15.650000,15.690000,15.415011,31500
2016-12-30,15.700000,15.700000,15.340000,15.600000,15.326591,24400
2017-01-03,15.700000,15.700000,15.045000,15.400000,15.130095,23200
2017-01-04,15.490000,15.640000,15.340000,15.400000,15.130095,28500
2017-01-05,15.260000,15.400000,15.160000,15.180000,14.913951,16800
2017-01-06,15.280000,15.280000,15.160000,15.190000,14.923775,22500
2017-01-09,15.230000,15.250000,13.480000,15.200000,14.933600,48400
2017-01-10,14.890000,15.270000,14.865000,15.230000,14.963073,30500
2017-01-11,15.080000,15.180000,14.680000,14.970000,14.707632,10800
2017-01-12,14.695000,14.980000,14.695000,14.900000,14.638858,17700
2017-01-13,14.900000,15.500000,14.900000,15.390000,15.120271,45100
2017-01-17,15.190000,15.320000,14.911000,15.070000,14.805877,22800
2017-01-18,15.160000,15.210000,15.060000,15.190000,14.923775,10600
2017-01-19,15.200000,15.230000,14.750000,14.930000,14.668332,23900
2017-01-20,14.970000,15.380000,14.846000,15.020000,14.756755,14900
2017-01-23,15.075000,15.210000,14.950000,15.130000,14.864827,15700
2017-01-24,15.010000,15.125000,15.010000,15.110000,14.845179,14100
2017-01-25,15.170000,15.300000,15.140000,15.280000,15.012198,8800
2017-01-26,15.260000,15.260000,15.180000,15.240000,14.972898,15900
2017-01-27,15.310000,15.350000,15.110000,15.140000,14.874653,10100
2017-01-30,15.030000,15.040000,14.760000,14.820000,14.560261,24500
2017-01-31,14.760000,14.850000,14.690000,14.810000,14.550436,16500
2017-02-01,14.970000,15.200000,14.970000,15.050000,14.786229,27700
2017-02-02,15.050000,15.100000,14.950000,15.050000,14.786229,26500
2017-02-03,15.110000,15.140000,15.045000,15.090000,14.825527,10000
2017-02-06,15.080000,15.090000,15.020000,15.050000,14.786229,7400
2017-02-07,15.280000,15.280000,15.010000,15.090000,14.825527,11800
2017-02-08,15.030000,15.210000,14.900000,15.100000,14.835354,13200
2017-02-09,15.050000,15.360000,15.050000,15.310000,15.041674,27100
2017-02-10,15.390000,15.740000,15.260000,15.730000,15.454310,38700
2017-02-13,15.750000,16.219999,15.750000,16.120001,15.837475,13000
2017-02-14,16.059999,16.059999,15.770000,15.840000,15.562385,13700
2017-02-15,15.830000,16.080000,15.470000,16.049999,15.768702,12700
2017-02-16,15.803000,15.925000,15.803000,15.860000,15.582033,10900
2017-02-17,15.910000,16.000000,15.720000,15.970000,15.690105,23300
2017-02-21,16.000000,16.000000,15.800000,15.830000,15.552559,13500
2017-02-22,15.900000,15.900000,15.580000,15.700000,15.424838,21500
2017-02-23,15.610000,15.640000,15.510000,15.540000,15.267642,9700
2017-02-24,15.480000,15.610000,15.471000,15.610000,15.336414,37300
2017-02-27,15.580000,15.710000,15.450000,15.480000,15.208693,24900
2017-02-28,15.270000,15.480000,15.070000,15.440000,15.169394,81400
2017-03-01,15.510000,15.770000,15.510000,15.590000,15.316766,41000
2017-03-02,15.650000,15.650000,15.318000,15.440000,15.169394,31500
2017-03-03,15.500000,15.530000,15.380000,15.440000,15.169394,45500
2017-03-06,15.390000,15.580000,15.360000,15.530000,15.257817,27800
2017-03-07,15.470000,15.810000,15.300000,15.660000,15.385539,28600
2017-03-08,15.780000,15.790000,15.620000,15.620000,15.346239,19200
2017-03-09,15.600000,15.930000,15.600000,15.860000,15.582033,36800
2017-03-10,15.840000,15.900000,15.710000,15.730000,15.454310,30600
2017-03-13,15.700000,15.990000,15.700000,15.790000,15.513259,20100
2017-03-14,15.760000,15.760000,15.470000,15.640000,15.365889,18400
2017-03-15,15.880000,15.880000,15.800000,15.850000,15.572207,19100
2017-03-16,15.840000,15.860000,15.710000,15.770000,15.493611,48800
2017-03-17,15.680000,15.990000,15.680000,15.960000,15.680280,68300
2017-03-20,15.870000,16.000000,15.870000,15.880000,15.601683,10500
2017-03-21,15.650000,15.840000,15.220000,15.220000,14.953251,20500
2017-03-22,15.250000,15.250000,15.040000,15.110000,14.845179,38200
2017-03-23,15.230000,15.280000,15.180000,15.210000,14.943424,7500
2017-03-24,15.450000,15.450000,15.050000,15.130000,14.864827,13100
2017-03-27,15.000000,15.300000,15.000000,15.300000,15.031847,45700
2017-03-28,15.200000,15.470000,15.190000,15.380000,15.110446,22400
2017-03-29,15.340000,15.550000,15.340000,15.410000,15.139918,26300
2017-03-30,15.330000,15.440000,15.280000,15.370000,15.100619,31600
2017-03-31,15.350000,15.620000,15.270000,15.500000,15.228343,34800
2017-04-03,15.540000,15.940000,15.450000,15.900000,15.621332,28500
2017-04-04,15.900000,15.970000,15.520000,15.550000,15.277466,53500
2017-04-05,15.520000,15.670000,15.060000,15.130000,14.864827,35800
2017-04-06,15.400000,15.550000,15.120000,15.470000,15.198868,38800
2017-04-07,15.490000,15.770000,15.250000,15.700000,15.424838,52300
2017-04-10,15.620000,15.860000,15.250000,15.270000,15.002374,19800
2017-04-11,15.260000,15.490000,15.090000,15.490000,15.218517,23900
2017-04-12,15.470000,15.650000,15.240000,15.260000,14.992549,13200
2017-04-13,15.370000,15.390000,15.000000,15.230000,14.963073,49300
2017-04-17,15.230000,15.350000,15.200000,15.260000,14.992549,13400
2017-04-18,15.220000,15.490000,15.210000,15.460000,15.189043,29400
2017-04-19,15.430000,15.540000,15.310000,15.430000,15.159570,37700
2017-04-20,15.410000,15.800000,15.340000,15.770000,15.493611,36700
2017-04-21,15.700000,15.890000,15.650000,15.880000,15.601683,24900
2017-04-24,15.990000,16.150000,15.840000,16.129999,15.847300,47500
2017-04-25,16.160000,16.480000,16.150000,16.389999,16.102743,34900
2017-04-26,16.379999,16.990000,16.360001,16.959999,16.662752,103700
2017-04-27,16.969999,17.240000,16.719999,16.719999,16.426960,36200
2017-04-28,16.719999,16.799999,16.389999,16.459999,16.171516,42400
2017-05-01,16.820000,16.820000,16.420000,16.480000,16.191164,19000
2017-05-02,16.580000,16.910000,16.540001,16.879999,16.584156,18800
2017-05-03,16.820000,16.879999,16.750000,16.809999,16.515385,24000
2017-05-04,16.740000,17.120001,16.740000,16.959999,16.662752,14100
2017-05-05,17.000000,17.000000,16.740000,16.770000,16.476086,13800
2017-05-08,16.820000,16.900000,16.770000,16.790001,16.495735,11800
2017-05-09,16.889999,16.889999,16.730000,16.790001,16.495735,15000
2017-05-10,16.700001,16.770000,16.410000,16.480000,16.191164,27900
2017-05-11,16.520000,16.549999,16.299999,16.320000,16.033974,21800
2017-05-12,16.299999,16.510000,16.170000,16.200001,15.916075,29200
2017-05-15,16.190001,16.440001,16.129999,16.440001,16.151869,31700
2017-05-16,16.500000,16.570000,16.410000,16.480000,16.191164,18000
2017-05-17,16.209999,16.410000,15.770000,15.870000,15.591858,33100
2017-05-18,15.928000,16.330000,15.920000,16.309999,16.024147,23000
2017-05-19,16.260000,16.330000,16.209999,16.219999,15.935723,18300
2017-05-22,16.179001,16.500000,16.170000,16.450001,16.161694,20400
2017-05-23,16.459999,16.665001,16.459999,16.620001,16.328711,27300
2017-05-24,16.799999,16.809999,16.639999,16.639999,16.348362,9400
2017-05-25,16.629999,16.889999,16.510000,16.590000,16.299236,20700
2017-05-26,16.469999,16.549999,16.320000,16.510000,16.220640,18500
2017-05-30,16.459999,16.680000,16.340000,16.400000,16.112568,10100
2017-05-31,16.400000,16.459999,16.270000,16.320000,16.033974,11700
2017-06-01,16.410000,16.690001,16.330000,16.620001,16.328711,19900
2017-06-02,16.639999,16.900000,16.590000,16.740000,16.446609,27500
2017-06-05,16.639999,16.799999,16.625000,16.680000,16.387663,19300
2017-06-06,16.549999,16.830000,16.490000,16.559999,16.269766,13600
2017-06-07,16.650000,16.650000,16.280001,16.379999,16.092918,20600
2017-06-08,16.802000,16.860001,16.520000,16.660000,16.368011,49000
2017-06-09,16.930000,17.120001,16.850000,16.990000,16.692228,28500
2017-06-12,17.040001,17.090000,16.705000,16.830000,16.535032,30900
2017-06-13,16.770000,16.920000,16.770000,16.840000,16.544859,20400
2017-06-14,16.756001,16.900000,16.660000,16.840000,16.544859,14800
2017-06-15,16.670000,16.900000,16.670000,16.879999,16.584156,17200
2017-06-16,16.780001,16.950001,16.780001,16.920000,16.623457,45700
2017-06-19,16.975000,16.975000,16.709999,16.799999,16.505558,8300
2017-06-20,16.730000,16.830000,16.559999,16.629999,16.338539,12300
2017-06-21,16.580000,16.799999,16.530001,16.580000,16.289413,96500
2017-06-22,16.799999,16.799999,16.510000,16.549999,16.259939,10300
2017-06-23,16.805000,16.850000,16.200001,16.219999,15.935723,81700
2017-06-26,16.070000,16.070000,15.880000,15.920000,15.640981,17000
2017-06-27,15.050000,15.860000,15.040000,15.710000,15.434661,16700
2017-06-28,15.620000,16.000000,15.570000,15.970000,15.690105,16600
2017-06-29,16.040001,16.065001,15.850000,15.980000,15.699930,22800
2017-06-30,16.000000,16.000000,15.750000,15.770000,15.493611,11200
2017-07-03,15.800000,15.990000,15.710000,15.970000,15.690105,7200
2017-07-05,15.940000,16.000000,15.620000,15.990000,15.709754,17700
2017-07-06,15.940000,16.040001,15.900000,16.000000,15.719581,9300
2017-07-07,16.000000,16.270000,15.985000,16.070000,15.788353,6700
2017-07-10,15.970000,16.090000,15.870000,15.980000,15.699930,12900
2017-07-11,15.675000,15.990000,15.675000,15.820000,15.542734,8600
2017-07-12,15.690000,16.014999,15.690000,16.000000,15.719581,5400
2017-07-13,15.970000,16.430000,15.720000,16.320000,16.033974,8200
2017-07-14,16.280001,16.280001,15.590000,15.640000,15.365889,7500
2017-07-17,15.590000,15.610000,15.350000,15.370000,15.100619,16100
2017-07-18,15.370000,15.460000,15.250000,15.460000,15.189043,18500
2017-07-19,15.600000,15.690000,15.270000,15.530000,15.257817,13000
2017-07-20,15.490000,15.680000,15.380000,15.560000,15.287292,4700
2017-07-21,15.670000,15.700000,15.400000,15.580000,15.306940,16400
2017-07-24,15.610000,15.620000,15.460000,15.490000,15.218517,11200
2017-07-25,15.640000,15.955000,15.640000,15.780000,15.503435,10500
2017-07-26,15.980000,15.980000,15.700000,15.700000,15.424838,2600
2017-07-27,15.680000,15.760000,15.420000,15.670000,15.395364,10200
2017-07-28,15.690000,15.810000,15.550000,15.710000,15.434661,6500
2017-07-31,15.590000,15.640000,15.240000,15.250000,14.982723,9000
2017-08-01,15.180000,15.790000,15.150000,15.700000,15.424838,6900
2017-08-02,15.590000,15.590000,15.210000,15.260000,14.992549,19400
2017-08-03,15.320000,15.470000,15.148000,15.330000,15.061323,22500
2017-08-04,15.350000,15.520000,15.350000,15.430000,15.159570,10900
2017-08-07,15.430000,15.490000,15.070000,15.350000,15.080972,52000
2017-08-08,15.450000,15.720000,15.450000,15.580000,15.306940,3200
2017-08-09,15.510000,15.750000,15.460000,15.570000,15.297114,13000
2017-08-10,15.480000,15.570000,15.460000,15.500000,15.228343,26900
2017-08-11,15.590000,15.590000,15.410000,15.460000,15.189043,21100
2017-08-14,15.500000,15.920000,15.500000,15.890000,15.611507,26400
2017-08-15,15.890000,16.010000,15.820000,16.000000,15.719581,11300
2017-08-16,16.049999,16.160000,15.950000,16.059999,15.778527,14300
2017-08-17,15.940000,16.070000,15.840000,15.890000,15.611507,13900
2017-08-18,15.770000,15.950000,15.770000,15.950000,15.670456,22300
2017-08-21,15.900000,16.049999,15.850000,15.920000,15.640981,17700
2017-08-22,16.020000,16.040001,15.900000,15.950000,15.670456,21300
2017-08-23,15.790000,15.900000,15.720000,15.760000,15.483787,20300
2017-08-24,15.720000,15.980000,15.580000,15.930000,15.650805,35300
2017-08-25,15.880000,16.000000,15.870000,15.890000,15.611507,14600
2017-08-28,15.980000,15.985000,15.800000,15.810000,15.532909,19900
2017-08-29,15.690000,15.940000,15.690000,15.790000,15.513259,12400
2017-08-30,15.810000,15.890000,15.780000,15.850000,15.572207,8000
2017-08-31,15.810000,16.020000,15.810000,15.860000,15.582033,30200
2017-09-01,15.570000,15.880000,15.570000,15.680000,15.405188,24100
2017-09-05,15.700000,15.740000,15.380000,15.500000,15.228343,27800
2017-09-06,15.500000,15.640000,15.455000,15.520000,15.247993,28000
2017-09-07,15.490000,15.550000,15.340000,15.400000,15.130095,17500
2017-09-08,15.340000,15.470000,15.310000,15.330000,15.061323,9900
2017-09-11,15.310000,15.760000,15.310000,15.600000,15.326591,14600
2017-09-12,15.680000,15.790000,15.650000,15.680000,15.405188,12100
2017-09-13,15.670000,15.920000,15.670000,15.840000,15.562385,16900
2017-09-14,15.750000,15.870000,15.670000,15.780000,15.503435,17000
2017-09-15,15.800000,15.800000,15.540000,15.710000,15.434661,61500
2017-09-18,15.660000,16.080000,15.600000,16.059999,15.778527,20200
2017-09-19,16.049999,16.200001,15.980000,16.120001,15.837475,15800
2017-09-20,16.450001,16.790001,16.299999,16.620001,16.328711,16900
2017-09-21,16.570000,16.830000,16.450001,16.639999,16.348362,10400
2017-09-22,16.360001,16.820000,16.260000,16.299999,16.014320,19800
2017-09-25,16.299999,16.500000,16.299999,16.340000,16.053619,4100
2017-09-26,16.389999,16.889999,16.389999,16.840000,16.544859,8800
2017-09-27,16.910000,17.500000,16.670000,17.350000,17.045921,23700
2017-09-28,17.320000,17.510000,16.000000,17.370001,17.065569,17200
2017-09-29,17.010000,17.280001,16.299999,17.100000,16.800301,11200
2017-10-02,17.160000,17.750000,17.049999,17.719999,17.409433,24500
2017-10-03,17.670000,17.715000,17.350000,17.620001,17.311188,15600
2017-10-04,17.559999,17.760000,17.510000,17.600000,17.291538,12500
2017-10-05,17.600000,17.750000,17.350000,17.440001,17.134340,10500
2017-10-06,17.059999,17.260000,17.023001,17.090000,16.790476,1900
2017-10-09,17.000000,17.160000,16.980000,17.040001,16.741352,15100
2017-10-10,17.090000,17.250000,17.000000,17.250000,16.947674,9800
2017-10-11,17.110001,17.299999,17.000000,17.120001,16.819952,13700
2017-10-12,17.260000,17.260000,16.959999,17.049999,16.751173,8300
2017-10-13,17.070000,17.170000,17.010000,17.010000,16.711878,6900
2017-10-16,17.049999,17.049999,16.600000,16.990000,16.692228,11600
2017-10-17,16.900000,16.900000,16.730000,16.730000,16.436783,3700
2017-10-18,16.740000,17.150000,16.700001,16.760000,16.466259,13300
2017-10-19,16.730000,16.920000,16.625000,16.790001,16.495735,4500
2017-10-20,16.959999,17.080000,16.790001,16.910000,16.613632,7600
2017-10-23,16.639999,16.639999,16.219999,16.469999,16.181343,10900
2017-10-24,16.440001,16.620001,16.290001,16.420000,16.132217,9800
2017-10-25,15.270000,16.879999,15.270000,16.590000,16.299236,16600
2017-10-26,16.700001,16.959999,16.700001,16.850000,16.554682,4300
2017-10-27,16.799999,17.000000,16.799999,17.000000,16.702055,15900
2017-10-30,16.830000,16.910000,16.809999,16.910000,16.613632,8800
2017-10-31,16.910000,17.000000,16.840000,16.920000,16.623457,16800
2017-11-01,17.000000,17.000000,16.879999,16.940001,16.643105,17700
2017-11-02,16.980000,17.469999,16.900000,17.469999,17.163815,6800
2017-11-03,17.190001,17.549999,17.190001,17.410000,17.104868,25200
2017-11-06,17.490000,17.709999,17.430000,17.500000,17.193287,8900
2017-11-07,17.360001,17.370001,17.110001,17.129999,16.829775,14000
2017-11-08,17.070000,17.469999,17.070000,17.320000,17.016445,24300
2017-11-09,17.270000,17.270000,17.090000,17.160000,16.859249,13100
2017-11-10,17.129999,17.660000,17.129999,17.260000,16.957495,17700
2017-11-13,17.190001,17.610001,17.160000,17.490000,17.183462,15500
2017-11-14,17.389999,17.760000,17.389999,17.760000,17.448734,15300
2017-11-15,17.650000,17.760000,17.480000,17.700001,17.389784,21200
2017-11-16,17.750000,17.889999,17.320000,17.730000,17.419258,13300
2017-11-17,17.600000,17.740000,17.290001,17.740000,17.429083,23400
2017-11-20,17.480000,17.850000,17.480000,17.850000,17.537155,7500
2017-11-21,17.900000,18.330000,17.860001,18.030001,17.714003,7400
2017-11-22,17.709999,18.180000,17.709999,18.120001,17.802427,6200
2017-11-24,17.930000,17.930000,17.420000,17.750000,17.438910,5500
2017-11-27,16.620001,17.780001,16.620001,17.610001,17.301361,5900
2017-11-28,16.670000,17.940001,16.670000,17.930000,17.615753,5800
2017-11-29,17.959999,18.350000,17.900000,18.270000,17.949793,28200
2017-11-30,18.299999,18.299999,17.860001,17.900000,17.586277,21800
2017-12-01,17.950001,18.299999,17.719999,18.040001,17.723825,11300
2017-12-04,18.270000,18.270000,17.490000,17.530001,17.222765,7500
2017-12-05,17.530001,17.530001,17.110001,17.110001,16.810127,8300
2017-12-06,17.100000,17.150000,16.965000,17.030001,16.731531,17200
2017-12-07,17.090000,17.129999,16.959999,16.969999,16.672579,14300
2017-12-08,16.898001,16.980000,16.750000,16.760000,16.466259,8600
2017-12-11,16.920000,16.920000,16.570000,16.670000,16.377838,9800
2017-12-12,16.780001,16.832001,16.680000,16.719999,16.426960,8300
2017-12-13,16.360001,16.900000,16.250000,16.719999,16.426960,11900
2017-12-14,16.750000,16.940001,16.580000,16.650000,16.358185,20700
2017-12-15,16.530001,17.049999,16.530001,16.889999,16.593981,72400
2017-12-18,16.969999,17.014000,16.670000,16.820000,16.525206,16200
2017-12-19,17.000000,17.000000,16.610001,16.650000,16.358185,7300
2017-12-20,16.500000,16.570000,16.020000,16.059999,15.778527,12000
2017-12-21,16.129999,16.400000,16.129999,16.219999,15.935723,26700
2017-12-22,16.230000,16.240000,16.059999,16.150000,15.866950,31800
2017-12-26,16.190001,16.295000,16.174999,16.250000,15.965199,27100
2017-12-27,16.290001,16.385000,16.250000,16.250000,15.965199,17700
2017-12-28,16.250000,16.299999,16.150000,16.290001,16.004499,20800
2017-12-29,16.299999,16.500000,16.200001,16.299999,16.014320,36400
2018-01-02,16.299999,16.500000,16.230000,16.309999,16.024147,13200
2018-01-03,16.250000,16.450001,16.200001,16.340000,16.053619,9100
2018-01-04,16.330000,16.799999,16.330000,16.740000,16.446609,10300
2018-01-05,16.780001,16.780001,16.520000,16.670000,16.377838,11600
2018-01-08,16.580000,16.620001,16.480000,16.559999,16.269766,7900
2018-01-09,16.660000,16.799999,16.510000,16.510000,16.220640,2800
2018-01-10,16.510000,16.629999,16.500000,16.559999,16.269766,5400
2018-01-11,16.540001,16.740000,16.530001,16.740000,16.446609,2900
2018-01-12,16.629999,16.980000,16.629999,16.950001,16.652931,5900
2018-01-16,16.950001,17.100000,16.830000,16.920000,16.623457,9600
2018-01-17,16.820000,16.990000,16.760000,16.990000,16.692228,6300
2018-01-18,16.830000,16.871000,16.799999,16.820000,16.525206,3300
2018-01-19,16.820000,17.090000,16.809999,17.090000,16.790476,13900
2018-01-22,17.100000,17.100000,16.934999,17.090000,16.790476,6700
2018-01-23,17.080000,17.200001,17.000000,17.190001,16.888723,8100
2018-01-24,17.200001,17.200001,16.790001,17.010000,16.711878,12900
2018-01-25,17.150000,17.150000,16.950001,17.040001,16.741352,9100
2018-01-26,16.990000,17.070000,16.910000,16.940001,16.643105,5500
2018-01-29,17.000000,17.090000,16.870001,16.969999,16.672579,4700
2018-01-30,16.969999,17.070000,16.940001,16.990000,16.692228,15000
2018-01-31,16.959999,17.070000,16.950001,16.950001,16.652931,6200
2018-02-01,16.910000,17.000000,16.910000,17.000000,16.702055,4200
2018-02-02,16.900000,17.020000,16.900000,16.959999,16.662752,11700
2018-02-05,16.799999,17.010000,16.316999,16.360001,16.073271,16000
2018-02-06,16.250000,16.580000,16.200001,16.219999,15.935723,24100
2018-02-07,16.200001,16.540001,16.200001,16.520000,16.230465,10200
2018-02-08,16.490000,16.879999,16.219999,16.330000,16.043797,17200
2018-02-09,16.600000,16.620001,16.150000,16.410000,16.122393,18100
2018-02-12,16.480000,16.480000,16.200001,16.240000,15.955375,8300
2018-02-13,16.139999,16.250000,16.100000,16.110001,15.827652,7900
2018-02-14,16.100000,16.379999,16.100000,16.230000,15.945550,23000
2018-02-15,16.100000,16.170000,16.100000,16.170000,15.886601,17200
2018-02-16,16.100000,16.500000,16.100000,16.440001,16.151869,10600
2018-02-20,16.320000,16.480000,16.020000,16.020000,15.739229,15600
2018-02-21,16.090000,16.343000,16.010000,16.150000,15.866950,20000
2018-02-22,16.139999,16.160000,15.870000,16.020000,15.739229,118200
2018-02-23,16.080000,16.110001,15.860000,16.080000,15.798178,79300
2018-02-26,16.080000,16.139999,16.020000,16.049999,15.768702,32000
2018-02-27,16.100000,16.250000,16.000000,16.000000,15.719581,49400
2018-02-28,16.010000,16.100000,15.980000,16.000000,15.719581,43200
2018-03-01,16.010000,16.120001,15.910000,15.990000,15.709754,35500
2018-03-02,15.930000,16.090000,15.870000,16.030001,15.749054,16400
2018-03-05,15.940000,16.129999,15.880000,16.010000,15.729404,28600
2018-03-06,16.020000,16.139999,16.010000,16.040001,15.758881,37500
2018-03-07,15.960000,16.420000,15.960000,16.299999,16.014320,127500
2018-03-08,16.320000,16.660000,16.139999,16.590000,16.299236,14800
2018-03-09,16.650000,17.150000,16.520000,17.150000,16.849422,25400
2018-03-12,17.100000,17.129999,16.790001,17.070000,16.770826,26500
2018-03-13,17.129999,17.190001,16.920000,17.170000,16.869074,25700
2018-03-14,17.200001,17.200001,16.930000,17.139999,16.839600,31000
2018-03-15,17.160000,17.215000,17.020000,17.209999,16.908371,21100
2018-03-16,17.170000,17.250000,17.170000,17.240000,16.937847,46700
2018-03-19,17.240000,17.650000,17.209999,17.590000,17.281715,28200
2018-03-20,17.650000,17.650000,17.469999,17.620001,17.311188,11700
2018-03-21,17.430000,17.600000,17.270000,17.420000,17.114693,16500
2018-03-22,17.320000,17.440001,16.930000,16.930000,16.633278,21100
2018-03-23,17.030001,17.200001,16.700001,16.700001,16.407312,17600
2018-03-26,15.890000,16.950001,15.890000,16.830000,16.535032,14900
2018-03-27,16.730000,16.910000,16.260000,16.320000,16.033974,9000
2018-03-28,16.430000,16.610001,16.264000,16.469999,16.181343,8200
2018-03-29,16.590000,17.090000,16.590000,16.889999,16.593981,37000
2018-04-02,16.879999,16.879999,16.110001,16.270000,15.984847,12100
2018-04-03,16.330000,16.559999,16.000000,16.040001,15.758881,16700
2018-04-04,16.459999,16.559999,16.000000,16.200001,15.916075,10100
2018-04-05,16.010000,16.520000,16.010000,16.330000,16.043797,9000
2018-04-06,16.299999,16.790001,16.299999,16.719999,16.426960,12000
2018-04-09,16.750000,16.950001,16.120001,16.700001,16.407312,15800
2018-04-10,16.600000,16.940001,16.549999,16.830000,16.535032,4300
2018-04-11,16.448999,17.040001,16.448999,17.040001,16.741352,9100
2018-04-12,16.990000,16.990000,16.684999,16.889999,16.593981,4600
2018-04-13,16.950001,17.120001,16.940001,16.969999,16.672579,9800
2018-04-16,16.379999,17.000000,16.379999,16.930000,16.633278,7200
2018-04-17,17.129999,17.340000,16.980000,17.030001,16.731531,5700
2018-04-18,16.809999,17.040001,16.799999,17.010000,16.711878,5100
2018-04-19,16.969999,17.150000,16.900000,17.059999,16.761002,6900
2018-04-20,16.959999,17.075001,16.920000,16.920000,16.623457,8700
2018-04-23,16.340000,16.910000,16.340000,16.740000,16.446609,1900
2018-04-24,16.879999,17.070000,16.754999,16.930000,16.633278,5100
2018-04-25,17.040001,17.150000,16.690001,17.020000,16.721703,4500
2018-04-26,16.420000,16.790001,16.410000,16.790001,16.495735,2800
2018-04-27,16.719999,16.719999,16.059999,16.059999,15.778527,4300
2018-04-30,15.950000,16.160000,15.935000,16.070000,15.788353,8800
2018-05-01,16.230000,16.500000,15.980000,16.469999,16.181343,5700
2018-05-02,16.350000,16.530001,16.350000,16.379999,16.092918,10800
2018-05-03,16.391001,16.393000,15.991000,16.330000,16.043797,8400
2018-05-04,16.080000,16.490000,16.070000,16.459999,16.171516,7200
2018-05-07,16.320000,16.469999,16.299999,16.440001,16.151869,8300
2018-05-08,16.490000,16.709999,16.120001,16.590000,16.299236,12300
2018-05-09,16.209999,16.920000,16.209999,16.809999,16.515385,10500
2018-05-10,16.290001,16.920000,16.290001,16.700001,16.407312,24300
2018-05-11,16.799999,16.969999,16.600000,16.660000,16.368011,13700
2018-05-14,16.629999,16.629999,16.290001,16.320000,16.033974,7600
2018-05-15,16.690001,16.690001,16.326000,16.530001,16.240292,10900
2018-05-16,16.590000,16.639999,16.500000,16.530001,16.240292,12700
2018-05-17,16.620001,16.750000,16.540001,16.670000,16.377838,10700
2018-05-18,16.730000,16.820000,16.270000,16.370001,16.083092,18700
2018-05-21,16.450001,16.610001,16.230000,16.610001,16.318888,16000
2018-05-22,16.570000,16.790001,16.549999,16.559999,16.269766,9600
2018-05-23,16.670000,16.780001,16.260000,16.740000,16.446609,15800
2018-05-24,16.590000,16.969999,16.590000,16.920000,16.623457,6200
2018-05-25,16.709999,16.719999,16.309999,16.520000,16.230465,18200
2018-05-29,16.450001,16.450001,16.059999,16.280001,15.994674,22500
2018-05-30,16.450001,16.590000,16.180000,16.200001,15.916075,19100
2018-05-31,16.150000,16.379999,16.100000,16.309999,16.024147,13200
2018-06-01,16.530001,16.650000,16.430000,16.530001,16.240292,11700
2018-06-04,16.590000,16.620001,16.459999,16.490000,16.200991,15300
2018-06-05,16.490000,16.549999,16.170000,16.290001,16.004499,35600
2018-06-06,16.430000,16.584999,16.330000,16.480000,16.191164,22600
2018-06-07,16.440001,16.540001,16.209999,16.469999,16.181343,13000
2018-06-08,16.620001,16.620001,16.320000,16.400000,16.112568,24800
2018-06-11,16.360001,16.490000,16.250000,16.280001,15.994674,14300
2018-06-12,16.209999,16.309999,16.049999,16.100000,15.817827,18700
2018-06-13,16.070000,16.280001,15.980000,16.170000,15.886601,26700
2018-06-14,16.135000,16.290001,16.049999,16.230000,15.945550,21500
2018-06-15,16.139999,16.639999,16.129999,16.520000,16.230465,35200
2018-06-18,16.620001,16.620001,16.230000,16.490000,16.200991,15400
2018-06-19,16.360001,16.490000,16.150000,16.370001,16.083092,17200
2018-06-20,16.430000,16.469999,16.110001,16.420000,16.132217,21600
2018-06-21,16.510000,16.510000,16.240000,16.370001,16.083092,13900
2018-06-22,16.219999,16.440001,16.059999,16.120001,15.837475,80800
2018-06-25,16.209999,16.480000,16.100000,16.120001,15.837475,22000
2018-06-26,16.250000,16.440001,16.120001,16.240000,15.955375,12800
2018-06-27,16.250000,16.520000,16.090000,16.160000,15.876776,16800
2018-06-28,16.070000,16.389999,16.070000,16.240000,15.955375,11800
2018-06-29,16.270000,16.299999,15.930000,15.970000,15.690105,16700
2018-07-02,16.020000,16.120001,16.010000,16.070000,15.788353,5700
2018-07-03,16.040001,16.190001,16.030001,16.160000,15.876776,6700
2018-07-05,16.230000,16.240000,16.051001,16.070000,15.788353,8000
2018-07-06,16.059999,16.230000,16.049999,16.230000,15.945550,6600
2018-07-09,16.299999,16.299999,16.080000,16.100000,15.817827,8000
2018-07-10,16.153000,16.340000,16.049999,16.059999,15.778527,5500
2018-07-11,16.090000,16.240000,16.090000,16.110001,15.827652,5600
2018-07-12,16.110001,16.110001,16.000000,16.080000,15.798178,10300
2018-07-13,16.180000,16.180000,15.920000,16.030001,15.749054,5000
2018-07-16,16.049999,16.150000,15.835000,15.920000,15.640981,11300
2018-07-17,15.895000,15.930000,15.250000,15.410000,15.139918,37500
2018-07-18,15.350000,15.640000,15.160000,15.590000,15.316766,18900
2018-07-19,15.540000,15.767000,15.500000,15.690000,15.415011,14400
2018-07-20,15.710000,16.170000,15.390000,16.110001,15.827652,9000
2018-07-23,16.240000,16.240000,15.840000,15.990000,15.709754,5300
2018-07-24,15.910000,16.250000,15.900000,16.150000,15.866950,11400
2018-07-25,16.250000,16.250000,16.000000,16.110001,15.827652,6000
2018-07-26,16.250000,16.250000,16.195000,16.250000,15.965199,4200
2018-07-27,16.250000,16.320000,16.160000,16.200001,15.916075,23500
2018-07-30,15.990000,16.280001,15.990000,16.049999,15.768702,10500
2018-07-31,16.051001,16.250000,16.051001,16.180000,15.896424,21000
2018-08-01,15.840000,16.250000,15.840000,16.120001,15.837475,16000
2018-08-02,16.170000,16.250000,15.950000,15.950000,15.670456,15900
2018-08-03,15.940000,16.200001,15.760000,15.900000,15.621332,14700
2018-08-06,15.850000,16.120001,15.850000,16.040001,15.758881,7900
2018-08-07,16.059999,16.110001,15.900000,16.110001,15.827652,15400
2018-08-08,15.885000,16.139999,15.885000,16.030001,15.749054,14400
2018-08-09,16.110001,16.139999,16.049999,16.049999,15.768702,10300
2018-08-10,15.920000,16.139999,15.830000,15.920000,15.640981,23200
2018-08-13,16.000000,16.100000,15.810000,15.900000,15.621332,13700
2018-08-14,15.810000,16.139999,15.810000,16.070000,15.788353,12900
2018-08-15,16.110001,16.150000,15.950000,16.000000,15.719581,29300
2018-08-16,16.200001,16.299999,16.030001,16.260000,15.975023,24900
2018-08-17,16.160000,16.430000,16.090000,16.309999,16.024147,26800
2018-08-20,16.250000,16.549999,16.250000,16.389999,16.102743,16100
2018-08-21,16.299999,16.750000,16.299999,16.690001,16.397490,24700
2018-08-22,16.750000,16.750000,16.480000,16.629999,16.338539,21600
2018-08-23,16.590000,16.750000,16.570000,16.700001,16.407312,23700
2018-08-24,16.620001,16.705000,16.620001,16.670000,16.377838,21100
2018-08-27,16.780001,16.980000,16.530001,16.530001,16.240292,14800
2018-08-28,16.639999,16.725000,16.520000,16.629999,16.338539,19600
2018-08-29,16.520000,16.750000,16.520000,16.670000,16.377838,14900
2018-08-30,16.750000,16.780001,16.610001,16.629999,16.338539,15100
2018-08-31,16.570000,16.745001,16.570000,16.740000,16.446609,10200
2018-09-04,16.750000,16.750000,16.580000,16.700001,16.407312,37700
2018-09-05,16.580000,16.700001,16.280001,16.500000,16.210815,15700
2018-09-06,16.490000,16.730000,16.490000,16.620001,16.328711,18000
2018-09-07,16.309999,16.660000,16.309999,16.500000,16.210815,8600
2018-09-10,16.680000,16.690001,16.530001,16.690001,16.397490,10700
2018-09-11,16.690001,16.690001,16.365000,16.540001,16.250114,14400
2018-09-12,16.440001,16.500000,16.170000,16.170000,15.886601,22700
2018-09-13,16.020000,16.240000,15.810000,16.200001,15.916075,31200
2018-09-14,16.200001,16.424999,16.200001,16.230000,15.945550,12500
2018-09-17,16.219999,16.370001,15.830000,15.900000,15.621332,7800
2018-09-18,15.850000,15.850000,15.270000,15.320000,15.051497,10000
2018-09-19,15.220000,15.570000,15.050000,15.300000,15.031847,15000
2018-09-20,15.400000,15.510000,15.220000,15.310000,15.041674,9900
2018-09-21,15.280000,15.390000,15.210000,15.340000,15.071148,79800
2018-09-24,15.300000,15.370000,15.229000,15.310000,15.041674,34400
2018-09-25,15.300000,15.555000,15.250000,15.360000,15.090797,41200
2018-09-26,15.340000,15.585000,15.340000,15.560000,15.287292,8500
2018-09-27,15.600000,15.600000,15.280000,15.350000,15.080972,20800
2018-09-28,15.350000,15.570000,15.280000,15.400000,15.130095,20200
2018-10-01,15.800000,15.800000,15.410000,15.440000,15.169394,40700
2018-10-02,15.360000,15.620000,15.360000,15.480000,15.208693,54600
2018-10-03,15.510000,15.650000,15.435000,15.570000,15.297114,32800
2018-10-04,15.480000,15.720000,15.407000,15.580000,15.306940,22300
2018-10-05,15.500000,15.740000,15.500000,15.510000,15.238166,13900
2018-10-08,15.420000,15.690000,15.420000,15.600000,15.326591,13600
2018-10-09,15.670000,15.690000,15.530000,15.550000,15.277466,29800
2018-10-10,15.600000,15.645000,15.440000,15.460000,15.189043,14800
2018-10-11,15.440000,15.570000,15.250000,15.300000,15.031847,19500
2018-10-12,15.300000,15.535000,15.000000,15.000000,14.737106,42600
2018-10-15,15.010000,15.110000,14.646000,14.940000,14.678158,19300
2018-10-16,14.910000,15.420000,14.730000,15.280000,15.012198,24200
2018-10-17,15.170000,15.363000,15.160000,15.260000,14.992549,22100
2018-10-18,15.260000,15.270000,14.850000,14.980000,14.717456,11500
2018-10-19,14.910000,15.060000,14.550000,14.590000,14.334291,24400
2018-10-22,14.620000,15.000000,14.428000,14.830000,14.570085,25200
2018-10-23,14.830000,14.830000,14.230000,14.330000,14.078849,13800
2018-10-24,14.287000,14.330000,13.720000,13.730000,13.489365,39100
2018-10-25,13.840000,14.180000,13.561000,13.970000,13.725157,59400
2018-10-26,14.060000,14.430000,13.860000,14.120000,13.872529,19200
2018-10-29,14.260000,14.935000,13.820000,14.470000,14.216394,21300
2018-10-30,14.460000,14.675000,14.150000,14.550000,14.294993,32500
2018-10-31,14.660000,14.935000,14.450000,14.600000,14.344117,26600
2018-11-01,14.680000,14.930000,14.400000,14.700000,14.442363,48400
2018-11-02,14.830000,15.190000,14.790000,15.030000,14.766579,52000
2018-11-05,15.040000,15.280000,15.040000,15.170000,14.904127,18200
2018-11-06,15.170000,15.520000,15.115000,15.260000,14.992549,17900
2018-11-07,15.290000,15.431000,15.290000,15.350000,15.080972,10300
2018-11-08,15.050000,15.580000,15.036000,15.480000,15.208693,14700
2018-11-09,15.470000,15.600000,15.360000,15.450000,15.179219,38400
2018-11-12,15.350000,15.520000,15.280000,15.340000,15.071148,22000
2018-11-13,15.330000,15.560000,15.260000,15.520000,15.247993,10200
2018-11-14,15.600000,15.600000,15.220000,15.320000,15.051497,13100
2018-11-15,15.280000,15.570000,15.250000,15.420000,15.149745,6200
2018-11-16,15.390000,15.480000,15.250000,15.260000,14.992549,30700
2018-11-19,15.220000,15.400000,15.190000,15.260000,14.992549,13300
2018-11-20,15.250000,15.525000,15.080000,15.230000,14.963073,64500
2018-11-21,15.210000,15.490000,15.120000,15.290000,15.022022,14100
2018-11-23,15.280000,15.440000,15.150000,15.440000,15.169394,9700
2018-11-26,15.440000,15.470000,15.260000,15.410000,15.139918,39900
2018-11-27,15.430000,15.530000,15.250000,15.260000,14.992549,26000
2018-11-28,15.380000,15.500000,15.360000,15.440000,15.169394,25000
2018-11-29,15.300000,15.740000,15.300000,15.490000,15.248144,22000
2018-11-30,15.490000,15.750000,15.400000,15.480000,15.238300,20700
2018-12-03,15.560000,15.700000,15.260000,15.590000,15.346584,15800
2018-12-04,15.450000,15.470000,15.110000,15.110000,14.874079,22400
2018-12-06,14.980000,15.300000,14.860000,14.930000,14.696888,21500
2018-12-07,15.010000,15.088000,14.800000,15.040000,14.805171,28000
2018-12-10,14.990000,15.390000,14.850000,15.080000,14.844546,35200
2018-12-11,14.900000,15.240000,14.900000,15.200000,14.962673,14300
2018-12-12,15.250000,15.480000,15.110000,15.220000,14.982362,29200
2018-12-13,15.080000,15.290000,15.080000,15.150000,14.913453,21700
2018-12-14,15.250000,15.300000,15.150000,15.170000,14.933142,24300
2018-12-17,15.170000,15.410000,15.050000,15.070000,14.834701,18700
2018-12-18,15.210000,15.250000,15.010000,15.110000,14.874079,32700
2018-12-19,15.000000,15.300000,15.000000,15.140000,14.903610,21300
2018-12-20,15.150000,15.250000,14.870000,15.215000,14.977438,40100
2018-12-21,15.200000,15.300000,15.060000,15.260000,15.021736,38000
2018-12-24,15.210000,15.280000,14.860000,14.860000,14.627980,8600
2018-12-26,15.040000,15.250000,14.700000,15.150000,14.913453,34200
2018-12-27,14.960000,15.460000,14.960000,15.460000,15.218613,38900
2018-12-28,15.450000,15.450000,15.150000,15.150000,14.913453,25800
2018-12-31,15.220000,15.370000,14.700000,14.830000,14.598450,33200
2019-01-02,14.800000,15.200000,14.800000,15.200000,14.962673,10800
2019-01-03,15.190000,15.360000,15.150000,15.250000,15.011891,23700
2019-01-04,15.380000,15.480000,15.250000,15.310000,15.070956,22600
2019-01-07,15.220000,15.580000,15.210000,15.300000,15.061110,14600
2019-01-08,15.311000,15.480000,15.311000,15.430000,15.189082,4800
2019-01-09,15.420000,15.530000,15.300000,15.520000,15.277678,6000
2019-01-10,15.370000,15.760000,15.270000,15.340000,15.100488,5400
2019-01-11,15.280000,15.520000,15.260000,15.310000,15.070956,4900
2019-01-14,15.180000,15.560000,15.180000,15.260000,15.021736,10100
2019-01-15,15.270000,15.575000,15.220000,15.360000,15.120175,14200
2019-01-16,15.530000,15.530000,15.290000,15.400000,15.159550,12800
2019-01-17,15.410000,15.540000,15.330000,15.330000,15.090644,8300
2019-01-18,15.350000,15.530000,15.270000,15.310000,15.070956,60300
2019-01-22,15.320000,15.480000,15.200000,15.280000,15.041424,14300
2019-01-23,15.360000,15.380000,15.180000,15.350000,15.110331,17300
2019-01-24,15.240000,15.410000,15.240000,15.410000,15.169393,3500
2019-01-25,15.320000,15.400000,15.150000,15.230000,14.992203,20300
2019-01-28,15.220000,15.290000,15.200000,15.240000,15.002048,11900
2019-01-29,15.220000,15.420000,15.220000,15.270000,15.031580,11800
2019-01-30,15.190000,15.460000,15.190000,15.460000,15.218613,9200
2019-01-31,15.300000,15.370000,15.180000,15.270000,15.031580,16300
2019-02-01,15.220000,15.380000,15.080000,15.270000,15.031580,10200
2019-02-04,15.370000,15.500000,15.370000,15.500000,15.257989,6500
2019-02-05,15.600000,15.600000,15.430000,15.430000,15.189082,91200
2019-02-06,15.520000,15.680000,15.520000,15.640000,15.395802,12600
2019-02-07,15.850000,15.920000,15.490000,15.620000,15.376115,29500
2019-02-08,15.690000,15.800000,15.590000,15.690000,15.445021,14200
2019-02-11,15.899000,16.000000,15.600000,15.920000,15.671431,41300
2019-02-12,15.910000,16.120001,15.830000,15.940000,15.691119,16200
2019-02-13,15.950000,16.020000,15.780000,15.960000,15.710806,17100
2019-02-14,15.950000,15.980000,15.820000,15.860000,15.612368,20400
2019-02-15,15.980000,16.090000,15.930000,15.930000,15.681274,23500
2019-02-19,15.960000,16.129999,15.930000,15.990000,15.740337,15700
2019-02-20,15.610000,16.360001,15.610000,16.100000,15.848621,21000
2019-02-21,16.030001,16.400000,16.030001,16.230000,15.976592,11400
2019-02-22,16.059999,16.490000,16.059999,16.490000,16.232531,18100
2019-02-25,16.135000,16.620001,16.120001,16.250000,15.996280,27300
2019-02-26,16.320000,16.600000,16.260000,16.459999,16.202999,22600
2019-02-27,16.370001,16.650000,16.370001,16.559999,16.301439,11400
2019-02-28,16.160000,16.495001,16.120001,16.120001,15.868307,25200
2019-03-01,15.540000,16.400000,15.540000,16.200001,15.947060,26800
2019-03-04,16.160000,16.530001,15.980000,16.020000,15.769870,27800
2019-03-05,16.129999,16.129999,15.750000,15.880000,15.632055,17800
2019-03-06,15.780000,15.880000,15.550000,15.550000,15.307208,16100
2019-03-07,15.510000,15.760000,15.380000,15.420000,15.208580,22700
2019-03-08,15.420000,15.920000,15.420000,15.660000,15.445290,8900
2019-03-11,15.800000,16.100000,15.800000,16.090000,15.869392,16600
2019-03-12,16.090000,16.090000,15.930000,15.930000,15.711587,13900
2019-03-13,16.070000,16.100000,15.990000,16.020000,15.800353,14500
2019-03-14,15.807000,15.970000,15.807000,15.880000,15.662272,3000
2019-03-15,15.910000,16.209999,15.910000,16.040001,15.820081,60700
2019-03-18,16.280001,16.280001,15.975000,16.080000,15.859530,4900
2019-03-19,16.110001,16.110001,15.782000,15.870000,15.652410,10900
2019-03-20,15.730000,15.850000,15.692000,15.730000,15.514328,5200
2019-03-21,15.470000,15.470000,14.970000,15.280000,15.070499,8800
2019-03-22,15.110000,15.340000,14.590000,14.700000,14.498450,26600
2019-03-25,14.800000,15.613000,14.800000,15.340000,15.129677,14700
2019-03-26,15.330000,15.550000,15.310000,15.540000,15.326934,9500
2019-03-27,15.400000,15.490000,15.200000,15.400000,15.188853,7000
2019-03-28,15.490000,15.730000,15.405000,15.500000,15.287483,17900
2019-03-29,15.420000,15.920000,15.370000,15.570000,15.356522,47000
2019-04-01,15.760000,15.900000,15.570000,15.710000,15.494602,17500
2019-04-02,15.940000,16.145000,15.878000,16.100000,15.879257,10500
2019-04-03,16.180000,16.549999,16.040001,16.129999,15.908844,22400
2019-04-04,16.368000,16.379999,16.030001,16.190001,15.968023,11700
2019-04-05,15.965000,16.350000,15.965000,16.350000,16.125832,6700
2019-04-08,16.350000,16.350000,16.100000,16.110001,15.889120,13200
2019-04-09,16.170000,16.280001,15.970000,15.970000,15.751039,5600
2019-04-10,16.120001,16.250000,15.910000,16.250000,16.027201,5300
2019-04-11,15.860000,16.260000,15.860000,16.020000,15.800353,3700
2019-04-12,16.129999,16.290001,15.940000,16.000000,15.780628,10200
2019-04-15,15.900000,16.180000,15.760000,15.800000,15.583369,9800
2019-04-16,15.930000,16.139999,15.840000,16.000000,15.780628,8700
2019-04-17,16.080000,16.200001,15.830000,16.030001,15.810216,9800
2019-04-18,15.910000,16.110001,15.720000,16.110001,15.889120,6000
2019-04-22,16.020000,16.020000,15.830000,15.830000,15.612958,1500
2019-04-23,15.940000,16.049999,15.600000,15.960000,15.741175,6600
2019-04-24,15.220000,15.805000,15.220000,15.500000,15.287483,17700
2019-04-25,15.290000,16.030001,15.290000,15.850000,15.632683,8700
2019-04-26,16.020000,16.030001,15.930000,16.030001,15.810216,8000
2019-04-29,15.935000,16.190001,15.925000,16.190001,15.968023,10800
2019-04-30,16.070999,16.280001,16.070999,16.280001,16.056789,14300
2019-05-01,16.080000,16.080000,15.950000,16.040001,15.820081,8300
2019-05-02,16.270000,16.270000,15.960000,15.960000,15.741175,6200
2019-05-03,16.209999,16.299999,16.100000,16.270000,16.046925,9500
2019-05-06,16.250000,16.270000,16.040001,16.120001,15.898981,6900
2019-05-07,16.200001,16.219999,16.059999,16.110001,15.889120,8200
2019-05-08,16.200001,16.257999,16.000000,16.070000,15.849668,13000
2019-05-09,16.070000,16.299999,16.070000,16.120001,15.898981,8600
2019-05-10,16.049999,16.309999,16.049999,16.280001,16.056789,8000
2019-05-13,15.980000,16.180000,15.980000,16.100000,15.879257,9500
2019-05-14,16.110001,16.250000,16.110001,16.250000,16.027201,4400
2019-05-15,16.180000,16.280001,16.000999,16.280001,16.056789,8400
2019-05-16,16.200001,16.225000,16.040001,16.040001,15.820081,11400
2019-05-17,16.070000,16.200001,16.070000,16.100000,15.879257,6500
2019-05-20,15.968000,16.200001,15.968000,16.059999,15.839804,6500
2019-05-21,16.111000,16.270000,16.111000,16.250000,16.027201,7800
2019-05-22,16.190001,16.240000,16.049999,16.240000,16.017338,5500
2019-05-23,16.070000,16.230000,15.970000,15.970000,15.751039,9700
2019-05-24,15.920000,16.184999,15.920000,16.150000,15.928570,7600
2019-05-28,16.000000,16.150000,16.000000,16.090000,15.869392,12500
2019-05-29,16.040001,16.150000,15.950000,16.040001,15.820081,13000
2019-05-30,16.030001,16.180000,15.860000,16.180000,15.958158,18800
2019-05-31,16.000000,16.143000,16.000000,16.059999,15.839804,9500
2019-06-03,15.770000,16.250000,15.710000,16.200001,15.977885,34900
2019-06-04,16.250000,16.350000,16.100000,16.299999,16.076511,13300
2019-06-05,16.219999,16.340000,16.059999,16.059999,15.839804,6900
2019-06-06,15.600000,16.020000,15.600000,16.020000,15.829924,2200
2019-06-07,15.630000,16.200001,15.575000,16.110001,15.918856,7100
2019-06-10,15.710000,16.230000,15.710000,16.219999,16.027550,11900
2019-06-11,16.055000,16.309999,16.049999,16.299999,16.106600,8200
2019-06-12,16.250000,16.250000,16.190001,16.200001,16.007788,4200
2019-06-13,16.049999,16.250000,16.049999,16.250000,16.057196,8700
2019-06-14,16.120001,16.299999,16.120001,16.209999,16.017668,7000
2019-06-17,16.200001,16.290001,16.180000,16.240000,16.047314,3200
2019-06-18,16.090000,16.299999,16.090000,16.250000,16.057196,4000
2019-06-19,16.090000,16.459999,16.090000,16.430000,16.235060,25200
2019-06-20,16.420000,16.490000,16.260000,16.469999,16.274584,15600
2019-06-21,16.290001,16.450001,16.120001,16.400000,16.205414,21100
2019-06-24,16.129999,16.400000,16.120001,16.150000,15.958381,9200
2019-06-25,16.350000,16.360001,16.004000,16.260000,16.067076,3400
2019-06-26,16.020000,16.020000,16.020000,16.020000,15.829924,1700
2019-06-27,15.970000,16.280001,15.970000,16.280001,16.086840,15900
2019-06-28,16.260000,16.350000,16.110001,16.250000,16.057196,53200
2019-07-01,16.260000,16.350000,16.200001,16.350000,16.156010,10400
2019-07-02,16.350000,16.370001,16.170000,16.290001,16.096720,17700
2019-07-03,16.120001,16.400000,16.120001,16.400000,16.205414,8800
2019-07-05,16.389999,16.500000,16.240000,16.410000,16.215296,11200
2019-07-08,16.340000,16.400000,16.260000,16.260000,16.067076,5000
2019-07-09,15.860000,16.400000,15.860000,16.299999,16.106600,5800
2019-07-10,15.920000,16.330000,15.920000,16.180000,15.988025,5000
2019-07-11,15.420000,16.270000,15.420000,16.270000,16.076960,6900
2019-07-12,16.160000,16.330000,16.150000,16.150000,15.958381,7800
2019-07-15,16.090000,16.180000,16.090000,16.160000,15.968264,3300
2019-07-16,16.180000,16.180000,16.090000,16.180000,15.988025,2200
2019-07-17,16.170000,16.180000,16.090000,16.090000,15.899092,7900
2019-07-18,16.174000,16.240000,16.090000,16.209999,16.017668,4400
2019-07-19,16.129999,16.240000,16.049999,16.049999,15.859566,7600
2019-07-22,16.215000,16.219999,16.020000,16.090000,15.899092,5800
2019-07-23,16.108000,16.205000,16.090000,16.090000,15.899092,2100
2019-07-24,16.090000,16.120001,16.034000,16.080000,15.889211,13400
2019-07-25,16.082001,16.250000,16.082001,16.100000,15.908976,3600
2019-07-26,16.150000,16.209999,16.150000,16.200001,16.007788,8000
2019-07-29,16.160000,16.200001,16.049999,16.080000,15.889211,8600
2019-07-30,16.090000,16.240000,16.010000,16.190001,15.997908,10800
2019-07-31,16.129999,16.400000,16.070000,16.070000,15.879331,15700
2019-08-01,16.150000,16.250000,16.040001,16.040001,15.849688,10300
2019-08-02,15.970000,16.350000,15.970000,16.299999,16.106600,17800
2019-08-05,16.049999,16.280001,15.940000,16.100000,15.908976,34900
2019-08-06,16.110001,16.230000,16.000000,16.200001,16.007788,24500
2019-08-07,16.090000,16.280001,16.090000,16.139999,15.948498,14400
2019-08-08,16.280001,16.299999,16.080000,16.080000,15.889211,10800
2019-08-09,16.120001,16.200001,16.070000,16.090000,15.899092,6500
2019-08-12,16.100000,16.200001,16.100000,16.120001,15.928738,5400
2019-08-13,16.120001,16.260000,16.120001,16.250000,16.057196,8200
2019-08-14,16.120001,16.200001,16.000000,16.000000,15.810161,17600
2019-08-15,16.070000,16.170000,15.896000,16.090000,15.899092,29700
2019-08-16,16.059999,16.250000,16.059999,16.209999,16.017668,9100
2019-08-19,16.230000,16.299999,16.100000,16.299999,16.106600,9600
2019-08-20,16.290001,16.299999,16.195000,16.280001,16.086840,8600
2019-08-21,16.260000,16.280001,16.070000,16.110001,15.918856,6100
2019-08-22,16.129999,16.160999,16.110001,16.110001,15.948555,12900
2019-08-23,16.090000,16.159000,15.720000,15.870000,15.710959,16000
2019-08-26,15.900000,16.299999,15.900000,16.299999,16.136648,21800
2019-08-27,16.250000,16.250000,15.960000,15.960000,15.800057,12600
2019-08-28,15.955000,16.139999,15.820000,16.010000,15.849557,14600
2019-08-29,16.040001,16.160000,15.990000,16.000000,15.839657,15700
2019-08-30,15.840000,16.129999,15.820000,15.980000,15.819858,28300
2019-09-03,16.070000,16.100000,15.720000,15.850000,15.691160,16400
2019-09-04,15.420000,15.825000,15.420000,15.740000,15.582262,11200
2019-09-05,15.940000,16.049999,15.630000,16.030001,15.869357,13400
2019-09-06,15.680000,16.139999,15.680000,16.010000,15.849557,9100
2019-09-09,15.963000,16.200001,15.900000,16.160000,15.998055,17400
2019-09-10,16.110001,16.400000,16.000000,16.240000,16.077251,17900
2019-09-11,16.299999,16.379999,16.250000,16.320000,16.156450,28600
2019-09-12,16.350000,16.440001,16.209999,16.350000,16.186152,24400
2019-09-13,16.340000,16.490000,16.270000,16.330000,16.166349,26800
2019-09-16,15.930000,16.155001,15.930000,16.100000,15.938656,22100
2019-09-17,15.910000,16.080000,15.730000,16.000000,15.839657,20000
2019-09-18,16.049999,16.280001,15.900000,16.139999,15.978252,23000
2019-09-19,15.850000,16.360001,15.790000,16.209999,16.047550,22500
2019-09-20,16.170000,16.910000,15.910000,16.760000,16.592041,96800
2019-09-23,16.500000,17.537001,16.500000,17.299999,17.126627,45200
2019-09-24,17.420000,17.639999,17.059999,17.120001,16.948435,108200
2019-09-25,17.219999,17.790001,17.020000,17.780001,17.601820,48400
2019-09-26,17.750000,17.860001,17.639999,17.639999,17.463221,16900
2019-09-27,17.719999,17.730000,17.410000,17.410000,17.235527,10600
2019-09-30,17.510000,17.530001,17.320000,17.320000,17.146429,27200
2019-10-01,17.330000,17.520000,13.860000,17.340000,17.166227,15200
2019-10-02,16.590000,17.180000,16.561001,17.090000,16.918734,24900
2019-10-03,16.809999,17.240000,16.680000,17.090000,16.918734,26500
2019-10-04,16.715000,17.490000,16.670000,17.379999,17.205826,6500
2019-10-07,17.469999,17.580000,16.980000,17.379999,17.205826,7800
2019-10-08,17.370001,17.530001,17.049999,17.290001,17.116730,11500
2019-10-09,17.500000,17.580000,17.344999,17.500000,17.324625,9000
2019-10-10,17.100000,17.580000,16.940001,17.059999,16.889034,20400
2019-10-11,17.040001,17.559999,16.870001,17.370001,17.195929,18100
2019-10-14,17.290001,17.510000,17.290001,17.420000,17.245426,15600
2019-10-15,17.340000,17.510000,17.340000,17.440001,17.265226,12600
2019-10-16,17.334999,17.500000,17.219999,17.360001,17.186028,17500
2019-10-17,17.480000,17.530001,17.260000,17.530001,17.354324,23600
2019-10-18,17.440001,17.650000,17.440001,17.520000,17.344423,7900
2019-10-21,17.639999,17.870001,17.315001,17.870001,17.690918,10200
2019-10-22,17.870001,17.940001,17.719999,17.809999,17.631517,11400
2019-10-23,17.889999,17.889999,17.600000,17.600000,17.423624,6300
2019-10-24,17.510000,17.690001,16.950001,17.290001,17.116730,8700
2019-10-25,17.420000,17.700001,17.240000,17.309999,17.136530,26800
2019-10-28,17.350000,17.670000,17.344999,17.360001,17.186028,6600
2019-10-29,16.940001,17.469999,16.940001,17.379999,17.205826,16600
2019-10-30,17.580000,17.670000,17.430000,17.530001,17.354324,8500
2019-10-31,17.440001,17.750000,17.250000,17.570000,17.393923,58100
2019-11-01,17.719999,17.900000,17.610001,17.870001,17.690918,10200
2019-11-04,17.889999,17.990000,17.799999,17.950001,17.770115,7500
2019-11-05,17.950001,17.969999,17.836000,17.969999,17.789913,6400
2019-11-06,17.809999,17.879999,17.600000,17.600000,17.423624,8500
2019-11-07,17.760000,17.760000,17.510000,17.580000,17.403822,7100
2019-11-08,17.500000,17.610001,16.959999,16.959999,16.790035,17600
2019-11-11,17.000000,17.207001,17.000000,17.090000,16.918734,9200
2019-11-12,17.139999,17.280001,17.139999,17.240000,17.067230,17200
2019-11-13,17.200001,17.709999,17.200001,17.620001,17.443422,11600
2019-11-14,17.690001,17.770000,17.410999,17.549999,17.374123,12100
2019-11-15,17.680000,17.900000,17.330000,17.340000,17.166227,11000
2019-11-18,17.530001,17.709999,17.395000,17.520000,17.344423,5000
2019-11-19,17.540001,17.799999,17.434999,17.750000,17.572121,6600
2019-11-20,17.614000,17.750000,17.160000,17.180000,17.007830,24500
2019-11-21,16.990000,17.450001,16.740000,16.740000,16.610914,19300
2019-11-22,16.860001,16.870001,16.360001,16.490000,16.362843,15300
2019-11-25,16.559999,17.160000,16.500000,17.100000,16.968140,16800
2019-11-26,16.915001,17.525000,16.915001,17.129999,16.997908,13400
2019-11-27,17.250000,17.469999,17.250000,17.360001,17.226135,8400
2019-11-29,17.350000,17.629999,17.340000,17.629999,17.494053,4500
2019-12-02,17.520000,17.520000,17.309999,17.370001,17.236059,11300
2019-12-03,17.379999,17.490000,17.100000,17.400000,17.265827,10900
2019-12-04,17.400000,17.719999,17.350000,17.430000,17.295595,6000
2019-12-05,17.530001,17.740000,17.120001,17.400000,17.265827,13100
2019-12-06,17.590000,17.889999,17.500000,17.709999,17.573435,27100
2019-12-09,17.780001,17.850000,16.980000,17.629999,17.494053,5600
2019-12-10,17.520000,17.850000,17.520000,17.820000,17.682587,30700
2019-12-11,17.559999,17.980000,17.559999,17.980000,17.841352,15800
2019-12-12,17.680000,17.990000,17.260000,17.959999,17.821508,9400
2019-12-13,17.730000,17.990000,17.730000,17.990000,17.851276,9900
2019-12-16,17.910000,17.990000,17.850000,17.990000,17.851276,18300
2019-12-17,17.990000,17.990000,17.879999,17.950001,17.811584,19900
2019-12-18,17.950001,17.990000,17.709999,17.950001,17.811584,9300
2019-12-19,17.910000,17.985001,17.719999,17.799999,17.662741,17100
2019-12-20,17.820000,18.250000,17.480000,18.250000,18.109272,52500
2019-12-23,18.150000,18.150000,17.820000,17.990000,17.851276,10300
2019-12-24,17.990000,17.990000,17.709999,17.900000,17.761971,4900
2019-12-26,18.139999,18.240000,18.025000,18.219999,18.079502,4700
2019-12-27,18.240000,18.240000,17.900000,18.000000,17.861200,10700
2019-12-30,17.940001,18.100000,17.795000,18.000000,17.861200,12800
2019-12-31,18.035000,18.250000,17.903999,18.129999,17.990196,19000
2020-01-02,17.905001,17.958000,17.500000,17.680000,17.543669,13400
2020-01-03,17.455000,17.740000,17.320000,17.320000,17.186443,10600
2020-01-06,17.360001,17.632999,17.250000,17.250000,17.116983,8400
2020-01-07,17.379999,17.490000,17.250000,17.280001,17.146753,6900
2020-01-08,17.389999,17.469999,17.240000,17.250000,17.116983,14100
2020-01-09,17.330000,17.389999,17.250000,17.309999,17.176521,16700
2020-01-10,17.309999,17.395000,17.059999,17.110001,16.978064,22800
2020-01-13,17.219999,17.290001,17.110001,17.270000,17.136829,39800
2020-01-14,17.129999,17.440001,17.129999,17.370001,17.236059,19300
2020-01-15,17.480000,17.660000,17.469999,17.610001,17.474207,8800
2020-01-16,17.701000,18.000000,17.701000,17.850000,17.712357,11100
2020-01-17,17.980000,17.980000,17.400000,17.459999,17.325361,12100
2020-01-21,17.480000,17.709999,17.420000,17.420000,17.285671,12100
2020-01-22,17.480000,17.770000,17.440001,17.580000,17.444437,13500
2020-01-23,17.709999,17.980000,17.420000,17.469999,17.335287,16400
2020-01-24,17.510000,17.726999,17.400000,17.400000,17.265827,10700
2020-01-27,17.400000,17.690001,17.200001,17.200001,17.067369,21700
2020-01-28,17.209999,17.420000,16.785000,17.000000,16.868912,31300
2020-01-29,17.010000,17.040001,16.370001,16.500000,16.372766,17400
2020-01-30,16.240000,16.629999,16.129999,16.510000,16.382690,8300
2020-01-31,16.379999,16.379999,15.790000,15.790000,15.668241,17600
2020-02-03,16.150000,16.514999,15.770000,16.049999,15.926235,21400
2020-02-04,16.243999,16.450001,16.100000,16.309999,16.184231,16000
2020-02-05,16.440001,16.990000,16.410000,16.850000,16.720068,24100
2020-02-06,16.900000,17.020000,16.780001,16.780001,16.650608,17000
2020-02-07,16.889999,16.950001,16.450001,16.770000,16.640684,13500
2020-02-10,16.900000,16.915001,16.754999,16.760000,16.630762,6700
2020-02-11,16.870001,17.020000,16.830000,16.889999,16.759758,13900
2020-02-12,17.040001,17.580000,17.020000,17.170000,17.037600,7600
2020-02-13,16.930000,17.000000,16.809999,16.910000,16.779606,4500
2020-02-14,16.959999,17.025000,16.650000,16.959999,16.829218,10700
2020-02-18,16.879999,16.879999,16.320000,16.719999,16.591070,8500
2020-02-19,16.719999,16.900000,16.719999,16.719999,16.591070,41200
2020-02-20,16.520000,16.990000,16.520000,16.990000,16.909554,9600
2020-02-21,16.969999,16.980000,16.368999,16.570000,16.491543,10600
2020-02-24,16.240000,16.629999,16.240000,16.629999,16.551258,8500
2020-02-25,16.714001,16.714001,16.020000,16.139999,16.063578,10700
2020-02-26,15.880000,15.990000,15.800000,15.800000,15.725189,8500
2020-02-27,15.560000,15.958000,15.550000,15.710000,15.635615,13800
2020-02-28,15.210000,16.370001,15.210000,15.920000,15.844621,15000
2020-03-02,16.020000,16.129999,15.260000,15.890000,15.814763,15400
2020-03-03,15.670000,15.990000,15.190000,15.760000,15.685379,23700
2020-03-04,15.730000,16.040001,15.560000,15.880000,15.804811,21000
2020-03-05,15.230000,15.510000,15.010000,15.190000,15.118077,26800
2020-03-06,14.780000,15.187000,14.250000,14.610000,14.540823,43900
2020-03-09,14.160000,14.240000,12.960000,13.250000,13.187263,30500
2020-03-10,13.510000,14.910000,13.451000,14.860000,14.789639,37500
2020-03-11,14.900000,15.830000,13.760000,14.040000,13.973522,55600
2020-03-12,13.450000,13.590000,12.270000,12.770000,12.709537,46100
2020-03-13,13.638000,13.638000,13.021000,13.430000,13.366411,24900
2020-03-16,12.360000,12.510000,10.260000,10.270000,10.221374,23800
2020-03-17,10.280000,11.500000,10.230000,11.500000,11.445549,46500
2020-03-18,10.595000,10.950000,10.020000,10.020000,9.972557,18500
2020-03-19,10.110000,10.200000,9.600000,10.180000,10.131800,54000
2020-03-20,10.150000,10.980000,10.150000,10.860000,10.808578,57700
2020-03-23,11.030000,11.080000,9.220000,9.300000,9.255966,153100
2020-03-24,9.510000,10.530000,9.500000,10.530000,10.480142,41000
2020-03-25,9.330000,11.210000,9.330000,11.040000,10.987727,19400
2020-03-26,10.760000,12.240000,10.760000,12.230000,12.172092,20000
2020-03-27,11.395000,11.895000,10.660000,10.660000,10.609526,20900
2020-03-30,10.980000,11.210000,10.660000,10.920000,10.868296,22300
2020-03-31,10.720000,11.830000,10.210000,10.870000,10.818532,39100
2020-04-01,10.180000,10.683000,9.420000,9.430000,9.385350,43600
2020-04-02,10.100000,10.420000,9.110000,9.500000,9.455019,15400
2020-04-03,9.250000,9.550000,8.770000,8.770000,8.728476,18100
2020-04-06,9.230000,9.640000,9.110000,9.640000,9.594357,26600
2020-04-07,9.650000,9.650000,8.910000,9.320000,9.275870,16200
2020-04-08,9.330000,10.075000,9.232000,9.970000,9.922793,18100
2020-04-09,11.290000,11.290000,10.147000,11.050000,10.997680,26800
2020-04-13,10.730000,11.055000,10.730000,11.000000,10.947916,6100
2020-04-14,11.752000,11.800000,11.080000,11.190000,11.137016,17200
2020-04-15,10.720000,10.720000,9.840000,10.160000,10.111894,24500
2020-04-16,10.010000,10.020000,9.230000,9.980000,9.932746,25900
2020-04-17,10.720000,10.930000,10.330000,10.730000,10.679194,24400
2020-04-20,10.410000,10.860000,9.740000,9.795000,9.748622,8700
2020-04-21,9.460000,10.080000,9.270000,9.600000,9.554545,28700
2020-04-22,10.200000,10.200000,9.280000,9.390000,9.345540,20700
2020-04-23,10.240000,10.240000,9.280000,9.800000,9.753598,21700
2020-04-24,9.520000,10.180000,9.300000,10.180000,10.131800,11900
2020-04-27,10.085000,10.490000,10.070000,10.470000,10.420426,10900
2020-04-28,10.710000,11.080000,10.330000,10.660000,10.609526,13500
2020-04-29,11.480000,11.960000,11.100000,11.280000,11.226590,23100
2020-04-30,11.010000,12.020000,10.510000,11.650000,11.594838,27200
2020-05-01,11.550000,11.750000,10.510000,11.230000,11.176826,14600
2020-05-04,11.330000,11.330000,10.750000,11.020000,10.967822,12400
2020-05-05,11.310000,11.570000,11.000000,11.000000,10.947916,30700
2020-05-06,11.150000,11.220000,10.490000,10.990000,10.937963,17600
2020-05-07,10.940000,11.379000,10.510000,10.670000,10.619479,11400
2020-05-08,10.930000,11.280000,10.860000,10.950000,10.898153,16100
2020-05-11,10.760000,11.180000,10.520000,11.020000,10.967822,33400
2020-05-12,11.240000,11.240000,10.510000,10.510000,10.460237,31100
2020-05-13,10.290000,10.940000,10.080000,10.560000,10.510000,35700
2020-05-14,10.070000,10.880000,10.020000,10.680000,10.680000,45200
2020-05-15,10.550000,11.385000,10.550000,11.220000,11.220000,23100
2020-05-18,11.560000,12.330000,11.560000,12.330000,12.330000,32600
2020-05-19,12.060000,12.180000,11.300000,11.580000,11.580000,15500
2020-05-20,11.790000,13.230000,11.790000,12.720000,12.720000,25000
2020-05-21,12.740000,12.935000,12.190000,12.190000,12.190000,14200
2020-05-22,12.450000,12.685000,11.980000,12.430000,12.430000,5200
2020-05-26,12.860000,13.335000,12.500000,12.910000,12.910000,21700
2020-05-27,13.520000,14.360000,13.100000,14.160000,14.160000,24000
2020-05-28,14.470000,14.470000,13.490000,13.490000,13.490000,21700
2020-05-29,13.550000,14.100000,13.040000,13.560000,13.560000,30800
2020-06-01,13.560000,14.370000,13.260000,13.260000,13.260000,21200
2020-06-02,13.250000,13.250000,12.500000,12.500000,12.500000,15600
2020-06-03,12.820000,13.490000,12.520000,13.250000,13.250000,22200
2020-06-04,12.930000,13.850000,12.670000,13.850000,13.850000,23100
2020-06-05,14.400000,14.400000,13.880000,14.050000,14.050000,15600
2020-06-08,14.320000,14.320000,13.900000,14.000000,14.000000,15600
2020-06-09,13.820000,14.330000,13.770000,14.080000,14.080000,17300
2020-06-10,14.070000,14.400000,13.640000,13.780000,13.780000,7000
2020-06-11,13.160000,13.200000,12.400000,12.410000,12.410000,19900
2020-06-12,13.200000,13.470000,12.475000,13.320000,13.320000,23400
2020-06-15,12.710000,13.590000,12.710000,13.520000,13.520000,16400
2020-06-16,14.210000,14.500000,13.410000,13.600000,13.600000,13200
2020-06-17,13.950000,14.100000,13.060000,13.060000,13.060000,19200
2020-06-18,13.050000,13.895000,13.050000,13.720000,13.720000,9700
2020-06-19,13.520000,13.600000,12.560000,13.490000,13.490000,31200
2020-06-22,13.250000,13.720000,13.250000,13.720000,13.720000,6000
2020-06-23,13.495000,13.940000,13.360000,13.770000,13.770000,28100
2020-06-24,13.520000,13.795000,12.550000,12.550000,12.550000,23700
2020-06-25,12.700000,13.260000,12.700000,13.000000,13.000000,18800
2020-06-26,12.790000,12.794000,11.080000,11.670000,11.670000,60600
2020-06-29,11.990000,12.420000,11.990000,12.360000,12.360000,24300
2020-06-30,12.200000,12.690000,12.200000,12.420000,12.420000,17100
2020-07-01,12.110000,12.400000,12.000000,12.270000,12.270000,12900