Date,Open,High,Low,Close,Adj Close,Volume
2018-03-13,9.700000,9.700000,9.700000,9.700000,9.700000,700000
2018-03-14,9.710000,9.710000,9.700000,9.710000,9.710000,86000
2018-03-15,9.710000,9.710000,9.710000,9.710000,9.710000,43200
2018-03-16,9.710000,9.710000,9.710000,9.710000,9.710000,0
2018-03-19,9.710000,9.710000,9.710000,9.710000,9.710000,0
2018-03-20,9.760000,9.760000,9.760000,9.760000,9.760000,2000
2018-03-21,9.770000,9.770000,9.770000,9.770000,9.770000,5000
2018-03-22,9.770000,9.770000,9.770000,9.770000,9.770000,0
2018-03-23,9.770000,9.770000,9.770000,9.770000,9.770000,0
2018-03-26,9.730000,9.730000,9.710000,9.710000,9.710000,125000
2018-03-27,9.730000,9.730000,9.710000,9.710000,9.710000,125000
2018-03-28,9.710000,9.710000,9.710000,9.710000,9.710000,0
2018-03-29,9.710000,9.710000,9.710000,9.710000,9.710000,0
2018-04-02,9.710000,9.710000,9.710000,9.710000,9.710000,0
2018-04-03,9.710000,9.710000,9.710000,9.710000,9.710000,0
2018-04-04,9.710000,9.710000,9.710000,9.710000,9.710000,0
2018-04-05,9.710000,9.710000,9.710000,9.710000,9.710000,0
2018-04-06,9.710000,9.710000,9.710000,9.710000,9.710000,0
2018-04-09,9.710000,9.710000,9.710000,9.710000,9.710000,0
2018-04-10,9.710000,9.710000,9.710000,9.710000,9.710000,0
2018-04-11,9.720000,9.720000,9.720000,9.720000,9.720000,100
2018-04-12,9.720000,9.720000,9.720000,9.720000,9.720000,1100
2018-04-13,9.720000,9.720000,9.720000,9.720000,9.720000,0
2018-04-16,9.720000,9.720000,9.720000,9.720000,9.720000,0
2018-04-17,9.720000,9.720000,9.720000,9.720000,9.720000,0
2018-04-18,9.720000,9.720000,9.710000,9.710000,9.710000,600
2018-04-19,9.710000,9.710000,9.710000,9.710000,9.710000,0
2018-04-20,9.710000,9.710000,9.710000,9.710000,9.710000,0
2018-04-23,9.710000,9.710000,9.710000,9.710000,9.710000,0
2018-04-24,9.710000,9.710000,9.710000,9.710000,9.710000,0
2018-04-25,9.710000,9.710000,9.710000,9.710000,9.710000,0
2018-04-26,9.710000,9.710000,9.710000,9.710000,9.710000,0
2018-04-27,9.710000,9.710000,9.710000,9.710000,9.710000,0
2018-04-30,9.710000,9.710000,9.710000,9.710000,9.710000,0
2018-05-01,9.710000,9.710000,9.710000,9.710000,9.710000,0
2018-05-02,9.710000,9.710000,9.710000,9.710000,9.710000,0
2018-05-03,9.710000,9.710000,9.710000,9.710000,9.710000,0
2018-05-04,9.710000,9.710000,9.700000,9.700000,9.700000,41400
2018-05-07,9.700000,9.700000,9.700000,9.700000,9.700000,0
2018-05-08,9.700000,9.700000,9.700000,9.700000,9.700000,0
2018-05-09,9.700000,9.700000,9.700000,9.700000,9.700000,0
2018-05-10,9.710000,9.710000,9.710000,9.710000,9.710000,1000
2018-05-11,9.720000,9.720000,9.710000,9.710000,9.710000,2700
2018-05-14,9.710000,9.710000,9.710000,9.710000,9.710000,0
2018-05-15,9.720000,9.720000,9.710000,9.720000,9.720000,700
2018-05-16,9.730000,9.730000,9.730000,9.730000,9.730000,68300
2018-05-17,9.720000,9.720000,9.710000,9.710000,9.710000,6300
2018-05-18,9.710000,9.710000,9.710000,9.710000,9.710000,0
2018-05-21,9.720000,9.720000,9.710000,9.710000,9.710000,2000
2018-05-22,9.720000,9.720000,9.720000,9.720000,9.720000,100
2018-05-23,9.720000,9.720000,9.720000,9.720000,9.720000,100
2018-05-24,9.720000,9.720000,9.720000,9.720000,9.720000,1000
2018-05-25,9.720000,9.720000,9.720000,9.720000,9.720000,0
2018-05-29,9.720000,9.720000,9.720000,9.720000,9.720000,0
2018-05-30,9.720000,9.720000,9.720000,9.720000,9.720000,0
2018-05-31,9.750000,9.750000,9.720000,9.720000,9.720000,2200
2018-06-01,9.750000,9.753000,9.720000,9.731000,9.731000,6000
2018-06-04,9.731000,9.731000,9.731000,9.731000,9.731000,0
2018-06-05,9.740000,9.740000,9.720000,9.720000,9.720000,13500
2018-06-06,9.720000,9.720000,9.720000,9.720000,9.720000,0
2018-06-07,9.720000,9.720000,9.720000,9.720000,9.720000,0
2018-06-08,9.720000,9.720000,9.720000,9.720000,9.720000,0
2018-06-11,9.720000,9.720000,9.720000,9.720000,9.720000,0
2018-06-12,9.720000,9.720000,9.720000,9.720000,9.720000,0
2018-06-13,9.720000,9.720000,9.720000,9.720000,9.720000,0
2018-06-14,9.720000,9.720000,9.720000,9.720000,9.720000,0
2018-06-15,9.720000,9.720000,9.720000,9.720000,9.720000,0
2018-06-18,9.720000,9.720000,9.720000,9.720000,9.720000,0
2018-06-19,9.720000,9.720000,9.720000,9.720000,9.720000,0
2018-06-20,9.720000,9.720000,9.720000,9.720000,9.720000,0
2018-06-21,9.720000,9.720000,9.720000,9.720000,9.720000,0
2018-06-22,9.720000,9.720000,9.720000,9.720000,9.720000,0
2018-06-25,9.720000,9.720000,9.720000,9.720000,9.720000,0
2018-06-26,9.720000,9.720000,9.720000,9.720000,9.720000,0
2018-06-27,9.720000,9.720000,9.720000,9.720000,9.720000,0
2018-06-28,9.720000,9.720000,9.720000,9.720000,9.720000,0
2018-06-29,9.720000,9.720000,9.720000,9.720000,9.720000,600
2018-07-02,9.720000,9.720000,9.720000,9.720000,9.720000,0
2018-07-03,9.720000,9.720000,9.720000,9.720000,9.720000,0
2018-07-05,9.720000,9.720000,9.720000,9.720000,9.720000,0
2018-07-06,9.750000,9.750000,9.750000,9.750000,9.750000,100000
2018-07-09,9.750000,9.750000,9.750000,9.750000,9.750000,1500
2018-07-10,9.780000,9.780000,9.770000,9.770000,9.770000,107000
2018-07-11,9.770000,9.840000,9.770000,9.840000,9.840000,264400
2018-07-12,9.840000,9.840000,9.840000,9.840000,9.840000,0
2018-07-13,9.800000,9.800000,9.800000,9.800000,9.800000,11000
2018-07-16,9.820000,9.840000,9.820000,9.820000,9.820000,5400
2018-07-17,9.820000,9.820000,9.820000,9.820000,9.820000,18500
2018-07-18,9.820000,9.820000,9.820000,9.820000,9.820000,0
2018-07-19,9.829000,9.829000,9.829000,9.829000,9.829000,100
2018-07-20,9.810000,9.820000,9.810000,9.820000,9.820000,3200
2018-07-23,9.820000,9.820000,9.820000,9.820000,9.820000,200
2018-07-24,9.820000,9.820000,9.820000,9.820000,9.820000,0
2018-07-25,9.820000,9.820000,9.820000,9.820000,9.820000,0
2018-07-26,9.800000,9.840000,9.800000,9.840000,9.840000,100400
2018-07-27,9.820000,9.820000,9.820000,9.820000,9.820000,100000
2018-07-30,9.820000,9.820000,9.820000,9.820000,9.820000,0
2018-07-31,9.810000,9.810000,9.810000,9.810000,9.810000,300
2018-08-01,9.810000,9.810000,9.810000,9.810000,9.810000,50000
2018-08-02,9.840000,9.840000,9.800000,9.800000,9.800000,16200
2018-08-03,9.810000,9.810000,9.810000,9.810000,9.810000,40400
2018-08-06,9.810000,9.810000,9.810000,9.810000,9.810000,100
2018-08-07,9.810000,9.810000,9.810000,9.810000,9.810000,0
2018-08-08,9.810000,9.810000,9.810000,9.810000,9.810000,0
2018-08-09,9.810000,9.810000,9.810000,9.810000,9.810000,0
2018-08-10,9.810000,9.810000,9.800000,9.800000,9.800000,110200
2018-08-13,9.800000,9.800000,9.800000,9.800000,9.800000,0
2018-08-14,9.850000,9.850000,9.800000,9.800000,9.800000,10500
2018-08-15,9.800000,9.800000,9.800000,9.800000,9.800000,0
2018-08-16,9.800000,9.800000,9.800000,9.800000,9.800000,0
2018-08-17,9.800000,9.800000,9.800000,9.800000,9.800000,0
2018-08-20,9.800000,9.800000,9.800000,9.800000,9.800000,0
2018-08-21,9.800000,9.800000,9.800000,9.800000,9.800000,0
2018-08-22,9.800000,9.800000,9.800000,9.800000,9.800000,0
2018-08-23,9.800000,9.800000,9.800000,9.800000,9.800000,0
2018-08-24,9.800000,9.800000,9.800000,9.800000,9.800000,0
2018-08-27,9.830000,9.870000,9.800000,9.870000,9.870000,38700
2018-08-28,9.870000,9.870000,9.870000,9.870000,9.870000,0
2018-08-29,9.870000,9.870000,9.870000,9.870000,9.870000,0
2018-08-30,9.870000,9.870000,9.870000,9.870000,9.870000,0
2018-08-31,9.870000,9.870000,9.870000,9.870000,9.870000,0
2018-09-04,9.870000,9.870000,9.870000,9.870000,9.870000,0
2018-09-05,9.870000,9.870000,9.870000,9.870000,9.870000,0
2018-09-06,9.870000,9.870000,9.870000,9.870000,9.870000,0
2018-09-07,9.870000,9.870000,9.870000,9.870000,9.870000,0
2018-09-10,9.870000,9.870000,9.870000,9.870000,9.870000,0
2018-09-11,9.870000,9.870000,9.870000,9.870000,9.870000,0
2018-09-12,9.850000,9.880000,9.850000,9.870000,9.870000,683300
2018-09-13,9.870000,9.870000,9.870000,9.870000,9.870000,0
2018-09-14,9.850000,9.850000,9.850000,9.850000,9.850000,200000
2018-09-17,9.850000,9.900000,9.850000,9.900000,9.900000,104000
2018-09-18,9.853000,9.870000,9.850000,9.860000,9.860000,51500
2018-09-19,9.870000,9.870000,9.870000,9.870000,9.870000,308800
2018-09-20,9.870000,9.870000,9.870000,9.870000,9.870000,0
2018-09-21,9.870000,9.870000,9.870000,9.870000,9.870000,290000
2018-09-24,9.870000,9.870000,9.870000,9.870000,9.870000,0
2018-09-25,9.870000,9.870000,9.850000,9.860000,9.860000,162900
2018-09-26,9.860000,9.860000,9.860000,9.860000,9.860000,0
2018-09-27,9.900000,9.900000,9.900000,9.900000,9.900000,200
2018-09-28,9.900000,9.900000,9.900000,9.900000,9.900000,0
2018-10-01,9.900000,9.900000,9.900000,9.900000,9.900000,0
2018-10-02,9.900000,9.900000,9.900000,9.900000,9.900000,0
2018-10-03,9.900000,9.900000,9.900000,9.900000,9.900000,0
2018-10-04,9.900000,9.900000,9.900000,9.900000,9.900000,0
2018-10-05,9.900000,9.900000,9.900000,9.900000,9.900000,0
2018-10-08,9.850000,9.900000,9.850000,9.900000,9.900000,1100
2018-10-09,9.900000,9.900000,9.900000,9.900000,9.900000,0
2018-10-10,9.900000,9.900000,9.900000,9.900000,9.900000,0
2018-10-11,9.900000,9.900000,9.900000,9.900000,9.900000,0
2018-10-12,9.900000,9.900000,9.900000,9.900000,9.900000,0
2018-10-15,9.900000,9.900000,9.900000,9.900000,9.900000,1000
2018-10-16,9.900000,9.900000,9.900000,9.900000,9.900000,0
2018-10-17,9.920000,9.920000,9.920000,9.920000,9.920000,100
2018-10-18,9.920000,9.920000,9.920000,9.920000,9.920000,0
2018-10-19,9.920000,9.920000,9.920000,9.920000,9.920000,0
2018-10-22,9.920000,9.920000,9.920000,9.920000,9.920000,0
2018-10-23,9.900000,9.920000,9.890000,9.890000,9.890000,303000
2018-10-24,9.890000,9.890000,9.890000,9.890000,9.890000,0
2018-10-25,9.890000,9.890000,9.890000,9.890000,9.890000,0
2018-10-26,9.900000,9.900000,9.870000,9.870000,9.870000,9400
2018-10-29,9.870000,9.870000,9.870000,9.870000,9.870000,0
2018-10-30,9.900000,9.900000,9.900000,9.900000,9.900000,1500
2018-10-31,9.900000,9.900000,9.900000,9.900000,9.900000,0
2018-11-01,9.900000,9.900000,9.900000,9.900000,9.900000,0
2018-11-02,9.860000,9.866000,9.850000,9.866000,9.866000,4600
2018-11-05,9.860000,9.860000,9.860000,9.860000,9.860000,6000
2018-11-06,9.880000,9.910000,9.880000,9.910000,9.910000,56100
2018-11-07,9.890000,9.920000,9.890000,9.920000,9.920000,63000
2018-11-08,9.920000,9.920000,9.920000,9.920000,9.920000,0
2018-11-09,9.920000,9.920000,9.920000,9.920000,9.920000,0
2018-11-12,9.940000,9.950000,9.940000,9.950000,9.950000,6100
2018-11-13,9.950000,9.950000,9.950000,9.950000,9.950000,0
2018-11-14,9.950000,9.950000,9.950000,9.950000,9.950000,0
2018-11-15,9.950000,9.950000,9.900000,9.930000,9.930000,3200
2018-11-16,9.950000,9.950000,9.950000,9.950000,9.950000,1000
2018-11-19,9.950000,9.950000,9.950000,9.950000,9.950000,0
2018-11-20,9.929000,9.929000,9.929000,9.929000,9.929000,1700
2018-11-21,9.929000,9.929000,9.929000,9.929000,9.929000,0
2018-11-23,9.970000,9.970000,9.970000,9.970000,9.970000,1000
2018-11-26,9.970000,9.970000,9.970000,9.970000,9.970000,5000
2018-11-27,9.970000,9.970000,9.970000,9.970000,9.970000,100
2018-11-28,9.970000,9.970000,9.970000,9.970000,9.970000,0
2018-11-29,9.970000,9.970000,9.970000,9.970000,9.970000,0
2018-11-30,9.950000,9.980000,9.950000,9.980000,9.980000,3800
2018-12-03,10.000000,10.000000,10.000000,10.000000,10.000000,400
2018-12-04,10.000000,10.000000,10.000000,10.000000,10.000000,0
2018-12-06,10.000000,10.000000,10.000000,10.000000,10.000000,100
2018-12-07,9.966000,9.980000,9.966000,9.980000,9.980000,2200
2018-12-10,9.950000,9.950000,9.950000,9.950000,9.950000,150000
2018-12-11,9.950000,9.950000,9.950000,9.950000,9.950000,0
2018-12-12,9.980000,10.000000,9.980000,10.000000,10.000000,390100
2018-12-13,10.030000,10.030000,9.980000,9.990000,9.990000,500
2018-12-14,9.990000,9.990000,9.990000,9.990000,9.990000,0
2018-12-17,9.990000,9.990000,9.990000,9.990000,9.990000,0
2018-12-18,9.990000,9.990000,9.990000,9.990000,9.990000,0
2018-12-19,9.990000,9.990000,9.990000,9.990000,9.990000,0
2018-12-20,9.900000,9.900000,9.900000,9.900000,9.900000,700
2018-12-21,9.960000,9.980000,9.960000,9.980000,9.980000,27600
2018-12-24,9.980000,9.980000,9.980000,9.980000,9.980000,100
2018-12-26,10.000000,10.000000,10.000000,10.000000,10.000000,19000
2018-12-27,10.000000,10.000000,10.000000,10.000000,10.000000,0
2018-12-28,10.000000,10.000000,10.000000,10.000000,10.000000,0
2018-12-31,10.000000,10.000000,10.000000,10.000000,10.000000,100
2019-01-02,10.000000,10.000000,10.000000,10.000000,10.000000,0
2019-01-03,10.000000,10.000000,10.000000,10.000000,10.000000,0
2019-01-04,10.000000,10.000000,10.000000,10.000000,10.000000,0
2019-01-07,10.013000,10.050000,10.010000,10.050000,10.050000,9000
2019-01-08,10.030000,10.050000,10.020000,10.050000,10.050000,13100
2019-01-09,10.050000,10.050000,10.050000,10.050000,10.050000,100500
2019-01-10,10.050000,10.055000,10.050000,10.050000,10.050000,17700
2019-01-11,10.060000,10.060000,10.060000,10.060000,10.060000,6300
2019-01-14,10.060000,10.060000,10.060000,10.060000,10.060000,0
2019-01-15,10.060000,10.070000,10.060000,10.070000,10.070000,6100
2019-01-16,10.070000,10.070000,10.070000,10.070000,10.070000,0
2019-01-17,10.070000,10.070000,10.070000,10.070000,10.070000,0
2019-01-18,10.070000,10.120000,10.070000,10.120000,10.120000,62100
2019-01-22,10.120000,10.120000,10.120000,10.120000,10.120000,0
2019-01-23,10.120000,10.120000,10.120000,10.120000,10.120000,0
2019-01-24,10.120000,10.120000,10.120000,10.120000,10.120000,100000
2019-01-25,10.120000,10.120000,10.120000,10.120000,10.120000,0
2019-01-28,10.140000,10.150000,10.130000,10.150000,10.150000,60000
2019-01-29,10.150000,10.150000,10.150000,10.150000,10.150000,0
2019-01-30,10.150000,10.150000,10.150000,10.150000,10.150000,0
2019-01-31,10.150000,10.150000,10.150000,10.150000,10.150000,0
2019-02-01,10.150000,10.150000,10.150000,10.150000,10.150000,2000
2019-02-04,10.150000,10.150000,10.150000,10.150000,10.150000,0
2019-02-05,10.100000,10.180000,10.100000,10.180000,10.180000,50100
2019-02-06,10.180000,10.180000,10.180000,10.180000,10.180000,0
2019-02-07,10.180000,10.180000,10.180000,10.180000,10.180000,0
2019-02-08,10.180000,10.180000,10.180000,10.180000,10.180000,0
2019-02-11,10.180000,10.180000,10.180000,10.180000,10.180000,0
2019-02-12,10.180000,10.180000,10.180000,10.180000,10.180000,0
2019-02-13,10.150000,10.180000,10.150000,10.180000,10.180000,5500
2019-02-14,10.180000,10.180000,10.180000,10.180000,10.180000,0
2019-02-15,10.180000,10.180000,10.180000,10.180000,10.180000,0
2019-02-19,10.170000,10.170000,10.170000,10.170000,10.170000,5000
2019-02-20,10.160000,10.170000,10.160000,10.170000,10.170000,200100
2019-02-21,10.170000,10.170000,10.170000,10.170000,10.170000,0
2019-02-22,10.170000,10.170000,10.170000,10.170000,10.170000,0
2019-02-25,10.170000,10.170000,10.170000,10.170000,10.170000,0
2019-02-26,10.170000,10.170000,10.170000,10.170000,10.170000,100
2019-02-27,10.170000,10.170000,10.170000,10.170000,10.170000,0
2019-02-28,10.170000,10.170000,10.170000,10.170000,10.170000,0
2019-03-01,10.165000,10.165000,10.165000,10.165000,10.165000,400
2019-03-04,10.150000,10.180000,10.150000,10.180000,10.180000,301000
2019-03-05,10.177000,10.180000,10.177000,10.180000,10.180000,100100
2019-03-06,10.180000,10.180000,10.180000,10.180000,10.180000,0
2019-03-07,10.180000,10.180000,10.180000,10.180000,10.180000,0
2019-03-08,10.164000,10.180000,10.164000,10.180000,10.180000,1100
2019-03-11,10.179000,10.445000,10.164000,10.230000,10.230000,81200
2019-03-12,10.190000,10.210000,10.190000,10.210000,10.210000,4200
2019-03-13,10.210000,10.210000,10.210000,10.210000,10.210000,0
2019-03-14,10.260000,10.260000,10.260000,10.260000,10.260000,700
2019-03-15,10.260000,10.260000,10.260000,10.260000,10.260000,300
2019-03-18,10.260000,10.260000,10.260000,10.260000,10.260000,100
2019-03-19,10.210000,10.240000,10.210000,10.220000,10.220000,176300
2019-03-20,10.240000,10.240000,10.220000,10.220000,10.220000,30500
2019-03-21,10.220000,10.220000,10.210000,10.210000,10.210000,67800
2019-03-22,10.200000,10.210000,10.200000,10.210000,10.210000,1100
2019-03-25,10.210000,10.210000,10.210000,10.210000,10.210000,0
2019-03-26,10.210000,10.210000,10.210000,10.210000,10.210000,0
2019-03-27,10.210000,10.210000,10.210000,10.210000,10.210000,0
2019-03-28,10.210000,10.210000,10.210000,10.210000,10.210000,0
2019-03-29,10.210000,10.210000,10.210000,10.210000,10.210000,0
2019-04-01,10.210000,10.210000,10.210000,10.210000,10.210000,0
2019-04-02,10.200000,10.220000,10.200000,10.220000,10.220000,86700
2019-04-03,10.220000,10.220000,10.220000,10.220000,10.220000,0
2019-04-04,10.220000,10.230000,10.220000,10.220000,10.220000,80900
2019-04-05,10.220000,10.240000,10.220000,10.240000,10.240000,54800
2019-04-08,10.220000,10.220000,10.220000,10.220000,10.220000,50100
2019-04-09,10.220000,10.220000,10.220000,10.220000,10.220000,0
2019-04-10,10.220000,10.220000,10.220000,10.220000,10.220000,0
2019-04-11,10.220000,10.220000,10.220000,10.220000,10.220000,9100
2019-04-12,10.220000,10.220000,10.220000,10.220000,10.220000,0
2019-04-15,10.240000,10.290000,10.230000,10.230000,10.230000,160600
2019-04-16,10.250000,10.250000,10.250000,10.250000,10.250000,10300
2019-04-17,10.250000,10.250000,10.250000,10.250000,10.250000,0
2019-04-18,10.230000,10.255000,10.230000,10.255000,10.255000,21000
2019-04-22,10.280000,10.280000,10.250000,10.250000,10.250000,21400
2019-04-23,10.250000,10.300000,10.250000,10.300000,10.300000,202100
2019-04-24,10.300000,10.300000,10.300000,10.300000,10.300000,300
2019-04-25,10.266000,10.268000,10.250000,10.268000,10.268000,4900
2019-04-26,10.285000,10.285000,10.250000,10.275000,10.275000,5400
2019-04-29,10.290000,10.300000,10.250000,10.250000,10.250000,8400
2019-04-30,10.250000,10.250000,10.250000,10.250000,10.250000,0
2019-05-01,10.260000,10.260000,10.260000,10.260000,10.260000,104200
2019-05-02,10.270000,10.270000,10.260000,10.260000,10.260000,3900
2019-05-03,10.260000,10.260000,10.260000,10.260000,10.260000,3000
2019-05-06,10.260000,10.260000,10.260000,10.260000,10.260000,0
2019-05-07,10.260000,10.260000,10.260000,10.260000,10.260000,5400
2019-05-08,10.260000,10.260000,10.260000,10.260000,10.260000,120000
2019-05-09,10.260000,10.266000,10.250000,10.250000,10.250000,4900
2019-05-10,10.270000,10.279000,10.270000,10.279000,10.279000,1000
2019-05-13,10.250000,10.250000,10.250000,10.250000,10.250000,500
2019-05-14,10.250000,10.250000,10.250000,10.250000,10.250000,0
2019-05-15,10.250000,10.250000,10.250000,10.250000,10.250000,300
2019-05-16,10.250000,10.250000,10.250000,10.250000,10.250000,0
2019-05-17,10.250000,10.250000,10.250000,10.250000,10.250000,0
2019-05-20,10.300000,10.300000,10.290000,10.300000,10.300000,282400
2019-05-21,10.300000,10.300000,10.300000,10.300000,10.300000,0
2019-05-22,10.290000,10.290000,10.290000,10.290000,10.290000,250000
2019-05-23,10.300000,10.300000,10.265000,10.300000,10.300000,1600
2019-05-24,10.262000,10.290000,10.262000,10.290000,10.290000,9600
2019-05-28,10.282000,10.305000,10.270000,10.305000,10.305000,4900
2019-05-29,10.300000,10.350000,10.290000,10.290000,10.290000,226000
2019-05-30,10.346000,10.380000,10.280000,10.280000,10.280000,35200
2019-05-31,10.280000,10.320000,10.280000,10.280000,10.280000,605800
2019-06-03,10.280000,10.280000,10.280000,10.280000,10.280000,0
2019-06-04,10.290000,10.300000,10.280000,10.280000,10.280000,100200
2019-06-05,10.310000,10.350000,10.310000,10.337000,10.337000,68500
2019-06-06,10.330000,10.350000,10.330000,10.350000,10.350000,6100
2019-06-07,10.330000,10.350000,10.330000,10.350000,10.350000,217700
2019-06-10,10.350000,10.350000,10.350000,10.350000,10.350000,0
2019-06-11,10.350000,10.350000,10.350000,10.350000,10.350000,0
2019-06-12,10.350000,10.350000,10.350000,10.350000,10.350000,0
2019-06-13,10.340000,10.350000,10.340000,10.350000,10.350000,145200
2019-06-14,10.350000,10.350000,10.340000,10.350000,10.350000,86900
2019-06-17,10.350000,10.350000,10.350000,10.350000,10.350000,0
2019-06-18,10.350000,10.380000,10.350000,10.380000,10.380000,3700
2019-06-19,10.380000,10.380000,10.380000,10.380000,10.380000,0
2019-06-20,10.350000,10.350000,10.340000,10.340000,10.340000,10400
2019-06-21,10.350000,10.370000,10.340000,10.355000,10.355000,42300
2019-06-24,10.355000,10.355000,10.355000,10.355000,10.355000,0
2019-06-25,10.350000,10.350000,10.350000,10.350000,10.350000,10000
2019-06-26,10.350000,10.350000,10.350000,10.350000,10.350000,0
2019-06-27,10.350000,10.350000,10.350000,10.350000,10.350000,0
2019-06-28,10.330000,10.330000,10.330000,10.330000,10.330000,100
2019-07-01,10.330000,10.330000,10.330000,10.330000,10.330000,10000
2019-07-02,10.330000,10.330000,10.330000,10.330000,10.330000,100
2019-07-03,10.330000,10.330000,10.330000,10.330000,10.330000,0
2019-07-05,10.330000,10.330000,10.330000,10.330000,10.330000,0
2019-07-08,10.330000,10.360000,10.330000,10.330000,10.330000,116600
2019-07-09,10.330000,10.330000,10.330000,10.330000,10.330000,100
2019-07-10,10.330000,10.330000,10.330000,10.330000,10.330000,100
2019-07-11,10.330000,10.330000,10.330000,10.330000,10.330000,0
2019-07-12,10.330000,10.330000,10.330000,10.330000,10.330000,0
2019-07-15,10.350000,10.350000,10.330000,10.350000,10.350000,10300
2019-07-16,10.350000,10.370000,10.350000,10.350000,10.350000,223100
2019-07-17,10.350000,10.350000,10.350000,10.350000,10.350000,43700
2019-07-18,10.350000,10.350000,10.350000,10.350000,10.350000,50900
2019-07-19,10.350000,10.350000,10.350000,10.350000,10.350000,5000
2019-07-22,10.350000,10.350000,10.350000,10.350000,10.350000,100
2019-07-23,10.360000,10.382000,10.360000,10.382000,10.382000,1700
2019-07-24,10.360000,10.360000,10.360000,10.360000,10.360000,100000
2019-07-25,10.360000,10.360000,10.360000,10.360000,10.360000,0
2019-07-26,10.360000,10.360000,10.360000,10.360000,10.360000,100
2019-07-29,10.360000,10.360000,10.360000,10.360000,10.360000,100
2019-07-30,10.360000,10.402000,10.360000,10.402000,10.402000,1000
2019-07-31,10.360000,10.378000,10.360000,10.378000,10.378000,1200
2019-08-01,10.385000,10.385000,10.385000,10.385000,10.385000,50000
2019-08-02,10.430000,10.430000,10.390000,10.390000,10.390000,833000
2019-08-05,10.401000,10.401000,10.390000,10.390000,10.390000,100100
2019-08-06,10.390000,10.400000,10.380000,10.400000,10.400000,175400
2019-08-07,10.390000,10.400000,10.380000,10.400000,10.400000,175400
2019-08-08,10.380000,10.400000,10.380000,10.400000,10.400000,175400
2019-08-09,10.380000,10.400000,10.380000,10.400000,10.400000,175400
2019-08-12,10.410000,10.410000,10.410000,10.410000,10.410000,126000
2019-08-13,10.410000,10.410000,10.410000,10.410000,10.410000,100
2019-08-14,10.400000,10.410000,10.400000,10.410000,10.410000,125300
2019-08-15,10.400000,10.410000,10.400000,10.410000,10.410000,125300
2019-08-16,10.410000,10.410000,10.410000,10.410000,10.410000,0
2019-08-19,10.380000,10.410000,10.380000,10.410000,10.410000,5100
2019-08-20,10.400000,10.410000,10.390000,10.410000,10.410000,526900
2019-08-21,10.410000,10.420000,10.410000,10.420000,10.420000,674800
2019-08-22,10.410000,10.430000,10.410000,10.430000,10.430000,128700
2019-08-23,10.430000,10.440000,10.430000,10.430000,10.430000,447300
2019-08-26,10.440000,10.440000,10.400000,10.430000,10.430000,17200
2019-08-27,10.430000,10.430000,10.430000,10.430000,10.430000,0
2019-08-28,10.400000,10.430000,10.400000,10.430000,10.430000,60200
2019-08-29,10.410000,10.430000,10.410000,10.430000,10.430000,100700
2019-08-30,10.430000,10.430000,10.400000,10.430000,10.430000,9000
2019-09-03,10.430000,10.430000,10.430000,10.430000,10.430000,0
2019-09-04,10.430000,10.430000,10.410000,10.430000,10.430000,186300
2019-09-05,10.410000,10.410000,10.410000,10.410000,10.410000,2000
2019-09-06,10.410000,10.410000,10.410000,10.410000,10.410000,0
2019-09-09,10.300000,10.410000,10.300000,10.410000,10.410000,400
2019-09-10,10.370000,10.370000,10.370000,10.370000,10.370000,100
2019-09-11,10.380000,10.420000,10.340000,10.340000,10.340000,4400
2019-09-12,10.420000,10.420000,10.380000,10.380000,10.380000,3300
2019-09-13,10.380000,10.380000,10.380000,10.380000,10.380000,0
2019-09-16,10.360000,10.420000,10.360000,10.420000,10.420000,700
2019-09-17,10.420000,10.450000,10.390000,10.450000,10.450000,50300
2019-09-18,10.450000,10.450000,10.450000,10.450000,10.450000,0
2019-09-19,10.450000,10.450000,10.450000,10.450000,10.450000,100
2019-09-20,10.410000,10.410000,10.410000,10.410000,10.410000,200000
2019-09-23,10.410000,10.410000,10.410000,10.410000,10.410000,100
2019-09-24,10.420000,10.420000,10.420000,10.420000,10.420000,175000
2019-09-25,10.430000,10.430000,10.430000,10.430000,10.430000,1700
2019-09-26,10.460000,10.480000,10.450000,10.480000,10.480000,85200
2019-09-27,10.460000,10.470000,10.460000,10.460000,10.460000,32200
2019-09-30,10.480000,10.480000,10.460000,10.470000,10.470000,165900
2019-10-01,10.480000,10.480000,10.480000,10.480000,10.480000,150800
2019-10-02,10.480000,10.480000,10.480000,10.480000,10.480000,0
2019-10-03,10.470000,10.480000,10.460000,10.470000,10.470000,83500
2019-10-04,10.455000,10.480000,10.455000,10.480000,10.480000,1700
2019-10-07,10.460000,10.480000,10.460000,10.480000,10.480000,4100
2019-10-08,10.480000,10.480000,10.480000,10.480000,10.480000,34900
2019-10-09,10.490000,10.490000,10.490000,10.490000,10.490000,1200
2019-10-10,10.490000,10.490000,10.470000,10.490000,10.490000,4800
2019-10-11,10.450000,10.490000,10.350000,10.490000,10.490000,9100
2019-10-14,10.490000,10.490000,10.490000,10.490000,10.490000,100
2019-10-15,10.480000,10.480000,10.480000,10.480000,10.480000,400
2019-10-16,10.480000,10.480000,10.480000,10.480000,10.480000,100
2019-10-17,10.495000,10.497000,10.490000,10.490000,10.490000,1000
2019-10-18,10.490000,10.490000,10.490000,10.490000,10.490000,300
2019-10-21,10.490000,10.803000,10.490000,10.490000,10.490000,9100
2019-10-22,10.490000,10.490000,10.490000,10.490000,10.490000,10900
2019-10-23,10.490000,10.500000,10.390000,10.490000,10.490000,17300
2019-10-24,10.490000,10.500000,10.475000,10.490000,10.490000,22700
2019-10-25,10.500000,10.500000,10.490000,10.496000,10.496000,9500
2019-10-28,10.490000,10.500000,10.490000,10.500000,10.500000,8900
2019-10-29,10.470000,10.490000,10.470000,10.490000,10.490000,2900
2019-10-30,10.490000,10.490000,10.480000,10.490000,10.490000,11600
2019-10-31,10.490000,10.490000,10.490000,10.490000,10.490000,1400
2019-11-01,10.490000,10.490000,10.490000,10.490000,10.490000,100
2019-11-04,10.490000,10.490000,10.490000,10.490000,10.490000,100
2019-11-05,10.490000,10.490000,10.490000,10.490000,10.490000,0
2019-11-06,10.490000,10.500000,10.490000,10.500000,10.500000,11800
2019-11-07,10.490000,10.490000,10.490000,10.490000,10.490000,200
2019-11-08,10.490000,10.520000,10.470000,10.470000,10.470000,2200
2019-11-11,10.470000,10.470000,10.470000,10.470000,10.470000,100
2019-11-12,10.510000,10.510000,10.480000,10.480000,10.480000,3200
2019-11-13,10.490000,10.490000,10.490000,10.490000,10.490000,150000
2019-11-14,10.490000,10.490000,10.480000,10.480000,10.480000,50500
2019-11-15,10.490000,10.490000,10.480000,10.480000,10.480000,75900
2019-11-18,10.500000,10.520000,10.490000,10.520000,10.520000,15100
2019-11-19,10.473000,10.520000,10.473000,10.520000,10.520000,600
2019-11-20,10.520000,10.520000,10.520000,10.520000,10.520000,0
2019-11-21,10.520000,10.520000,10.520000,10.520000,10.520000,0
2019-11-22,10.520000,10.520000,10.520000,10.520000,10.520000,100
2019-11-25,10.520000,10.520000,10.520000,10.520000,10.520000,0
2019-11-26,10.520000,10.520000,10.520000,10.520000,10.520000,0
2019-11-27,10.520000,10.520000,10.520000,10.520000,10.520000,0
2019-11-29,10.510000,10.520000,10.510000,10.520000,10.520000,6400
2019-12-02,10.520000,10.520000,10.520000,10.520000,10.520000,0
2019-12-03,10.530000,10.530000,10.530000,10.530000,10.530000,4000
2019-12-04,10.530000,10.530000,10.530000,10.530000,10.530000,0
2019-12-05,10.520000,10.520000,10.520000,10.520000,10.520000,50100
2019-12-06,10.520000,10.520000,10.520000,10.520000,10.520000,0
2019-12-09,10.550000,10.550000,10.530000,10.550000,10.550000,10000
2019-12-10,10.500000,10.550000,10.500000,10.550000,10.550000,2100
2019-12-11,10.550000,10.550000,10.550000,10.550000,10.550000,0
2019-12-12,10.550000,10.550000,10.550000,10.550000,10.550000,0
2019-12-13,10.550000,10.550000,10.550000,10.550000,10.550000,0
2019-12-16,10.530000,10.550000,10.530000,10.550000,10.550000,102000
2019-12-17,10.530000,10.530000,10.530000,10.530000,10.530000,100
2019-12-18,10.530000,10.550000,10.530000,10.550000,10.550000,55800
2019-12-19,10.550000,10.550000,10.550000,10.550000,10.550000,0
2019-12-20,10.550000,10.550000,10.550000,10.550000,10.550000,0
2019-12-23,10.553000,10.553000,10.530000,10.530000,10.530000,3800
2019-12-24,10.530000,10.530000,10.530000,10.530000,10.530000,0
2019-12-26,10.530000,10.550000,10.530000,10.550000,10.550000,3300
2019-12-27,10.550000,10.550000,10.550000,10.550000,10.550000,0
2019-12-30,10.550000,10.550000,10.550000,10.550000,10.550000,2600
2019-12-31,10.590000,10.590000,10.590000,10.590000,10.590000,100
2020-01-02,10.560000,10.570000,10.530000,10.530000,10.530000,252100
2020-01-03,10.530000,10.530000,10.530000,10.530000,10.530000,0
2020-01-06,10.550000,10.590000,10.550000,10.560000,10.560000,304900
2020-01-07,10.560000,10.560000,10.560000,10.560000,10.560000,100
2020-01-08,10.560000,10.560000,10.560000,10.560000,10.560000,0
2020-01-09,10.560000,10.560000,10.560000,10.560000,10.560000,0
2020-01-10,10.560000,10.560000,10.560000,10.560000,10.560000,0
2020-01-13,10.560000,10.560000,10.560000,10.560000,10.560000,0
2020-01-14,10.574000,10.574000,10.560000,10.560000,10.560000,1200
2020-01-15,10.806000,10.806000,10.560000,10.590000,10.590000,1300
2020-01-16,10.590000,10.590000,10.590000,10.590000,10.590000,0
2020-01-17,10.590000,10.590000,10.590000,10.590000,10.590000,0
2020-01-21,10.580000,10.580000,10.580000,10.580000,10.580000,100
2020-01-22,10.580000,10.580000,10.580000,10.580000,10.580000,0
2020-01-23,10.580000,10.580000,10.580000,10.580000,10.580000,0
2020-01-24,10.562000,10.650000,10.562000,10.650000,10.650000,2900
2020-01-27,10.640000,10.650000,10.640000,10.650000,10.650000,7000
2020-01-28,10.640000,10.640000,10.640000,10.640000,10.640000,114700
2020-01-29,10.640000,10.640000,10.640000,10.640000,10.640000,0
2020-01-30,10.640000,10.640000,10.640000,10.640000,10.640000,0
2020-01-31,10.650000,10.650000,10.600000,10.600000,10.600000,78100
2020-02-03,10.630000,10.630000,10.630000,10.630000,10.630000,200
2020-02-04,10.620000,10.640000,10.620000,10.630000,10.630000,966900
2020-02-05,10.650000,10.680000,10.650000,10.650000,10.650000,5500
2020-02-06,10.530000,10.530000,10.530000,10.530000,10.530000,300
2020-02-07,10.530000,10.530000,10.530000,10.530000,10.530000,0
2020-02-10,10.530000,10.530000,10.530000,10.530000,10.530000,0
2020-02-11,10.690000,10.690000,10.690000,10.690000,10.690000,300
2020-02-12,10.690000,10.690000,10.690000,10.690000,10.690000,0
2020-02-13,10.690000,10.690000,10.690000,10.690000,10.690000,0
2020-02-14,10.615000,10.646000,10.615000,10.644000,10.644000,1500
2020-02-18,10.620000,10.661000,10.620000,10.661000,10.661000,1800
2020-02-19,10.633000,10.663000,10.633000,10.663000,10.663000,1300
2020-02-20,10.155000,10.560000,10.155000,10.560000,10.560000,200
2020-02-21,10.560000,10.560000,10.560000,10.560000,10.560000,0
2020-02-24,10.629000,10.670000,10.600000,10.600000,10.600000,4300
2020-02-25,10.632000,10.632000,10.605000,10.630000,10.630000,5600
2020-02-26,10.640000,10.640000,10.580000,10.580000,10.580000,10200
2020-02-27,10.580000,10.580000,10.580000,10.580000,10.580000,2000
2020-02-28,10.580000,10.610000,10.560000,10.600000,10.600000,197700
2020-03-02,10.600000,10.620000,10.600000,10.620000,10.620000,150300
2020-03-03,10.665000,10.665000,10.650000,10.650000,10.650000,1500
2020-03-04,10.650000,10.650000,10.650000,10.650000,10.650000,0
2020-03-05,10.640000,10.640000,10.640000,10.640000,10.640000,200
2020-03-06,10.687000,10.700000,10.600000,10.600000,10.600000,5400
2020-03-09,10.553000,10.625000,10.400000,10.603000,10.603000,36100
2020-03-10,10.603000,10.603000,10.603000,10.603000,10.603000,0
2020-03-11,10.650000,10.683000,10.630000,10.630000,10.630000,105500
2020-03-12,10.600000,10.600000,10.400000,10.452000,10.452000,2900
2020-03-13,10.452000,10.452000,10.452000,10.452000,10.452000,0
2020-03-16,10.500000,10.500000,10.500000,10.500000,10.500000,200
2020-03-17,10.500000,10.500000,10.500000,10.500000,10.500000,0
2020-03-18,10.460000,10.543000,10.460000,10.501000,10.501000,5600
2020-03-19,10.348000,10.500000,10.348000,10.375000,10.375000,6700
2020-03-20,10.375000,10.375000,10.375000,10.375000,10.375000,0
2020-03-23,10.225000,10.225000,10.225000,10.225000,10.225000,100
2020-03-24,10.650000,10.650000,10.599000,10.599000,10.599000,200
2020-03-25,10.599000,10.599000,10.599000,10.599000,10.599000,0
2020-03-26,10.599000,10.599000,10.599000,10.599000,10.599000,0
2020-03-27,10.150000,10.150000,10.150000,10.150000,10.150000,100
2020-03-30,10.150000,10.150000,10.150000,10.150000,10.150000,0
2020-03-31,10.150000,10.150000,10.150000,10.150000,10.150000,0
2020-04-01,10.150000,10.150000,10.150000,10.150000,10.150000,0
2020-04-02,10.610000,10.720000,10.610000,10.720000,10.720000,1600
2020-04-03,10.705000,10.705000,10.705000,10.705000,10.705000,100
2020-04-06,10.670000,10.670000,10.670000,10.670000,10.670000,600
2020-04-07,10.610000,10.720000,10.610000,10.720000,10.720000,6100
2020-04-08,10.720000,10.720000,10.700000,10.700000,10.700000,2800
2020-04-09,10.720000,10.720000,10.670000,10.670000,10.670000,1600
2020-04-13,10.720000,10.740000,10.720000,10.740000,10.740000,12300
2020-04-14,10.946000,10.946000,10.750000,10.770000,10.770000,2700
2020-04-15,10.770000,10.770000,10.770000,10.770000,10.770000,0
2020-04-16,11.023000,11.023000,10.750000,10.804000,10.804000,1800
2020-04-17,10.770000,10.824000,10.750000,10.750000,10.750000,1600
2020-04-20,10.750000,10.804000,10.750000,10.804000,10.804000,1000
2020-04-21,10.750000,10.804000,10.750000,10.804000,10.804000,1600
2020-04-22,10.755000,11.250000,10.755000,11.000000,11.000000,1300
2020-04-23,11.240000,11.250000,11.240000,11.250000,11.250000,2000
2020-04-24,11.000000,11.250000,11.000000,11.000000,11.000000,2200
2020-04-27,10.885000,11.000000,10.775000,10.775000,10.775000,4100
2020-04-28,10.742000,10.742000,10.730000,10.730000,10.730000,200
2020-04-29,10.600000,10.680000,10.600000,10.670000,10.670000,1200
2020-04-30,10.670000,10.670000,10.670000,10.670000,10.670000,0
2020-05-01,10.670000,10.670000,10.670000,10.670000,10.670000,0
2020-05-04,10.670000,10.670000,10.670000,10.670000,10.670000,0
2020-05-05,10.670000,10.670000,10.670000,10.670000,10.670000,0
2020-05-06,10.670000,10.670000,10.670000,10.670000,10.670000,0
2020-05-07,10.670000,10.670000,10.670000,10.670000,10.670000,0
2020-05-08,10.670000,10.670000,10.670000,10.670000,10.670000,0
2020-05-11,10.960000,10.960000,10.960000,10.960000,10.960000,200
2020-05-12,10.960000,10.960000,10.960000,10.960000,10.960000,0
2020-05-13,10.960000,10.960000,10.960000,10.960000,10.960000,0
2020-05-14,10.960000,10.960000,10.960000,10.960000,10.960000,0
2020-05-15,10.960000,10.960000,10.960000,10.960000,10.960000,0
2020-05-18,10.960000,10.960000,10.960000,10.960000,10.960000,0
2020-05-19,10.960000,10.960000,10.960000,10.960000,10.960000,0
2020-05-20,10.950000,11.050000,10.950000,11.000000,11.000000,800
2020-05-21,11.000000,11.000000,11.000000,11.000000,11.000000,0
2020-05-22,11.000000,11.000000,11.000000,11.000000,11.000000,0
2020-05-26,11.000000,11.000000,11.000000,11.000000,11.000000,0
2020-05-27,11.000000,11.000000,11.000000,11.000000,11.000000,0
2020-05-28,11.000000,11.000000,11.000000,11.000000,11.000000,0
2020-05-29,10.700000,10.900000,10.700000,10.900000,10.900000,400
2020-06-01,10.992000,11.090000,10.850000,10.900000,10.900000,17000
2020-06-02,10.850000,10.990000,10.850000,10.990000,10.990000,500
2020-06-03,11.400000,11.400000,10.640000,10.779000,10.779000,1900
2020-06-04,10.800000,10.800000,10.800000,10.800000,10.800000,400
2020-06-05,10.790000,11.080000,10.600000,10.950000,10.950000,70400
2020-06-08,11.760000,11.890000,10.885000,10.950000,10.950000,39600
2020-06-09,11.600000,11.850000,10.860000,10.950000,10.950000,58000
2020-06-10,11.350000,14.100000,11.099000,12.000000,12.000000,695500
2020-06-11,12.000000,12.000000,11.000000,11.150000,11.150000,261000
2020-06-12,11.580000,11.750000,10.950000,11.100000,11.100000,1803900
2020-06-15,11.460000,11.500000,11.080000,11.200000,11.200000,1114300
2020-06-16,11.650000,12.130000,10.950000,11.720000,11.720000,870900
2020-06-17,12.300000,14.440000,11.910000,14.200000,14.200000,1964500
2020-06-18,13.830000,14.260000,12.770000,13.050000,13.050000,638200
2020-06-19,13.330000,13.330000,11.240000,12.320000,12.320000,451400
2020-06-22,11.960000,12.890000,11.370000,11.950000,11.950000,517600
2020-06-23,12.280000,12.280000,11.600000,11.700000,11.700000,277400
2020-06-24,12.000000,12.400000,11.360000,11.550000,11.550000,376700
2020-06-25,11.400000,11.450000,11.060000,11.250000,11.250000,287200
2020-06-26,11.650000,12.160000,10.950000,11.850000,11.850000,459200
2020-06-29,12.550000,13.550000,12.100000,13.200000,13.200000,689300
2020-06-30,13.910000,14.700000,12.300000,12.850000,12.850000,1089900
2020-07-01,12.300000,12.700000,11.750000,12.000000,12.000000,260400