Date,Open,High,Low,Close,Adj Close,Volume
2018-06-18,17.000000,17.000000,17.000000,17.000000,17.000000,100
2018-06-19,17.000000,17.000000,17.000000,17.000000,17.000000,0
2018-06-20,17.000000,17.000000,17.000000,17.000000,17.000000,0
2018-06-21,17.000000,17.000000,17.000000,17.000000,17.000000,0
2018-06-22,17.000000,17.000000,17.000000,17.000000,17.000000,0
2018-06-25,10.850000,15.500000,9.552000,15.500000,15.500000,7000
2018-06-26,13.150000,13.500000,13.150000,13.500000,13.500000,1300
2018-06-27,20.180000,20.500000,19.900000,19.900000,19.900000,900
2018-06-28,19.900000,19.900000,14.400000,14.400000,14.400000,400
2018-06-29,13.550000,17.799999,13.550000,17.799999,17.799999,800
2018-07-02,13.560000,14.060000,13.560000,14.060000,14.060000,500
2018-07-03,14.060000,14.060000,14.060000,14.060000,14.060000,0
2018-07-05,14.100000,15.600000,14.100000,15.600000,15.600000,600
2018-07-06,16.049999,16.049999,15.990000,15.990000,15.990000,1500
2018-07-09,17.500000,17.500000,16.000000,16.000000,16.000000,2100
2018-07-10,15.900000,16.000000,13.700000,13.700000,13.700000,3100
2018-07-11,14.300000,14.500000,14.000000,14.000000,14.000000,300
2018-07-12,13.040000,13.450000,11.360000,11.360000,11.360000,2600
2018-07-13,11.360000,11.360000,11.360000,11.360000,11.360000,0
2018-07-16,12.000000,12.000000,12.000000,12.000000,12.000000,400
2018-07-17,12.000000,12.000000,12.000000,12.000000,12.000000,0
2018-07-18,11.696000,11.900000,11.334000,11.334000,11.334000,1300
2018-07-19,11.500000,11.500000,11.440000,11.440000,11.440000,800
2018-07-20,11.050000,11.070000,10.271000,10.910000,10.910000,3100
2018-07-23,11.300000,11.390000,10.640000,10.800000,10.800000,1100
2018-07-24,11.150000,11.200000,11.150000,11.200000,11.200000,1000
2018-07-25,11.200000,11.200000,11.200000,11.200000,11.200000,0
2018-07-26,11.200000,11.200000,11.200000,11.200000,11.200000,0
2018-07-27,10.840000,10.960000,10.740000,10.900000,10.900000,16000
2018-07-30,10.350000,10.400000,10.250000,10.360000,10.360000,3800
2018-07-31,10.300000,10.300000,10.250000,10.250000,10.250000,900
2018-08-01,9.980000,9.980000,9.910000,9.920000,9.920000,2000
2018-08-02,9.730000,9.800000,9.650000,9.800000,9.800000,900
2018-08-03,9.620000,9.740000,9.620000,9.740000,9.740000,900
2018-08-06,9.560000,9.580000,8.530000,8.530000,8.530000,1700
2018-08-07,9.500000,9.650000,9.500000,9.620000,9.620000,1900
2018-08-08,9.620000,9.620000,9.620000,9.620000,9.620000,0
2018-08-09,9.600000,9.600000,9.600000,9.600000,9.600000,200
2018-08-10,9.000000,9.000000,9.000000,9.000000,9.000000,400
2018-08-13,8.977000,9.260000,8.977000,9.260000,9.260000,5300
2018-08-14,8.947000,8.947000,8.947000,8.947000,8.947000,200
2018-08-15,8.690000,8.800000,8.690000,8.800000,8.800000,1400
2018-08-16,8.690000,8.700000,8.690000,8.700000,8.700000,500
2018-08-17,8.670000,8.900000,8.623000,8.900000,8.900000,4000
2018-08-20,9.350000,16.000000,9.350000,11.600000,11.600000,144400
2018-08-21,10.640000,10.949000,9.600000,9.750000,9.750000,65500
2018-08-22,9.751000,9.900000,8.560000,9.352000,9.352000,26300
2018-08-23,9.050000,9.490000,9.000000,9.207000,9.207000,11800
2018-08-24,9.350000,9.770000,9.068000,9.500000,9.500000,11800
2018-08-27,9.260000,9.731000,8.909000,9.600000,9.600000,9700
2018-08-28,9.500000,9.548000,8.593000,9.499000,9.499000,8800
2018-08-29,9.250000,10.400000,8.751000,9.821000,9.821000,23500
2018-08-30,8.680000,9.040000,8.310000,8.500000,8.500000,39700
2018-08-31,8.580000,8.940000,8.120000,8.797000,8.797000,5900
2018-09-04,8.970000,8.970000,8.070000,8.070000,8.070000,8800
2018-09-05,7.900000,7.990000,7.526000,7.600000,7.600000,8800
2018-09-06,7.650000,7.905000,7.650000,7.650000,7.650000,4400
2018-09-07,8.000000,8.750000,8.000000,8.570000,8.570000,1500
2018-09-10,8.700000,8.700000,8.500000,8.500000,8.500000,2400
2018-09-11,8.328000,8.375000,8.070000,8.070000,8.070000,2300
2018-09-12,8.070000,8.620000,8.000000,8.060000,8.060000,4600
2018-09-13,8.100000,8.170000,8.060000,8.060000,8.060000,1900
2018-09-14,8.030000,8.055000,8.000000,8.000000,8.000000,3800
2018-09-17,8.000000,8.000000,7.800000,7.800000,7.800000,3900
2018-09-18,7.990000,7.990000,7.510000,7.510000,7.510000,6400
2018-09-19,7.510000,8.260000,7.220000,7.379000,7.379000,3900
2018-09-20,7.400000,7.834000,7.240000,7.834000,7.834000,2100
2018-09-21,7.300000,7.310000,7.100000,7.300000,7.300000,11300
2018-09-24,7.340000,7.340000,7.250000,7.250000,7.250000,800
2018-09-25,7.423000,9.970000,7.184000,7.493000,7.493000,97700
2018-09-26,7.650000,7.699000,6.930000,7.340000,7.340000,57700
2018-09-27,7.350000,7.950000,7.300000,7.548000,7.548000,35600
2018-09-28,7.500000,7.756000,7.400000,7.550000,7.550000,11700
2018-10-01,7.400000,8.000000,6.950000,7.727000,7.727000,57200
2018-10-02,7.840000,7.840000,7.250000,7.300000,7.300000,27100
2018-10-03,7.430000,7.630000,7.300000,7.350000,7.350000,30900
2018-10-04,7.300000,7.607000,7.282000,7.300000,7.300000,44800
2018-10-05,7.493000,7.800000,7.200000,7.200000,7.200000,25200
2018-10-08,7.150000,7.580000,7.112000,7.270000,7.270000,17900
2018-10-09,7.460000,7.800000,7.070000,7.500000,7.500000,12700
2018-10-10,7.639000,7.700000,7.520000,7.520000,7.520000,13100
2018-10-11,7.600000,7.800000,7.520000,7.580000,7.580000,7800
2018-10-12,7.490000,8.350000,7.200000,7.900000,7.900000,50600
2018-10-15,7.350000,8.188000,7.106000,7.360000,7.360000,166200
2018-10-16,7.460000,7.460000,6.530000,6.731000,6.731000,61900
2018-10-17,6.910000,7.042000,6.620000,7.000000,7.000000,20300
2018-10-18,7.250000,7.250000,6.670000,7.060000,7.060000,9300
2018-10-19,6.970000,7.300000,6.900000,6.920000,6.920000,39800
2018-10-22,7.210000,8.250000,7.070000,7.503000,7.503000,142000
2018-10-23,7.010000,7.166000,6.820000,6.991000,6.991000,31200
2018-10-24,6.900000,7.236000,6.720000,6.890000,6.890000,25600
2018-10-25,7.200000,7.300000,6.810000,6.870000,6.870000,32000
2018-10-26,6.870000,7.200000,6.870000,6.993000,6.993000,30600
2018-10-29,7.030000,7.389000,6.760000,7.053000,7.053000,120100
2018-10-30,6.830000,6.970000,6.401000,6.670000,6.670000,34600
2018-10-31,6.800000,7.190000,6.620000,6.956000,6.956000,43600
2018-11-01,6.960000,7.410000,6.720000,7.000000,7.000000,102600
2018-11-02,6.990000,7.098000,6.840000,6.900000,6.900000,15900
2018-11-05,7.080000,7.100000,6.600000,6.600000,6.600000,11200
2018-11-06,6.690000,6.940000,6.600000,6.914000,6.914000,7600
2018-11-07,7.050000,7.340000,6.850000,7.070000,7.070000,18400
2018-11-08,7.302000,7.330000,6.893000,7.000000,7.000000,28800
2018-11-09,7.250000,7.300000,6.900000,7.100000,7.100000,18700
2018-11-12,7.310000,7.700000,7.006000,7.475000,7.475000,24300
2018-11-13,7.404000,7.410000,7.220000,7.246000,7.246000,12900
2018-11-14,7.300000,7.400000,7.000000,7.000000,7.000000,13600
2018-11-15,7.000000,7.237000,6.870000,7.020000,7.020000,9600
2018-11-16,6.890000,7.200000,6.610000,6.845000,6.845000,11100
2018-11-19,6.840000,6.840000,6.500000,6.520000,6.520000,10600
2018-11-20,6.500000,6.780000,6.500000,6.600000,6.600000,6700
2018-11-21,6.740000,6.890000,6.633000,6.817000,6.817000,2300
2018-11-23,6.600000,6.770000,6.600000,6.770000,6.770000,700
2018-11-26,6.810000,7.120000,6.753000,6.753000,6.753000,5600
2018-11-27,6.760000,6.800000,6.694000,6.800000,6.800000,7500
2018-11-28,6.800000,6.800000,6.800000,6.800000,6.800000,100
2018-11-29,6.800000,6.980000,6.800000,6.860000,6.860000,3700
2018-11-30,6.810000,6.810000,6.800000,6.800000,6.800000,400
2018-12-03,6.730000,6.730000,6.500000,6.570000,6.570000,20300
2018-12-04,6.410000,6.750000,6.410000,6.440000,6.440000,8000
2018-12-06,6.330000,6.330000,5.748000,5.980000,5.980000,17100
2018-12-07,6.100000,7.000000,6.000000,6.100000,6.100000,12700
2018-12-10,6.060000,6.200000,5.820000,6.000000,6.000000,73000
2018-12-11,5.980000,6.097000,5.650000,5.650000,5.650000,13400
2018-12-12,5.650000,5.780000,5.320000,5.370000,5.370000,14400
2018-12-13,5.396000,5.850000,5.396000,5.821000,5.821000,12300
2018-12-14,5.510000,5.873000,5.500000,5.873000,5.873000,1800
2018-12-17,5.980000,5.980000,5.500000,5.630000,5.630000,6900
2018-12-18,5.470000,5.980000,5.320000,5.900000,5.900000,20200
2018-12-19,5.710000,5.710000,5.437000,5.500000,5.500000,1300
2018-12-20,5.800000,6.280000,5.650000,6.000000,6.000000,10400
2018-12-21,5.840000,6.000000,5.410000,5.410000,5.410000,11700
2018-12-24,5.588000,6.018000,5.588000,6.018000,6.018000,2800
2018-12-26,6.960000,7.160000,6.800000,6.800000,6.800000,1600
2018-12-27,5.370000,6.227000,5.370000,6.000000,6.000000,4600
2018-12-28,6.200000,6.210000,6.200000,6.200000,6.200000,10700
2018-12-31,6.572000,6.572000,6.220000,6.240000,6.240000,7000
2019-01-02,5.600000,6.180000,5.600000,6.100000,6.100000,1200
2019-01-03,5.600000,6.150000,5.450000,6.000000,6.000000,3800
2019-01-04,6.070000,6.070000,6.030000,6.030000,6.030000,600
2019-01-07,6.300000,6.300000,6.300000,6.300000,6.300000,1900
2019-01-08,6.300000,6.530000,6.300000,6.530000,6.530000,1100
2019-01-09,6.010000,6.170000,6.000000,6.000000,6.000000,5700
2019-01-10,6.100000,6.450000,6.010000,6.400000,6.400000,6900
2019-01-11,6.400000,6.400000,6.400000,6.400000,6.400000,100
2019-01-14,6.470000,6.800000,6.470000,6.570000,6.570000,2100
2019-01-15,6.570000,6.570000,6.570000,6.570000,6.570000,0
2019-01-16,6.413000,6.780000,6.360000,6.760000,6.760000,3400
2019-01-17,6.760000,6.827000,6.500000,6.500000,6.500000,2200
2019-01-18,6.500000,6.500000,6.500000,6.500000,6.500000,0
2019-01-22,6.500000,6.500000,6.500000,6.500000,6.500000,1200
2019-01-23,6.840000,7.000000,6.840000,6.870000,6.870000,2300
2019-01-24,6.850000,6.850000,6.850000,6.850000,6.850000,200
2019-01-25,7.070000,7.070000,6.000000,6.000000,6.000000,1400
2019-01-28,6.870000,6.950000,6.500000,6.829000,6.829000,19800
2019-01-29,6.750000,6.750000,6.300000,6.300000,6.300000,1100
2019-01-30,6.212000,6.700000,6.210000,6.480000,6.480000,1700
2019-01-31,6.655000,6.655000,6.400000,6.500000,6.500000,3200
2019-02-01,6.410000,6.410000,6.400000,6.400000,6.400000,700
2019-02-04,6.500000,6.850000,6.500000,6.500000,6.500000,1200
2019-02-05,6.550000,6.550000,6.100000,6.130000,6.130000,7200
2019-02-06,6.130000,6.130000,6.130000,6.130000,6.130000,0
2019-02-07,6.100000,6.120000,6.100000,6.120000,6.120000,7600
2019-02-08,6.090000,6.101000,6.090000,6.100000,6.100000,13800
2019-02-11,6.090000,6.090000,6.090000,6.090000,6.090000,1200
2019-02-12,5.960000,6.030000,5.950000,5.950000,5.950000,4800
2019-02-13,6.250000,6.250000,6.200000,6.200000,6.200000,14000
2019-02-14,6.200000,6.200000,6.200000,6.200000,6.200000,0
2019-02-15,5.960000,6.290000,5.960000,6.260000,6.260000,400
2019-02-19,5.670000,5.800000,5.580000,5.740000,5.740000,7500
2019-02-20,5.570000,6.080000,5.517000,6.040000,6.040000,14200
2019-02-21,5.580000,5.749000,5.530000,5.600000,5.600000,31700
2019-02-22,5.700000,5.900000,5.600000,5.600000,5.600000,10600
2019-02-25,5.870000,5.930000,5.550000,5.638000,5.638000,13700
2019-02-26,5.740000,5.740000,5.479000,5.550000,5.550000,13100
2019-02-27,5.470000,5.680000,5.460000,5.460000,5.460000,1000
2019-02-28,5.800000,6.200000,5.800000,5.800000,5.800000,19900
2019-03-01,5.480000,5.660000,5.450000,5.650000,5.650000,15500
2019-03-04,5.610000,5.990000,5.520000,5.650000,5.650000,26600
2019-03-05,5.550000,5.805000,5.450000,5.800000,5.800000,31800
2019-03-06,5.450000,5.780000,5.430000,5.550000,5.550000,11500
2019-03-07,5.500000,5.690000,5.420000,5.520000,5.520000,10900
2019-03-08,5.450000,5.540000,5.380000,5.450000,5.450000,18200
2019-03-11,5.750000,5.760000,5.460000,5.460000,5.460000,9600
2019-03-12,5.590000,5.590000,5.240000,5.548000,5.548000,17300
2019-03-13,5.210000,5.410000,5.200000,5.260000,5.260000,8600
2019-03-14,5.220000,5.290000,5.220000,5.290000,5.290000,4400
2019-03-15,5.180000,5.395000,5.180000,5.270000,5.270000,52100
2019-03-18,5.200000,5.390000,5.200000,5.390000,5.390000,6000
2019-03-19,5.220000,5.350000,5.220000,5.240000,5.240000,10300
2019-03-20,5.220000,5.375000,5.220000,5.350000,5.350000,9200
2019-03-21,5.350000,5.350000,5.350000,5.350000,5.350000,0
2019-03-22,5.170000,5.320000,5.170000,5.320000,5.320000,4700
2019-03-25,5.200000,5.226000,5.200000,5.210000,5.210000,7500
2019-03-26,5.260000,5.360000,5.200000,5.210000,5.210000,6200
2019-03-27,5.240000,5.470000,4.900000,4.900000,4.900000,66100
2019-03-28,5.140000,5.180000,5.100000,5.110000,5.110000,25500
2019-03-29,5.157000,5.470000,5.130000,5.220000,5.220000,11600
2019-04-01,5.190000,5.360000,5.130000,5.130000,5.130000,6800
2019-04-02,4.990000,5.200000,4.940000,5.200000,5.200000,15400
2019-04-03,5.090000,5.090000,4.960000,4.960000,4.960000,3700
2019-04-04,4.990000,5.080000,4.990000,5.080000,5.080000,3200
2019-04-05,5.080000,5.080000,5.080000,5.080000,5.080000,100
2019-04-08,5.160000,5.367000,5.160000,5.201000,5.201000,5900
2019-04-09,5.190000,5.270000,5.190000,5.270000,5.270000,700
2019-04-10,5.260000,5.260000,5.240000,5.240000,5.240000,4700
2019-04-11,5.280000,5.420000,5.280000,5.420000,5.420000,500
2019-04-12,5.270000,5.420000,5.270000,5.384000,5.384000,900
2019-04-15,5.330000,5.380000,5.080000,5.080000,5.080000,1400
2019-04-16,5.260000,5.960000,5.160000,5.460000,5.460000,41500
2019-04-17,5.440000,5.440000,5.260000,5.260000,5.260000,9100
2019-04-18,5.300000,5.400000,5.240000,5.350000,5.350000,26500
2019-04-22,5.450000,5.960000,5.450000,5.520000,5.520000,4300
2019-04-23,5.290000,5.500000,5.211000,5.500000,5.500000,7900
2019-04-24,5.250000,5.250000,5.170000,5.170000,5.170000,2900
2019-04-25,5.150000,5.200000,5.150000,5.150000,5.150000,8400
2019-04-26,5.150000,5.280000,5.150000,5.160000,5.160000,1200
2019-04-29,5.150000,5.490000,5.150000,5.370000,5.370000,9300
2019-04-30,5.210000,5.390000,5.160000,5.250000,5.250000,5700
2019-05-01,5.253000,5.253000,5.250000,5.250000,5.250000,3700
2019-05-02,5.160000,5.227000,5.150000,5.200000,5.200000,14100
2019-05-03,5.300000,5.300000,5.150000,5.150000,5.150000,5500
2019-05-06,5.150000,5.500000,5.150000,5.170000,5.170000,12300
2019-05-07,5.170000,5.170000,5.170000,5.170000,5.170000,100
2019-05-08,5.330000,5.330000,5.230000,5.230000,5.230000,1000
2019-05-09,5.230000,5.230000,5.230000,5.230000,5.230000,100
2019-05-10,5.338000,5.338000,5.250000,5.250000,5.250000,2100
2019-05-13,5.190000,5.500000,5.150000,5.350000,5.350000,15800
2019-05-14,5.350000,5.350000,5.350000,5.350000,5.350000,100
2019-05-15,5.140000,5.260000,5.090000,5.210000,5.210000,13000
2019-05-16,5.210000,5.300000,5.210000,5.300000,5.300000,3700
2019-05-17,5.340000,5.340000,5.340000,5.340000,5.340000,900
2019-05-20,5.100000,5.110000,5.085000,5.100000,5.100000,9300
2019-05-21,5.070000,5.070000,5.050000,5.050000,5.050000,11900
2019-05-22,5.000000,5.100000,5.000000,5.000000,5.000000,8800
2019-05-23,5.020000,5.020000,4.970000,4.970000,4.970000,12100
2019-05-24,5.080000,5.080000,5.077000,5.077000,5.077000,1000
2019-05-28,4.950000,5.050000,4.950000,4.990000,4.990000,17800
2019-05-29,4.950000,4.990000,4.950000,4.950000,4.950000,7000
2019-05-30,5.000000,5.000000,4.950000,4.950000,4.950000,6000
2019-05-31,4.990000,5.000000,4.900000,4.900000,4.900000,11100
2019-06-03,4.850000,4.850000,4.750000,4.750000,4.750000,2200
2019-06-04,4.900000,4.920000,4.900000,4.900000,4.900000,2900
2019-06-05,4.900000,4.900000,4.900000,4.900000,4.900000,1600
2019-06-06,4.900000,4.900000,4.900000,4.900000,4.900000,0
2019-06-07,4.780000,4.780000,4.780000,4.780000,4.780000,100
2019-06-10,4.754000,4.900000,4.750000,4.900000,4.900000,5400
2019-06-11,4.757000,4.780000,4.750000,4.750000,4.750000,3900
2019-06-12,4.750000,5.000000,4.750000,5.000000,5.000000,1200
2019-06-13,4.750000,4.780000,4.680000,4.780000,4.780000,16700
2019-06-14,4.700000,4.780000,4.700000,4.780000,4.780000,3900
2019-06-17,4.780000,4.780000,4.780000,4.780000,4.780000,0
2019-06-18,4.710000,4.730000,4.710000,4.710000,4.710000,1400
2019-06-19,4.900000,4.976000,4.828000,4.828000,4.828000,400
2019-06-20,4.970000,4.970000,4.843000,4.843000,4.843000,1600
2019-06-21,4.840000,4.840000,4.700000,4.700000,4.700000,800
2019-06-24,4.900000,4.900000,4.700000,4.700000,4.700000,900
2019-06-25,4.700000,4.895000,4.700000,4.700000,4.700000,10800
2019-06-26,4.700000,4.800000,4.670000,4.800000,4.800000,7800
2019-06-27,4.700000,4.900000,4.700000,4.770000,4.770000,15100
2019-06-28,4.856000,4.856000,4.730000,4.810000,4.810000,400
2019-07-01,4.820000,4.835000,4.810000,4.820000,4.820000,2800
2019-07-02,4.850000,4.950000,4.850000,4.950000,4.950000,2300
2019-07-03,4.950000,4.950000,4.860000,4.940000,4.940000,3000
2019-07-05,4.960000,4.960000,4.910000,4.910000,4.910000,1200
2019-07-08,4.990000,5.400000,4.990000,5.290000,5.290000,19500
2019-07-09,5.180000,5.330000,5.120000,5.300000,5.300000,18300
2019-07-10,5.180000,5.400000,5.167000,5.400000,5.400000,10600
2019-07-11,5.400000,5.500000,5.400000,5.500000,5.500000,16600
2019-07-12,5.500000,6.060000,5.500000,6.060000,6.060000,28700
2019-07-15,6.090000,6.396000,6.090000,6.150000,6.150000,18100
2019-07-16,6.340000,6.500000,6.150000,6.150000,6.150000,18200
2019-07-17,6.200000,6.280000,5.627000,5.776000,5.776000,17900
2019-07-18,5.990000,6.226000,5.990000,6.210000,6.210000,39600
2019-07-19,6.500000,6.500000,6.300000,6.317000,6.317000,10300
2019-07-22,6.390000,6.470000,6.105000,6.456000,6.456000,17700
2019-07-23,6.500000,6.650000,6.000000,6.090000,6.090000,42900
2019-07-24,6.090000,6.150000,6.000000,6.130000,6.130000,9300
2019-07-25,6.040000,6.168000,6.040000,6.140000,6.140000,4600
2019-07-26,6.190000,6.250000,6.190000,6.230000,6.230000,17400
2019-07-29,5.900000,6.430000,5.900000,6.290000,6.290000,70000
2019-07-30,6.270000,6.653000,6.161000,6.330000,6.330000,3100
2019-07-31,6.200000,6.200000,6.018000,6.018000,6.018000,300
2019-08-01,6.200000,6.200000,6.018000,6.018000,6.018000,100
2019-08-02,6.340000,6.340000,5.568000,5.700000,5.700000,6300
2019-08-05,5.400000,5.540000,5.300000,5.500000,5.500000,1500
2019-08-06,5.340000,5.501000,5.340000,5.500000,5.500000,2000
2019-08-07,5.450000,5.460000,5.450000,5.450000,5.450000,1200
2019-08-08,5.400000,5.676000,5.400000,5.676000,5.676000,7200
2019-08-09,5.400000,5.676000,5.400000,5.676000,5.676000,100
2019-08-12,5.670000,5.800000,5.250000,5.780000,5.780000,7700
2019-08-13,5.670000,5.800000,5.250000,5.780000,5.780000,7700
2019-08-14,5.530000,5.540000,5.180000,5.540000,5.540000,3500
2019-08-15,5.010000,5.160000,4.830000,5.000000,5.000000,2200
2019-08-16,5.240000,5.240000,5.001000,5.190000,5.190000,1700
2019-08-19,5.090000,6.150000,5.010000,6.000000,6.000000,53400
2019-08-20,5.860000,6.000000,5.800000,5.800000,5.800000,8500
2019-08-21,5.800000,5.800000,5.800000,5.800000,5.800000,0
2019-08-22,5.800000,5.800000,5.800000,5.800000,5.800000,0
2019-08-23,5.370000,5.500000,5.150000,5.500000,5.500000,1400
2019-08-26,5.220000,5.300000,5.040000,5.300000,5.300000,1800
2019-08-27,5.110000,5.110000,5.110000,5.110000,5.110000,200
2019-08-28,5.050000,5.160000,5.010000,5.130000,5.130000,14900
2019-08-29,4.770000,5.190000,4.770000,5.050000,5.050000,14600
2019-08-30,5.142000,5.400000,5.070000,5.230000,5.230000,11400
2019-09-03,5.270000,5.530000,5.250000,5.260000,5.260000,6300
2019-09-04,5.740000,6.000000,5.260000,5.390000,5.390000,6400
2019-09-05,5.390000,5.453000,5.240000,5.300000,5.300000,9400
2019-09-06,5.550000,5.600000,5.400000,5.600000,5.600000,6100
2019-09-09,5.590000,5.800000,5.560000,5.660000,5.660000,19600
2019-09-10,5.740000,5.800000,5.530000,5.660000,5.660000,4500
2019-09-11,5.630000,5.630000,5.510000,5.510000,5.510000,6100
2019-09-12,5.680000,5.680000,5.550000,5.550000,5.550000,600
2019-09-13,5.550000,5.580000,5.388000,5.560000,5.560000,14800
2019-09-16,5.642000,6.173000,5.500000,5.610000,5.610000,13200
2019-09-17,5.650000,5.700000,5.430000,5.430000,5.430000,3000
2019-09-18,5.600000,5.600000,5.350000,5.500000,5.500000,3100
2019-09-19,5.500000,5.550000,5.497000,5.500000,5.500000,10800
2019-09-20,5.500000,5.500000,5.400000,5.490000,5.490000,5000
2019-09-23,5.490000,5.789000,5.400000,5.650000,5.650000,10700
2019-09-24,5.888000,5.888000,5.330000,5.558000,5.558000,3900
2019-09-25,5.539000,5.539000,5.260000,5.320000,5.320000,4300
2019-09-26,5.240000,5.403000,5.230000,5.250000,5.250000,6300
2019-09-27,5.334000,5.334000,5.000000,5.180000,5.180000,49100
2019-09-30,5.200000,5.240000,5.050000,5.240000,5.240000,1700
2019-10-01,5.210000,5.280000,5.060000,5.200000,5.200000,8000
2019-10-02,5.180000,5.280000,5.070000,5.280000,5.280000,800
2019-10-03,5.190000,5.600000,5.190000,5.340000,5.340000,5300
2019-10-04,5.400000,5.480000,5.400000,5.450000,5.450000,7900
2019-10-07,5.400000,5.480000,5.220000,5.480000,5.480000,12100
2019-10-08,5.270000,5.823000,5.270000,5.740000,5.740000,6200
2019-10-09,5.500000,5.840000,5.260000,5.260000,5.260000,17600
2019-10-10,5.340000,5.690000,5.340000,5.500000,5.500000,1600
2019-10-11,5.460000,5.500000,5.280000,5.280000,5.280000,24500
2019-10-14,5.320000,5.800000,5.320000,5.800000,5.800000,19100
2019-10-15,5.590000,5.600000,5.400000,5.400000,5.400000,14600
2019-10-16,5.315000,5.510000,5.315000,5.474000,5.474000,23900
2019-10-17,5.390000,5.580000,5.320000,5.410000,5.410000,22300
2019-10-18,5.500000,5.513000,5.384000,5.500000,5.500000,15400
2019-10-21,5.490000,6.047000,5.420000,6.047000,6.047000,23400
2019-10-22,5.780000,6.190000,5.720000,6.040000,6.040000,21600
2019-10-23,5.897000,6.470000,5.870000,6.400000,6.400000,69600
2019-10-24,6.300000,6.540000,6.300000,6.380000,6.380000,40600
2019-10-25,6.397000,6.749000,6.360000,6.700000,6.700000,41200
2019-10-28,6.600000,7.397000,6.600000,7.380000,7.380000,43800
2019-10-29,7.360000,7.360000,6.849000,7.100000,7.100000,15300
2019-10-30,6.920000,7.110000,6.920000,6.950000,6.950000,19900
2019-10-31,6.890000,6.890000,6.410000,6.410000,6.410000,22000
2019-11-01,6.600000,7.970000,6.600000,7.970000,7.970000,37300
2019-11-04,7.500000,7.500000,6.970000,7.010000,7.010000,35200
2019-11-05,6.950000,7.500000,6.870000,7.500000,7.500000,21800
2019-11-06,7.374000,7.374000,7.000000,7.000000,7.000000,6100
2019-11-07,7.090000,7.210000,6.850000,6.890000,6.890000,13900
2019-11-08,6.750000,7.150000,6.630000,7.000000,7.000000,28900
2019-11-11,6.935000,7.000000,6.890000,6.925000,6.925000,7900
2019-11-12,6.810000,7.350000,6.640000,7.340000,7.340000,17000
2019-11-13,7.000000,7.100000,6.900000,6.900000,6.900000,20500
2019-11-14,6.800000,7.034000,6.751000,6.970000,6.970000,17100
2019-11-15,7.100000,7.287000,7.070000,7.127000,7.127000,17500
2019-11-18,7.000000,7.000000,6.786000,6.793000,6.793000,5400
2019-11-19,6.900000,6.990000,6.890000,6.990000,6.990000,5900
2019-11-20,6.840000,7.200000,6.840000,6.960000,6.960000,12900
2019-11-21,7.150000,7.247000,7.126000,7.126000,7.126000,7400
2019-11-22,7.010000,7.050000,6.980000,7.020000,7.020000,12900
2019-11-25,6.800000,7.010000,6.750000,6.920000,6.920000,28100
2019-11-26,6.860000,7.013000,6.730000,6.820000,6.820000,16000
2019-11-27,6.729000,7.040000,6.729000,6.950000,6.950000,7200
2019-11-29,6.790000,7.160000,6.790000,7.143000,7.143000,10700
2019-12-02,6.720000,6.967000,6.710000,6.940000,6.940000,12900
2019-12-03,6.860000,6.860000,6.500000,6.829000,6.829000,7400
2019-12-04,7.093000,7.093000,7.000000,7.050000,7.050000,5300
2019-12-05,6.627000,6.880000,6.627000,6.860000,6.860000,9400
2019-12-06,6.854000,6.854000,6.810000,6.830000,6.830000,400
2019-12-09,6.810000,7.185000,6.810000,7.120000,7.120000,4900
2019-12-10,6.940000,6.940000,6.690000,6.690000,6.690000,22200
2019-12-11,6.670000,6.770000,6.574000,6.650000,6.650000,5100
2019-12-12,6.500000,6.550000,6.230000,6.370000,6.370000,8000
2019-12-13,6.400000,6.520000,6.380000,6.500000,6.500000,4400
2019-12-16,6.962000,6.962000,6.500000,6.520000,6.520000,2800
2019-12-17,6.410000,6.560000,6.200000,6.330000,6.330000,6500
2019-12-18,6.110000,6.320000,6.110000,6.320000,6.320000,3200
2019-12-19,6.368000,6.368000,6.150000,6.288000,6.288000,1400
2019-12-20,6.500000,6.550000,6.500000,6.550000,6.550000,500
2019-12-23,6.787000,6.790000,6.500000,6.700000,6.700000,7100
2019-12-24,6.700000,6.700000,6.700000,6.700000,6.700000,0
2019-12-26,6.630000,6.630000,6.600000,6.600000,6.600000,700
2019-12-27,6.600000,6.600000,6.600000,6.600000,6.600000,0
2019-12-30,6.600000,6.600000,6.600000,6.600000,6.600000,0
2019-12-31,6.500000,6.690000,6.490000,6.490000,6.490000,1000
2020-01-02,6.560000,7.048000,6.560000,6.806000,6.806000,800
2020-01-03,6.830000,7.180000,6.750000,7.180000,7.180000,5300
2020-01-06,7.000000,7.110000,7.000000,7.000000,7.000000,1800
2020-01-07,6.750000,6.880000,6.750000,6.850000,6.850000,3100
2020-01-08,6.750000,7.010000,6.750000,7.000000,7.000000,4400
2020-01-09,7.190000,7.200000,7.190000,7.200000,7.200000,600
2020-01-10,7.300000,7.300000,7.150000,7.150000,7.150000,7300
2020-01-13,6.800000,6.860000,6.405000,6.850000,6.850000,13600
2020-01-14,6.850000,6.850000,6.850000,6.850000,6.850000,0
2020-01-15,6.850000,6.850000,6.850000,6.850000,6.850000,0
2020-01-16,6.700000,6.853000,6.550000,6.853000,6.853000,3900
2020-01-17,6.580000,6.899000,6.580000,6.800000,6.800000,20400
2020-01-21,6.620000,6.790000,6.550000,6.790000,6.790000,9100
2020-01-22,6.490000,6.700000,6.490000,6.700000,6.700000,3200
2020-01-23,6.500000,6.590000,6.320000,6.500000,6.500000,8600
2020-01-24,6.370000,6.500000,6.370000,6.500000,6.500000,1400
2020-01-27,6.150000,6.200000,5.700000,6.000000,6.000000,15100
2020-01-28,6.100000,6.100000,6.050000,6.050000,6.050000,1000
2020-01-29,5.970000,5.970000,5.970000,5.970000,5.970000,200
2020-01-30,5.990000,6.190000,5.950000,5.950000,5.950000,2900
2020-01-31,5.710000,6.750000,5.550000,5.600000,5.600000,12500
2020-02-03,5.500000,5.790000,5.440000,5.790000,5.790000,3800
2020-02-04,5.210000,5.550000,5.200000,5.230000,5.230000,3900
2020-02-05,5.200000,5.400000,5.170000,5.300000,5.300000,11400
2020-02-06,5.230000,5.600000,5.200000,5.300000,5.300000,25200
2020-02-07,5.280000,5.350000,5.200000,5.210000,5.210000,10700
2020-02-10,5.200000,5.200000,5.200000,5.200000,5.200000,1100
2020-02-11,5.187000,5.250000,5.140000,5.200000,5.200000,6800
2020-02-12,5.280000,5.310000,5.200000,5.300000,5.300000,12500
2020-02-13,5.240000,5.310000,5.240000,5.300000,5.300000,9000
2020-02-14,5.240000,5.240000,5.000000,5.070000,5.070000,9900
2020-02-18,4.780000,4.980000,4.770000,4.970000,4.970000,5800
2020-02-19,5.000000,5.000000,4.790000,4.800000,4.800000,4900
2020-02-20,4.800000,4.800000,4.750000,4.750000,4.750000,900
2020-02-21,4.828000,4.900000,4.750000,4.900000,4.900000,8500
2020-02-24,4.800000,4.925000,4.725000,4.850000,4.850000,6600
2020-02-25,4.700000,4.790000,4.700000,4.750000,4.750000,7900
2020-02-26,4.700000,4.740000,4.500000,4.650000,4.650000,18600
2020-02-27,4.500000,4.500000,4.120000,4.300000,4.300000,10300
2020-02-28,4.175000,4.300000,4.150000,4.295000,4.295000,12700
2020-03-02,4.300000,4.300000,4.210000,4.276000,4.276000,2500
2020-03-03,4.290000,4.300000,4.290000,4.290000,4.290000,5000
2020-03-04,4.290000,4.290000,4.290000,4.290000,4.290000,0
2020-03-05,4.300000,4.300000,4.260000,4.260000,4.260000,300
2020-03-06,4.030000,4.030000,4.030000,4.030000,4.030000,2200
2020-03-09,3.820000,3.880000,3.400000,3.880000,3.880000,8900
2020-03-10,3.880000,3.880000,3.880000,3.880000,3.880000,800
2020-03-11,3.710000,3.840000,3.600000,3.600000,3.600000,7000
2020-03-12,3.230000,3.230000,2.960000,3.060000,3.060000,12300
2020-03-13,3.360000,3.360000,3.075000,3.110000,3.110000,8300
2020-03-16,3.720000,3.720000,2.975000,3.000000,3.000000,5500
2020-03-17,2.850000,3.000000,2.800000,2.800000,2.800000,3600
2020-03-18,2.640000,2.740000,2.486000,2.550000,2.550000,28300
2020-03-19,2.609000,2.800000,2.583000,2.800000,2.800000,14400
2020-03-20,2.660000,2.853000,2.605000,2.850000,2.850000,5300
2020-03-23,2.400000,2.610000,2.400000,2.514000,2.514000,2100
2020-03-24,2.660000,2.890000,2.650000,2.880000,2.880000,3400
2020-03-25,2.570000,2.790000,2.141000,2.700000,2.700000,8800
2020-03-26,2.720000,2.720000,2.720000,2.720000,2.720000,500
2020-03-27,2.510000,4.000000,2.510000,2.860000,2.860000,72200
2020-03-30,2.850000,3.500000,2.235000,2.320000,2.320000,557200
2020-03-31,3.130000,3.130000,2.700000,2.870000,2.870000,135800
2020-04-01,2.590000,2.838000,2.420000,2.540000,2.540000,55500
2020-04-02,2.560000,2.790000,2.500000,2.550000,2.550000,29200
2020-04-03,2.562000,2.588000,2.025000,2.210000,2.210000,59300
2020-04-06,2.238000,2.478000,2.100000,2.305000,2.305000,57700
2020-04-07,2.450000,2.640000,2.270000,2.380000,2.380000,80300
2020-04-08,2.388000,2.388000,2.230000,2.315000,2.315000,36700
2020-04-09,2.440000,2.600000,2.175000,2.450000,2.450000,99000
2020-04-13,2.680000,2.680000,2.130000,2.350000,2.350000,41800
2020-04-14,2.350000,2.800000,2.260000,2.450000,2.450000,145100
2020-04-15,2.350000,2.500000,2.230000,2.280000,2.280000,64100
2020-04-16,2.340000,2.460000,2.200000,2.345000,2.345000,34000
2020-04-17,2.420000,2.720000,2.280000,2.480000,2.480000,210500
2020-04-20,2.400000,2.832000,2.320000,2.617000,2.617000,288400
2020-04-21,2.730000,2.757000,2.445000,2.530000,2.530000,86300
2020-04-22,2.590000,2.930000,2.410000,2.595000,2.595000,308500
2020-04-23,2.690000,2.740000,2.210000,2.400000,2.400000,98200
2020-04-24,2.380000,2.450000,2.370000,2.390000,2.390000,25600
2020-04-27,2.420000,2.580000,2.320000,2.490000,2.490000,32000
2020-04-28,2.460000,2.590000,2.410000,2.480000,2.480000,46600
2020-04-29,2.470000,2.520000,2.400000,2.470000,2.470000,37600
2020-04-30,2.460000,2.466000,2.370000,2.410000,2.410000,14600
2020-05-01,2.400000,2.400000,2.250000,2.270000,2.270000,32100
2020-05-04,2.240000,2.440000,2.240000,2.410000,2.410000,25400
2020-05-05,2.410000,2.410000,2.330000,2.390000,2.390000,29300
2020-05-06,2.310000,2.410000,2.200000,2.360000,2.360000,49400
2020-05-07,2.330000,2.490000,2.330000,2.420000,2.420000,38200
2020-05-08,2.410000,2.600000,2.260000,2.550000,2.550000,95300
2020-05-11,2.540000,2.540000,2.340000,2.350000,2.350000,16700
2020-05-12,2.400000,2.420000,2.250000,2.370000,2.370000,67300
2020-05-13,2.460000,2.550000,2.210000,2.260000,2.260000,101000
2020-05-14,2.290000,2.390000,2.180000,2.220000,2.220000,46900
2020-05-15,2.220000,2.360000,2.220000,2.240000,2.240000,48300
2020-05-18,2.290000,2.370000,2.200000,2.330000,2.330000,45700
2020-05-19,2.460000,2.750000,2.320000,2.460000,2.460000,318500
2020-05-20,2.590000,2.590000,2.260000,2.280000,2.280000,125800
2020-05-21,2.450000,2.450000,2.330000,2.370000,2.370000,26200
2020-05-22,2.330000,2.369000,2.270000,2.310000,2.310000,24300
2020-05-26,2.280000,2.350000,2.235000,2.330000,2.330000,38200
2020-05-27,2.500000,2.930000,2.280000,2.820000,2.820000,815200
2020-05-28,2.540000,2.700000,2.440000,2.515000,2.515000,75200
2020-05-29,2.420000,2.470000,2.330000,2.330000,2.330000,36100
2020-06-01,2.340000,2.440000,2.340000,2.440000,2.440000,22900
2020-06-02,2.390000,2.452000,2.330000,2.360000,2.360000,19500
2020-06-03,2.370000,2.460000,2.360000,2.380000,2.380000,21400
2020-06-04,2.350000,2.540000,2.350000,2.540000,2.540000,34100
2020-06-05,3.120000,3.290000,2.810000,2.925000,2.925000,507000
2020-06-08,3.330000,3.470000,3.010000,3.270000,3.270000,502200
2020-06-09,3.230000,3.230000,2.620000,2.710000,2.710000,121200
2020-06-10,2.800000,2.990000,2.760000,2.870000,2.870000,98700
2020-06-11,2.760000,2.760000,2.500000,2.500000,2.500000,52800
2020-06-12,2.650000,2.800000,2.650000,2.800000,2.800000,40700
2020-06-15,2.760000,2.950000,2.660000,2.910000,2.910000,49900
2020-06-16,2.985000,2.990000,2.760000,2.950000,2.950000,52400
2020-06-17,2.950000,2.975000,2.751000,2.770000,2.770000,32000
2020-06-18,2.900000,2.990000,2.730000,2.910000,2.910000,129500
2020-06-19,2.910000,3.040000,2.790000,2.790000,2.790000,43400
2020-06-22,2.800000,2.870000,2.600000,2.666000,2.666000,18900
2020-06-23,2.660000,2.990000,2.620000,2.780000,2.780000,188700
2020-06-24,2.830000,2.890000,2.625000,2.670000,2.670000,43600
2020-06-25,2.770000,2.850000,2.681000,2.745000,2.745000,30300
2020-06-26,3.160000,3.160000,2.820000,2.930000,2.930000,78000
2020-06-29,2.880000,2.945000,2.680000,2.690000,2.690000,24600
2020-06-30,2.880000,2.880000,2.710000,2.730000,2.730000,20800
2020-07-01,2.720000,2.780000,2.710000,2.720000,2.720000,17500