Date,Open,High,Low,Close,Adj Close,Volume
2014-11-06,40000.000000,40000.000000,40000.000000,40000.000000,40000.000000,0
2014-11-07,40000.000000,40000.000000,40000.000000,40000.000000,40000.000000,0
2014-11-10,40000.000000,40000.000000,40000.000000,40000.000000,40000.000000,0
2014-11-11,34000.000000,34000.000000,34000.000000,34000.000000,34000.000000,0
2014-11-12,15000.000000,15000.000000,15000.000000,15000.000000,15000.000000,0
2014-11-13,35000.000000,35000.000000,35000.000000,35000.000000,35000.000000,0
2014-11-14,35000.000000,35000.000000,35000.000000,35000.000000,35000.000000,0
2014-11-17,5000.000000,35000.000000,5000.000000,35000.000000,35000.000000,0
2014-11-18,35000.000000,35000.000000,35000.000000,35000.000000,35000.000000,0
2014-11-19,15000.000000,15000.000000,15000.000000,15000.000000,15000.000000,0
2014-11-20,15000.000000,15000.000000,15000.000000,15000.000000,15000.000000,0
2014-11-21,15000.000000,15000.000000,15000.000000,15000.000000,15000.000000,0
2014-11-24,11000.000000,11000.000000,11000.000000,11000.000000,11000.000000,0
2014-11-25,11000.000000,11000.000000,11000.000000,11000.000000,11000.000000,0
2014-11-26,32000.000000,32000.000000,11000.000000,11000.000000,11000.000000,0
2014-11-28,11000.000000,11000.000000,11000.000000,11000.000000,11000.000000,0
2014-12-01,11000.000000,11000.000000,11000.000000,11000.000000,11000.000000,0
2014-12-02,11000.000000,11000.000000,11000.000000,11000.000000,11000.000000,0
2014-12-03,32000.000000,32000.000000,2000.000000,2000.000000,2000.000000,0
2014-12-04,2000.000000,2000.000000,2000.000000,2000.000000,2000.000000,0
2014-12-05,2000.000000,2000.000000,2000.000000,2000.000000,2000.000000,0
2014-12-08,2100.000000,2100.000000,2100.000000,2100.000000,2100.000000,0
2014-12-09,2100.000000,29000.000000,2100.000000,2100.000000,2100.000000,0
2014-12-10,2100.000000,2100.000000,2100.000000,2100.000000,2100.000000,0
2014-12-11,2100.000000,2100.000000,2100.000000,2100.000000,2100.000000,0
2014-12-12,2100.000000,2100.000000,2100.000000,2100.000000,2100.000000,0
2014-12-15,2100.000000,2100.000000,2100.000000,2100.000000,2100.000000,0
2014-12-16,2100.000000,2100.000000,2100.000000,2100.000000,2100.000000,0
2014-12-17,2100.000000,2100.000000,2100.000000,2100.000000,2100.000000,0
2014-12-18,2500.000000,2500.000000,2500.000000,2500.000000,2500.000000,0
2014-12-19,2500.000000,2500.000000,2500.000000,2500.000000,2500.000000,0
2014-12-22,2500.000000,2500.000000,2500.000000,2500.000000,2500.000000,0
2014-12-23,2500.000000,2500.000000,2500.000000,2500.000000,2500.000000,0
2014-12-24,2100.000000,2100.000000,2100.000000,2100.000000,2100.000000,0
2014-12-26,2100.000000,2100.000000,2100.000000,2100.000000,2100.000000,0
2014-12-29,2100.000000,2100.000000,2100.000000,2100.000000,2100.000000,0
2014-12-30,2100.000000,2500.000000,2100.000000,2500.000000,2500.000000,0
2014-12-31,2100.000000,2100.000000,2100.000000,2100.000000,2100.000000,0
2015-01-02,2100.000000,2100.000000,2100.000000,2100.000000,2100.000000,0
2015-01-05,2100.000000,2100.000000,2100.000000,2100.000000,2100.000000,0
2015-01-06,2100.000000,25800.000000,2100.000000,2100.000000,2100.000000,0
2015-01-07,14800.000000,54000.000000,2100.000000,2100.000000,2100.000000,0
2015-01-08,54000.000000,54000.000000,54000.000000,54000.000000,54000.000000,0
2015-01-09,54000.000000,54000.000000,54000.000000,54000.000000,54000.000000,0
2015-01-12,54000.000000,54000.000000,54000.000000,54000.000000,54000.000000,0
2015-01-13,54000.000000,54000.000000,54000.000000,54000.000000,54000.000000,0
2015-01-14,2300.000000,48000.000000,2300.000000,2300.000000,2300.000000,0
2015-01-15,2300.000000,2300.000000,2300.000000,2300.000000,2300.000000,0
2015-01-16,3000.000000,52000.000000,3000.000000,47800.000000,47800.000000,0
2015-01-20,48000.000000,48000.000000,3100.000000,3100.000000,3100.000000,0
2015-01-21,3100.000000,3100.000000,3100.000000,3100.000000,3100.000000,0
2015-01-22,3100.000000,3100.000000,3100.000000,3100.000000,3100.000000,0
2015-01-23,3100.000000,3100.000000,3100.000000,3100.000000,3100.000000,0
2015-01-26,3100.000000,3100.000000,3100.000000,3100.000000,3100.000000,0
2015-01-27,3100.000000,3100.000000,3100.000000,3100.000000,3100.000000,0
2015-01-28,3100.000000,3100.000000,3100.000000,3100.000000,3100.000000,0
2015-01-29,3100.000000,3100.000000,3100.000000,3100.000000,3100.000000,0
2015-01-30,49800.000000,49800.000000,45000.000000,45000.000000,45000.000000,0
2015-02-02,45000.000000,48800.000000,15000.000000,15000.000000,15000.000000,0
2015-02-03,8300.000000,48800.000000,8300.000000,12000.000000,12000.000000,0
2015-02-04,48800.000000,48800.000000,4000.000000,6900.000000,6900.000000,0
2015-02-05,10000.000000,10000.000000,3400.000000,5000.000000,5000.000000,0
2015-02-06,5000.000000,5000.000000,3100.000000,3100.000000,3100.000000,0
2015-02-09,4200.000000,4200.000000,1300.000000,1300.000000,1300.000000,0
2015-02-10,1700.000000,1700.000000,1000.000000,1000.000000,1000.000000,0
2015-02-11,1400.000000,2300.000000,700.000000,1000.000000,1000.000000,0
2015-02-12,1100.000000,1300.000000,1000.000000,1300.000000,1300.000000,0
2015-02-13,1500.000000,1500.000000,700.000000,700.000000,700.000000,0
2015-02-17,1000.000000,1500.000000,800.000000,1000.000000,1000.000000,0
2015-02-18,1100.000000,1100.000000,600.000000,700.000000,700.000000,0
2015-02-19,700.000000,700.000000,200.000000,300.000000,300.000000,0
2015-02-20,400.000000,400.000000,300.000000,400.000000,400.000000,0
2015-02-23,400.000000,500.000000,400.000000,400.000000,400.000000,0
2015-02-24,500.000000,500.000000,300.000000,300.000000,300.000000,0
2015-02-25,300.000000,300.000000,300.000000,300.000000,300.000000,0
2015-02-26,300.000000,450.000000,300.000000,450.000000,450.000000,0
2015-02-27,450.000000,450.000000,450.000000,450.000000,450.000000,0
2015-03-02,450.000000,450.000000,450.000000,450.000000,450.000000,0
2015-03-03,110.000000,270.000000,110.000000,110.000000,110.000000,0
2015-03-04,116.000000,275.000000,116.000000,116.000000,116.000000,0
2015-03-05,400.000000,400.000000,300.000000,400.000000,400.000000,0
2015-03-06,400.000000,400.000000,400.000000,400.000000,400.000000,0
2015-03-09,400.000000,400.000000,400.000000,400.000000,400.000000,0
2015-03-10,400.000000,400.000000,400.000000,400.000000,400.000000,0
2015-03-11,400.000000,400.000000,400.000000,400.000000,400.000000,0
2015-03-12,420.000000,420.000000,420.000000,420.000000,420.000000,0
2015-03-13,420.000000,420.000000,395.000000,400.000000,400.000000,0
2015-03-16,399.000000,400.000000,385.000000,390.000000,390.000000,0
2015-03-17,390.000000,390.000000,390.000000,390.000000,390.000000,0
2015-03-18,390.000000,390.000000,390.000000,390.000000,390.000000,0
2015-03-19,450.000000,450.000000,450.000000,450.000000,450.000000,0
2015-03-20,450.000000,450.000000,450.000000,450.000000,450.000000,0
2015-03-23,450.000000,450.000000,450.000000,450.000000,450.000000,0
2015-03-24,450.000000,450.000000,450.000000,450.000000,450.000000,0
2015-03-25,450.000000,450.000000,450.000000,450.000000,450.000000,0
2015-03-26,450.000000,450.000000,450.000000,450.000000,450.000000,0
2015-03-27,450.000000,450.000000,450.000000,450.000000,450.000000,0
2015-03-30,499.000000,499.000000,499.000000,499.000000,499.000000,0
2015-03-31,499.000000,499.000000,499.000000,499.000000,499.000000,0
2015-04-01,450.000000,450.000000,101.000000,450.000000,450.000000,0
2015-04-02,450.000000,450.000000,450.000000,450.000000,450.000000,0
2015-04-06,450.000000,450.000000,450.000000,450.000000,450.000000,0
2015-04-07,455.000000,501.000000,455.000000,501.000000,501.000000,0
2015-04-08,501.000000,501.000000,501.000000,501.000000,501.000000,0
2015-04-09,501.000000,501.000000,501.000000,501.000000,501.000000,0
2015-04-10,501.000000,501.000000,501.000000,501.000000,501.000000,0
2015-04-13,501.000000,501.000000,501.000000,501.000000,501.000000,0
2015-04-14,501.000000,501.000000,501.000000,501.000000,501.000000,0
2015-04-15,501.000000,501.000000,501.000000,501.000000,501.000000,0
2015-04-16,501.000000,501.000000,501.000000,501.000000,501.000000,0
2015-04-17,501.000000,501.000000,501.000000,501.000000,501.000000,0
2015-04-20,501.000000,501.000000,501.000000,501.000000,501.000000,0
2015-04-21,500.000000,500.000000,500.000000,500.000000,500.000000,0
2015-04-22,500.000000,500.000000,500.000000,500.000000,500.000000,0
2015-04-23,500.000000,500.000000,500.000000,500.000000,500.000000,0
2015-04-24,500.000000,500.000000,500.000000,500.000000,500.000000,0
2015-04-27,500.000000,500.000000,500.000000,500.000000,500.000000,0
2015-04-28,500.000000,500.000000,500.000000,500.000000,500.000000,0
2015-04-29,500.000000,500.000000,500.000000,500.000000,500.000000,0
2015-04-30,500.000000,500.000000,500.000000,500.000000,500.000000,0
2015-05-01,500.000000,500.000000,500.000000,500.000000,500.000000,0
2015-05-04,500.000000,500.000000,500.000000,500.000000,500.000000,0
2015-05-05,500.000000,500.000000,500.000000,500.000000,500.000000,0
2015-05-06,500.000000,500.000000,500.000000,500.000000,500.000000,0
2015-05-07,500.000000,500.000000,500.000000,500.000000,500.000000,0
2015-05-08,500.000000,500.000000,500.000000,500.000000,500.000000,0
2015-05-11,500.000000,500.000000,500.000000,500.000000,500.000000,0
2015-05-12,500.000000,500.000000,500.000000,500.000000,500.000000,0
2015-05-13,500.000000,500.000000,500.000000,500.000000,500.000000,0
2015-05-14,500.000000,500.000000,500.000000,500.000000,500.000000,0
2015-05-15,500.000000,500.000000,500.000000,500.000000,500.000000,0
2015-05-18,500.000000,500.000000,500.000000,500.000000,500.000000,0
2015-05-19,500.000000,500.000000,500.000000,500.000000,500.000000,0
2015-05-20,500.000000,500.000000,500.000000,500.000000,500.000000,0
2015-05-21,500.000000,500.000000,500.000000,500.000000,500.000000,0
2015-05-22,425.000000,425.000000,425.000000,425.000000,425.000000,0
2015-05-26,425.000000,425.000000,425.000000,425.000000,425.000000,0
2015-05-27,425.000000,425.000000,425.000000,425.000000,425.000000,0
2015-05-28,425.000000,425.000000,425.000000,425.000000,425.000000,0
2015-05-29,425.000000,425.000000,425.000000,425.000000,425.000000,0
2015-06-01,425.000000,425.000000,425.000000,425.000000,425.000000,0
2015-06-02,425.000000,425.000000,425.000000,425.000000,425.000000,0
2015-06-03,399.000000,400.000000,399.000000,399.000000,399.000000,0
2015-06-04,524.000000,524.000000,524.000000,524.000000,524.000000,0
2015-06-05,524.000000,524.000000,524.000000,524.000000,524.000000,0
2015-06-08,524.000000,524.000000,524.000000,524.000000,524.000000,0
2015-06-09,524.000000,524.000000,524.000000,524.000000,524.000000,0
2015-06-10,524.000000,524.000000,524.000000,524.000000,524.000000,0
2015-06-11,524.000000,524.000000,524.000000,524.000000,524.000000,0
2015-06-12,524.000000,524.000000,524.000000,524.000000,524.000000,0
2015-06-15,524.000000,524.000000,524.000000,524.000000,524.000000,0
2015-06-16,524.000000,524.000000,524.000000,524.000000,524.000000,0
2015-06-17,524.000000,524.000000,524.000000,524.000000,524.000000,0
2015-06-18,524.000000,524.000000,524.000000,524.000000,524.000000,0
2015-06-19,524.000000,524.000000,524.000000,524.000000,524.000000,0
2015-06-22,524.000000,524.000000,524.000000,524.000000,524.000000,0
2015-06-23,524.000000,524.000000,524.000000,524.000000,524.000000,0
2015-06-24,524.000000,524.000000,524.000000,524.000000,524.000000,0
2015-06-25,524.000000,524.000000,524.000000,524.000000,524.000000,0
2015-06-26,524.000000,524.000000,524.000000,524.000000,524.000000,0
2015-06-29,524.000000,524.000000,524.000000,524.000000,524.000000,0
2015-06-30,524.000000,524.000000,524.000000,524.000000,524.000000,0
2015-07-01,524.000000,524.000000,524.000000,524.000000,524.000000,0
2015-07-02,524.000000,524.000000,524.000000,524.000000,524.000000,0
2015-07-06,524.000000,524.000000,524.000000,524.000000,524.000000,0
2015-07-07,524.000000,524.000000,524.000000,524.000000,524.000000,0
2015-07-08,524.000000,524.000000,524.000000,524.000000,524.000000,0
2015-07-09,524.000000,524.000000,524.000000,524.000000,524.000000,0
2015-07-10,524.000000,524.000000,524.000000,524.000000,524.000000,0
2015-07-13,524.000000,524.000000,524.000000,524.000000,524.000000,0
2015-07-14,524.000000,524.000000,524.000000,524.000000,524.000000,0
2015-07-15,524.000000,524.000000,524.000000,524.000000,524.000000,0
2015-07-16,524.000000,524.000000,524.000000,524.000000,524.000000,0
2015-07-17,524.000000,524.000000,524.000000,524.000000,524.000000,0
2015-07-20,524.000000,524.000000,524.000000,524.000000,524.000000,0
2015-07-21,524.000000,524.000000,524.000000,524.000000,524.000000,0
2015-07-22,524.000000,524.000000,524.000000,524.000000,524.000000,0
2015-07-23,524.000000,524.000000,524.000000,524.000000,524.000000,0
2015-07-24,524.000000,524.000000,524.000000,524.000000,524.000000,0
2015-07-27,524.000000,524.000000,524.000000,524.000000,524.000000,0
2015-07-28,590.000000,600.000000,590.000000,600.000000,600.000000,0
2015-07-29,610.000000,610.000000,610.000000,610.000000,610.000000,0
2015-07-30,640.000000,640.000000,640.000000,640.000000,640.000000,0
2015-07-31,620.000000,620.000000,600.000000,600.000000,600.000000,0
2015-08-03,600.000000,600.000000,600.000000,600.000000,600.000000,0
2015-08-04,600.000000,600.000000,600.000000,600.000000,600.000000,0
2015-08-05,650.000000,650.000000,510.000000,630.000000,630.000000,0
2015-08-06,630.000000,630.000000,630.000000,630.000000,630.000000,0
2015-08-07,630.000000,630.000000,630.000000,630.000000,630.000000,0
2015-08-10,630.000000,630.000000,630.000000,630.000000,630.000000,0
2015-08-11,630.000000,630.000000,630.000000,630.000000,630.000000,0
2015-08-12,630.000000,630.000000,630.000000,630.000000,630.000000,0
2015-08-13,630.000000,630.000000,630.000000,630.000000,630.000000,0
2015-08-14,630.000000,630.000000,630.000000,630.000000,630.000000,0
2015-08-17,630.000000,630.000000,630.000000,630.000000,630.000000,0
2015-08-18,630.000000,630.000000,630.000000,630.000000,630.000000,0
2015-08-19,630.000000,630.000000,630.000000,630.000000,630.000000,0
2015-08-20,630.000000,630.000000,630.000000,630.000000,630.000000,0
2015-08-21,630.000000,630.000000,630.000000,630.000000,630.000000,0
2015-08-24,630.000000,630.000000,630.000000,630.000000,630.000000,0
2015-08-25,630.000000,630.000000,630.000000,630.000000,630.000000,0
2015-08-26,630.000000,630.000000,630.000000,630.000000,630.000000,0
2015-08-27,630.000000,630.000000,630.000000,630.000000,630.000000,0
2015-08-28,630.000000,630.000000,630.000000,630.000000,630.000000,0
2015-08-31,630.000000,630.000000,630.000000,630.000000,630.000000,0
2015-09-01,630.000000,630.000000,630.000000,630.000000,630.000000,0
2015-09-02,630.000000,630.000000,630.000000,630.000000,630.000000,0
2015-09-03,630.000000,630.000000,630.000000,630.000000,630.000000,0
2015-09-04,630.000000,630.000000,630.000000,630.000000,630.000000,0
2015-09-08,630.000000,630.000000,630.000000,630.000000,630.000000,0
2015-09-09,630.000000,630.000000,630.000000,630.000000,630.000000,0
2015-09-10,700.000000,755.000000,700.000000,755.000000,755.000000,0
2015-09-11,745.000000,925.000000,745.000000,890.000000,890.000000,0
2015-09-14,1029.000000,1029.000000,1029.000000,1029.000000,1029.000000,0
2015-09-15,1029.000000,1029.000000,1029.000000,1029.000000,1029.000000,0
2015-09-16,999.000000,1360.000000,800.000000,800.000000,800.000000,0
2015-09-17,900.000000,1000.000000,801.000000,801.000000,801.000000,0
2015-09-18,850.000000,950.000000,850.000000,950.000000,950.000000,0
2015-09-21,995.000000,995.000000,950.000000,950.000000,950.000000,0
2015-09-22,995.000000,1075.000000,995.000000,1070.000000,1070.000000,0
2015-09-23,1070.000000,1070.000000,1070.000000,1070.000000,1070.000000,0
2015-09-24,1080.000000,1084.500000,1080.000000,1084.500000,1084.500000,0
2015-09-25,990.000000,990.000000,990.000000,990.000000,990.000000,0
2015-09-28,970.000000,970.000000,970.000000,970.000000,970.000000,0
2015-09-29,970.000000,970.000000,970.000000,970.000000,970.000000,0
2015-09-30,950.000000,950.000000,950.000000,950.000000,950.000000,0
2015-10-01,850.000000,850.000000,850.000000,850.000000,850.000000,0
2015-10-02,713.000000,845.000000,713.000000,845.000000,845.000000,0
2015-10-05,845.000000,845.000000,845.000000,845.000000,845.000000,0
2015-10-06,810.000000,1005.000000,810.000000,1005.000000,1005.000000,0
2015-10-07,910.000000,910.000000,875.000000,875.000000,875.000000,0
2015-10-08,830.000000,830.000000,830.000000,830.000000,830.000000,0
2015-10-09,820.000000,1040.000000,820.000000,820.000000,820.000000,0
2015-10-12,810.000000,810.000000,810.000000,810.000000,810.000000,0
2015-10-13,972.000000,972.000000,972.000000,972.000000,972.000000,0
2015-10-14,801.000000,801.000000,801.000000,801.000000,801.000000,0
2015-10-15,801.000000,801.000000,801.000000,801.000000,801.000000,0
2015-10-16,850.000000,850.000000,850.000000,850.000000,850.000000,0
2015-10-19,852.000000,852.000000,852.000000,852.000000,852.000000,0
2015-10-20,852.000000,852.000000,852.000000,852.000000,852.000000,0
2015-10-21,880.000000,1000.000000,880.000000,1000.000000,1000.000000,0
2015-10-22,888.000000,890.000000,706.000000,890.000000,890.000000,0
2015-10-23,707.000000,707.000000,706.000000,706.000000,706.000000,0
2015-10-26,704.000000,704.000000,646.000000,646.000000,646.000000,0
2015-10-27,646.000000,646.000000,646.000000,646.000000,646.000000,0
2015-10-28,550.000000,649.000000,400.000000,400.000000,400.000000,0
2015-10-29,640.000000,640.000000,400.000000,405.000000,405.000000,0
2015-10-30,425.000000,425.000000,425.000000,425.000000,425.000000,0
2015-11-02,425.000000,425.000000,425.000000,425.000000,425.000000,0
2015-11-03,425.000000,425.000000,425.000000,425.000000,425.000000,0
2015-11-04,350.000000,474.000000,347.000000,474.000000,474.000000,0
2015-11-05,474.000000,474.000000,474.000000,474.000000,474.000000,0
2015-11-06,474.000000,474.000000,474.000000,474.000000,474.000000,0
2015-11-09,474.000000,474.000000,474.000000,474.000000,474.000000,0
2015-11-10,350.000000,568.000000,350.000000,568.000000,568.000000,0
2015-11-11,568.000000,568.000000,568.000000,568.000000,568.000000,0
2015-11-12,350.000000,350.000000,350.000000,350.000000,350.000000,0
2015-11-13,350.000000,350.000000,350.000000,350.000000,350.000000,0
2015-11-16,435.000000,435.000000,435.000000,435.000000,435.000000,0
2015-11-17,435.000000,435.000000,435.000000,435.000000,435.000000,0
2015-11-18,435.000000,435.000000,435.000000,435.000000,435.000000,0
2015-11-19,435.000000,435.000000,435.000000,435.000000,435.000000,0
2015-11-20,435.000000,435.000000,435.000000,435.000000,435.000000,0
2015-11-23,435.000000,435.000000,435.000000,435.000000,435.000000,0
2015-11-24,435.000000,435.000000,435.000000,435.000000,435.000000,0
2015-11-25,435.000000,435.000000,435.000000,435.000000,435.000000,0
2015-11-27,435.000000,435.000000,435.000000,435.000000,435.000000,0
2015-11-30,435.000000,435.000000,435.000000,435.000000,435.000000,0
2015-12-01,435.000000,435.000000,435.000000,435.000000,435.000000,0
2015-12-02,435.000000,435.000000,435.000000,435.000000,435.000000,0
2015-12-03,435.000000,435.000000,435.000000,435.000000,435.000000,0
2015-12-04,435.000000,435.000000,435.000000,435.000000,435.000000,0
2015-12-07,435.000000,435.000000,435.000000,435.000000,435.000000,0
2015-12-08,435.000000,435.000000,435.000000,435.000000,435.000000,0
2015-12-09,435.000000,435.000000,435.000000,435.000000,435.000000,0
2015-12-10,435.000000,435.000000,435.000000,435.000000,435.000000,0
2015-12-11,435.000000,435.000000,435.000000,435.000000,435.000000,0
2015-12-14,435.000000,435.000000,435.000000,435.000000,435.000000,0
2015-12-15,435.000000,435.000000,435.000000,435.000000,435.000000,0
2015-12-16,435.000000,435.000000,435.000000,435.000000,435.000000,0
2015-12-17,435.000000,435.000000,435.000000,435.000000,435.000000,0
2015-12-18,435.000000,435.000000,435.000000,435.000000,435.000000,0
2015-12-21,435.000000,435.000000,435.000000,435.000000,435.000000,0
2015-12-22,435.000000,435.000000,435.000000,435.000000,435.000000,0
2015-12-23,435.000000,435.000000,435.000000,435.000000,435.000000,0
2015-12-24,445.000000,450.000000,300.000000,450.000000,450.000000,0
2015-12-28,455.000000,465.000000,455.000000,465.000000,465.000000,0
2015-12-29,470.000000,475.000000,470.000000,475.000000,475.000000,0
2015-12-30,480.000000,480.000000,480.000000,480.000000,480.000000,0
2015-12-31,485.000000,535.000000,485.000000,535.000000,535.000000,0
2016-01-04,500.000000,540.000000,500.000000,540.000000,540.000000,0
2016-01-05,500.000000,500.000000,500.000000,500.000000,500.000000,0
2016-01-06,505.000000,505.000000,505.000000,505.000000,505.000000,0
2016-01-07,500.000000,500.000000,450.000000,495.000000,495.000000,0
2016-01-08,495.000000,495.000000,495.000000,495.000000,495.000000,0
2016-01-11,505.000000,505.000000,505.000000,505.000000,505.000000,0
2016-01-12,505.000000,505.000000,505.000000,505.000000,505.000000,0
2016-01-13,505.000000,505.000000,505.000000,505.000000,505.000000,0
2016-01-14,510.000000,510.000000,510.000000,510.000000,510.000000,0
2016-01-15,515.000000,515.000000,515.000000,515.000000,515.000000,0
2016-01-19,515.000000,515.000000,515.000000,515.000000,515.000000,0
2016-01-20,515.000000,515.000000,515.000000,515.000000,515.000000,0
2016-01-21,515.000000,515.000000,515.000000,515.000000,515.000000,0
2016-01-22,515.000000,515.000000,515.000000,515.000000,515.000000,0
2016-01-25,515.000000,515.000000,515.000000,515.000000,515.000000,0
2016-01-26,515.000000,515.000000,515.000000,515.000000,515.000000,0
2016-01-27,515.000000,515.000000,515.000000,515.000000,515.000000,0
2016-01-28,515.000000,515.000000,515.000000,515.000000,515.000000,0
2016-01-29,515.000000,515.000000,515.000000,515.000000,515.000000,0
2016-02-01,515.000000,515.000000,515.000000,515.000000,515.000000,0
2016-02-02,515.000000,515.000000,515.000000,515.000000,515.000000,0
2016-02-03,515.000000,515.000000,515.000000,515.000000,515.000000,0
2016-02-04,515.000000,515.000000,515.000000,515.000000,515.000000,0
2016-02-05,515.000000,515.000000,515.000000,515.000000,515.000000,0
2016-02-08,404.000000,490.000000,404.000000,490.000000,490.000000,0
2016-02-09,550.000000,590.000000,250.000000,345.000000,345.000000,200
2016-02-10,400.000000,400.000000,300.000000,349.000000,349.000000,0
2016-02-11,349.000000,349.000000,348.000000,349.000000,349.000000,100
2016-02-12,350.000000,350.000000,350.000000,350.000000,350.000000,0
2016-02-16,351.000000,400.000000,351.000000,400.000000,400.000000,0
2016-02-17,357.299988,357.299988,330.000000,349.000000,349.000000,0
2016-02-18,400.000000,400.000000,400.000000,400.000000,400.000000,0
2016-02-19,331.000000,400.000000,331.000000,400.000000,400.000000,0
2016-02-22,394.000000,400.000000,394.000000,400.000000,400.000000,0
2016-02-23,300.000000,328.000000,255.000000,327.000000,327.000000,0
2016-02-24,335.000000,335.000000,250.000000,273.000000,273.000000,0
2016-02-25,221.000000,365.000000,150.000000,365.000000,365.000000,0
2016-02-26,365.000000,365.000000,365.000000,365.000000,365.000000,0
2016-02-29,261.000000,345.000000,161.000000,250.000000,250.000000,0
2016-03-01,250.000000,250.000000,250.000000,250.000000,250.000000,0
2016-03-02,200.000000,342.000000,200.000000,325.000000,325.000000,0
2016-03-03,295.000000,311.000000,200.000000,311.000000,311.000000,0
2016-03-04,311.000000,311.000000,311.000000,311.000000,311.000000,0
2016-03-07,300.000000,300.000000,250.000000,299.000000,299.000000,0
2016-03-08,299.000000,312.000000,297.100006,310.000000,310.000000,100
2016-03-09,312.000000,314.000000,225.000000,312.000000,312.000000,0
2016-03-10,315.000000,315.000000,314.000000,314.000000,314.000000,0
2016-03-11,315.000000,315.000000,314.000000,314.000000,314.000000,0
2016-03-14,309.000000,310.000000,309.000000,310.000000,310.000000,0
2016-03-15,312.000000,316.000000,284.299988,314.000000,314.000000,100
2016-03-16,310.000000,330.000000,301.000000,330.000000,330.000000,200
2016-03-17,306.000000,337.000000,306.000000,334.000000,334.000000,200
2016-03-18,337.000000,338.000000,332.000000,338.000000,338.000000,300
2016-03-21,337.000000,338.000000,335.000000,335.000000,335.000000,0
2016-03-22,335.000000,338.000000,335.000000,336.000000,336.000000,200
2016-03-23,300.000000,338.000000,300.000000,338.000000,338.000000,300
2016-03-24,338.000000,350.000000,334.000000,340.000000,340.000000,300
2016-03-28,342.000000,345.000000,250.000000,344.799988,344.799988,100
2016-03-29,345.000000,345.000000,330.000000,345.000000,345.000000,200
2016-03-30,345.000000,345.000000,330.000000,340.000000,340.000000,0
2016-03-31,340.000000,345.000000,302.000000,345.000000,345.000000,300
2016-04-01,344.000000,345.000000,306.299988,345.000000,345.000000,300
2016-04-04,330.000000,344.000000,223.000000,329.700012,329.700012,200
2016-04-05,332.000000,345.000000,332.000000,343.000000,343.000000,300
2016-04-06,310.000000,346.000000,307.000000,345.000000,345.000000,200
2016-04-07,346.000000,347.000000,315.000000,345.000000,345.000000,100
2016-04-08,343.000000,347.000000,343.000000,347.000000,347.000000,100
2016-04-11,347.000000,350.000000,315.000000,350.000000,350.000000,200
2016-04-12,319.000000,350.000000,312.000000,349.000000,349.000000,100
2016-04-13,320.000000,346.000000,250.000000,310.000000,310.000000,200
2016-04-14,330.000000,347.000000,327.600006,347.000000,347.000000,300
2016-04-15,347.000000,347.000000,342.000000,344.000000,344.000000,0
2016-04-18,340.000000,344.000000,299.000000,330.000000,330.000000,200
2016-04-19,330.000000,344.000000,330.000000,343.000000,343.000000,0
2016-04-20,341.000000,343.000000,341.000000,341.000000,341.000000,0
2016-04-21,341.000000,362.000000,330.000000,362.000000,362.000000,400
2016-04-22,361.000000,361.000000,340.000000,344.000000,344.000000,100
2016-04-25,355.000000,370.000000,325.000000,340.000000,340.000000,300
2016-04-26,340.000000,350.000000,310.000000,310.600006,310.600006,400
2016-04-27,320.000000,330.000000,281.000000,315.000000,315.000000,300
2016-04-28,320.000000,335.000000,300.000000,315.000000,315.000000,400
2016-04-29,305.000000,319.000000,293.000000,298.899994,298.899994,0
2016-05-02,299.000000,300.000000,270.000000,300.000000,300.000000,0
2016-05-03,300.000000,314.000000,300.000000,300.000000,300.000000,100
2016-05-04,300.000000,300.000000,220.000000,275.000000,275.000000,100
2016-05-05,274.000000,274.000000,238.000000,263.000000,263.000000,300
2016-05-06,250.000000,250.000000,190.000000,205.000000,205.000000,200
2016-05-09,200.000000,235.000000,190.000000,230.000000,230.000000,200
2016-05-10,230.000000,265.000000,230.000000,265.000000,265.000000,600
2016-05-11,264.000000,265.000000,224.800003,260.000000,260.000000,200
2016-05-12,259.000000,264.000000,241.000000,263.000000,263.000000,200
2016-05-13,264.000000,264.000000,263.000000,263.000000,263.000000,100
2016-05-16,256.000000,263.000000,234.199997,240.000000,240.000000,100
2016-05-17,261.000000,261.000000,243.000000,257.000000,257.000000,100
2016-05-18,250.000000,255.000000,225.000000,245.000000,245.000000,0
2016-05-19,245.000000,250.000000,240.000000,250.000000,250.000000,100
2016-05-20,237.000000,254.000000,237.000000,254.000000,254.000000,100
2016-05-23,250.000000,254.000000,220.000000,240.000000,240.000000,200
2016-05-24,221.000000,239.000000,190.000000,227.000000,227.000000,300
2016-05-25,227.000000,255.000000,227.000000,238.000000,238.000000,0
2016-05-26,238.000000,255.000000,192.000000,250.000000,250.000000,200
2016-05-27,250.000000,250.000000,215.000000,228.500000,228.500000,0
2016-05-31,225.000000,225.000000,212.100006,225.000000,225.000000,0
2016-06-01,208.000000,214.000000,201.000000,214.000000,214.000000,0
2016-06-02,200.000000,201.000000,170.000000,188.000000,188.000000,100
2016-06-03,185.000000,186.000000,152.000000,186.000000,186.000000,100
2016-06-06,179.000000,180.000000,140.000000,145.000000,145.000000,0
2016-06-07,130.000000,150.000000,130.000000,147.000000,147.000000,200
2016-06-08,147.000000,160.000000,135.000000,141.000000,141.000000,100
2016-06-09,135.000000,145.000000,135.000000,136.000000,136.000000,0
2016-06-10,146.000000,165.000000,136.000000,149.000000,149.000000,100
2016-06-13,149.000000,149.000000,149.000000,149.000000,149.000000,0
2016-06-14,143.000000,155.000000,135.000000,135.000000,135.000000,0
2016-06-15,137.000000,142.000000,137.000000,137.000000,137.000000,0
2016-06-16,142.000000,148.000000,125.000000,138.000000,138.000000,0
2016-06-17,125.000000,143.000000,125.000000,143.000000,143.000000,0
2016-06-20,135.000000,135.000000,90.000000,105.000000,105.000000,100
2016-06-21,100.000000,104.000000,66.099998,104.000000,104.000000,400
2016-06-22,101.000000,101.000000,70.000000,90.000000,90.000000,0
2016-06-23,70.099998,95.000000,70.099998,95.000000,95.000000,100
2016-06-24,75.000000,95.000000,75.000000,95.000000,95.000000,0
2016-06-27,65.099998,90.000000,65.000000,89.000000,89.000000,200
2016-06-28,89.000000,89.000000,89.000000,89.000000,89.000000,0
2016-06-29,80.000000,80.000000,52.000000,80.000000,80.000000,0
2016-06-30,80.000000,80.000000,74.900002,80.000000,80.000000,100
2016-07-01,78.000000,78.000000,78.000000,78.000000,78.000000,0
2016-07-05,60.000000,80.000000,60.000000,80.000000,80.000000,0
2016-07-06,80.000000,80.000000,80.000000,80.000000,80.000000,0
2016-07-07,52.000000,72.000000,52.000000,72.000000,72.000000,0
2016-07-08,58.000000,80.000000,58.000000,79.900002,79.900002,100
2016-07-11,80.000000,80.000000,80.000000,80.000000,80.000000,0
2016-07-12,70.000000,70.000000,60.000000,70.000000,70.000000,0
2016-07-13,52.000000,62.000000,45.000000,45.000000,45.000000,200
2016-07-14,54.900002,55.000000,42.000000,55.000000,55.000000,0
2016-07-15,55.000000,55.000000,32.299999,55.000000,55.000000,0
2016-07-18,54.900002,100.000000,54.900002,98.000000,98.000000,0
2016-07-19,98.000000,98.000000,98.000000,98.000000,98.000000,0
2016-07-20,78.400002,93.000000,78.400002,93.000000,93.000000,0
2016-07-21,70.000000,94.000000,69.099998,94.000000,94.000000,200
2016-07-22,99.000000,99.000000,75.000000,79.000000,79.000000,100
2016-07-25,79.000000,79.000000,76.000000,79.000000,79.000000,0
2016-07-26,79.000000,79.000000,79.000000,79.000000,79.000000,0
2016-07-27,66.000000,79.000000,66.000000,79.000000,79.000000,0
2016-07-28,79.000000,85.000000,79.000000,85.000000,85.000000,100
2016-07-29,71.000000,71.000000,70.000000,70.000000,70.000000,0
2016-08-01,67.199997,70.000000,58.000000,65.000000,65.000000,0
2016-08-02,65.000000,65.000000,55.000000,65.000000,65.000000,0
2016-08-03,50.000000,65.000000,50.000000,60.000000,60.000000,200
2016-08-04,60.000000,62.500000,55.000000,55.000000,55.000000,0
2016-08-05,47.000000,55.000000,47.000000,48.000000,48.000000,0
2016-08-08,52.000000,54.000000,52.000000,54.000000,54.000000,0
2016-08-09,50.000000,50.000000,32.299999,32.299999,32.299999,0
2016-08-10,33.000000,40.000000,33.000000,35.000000,35.000000,500
2016-08-11,35.000000,39.000000,22.700001,29.000000,29.000000,1000
2016-08-12,30.000000,45.000000,30.000000,45.000000,45.000000,0
2016-08-15,59.900002,59.900002,59.900002,59.900002,59.900002,0
2016-08-16,32.500000,54.900002,32.500000,54.900002,54.900002,0
2016-08-17,54.900002,54.900002,54.900002,54.900002,54.900002,0
2016-08-18,53.799999,53.799999,30.000000,30.000000,30.000000,0
2016-08-19,40.000000,51.900002,40.000000,42.000000,42.000000,100
2016-08-22,42.000000,42.000000,42.000000,42.000000,42.000000,0
2016-08-23,35.000000,35.000000,30.000000,30.000000,30.000000,0
2016-08-24,26.000000,49.000000,26.000000,49.000000,49.000000,0
2016-08-25,49.000000,49.000000,49.000000,49.000000,49.000000,0
2016-08-26,49.000000,49.000000,49.000000,49.000000,49.000000,0
2016-08-29,49.000000,49.000000,25.000000,49.000000,49.000000,100
2016-08-30,47.000000,47.000000,47.000000,47.000000,47.000000,0
2016-08-31,48.000000,64.000000,48.000000,50.000000,50.000000,0
2016-09-01,50.000000,50.000000,50.000000,50.000000,50.000000,0
2016-09-02,30.000000,50.000000,30.000000,50.000000,50.000000,0
2016-09-06,50.000000,50.000000,30.000000,35.000000,35.000000,100
2016-09-07,22.700001,50.000000,22.700001,50.000000,50.000000,0
2016-09-08,49.000000,49.000000,49.000000,49.000000,49.000000,0
2016-09-09,48.000000,48.000000,48.000000,48.000000,48.000000,0
2016-09-12,48.000000,48.000000,48.000000,48.000000,48.000000,0
2016-09-13,40.000000,40.000000,40.000000,40.000000,40.000000,0
2016-09-14,35.000000,40.000000,28.000000,28.000000,28.000000,200
2016-09-15,22.700001,39.000000,22.700001,30.299999,30.299999,300
2016-09-16,39.000000,59.000000,23.299999,34.000000,34.000000,700
2016-09-19,39.900002,43.000000,30.000000,43.000000,43.000000,0
2016-09-20,27.000000,44.000000,27.000000,44.000000,44.000000,0
2016-09-21,35.000000,40.000000,35.000000,40.000000,40.000000,0
2016-09-22,40.000000,40.000000,35.000000,40.000000,40.000000,0
2016-09-23,35.000000,44.000000,35.000000,44.000000,44.000000,0
2016-09-26,44.000000,44.000000,44.000000,44.000000,44.000000,0
2016-09-27,40.000000,40.000000,28.000000,28.000000,28.000000,300
2016-09-28,26.500000,40.000000,22.700001,40.000000,40.000000,200
2016-09-29,40.000000,40.000000,40.000000,40.000000,40.000000,0
2016-09-30,40.000000,40.000000,40.000000,40.000000,40.000000,0
2016-10-03,40.000000,40.000000,40.000000,40.000000,40.000000,0
2016-10-04,22.700001,28.100000,22.700001,28.100000,28.100000,100
2016-10-05,36.099998,40.000000,36.099998,40.000000,40.000000,0
2016-10-06,40.000000,40.000000,40.000000,40.000000,40.000000,0
2016-10-07,30.000000,30.000000,30.000000,30.000000,30.000000,0
2016-10-10,25.000000,25.000000,25.000000,25.000000,25.000000,0
2016-10-11,25.000000,25.000000,25.000000,25.000000,25.000000,0
2016-10-12,30.000000,30.000000,30.000000,30.000000,30.000000,0
2016-10-13,30.000000,30.000000,30.000000,30.000000,30.000000,0
2016-10-14,30.000000,30.000000,30.000000,30.000000,30.000000,0
2016-10-17,30.000000,30.000000,30.000000,30.000000,30.000000,0
2016-10-18,30.000000,30.000000,30.000000,30.000000,30.000000,0
2016-10-19,24.400000,27.500000,24.400000,27.500000,27.500000,0
2016-10-20,25.000000,27.500000,25.000000,27.500000,27.500000,0
2016-10-21,24.000000,27.500000,11.000000,21.000000,21.000000,2100
2016-10-24,24.799999,30.000000,12.200000,24.500000,24.500000,2900
2016-10-25,24.500000,70.000000,20.000000,65.000000,65.000000,2400
2016-10-26,64.000000,78.000000,42.000000,74.000000,74.000000,1100
2016-10-27,74.000000,76.000000,65.000000,76.000000,76.000000,500
2016-10-28,76.000000,76.000000,69.000000,75.000000,75.000000,0
2016-10-31,74.000000,84.000000,73.900002,84.000000,84.000000,300
2016-11-01,79.000000,81.000000,69.000000,81.000000,81.000000,300
2016-11-02,80.000000,82.000000,71.500000,82.000000,82.000000,100
2016-11-03,82.000000,95.000000,80.000000,85.000000,85.000000,400
2016-11-04,85.000000,98.000000,85.000000,98.000000,98.000000,100
2016-11-07,99.000000,99.000000,80.000000,89.000000,89.000000,400
2016-11-08,96.000000,97.000000,95.000000,96.000000,96.000000,300
2016-11-09,93.599998,100.000000,91.000000,100.000000,100.000000,400
2016-11-10,100.000000,100.000000,89.000000,95.000000,95.000000,200
2016-11-11,94.000000,95.000000,87.000000,90.000000,90.000000,300
2016-11-14,84.000000,95.000000,84.000000,95.000000,95.000000,0
2016-11-15,96.000000,100.000000,84.000000,100.000000,100.000000,0
2016-11-16,99.500000,101.000000,95.000000,98.000000,98.000000,200
2016-11-17,100.599998,102.000000,98.199997,102.000000,102.000000,300
2016-11-18,102.000000,102.000000,96.800003,100.000000,100.000000,100
2016-11-21,100.000000,116.000000,96.800003,108.000000,108.000000,300
2016-11-22,105.000000,125.000000,100.000000,115.000000,115.000000,200
2016-11-23,107.000000,114.000000,106.000000,108.000000,108.000000,300
2016-11-25,109.000000,109.000000,104.000000,104.000000,104.000000,0
2016-11-28,104.000000,108.000000,104.000000,108.000000,108.000000,200
2016-11-29,106.000000,107.000000,101.000000,103.000000,103.000000,200
2016-11-30,107.000000,107.000000,101.000000,104.000000,104.000000,0
2016-12-01,105.000000,106.000000,103.800003,106.000000,106.000000,0
2016-12-02,104.199997,119.000000,102.000000,110.000000,110.000000,1500
2016-12-05,106.000000,110.000000,102.000000,108.000000,108.000000,300
2016-12-06,105.400002,116.000000,105.000000,111.000000,111.000000,500
2016-12-07,113.000000,115.000000,108.000000,115.000000,115.000000,300
2016-12-08,114.000000,115.000000,98.000000,103.000000,103.000000,300
2016-12-09,100.000000,105.000000,84.000000,103.000000,103.000000,100
2016-12-12,103.000000,108.000000,103.000000,108.000000,108.000000,0
2016-12-13,101.000000,109.000000,101.000000,109.000000,109.000000,300
2016-12-14,109.000000,110.000000,105.000000,109.000000,109.000000,200
2016-12-15,105.000000,107.199997,102.000000,105.000000,105.000000,800
2016-12-16,105.000000,108.000000,100.000000,108.000000,108.000000,100
2016-12-19,106.000000,110.000000,106.000000,110.000000,110.000000,0
2016-12-20,109.000000,109.000000,105.000000,108.000000,108.000000,100
2016-12-21,105.000000,117.000000,105.000000,116.000000,116.000000,200
2016-12-22,110.000000,121.000000,106.000000,118.000000,118.000000,300
2016-12-23,113.000000,120.000000,112.000000,120.000000,120.000000,0
2016-12-27,119.000000,119.000000,113.000000,113.000000,113.000000,0
2016-12-28,113.000000,127.000000,112.199997,121.000000,121.000000,300
2016-12-29,121.000000,122.199997,111.000000,121.000000,121.000000,0
2016-12-30,119.000000,119.000000,119.000000,119.000000,119.000000,0
2017-01-03,125.000000,125.000000,114.000000,124.000000,124.000000,100
2017-01-04,121.000000,121.000000,117.000000,121.000000,121.000000,300
2017-01-05,115.000000,121.000000,100.000000,121.000000,121.000000,100
2017-01-06,121.000000,121.000000,70.000000,106.000000,106.000000,500
2017-01-09,105.000000,109.000000,104.000000,109.000000,109.000000,400
2017-01-10,109.000000,109.000000,104.000000,109.000000,109.000000,100
2017-01-11,103.000000,110.000000,92.000000,110.000000,110.000000,100
2017-01-12,110.000000,119.000000,102.000000,109.000000,109.000000,200
2017-01-13,110.000000,110.000000,104.000000,108.000000,108.000000,0
2017-01-17,104.400002,118.000000,70.000000,114.000000,114.000000,0
2017-01-18,110.199997,113.000000,86.000000,111.000000,111.000000,100
2017-01-19,111.000000,111.000000,110.000000,110.000000,110.000000,0
2017-01-20,102.000000,110.000000,86.000000,109.000000,109.000000,0
2017-01-23,101.000000,110.000000,101.000000,110.000000,110.000000,0
2017-01-24,109.000000,112.000000,101.000000,112.000000,112.000000,0
2017-01-25,110.000000,112.000000,108.400002,112.000000,112.000000,0
2017-01-26,112.000000,112.000000,111.000000,111.000000,111.000000,0
2017-01-27,112.000000,112.000000,105.000000,112.000000,112.000000,100
2017-01-30,112.000000,118.000000,102.000000,105.000000,105.000000,0
2017-01-31,105.000000,127.000000,105.000000,119.000000,119.000000,200
2017-02-01,119.000000,119.000000,106.000000,119.000000,119.000000,0
2017-02-02,119.000000,119.000000,116.000000,116.000000,116.000000,0
2017-02-03,116.000000,125.000000,112.000000,121.000000,121.000000,100
2017-02-06,118.000000,121.000000,115.000000,115.000000,115.000000,0
2017-02-07,115.000000,121.000000,110.000000,121.000000,121.000000,0
2017-02-08,120.000000,124.000000,116.800003,124.000000,124.000000,200
2017-02-09,120.000000,124.000000,112.000000,124.000000,124.000000,0
2017-02-10,124.000000,124.000000,120.000000,121.000000,121.000000,0
2017-02-13,122.000000,124.000000,119.500000,124.000000,124.000000,300
2017-02-14,124.000000,124.000000,118.900002,123.000000,123.000000,0
2017-02-15,123.000000,130.000000,120.000000,124.000000,124.000000,100
2017-02-16,120.599998,123.000000,117.599998,123.000000,123.000000,0
2017-02-17,120.599998,124.000000,118.000000,124.000000,124.000000,0
2017-02-21,124.000000,124.000000,117.000000,118.000000,118.000000,100
2017-02-22,115.000000,123.000000,115.000000,117.000000,117.000000,100
2017-02-23,117.000000,117.000000,105.000000,110.000000,110.000000,100
2017-02-24,117.000000,117.000000,103.000000,115.000000,115.000000,100
2017-02-27,116.000000,123.000000,116.000000,122.000000,122.000000,0
2017-02-28,111.000000,122.000000,110.099998,118.000000,118.000000,0
2017-03-01,113.000000,118.000000,108.000000,118.000000,118.000000,100
2017-03-02,115.000000,120.000000,109.000000,120.000000,120.000000,100
2017-03-03,119.000000,120.000000,105.000000,115.000000,115.000000,0
2017-03-06,114.000000,116.000000,114.000000,116.000000,116.000000,0
2017-03-07,115.000000,116.000000,107.000000,112.000000,112.000000,0
2017-03-08,113.000000,115.000000,113.000000,115.000000,115.000000,0
2017-03-09,115.000000,115.000000,115.000000,115.000000,115.000000,0
2017-03-10,113.800003,115.000000,101.000000,113.000000,113.000000,0
2017-03-13,108.000000,115.000000,101.000000,115.000000,115.000000,0
2017-03-14,110.000000,115.000000,103.000000,115.000000,115.000000,0
2017-03-15,108.599998,113.000000,105.000000,113.000000,113.000000,0
2017-03-16,112.000000,112.000000,112.000000,112.000000,112.000000,0
2017-03-17,112.000000,112.000000,112.000000,112.000000,112.000000,0
2017-03-20,106.000000,112.000000,86.000000,112.000000,112.000000,200
2017-03-21,104.000000,109.000000,104.000000,109.000000,109.000000,0
2017-03-22,108.000000,111.000000,108.000000,111.000000,111.000000,0
2017-03-23,107.000000,107.000000,104.000000,107.000000,107.000000,100
2017-03-24,105.000000,107.000000,105.000000,107.000000,107.000000,100
2017-03-27,108.000000,109.000000,105.000000,109.000000,109.000000,200
2017-03-28,105.000000,109.000000,105.000000,109.000000,109.000000,100
2017-03-29,109.000000,117.000000,109.000000,116.000000,116.000000,600
2017-03-30,110.000000,116.000000,109.000000,112.000000,112.000000,300
2017-03-31,116.000000,116.000000,107.000000,116.000000,116.000000,300
2017-04-03,110.800003,114.000000,108.000000,114.000000,114.000000,200
2017-04-04,105.000000,111.000000,101.000000,107.000000,107.000000,100
2017-04-05,101.000000,106.000000,80.000000,105.000000,105.000000,200
2017-04-06,101.000000,105.000000,82.000000,105.000000,105.000000,100
2017-04-07,100.000000,104.000000,100.000000,103.300003,103.300003,0
2017-04-10,103.000000,106.000000,97.000000,106.000000,106.000000,100
2017-04-11,100.000000,100.000000,100.000000,100.000000,100.000000,0
2017-04-12,96.000000,96.000000,85.500000,94.000000,94.000000,100
2017-04-13,98.699997,98.699997,85.500000,97.800003,97.800003,0
2017-04-17,100.000000,100.000000,70.000000,90.000000,90.000000,0
2017-04-18,99.000000,99.000000,88.000000,90.000000,90.000000,200
2017-04-19,84.000000,84.000000,67.000000,67.000000,67.000000,500
2017-04-20,70.000000,80.000000,66.099998,72.000000,72.000000,300
2017-04-21,66.099998,80.000000,55.000000,80.000000,80.000000,400
2017-04-24,60.000000,71.599998,60.000000,71.500000,71.500000,0
2017-04-25,68.900002,75.000000,60.000000,73.000000,73.000000,100
2017-04-26,55.000000,65.800003,50.000000,50.000000,50.000000,0
2017-04-27,58.500000,79.800003,53.500000,76.800003,76.800003,300
2017-04-28,76.900002,76.900002,58.000000,73.300003,73.300003,0
2017-05-01,57.000000,67.000000,57.000000,67.000000,67.000000,100
2017-05-02,64.900002,74.400002,55.000000,70.000000,70.000000,100
2017-05-03,75.000000,75.000000,60.000000,68.000000,68.000000,100
2017-05-04,58.000000,66.500000,42.700001,54.500000,54.500000,200
2017-05-05,69.000000,69.500000,69.000000,69.500000,69.500000,0
2017-05-08,55.000000,59.900002,51.000000,58.799999,58.799999,0
2017-05-09,58.799999,58.799999,58.799999,58.799999,58.799999,0
2017-05-10,59.799999,59.799999,51.000000,51.000000,51.000000,0
2017-05-11,55.000000,70.400002,51.000000,70.400002,70.400002,200
2017-05-12,63.000000,70.099998,63.000000,70.000000,70.000000,0
2017-05-15,70.500000,70.500000,68.000000,69.500000,69.500000,100
2017-05-16,53.500000,67.500000,51.000000,67.500000,67.500000,0
2017-05-17,68.000000,74.599998,60.000000,74.000000,74.000000,100
2017-05-18,74.000000,74.000000,74.000000,74.000000,74.000000,0
2017-05-19,74.000000,74.000000,74.000000,74.000000,74.000000,0
2017-05-22,70.000000,74.599998,57.000000,74.599998,74.599998,0
2017-05-23,60.299999,73.599998,57.000000,73.599998,73.599998,0
2017-05-24,58.000000,62.000000,38.400002,62.000000,62.000000,100
2017-05-25,40.000000,61.000000,40.000000,61.000000,61.000000,0
2017-05-26,40.000000,62.000000,40.000000,52.000000,52.000000,0
2017-05-30,51.799999,52.000000,40.000000,52.000000,52.000000,0
2017-05-31,52.000000,52.000000,38.299999,38.299999,38.299999,100
2017-06-01,41.500000,52.000000,38.299999,51.799999,51.799999,100
2017-06-02,38.299999,51.799999,38.299999,51.799999,51.799999,0
2017-06-05,51.799999,51.799999,51.799999,51.799999,51.799999,0
2017-06-06,52.000000,52.000000,41.700001,51.000000,51.000000,0
2017-06-07,50.500000,50.500000,38.299999,45.000000,45.000000,0
2017-06-08,45.000000,60.000000,45.000000,58.099998,58.099998,200
2017-06-09,53.400002,60.000000,51.000000,59.000000,59.000000,0
2017-06-12,59.000000,59.000000,40.000000,50.000000,50.000000,100
2017-06-13,50.000000,50.000000,50.000000,50.000000,50.000000,0
2017-06-14,41.700001,47.700001,40.000000,46.700001,46.700001,100
2017-06-15,46.700001,46.700001,46.700001,46.700001,46.700001,0
2017-06-16,42.500000,44.400002,32.500000,38.400002,38.400002,100
2017-06-19,39.000000,39.000000,39.000000,39.000000,39.000000,0
2017-06-20,33.000000,39.000000,33.000000,39.000000,39.000000,0
2017-06-21,35.000000,56.500000,35.000000,39.000000,39.000000,500
2017-06-22,36.000000,39.000000,33.500000,39.000000,39.000000,100
2017-06-23,32.500000,35.700001,31.100000,31.900000,31.900000,200
2017-06-26,37.000000,38.500000,33.000000,33.599998,33.599998,0
2017-06-27,36.200001,36.200001,36.000000,36.000000,36.000000,0
2017-06-28,32.200001,36.000000,31.200001,36.000000,36.000000,0
2017-06-29,31.200001,34.000000,31.100000,32.599998,32.599998,100
2017-06-30,32.000000,36.000000,32.000000,36.000000,36.000000,0
2017-07-03,36.000000,36.000000,36.000000,36.000000,36.000000,0
2017-07-05,33.099998,37.000000,33.099998,37.000000,37.000000,0
2017-07-06,37.000000,54.900002,34.500000,42.000000,42.000000,100
2017-07-07,42.000000,42.000000,34.000000,42.000000,42.000000,0
2017-07-10,42.000000,42.000000,42.000000,42.000000,42.000000,0
2017-07-11,36.400002,36.400002,28.500000,33.000000,33.000000,100
2017-07-12,29.000000,32.000000,29.000000,32.000000,32.000000,100
2017-07-13,36.000000,36.000000,31.000000,36.000000,36.000000,0
2017-07-14,36.000000,36.000000,36.000000,36.000000,36.000000,0
2017-07-17,36.000000,36.000000,36.000000,36.000000,36.000000,0
2017-07-18,36.000000,36.000000,36.000000,36.000000,36.000000,0
2017-07-19,28.000000,36.000000,28.000000,36.000000,36.000000,0
2017-07-20,34.599998,36.000000,34.599998,36.000000,36.000000,0
2017-07-21,36.000000,36.000000,36.000000,36.000000,36.000000,0
2017-07-24,36.000000,36.000000,36.000000,36.000000,36.000000,0
2017-07-25,28.000000,34.299999,28.000000,34.299999,34.299999,0
2017-07-26,28.100000,34.000000,28.100000,29.700001,29.700001,0
2017-07-27,30.000000,34.000000,30.000000,34.000000,34.000000,0
2017-07-28,34.000000,34.000000,34.000000,34.000000,34.000000,0
2017-07-31,28.000000,33.000000,21.299999,29.000000,29.000000,200
2017-08-01,25.000000,29.000000,20.400000,29.000000,29.000000,0
2017-08-02,24.200001,29.000000,22.799999,29.000000,29.000000,0
2017-08-03,27.000000,35.000000,27.000000,35.000000,35.000000,300
2017-08-04,35.000000,36.000000,32.000000,36.000000,36.000000,100
2017-08-07,36.000000,36.000000,32.000000,36.000000,36.000000,0
2017-08-08,36.000000,36.000000,36.000000,36.000000,36.000000,0
2017-08-09,34.000000,34.000000,34.000000,34.000000,34.000000,0
2017-08-10,34.000000,36.000000,33.000000,36.000000,36.000000,0
2017-08-11,31.000000,34.799999,26.700001,34.799999,34.799999,200
2017-08-14,21.299999,33.000000,21.200001,33.000000,33.000000,400
2017-08-15,25.000000,30.000000,22.200001,30.000000,30.000000,0
2017-08-16,31.000000,31.000000,31.000000,31.000000,31.000000,0
2017-08-17,25.100000,32.000000,25.100000,32.000000,32.000000,100
2017-08-18,32.000000,32.000000,32.000000,32.000000,32.000000,0
2017-08-21,32.000000,42.500000,30.000000,31.600000,31.600000,2100
2017-08-22,29.100000,36.000000,22.200001,33.700001,33.700001,200
2017-08-23,33.700001,33.700001,22.299999,29.000000,29.000000,100
2017-08-24,25.000000,29.600000,25.000000,29.600000,29.600000,100
2017-08-25,27.000000,30.000000,25.500000,29.900000,29.900000,100
2017-08-28,28.799999,30.000000,25.000000,30.000000,30.000000,100
2017-08-29,30.000000,40.000000,29.600000,39.900002,39.900002,100
2017-08-30,32.799999,39.000000,32.799999,38.000000,38.000000,100
2017-08-31,35.299999,36.000000,35.299999,36.000000,36.000000,0
2017-09-01,36.000000,37.000000,32.599998,37.000000,37.000000,100
2017-09-05,37.000000,38.000000,35.299999,38.000000,38.000000,0
2017-09-06,35.000000,43.500000,35.000000,43.400002,43.400002,500
2017-09-07,43.500000,43.500000,26.000000,40.000000,40.000000,200
2017-09-08,34.900002,37.000000,34.900002,37.000000,37.000000,0
2017-09-11,32.000000,37.000000,32.000000,37.000000,37.000000,0
2017-09-12,32.000000,36.000000,32.000000,36.000000,36.000000,0
2017-09-13,36.000000,36.000000,29.000000,33.000000,33.000000,100
2017-09-14,31.000000,35.700001,25.000000,35.700001,35.700001,0
2017-09-15,29.000000,35.000000,25.000000,35.000000,35.000000,0
2017-09-18,25.000000,29.000000,23.000000,28.000000,28.000000,0
2017-09-19,25.000000,28.000000,25.000000,28.000000,28.000000,200
2017-09-20,24.000000,26.000000,24.000000,26.000000,26.000000,0
2017-09-21,27.500000,28.000000,24.000000,28.000000,28.000000,100
2017-09-22,26.000000,38.000000,26.000000,38.000000,38.000000,800
2017-09-25,31.000000,33.000000,27.000000,30.000000,30.000000,400
2017-09-26,30.000000,38.000000,28.700001,35.700001,35.700001,400
2017-09-27,35.900002,36.000000,30.000000,35.500000,35.500000,300
2017-09-28,35.500000,35.500000,35.500000,35.500000,35.500000,0
2017-09-29,32.500000,32.500000,30.000000,32.000000,32.000000,0
2017-10-02,32.000000,36.000000,28.000000,35.799999,35.799999,0
2017-10-03,28.600000,32.200001,23.299999,32.200001,32.200001,100
2017-10-04,28.600000,28.600000,28.600000,28.600000,28.600000,0
2017-10-05,28.600000,33.000000,28.000000,33.000000,33.000000,100
2017-10-06,35.000000,35.000000,35.000000,35.000000,35.000000,0
2017-10-09,33.500000,34.000000,27.600000,34.000000,34.000000,100
2017-10-10,28.000000,31.600000,22.600000,31.600000,31.600000,200
2017-10-11,29.299999,31.000000,29.299999,30.000000,30.000000,0
2017-10-12,28.500000,36.000000,27.000000,30.000000,30.000000,0
2017-10-13,25.299999,30.000000,20.900000,29.400000,29.400000,0
2017-10-16,29.500000,34.000000,22.100000,24.700001,24.700001,2000
2017-10-17,25.000000,25.000000,21.000000,24.500000,24.500000,400
2017-10-18,21.100000,23.299999,16.000000,18.000000,18.000000,500
2017-10-19,18.900000,22.000000,16.000000,20.900000,20.900000,100
2017-10-20,19.000000,25.000000,17.100000,24.000000,24.000000,1200
2017-10-23,24.900000,24.900000,19.500000,22.000000,22.000000,200
2017-10-24,19.500000,30.000000,17.500000,30.000000,30.000000,600
2017-10-25,18.299999,34.000000,18.299999,31.500000,31.500000,1200
2017-10-26,31.000000,35.000000,28.299999,33.000000,33.000000,600
2017-10-27,33.000000,33.000000,25.000000,31.900000,31.900000,500
2017-10-30,31.900000,32.000000,29.000000,31.700001,31.700001,300
2017-10-31,31.500000,32.000000,25.500000,31.000000,31.000000,500
2017-11-01,31.000000,32.000000,27.500000,32.000000,32.000000,500
2017-11-02,32.000000,35.000000,31.700001,33.000000,33.000000,700
2017-11-03,36.000000,51.000000,34.500000,48.000000,48.000000,1900
2017-11-06,47.099998,52.599998,45.000000,52.000000,52.000000,1600
2017-11-07,51.099998,55.000000,40.000000,53.000000,53.000000,2000
2017-11-08,53.900002,53.900002,44.500000,49.700001,49.700001,1100
2017-11-09,49.700001,51.000000,35.299999,50.000000,50.000000,900
2017-11-10,55.299999,57.500000,43.099998,53.000000,53.000000,1500
2017-11-13,53.299999,60.000000,49.000000,58.500000,58.500000,1800
2017-11-14,52.500000,58.799999,52.500000,58.200001,58.200001,900
2017-11-15,61.000000,72.199997,56.000000,71.199997,71.199997,6800
2017-11-16,71.199997,85.000000,55.000000,62.000000,62.000000,3600
2017-11-17,61.000000,61.000000,45.099998,58.000000,58.000000,3900
2017-11-20,60.000000,73.000000,52.099998,73.000000,73.000000,3500
2017-11-21,71.099998,72.099998,67.500000,70.000000,70.000000,2600
2017-11-22,70.000000,89.000000,68.000000,81.000000,81.000000,4600
2017-11-24,81.000000,87.000000,80.000000,87.000000,87.000000,2400
2017-11-27,87.000000,95.000000,83.099998,92.500000,92.500000,4200
2017-11-28,89.900002,112.000000,89.000000,108.000000,108.000000,5600
2017-11-29,106.500000,110.000000,101.000000,104.000000,104.000000,2900
2017-11-30,105.000000,108.000000,94.000000,94.000000,94.000000,2200
2017-12-01,95.000000,100.000000,92.000000,96.500000,96.500000,2400
2017-12-04,95.000000,105.800003,90.000000,100.000000,100.000000,1700
2017-12-05,100.000000,108.000000,97.000000,105.000000,105.000000,1800
2017-12-06,108.000000,117.000000,106.000000,117.000000,117.000000,2800
2017-12-07,115.500000,120.000000,108.000000,118.000000,118.000000,2000
2017-12-08,119.000000,136.000000,117.000000,133.000000,133.000000,4700
2017-12-11,129.500000,144.000000,129.500000,142.000000,142.000000,4900
2017-12-12,140.000000,145.000000,98.000000,124.000000,124.000000,7500
2017-12-13,125.000000,127.000000,102.000000,115.000000,115.000000,1900
2017-12-14,112.000000,115.000000,103.000000,113.000000,113.000000,1900
2017-12-15,118.000000,125.000000,115.000000,124.000000,124.000000,1700
2017-12-18,125.000000,125.000000,102.000000,112.000000,112.000000,2300
2017-12-19,110.000000,118.000000,110.000000,114.000000,114.000000,1500
2017-12-20,113.500000,124.000000,112.000000,114.000000,114.000000,1400
2017-12-21,123.000000,123.000000,111.000000,115.000000,115.000000,1200
2017-12-22,112.000000,117.000000,109.000000,115.000000,115.000000,1700
2017-12-26,115.000000,117.000000,108.000000,115.000000,115.000000,700
2017-12-27,113.000000,115.000000,106.000000,114.000000,114.000000,1000
2017-12-28,110.500000,114.000000,103.000000,112.000000,112.000000,1400
2017-12-29,111.000000,112.000000,107.000000,112.000000,112.000000,1200
2018-01-02,108.000000,112.000000,107.000000,110.000000,110.000000,2000
2018-01-03,108.000000,112.000000,106.000000,112.000000,112.000000,2500
2018-01-04,112.000000,121.000000,109.000000,120.000000,120.000000,4300
2018-01-05,120.000000,135.000000,120.000000,135.000000,135.000000,6400
2018-01-08,134.000000,145.000000,134.000000,145.000000,145.000000,4800
2018-01-09,150.000000,168.000000,146.000000,165.000000,165.000000,6400
2018-01-10,180.000000,237.000000,168.000000,230.000000,230.000000,13400
2018-01-11,250.000000,315.000000,240.000000,272.000000,272.000000,11300
2018-01-12,272.899994,274.000000,171.000000,190.000000,190.000000,13500
2018-01-16,170.000000,185.000000,132.000000,151.000000,151.000000,11400
2018-01-17,165.000000,200.000000,163.000000,199.000000,199.000000,11700
2018-01-18,206.000000,206.500000,155.000000,168.000000,168.000000,8000
2018-01-19,174.000000,177.000000,161.000000,171.000000,171.000000,2900
2018-01-22,171.000000,171.000000,160.000000,164.500000,164.500000,3100
2018-01-23,160.000000,165.000000,146.000000,153.300003,153.300003,3100
2018-01-24,151.000000,173.000000,150.000000,172.000000,172.000000,2700
2018-01-25,175.000000,177.500000,152.000000,172.000000,172.000000,2800
2018-01-26,182.000000,182.000000,164.000000,169.000000,169.000000,1400
2018-01-29,170.000000,174.000000,141.000000,161.000000,161.000000,2600
2018-01-30,161.000000,164.000000,146.000000,150.000000,150.000000,2200
2018-01-31,155.000000,163.000000,150.000000,158.000000,158.000000,1800
2018-02-01,158.000000,160.000000,152.000000,157.000000,157.000000,1600
2018-02-02,157.000000,158.000000,147.000000,149.000000,149.000000,1800
2018-02-05,150.000000,152.000000,125.000000,134.000000,134.000000,1800
2018-02-06,112.000000,134.000000,100.000000,121.000000,121.000000,4800
2018-02-07,121.000000,125.000000,115.000000,119.000000,119.000000,1500
2018-02-08,120.000000,124.500000,117.000000,122.000000,122.000000,1500
2018-02-09,125.500000,129.000000,116.000000,124.000000,124.000000,1500
2018-02-12,124.500000,133.000000,115.000000,117.000000,117.000000,1200
2018-02-13,115.000000,124.000000,112.000000,122.000000,122.000000,1600
2018-02-14,134.500000,135.000000,125.000000,134.000000,134.000000,1900
2018-02-15,135.000000,160.000000,134.000000,153.899994,153.899994,5400
2018-02-16,160.000000,167.000000,155.000000,165.000000,165.000000,2900
2018-02-20,167.500000,181.000000,165.000000,170.000000,170.000000,3900
2018-02-21,174.000000,175.000000,146.000000,155.000000,155.000000,2900
2018-02-22,169.000000,174.000000,159.000000,168.000000,168.000000,4600
2018-02-23,167.000000,181.000000,159.000000,170.000000,170.000000,6500
2018-02-26,169.500000,175.500000,165.000000,166.000000,166.000000,3100
2018-02-27,167.000000,176.000000,166.000000,168.000000,168.000000,1800
2018-02-28,168.000000,173.000000,166.000000,169.000000,169.000000,2000
2018-03-01,165.000000,172.000000,165.000000,171.000000,171.000000,1600
2018-03-02,171.000000,175.000000,165.000000,169.000000,169.000000,1300
2018-03-05,165.000000,169.000000,160.000000,165.000000,165.000000,1700
2018-03-06,164.000000,165.000000,146.000000,151.000000,151.000000,3400
2018-03-07,148.000000,156.000000,133.000000,154.500000,154.500000,2200
2018-03-08,154.500000,170.000000,154.500000,169.000000,169.000000,4300
2018-03-09,174.000000,185.000000,169.000000,183.000000,183.000000,5300
2018-03-12,184.000000,246.000000,183.000000,245.000000,245.000000,14000
2018-03-13,223.000000,223.000000,175.000000,187.000000,187.000000,10900
2018-03-14,195.000000,214.000000,190.500000,206.000000,206.000000,4900
2018-03-15,205.500000,211.000000,191.000000,207.000000,207.000000,3700
2018-03-16,206.000000,209.000000,196.000000,202.000000,202.000000,1300
2018-03-19,202.000000,210.000000,195.199997,204.000000,204.000000,2200
2018-03-20,203.000000,203.000000,191.000000,202.000000,202.000000,1700
2018-03-21,201.000000,217.000000,195.000000,212.000000,212.000000,2400
2018-03-22,209.500000,237.000000,204.000000,231.000000,231.000000,3100
2018-03-23,236.000000,268.000000,236.000000,249.000000,249.000000,8600
2018-03-26,249.500000,256.000000,224.000000,227.000000,227.000000,3500
2018-03-27,239.000000,255.000000,227.000000,245.000000,245.000000,3200
2018-03-28,244.000000,299.000000,244.000000,250.000000,250.000000,14000
2018-03-29,251.000000,280.000000,251.000000,267.000000,267.000000,5900
2018-04-02,275.000000,303.000000,265.000000,278.000000,278.000000,10800
2018-04-03,285.000000,360.000000,284.000000,354.000000,354.000000,11700
2018-04-04,366.000000,467.000000,366.000000,449.000000,449.000000,25200
2018-04-05,458.000000,485.000000,304.000000,328.000000,328.000000,27000
2018-04-06,340.500000,393.000000,330.000000,370.000000,370.000000,12400
2018-04-09,371.500000,426.000000,371.000000,413.000000,413.000000,10900
2018-04-10,403.500000,404.000000,367.000000,374.000000,374.000000,9800
2018-04-11,363.500000,372.000000,338.000000,347.000000,347.000000,6900
2018-04-12,335.000000,341.000000,265.000000,275.000000,275.000000,16300
2018-04-13,270.000000,310.000000,254.000000,299.000000,299.000000,8900
2018-04-16,303.000000,320.000000,281.000000,293.000000,293.000000,3200
2018-04-17,288.500000,292.000000,262.000000,272.000000,272.000000,2600
2018-04-18,260.000000,277.000000,240.000000,274.000000,274.000000,5600
2018-04-19,279.000000,308.000000,275.000000,294.000000,294.000000,4900
2018-04-20,291.500000,323.000000,275.000000,318.000000,318.000000,3300
2018-04-23,320.000000,330.000000,303.000000,316.000000,316.000000,2300
2018-04-24,317.500000,324.000000,296.000000,312.000000,312.000000,2300
2018-04-25,307.000000,312.000000,300.000000,310.000000,310.000000,1400
2018-04-26,311.000000,335.000000,310.000000,323.000000,323.000000,6700
2018-04-27,324.000000,325.000000,315.000000,316.500000,316.500000,1600
2018-04-30,311.000000,327.000000,304.000000,307.399994,307.399994,1500
2018-05-01,307.000000,307.000000,293.000000,296.000000,296.000000,1600
2018-05-02,297.500000,297.500000,272.000000,293.000000,293.000000,3400
2018-05-03,293.000000,306.000000,292.000000,304.000000,304.000000,2700
2018-05-04,304.000000,320.000000,302.000000,318.000000,318.000000,3200
2018-05-07,319.000000,330.000000,316.000000,321.000000,321.000000,3300
2018-05-08,315.000000,320.000000,306.000000,317.000000,317.000000,1800
2018-05-09,320.000000,321.000000,276.000000,296.600006,296.600006,3000
2018-05-10,286.000000,320.000000,286.000000,312.000000,312.000000,5400
2018-05-11,311.000000,324.000000,311.000000,316.000000,316.000000,3100
2018-05-14,314.000000,319.000000,312.000000,314.000000,314.000000,2000
2018-05-15,314.000000,315.000000,300.000000,307.000000,307.000000,2900
2018-05-16,310.000000,313.000000,303.000000,309.000000,309.000000,2600
2018-05-17,319.000000,319.000000,299.000000,305.000000,305.000000,3600
2018-05-18,303.000000,307.000000,297.000000,302.000000,302.000000,1600
2018-05-21,300.000000,304.000000,290.000000,296.000000,296.000000,2600
2018-05-22,296.500000,306.000000,288.000000,294.000000,294.000000,2700
2018-05-23,286.000000,300.000000,285.000000,292.000000,292.000000,2000
2018-05-24,295.500000,301.000000,282.000000,291.000000,291.000000,1800
2018-05-25,290.500000,292.000000,255.000000,265.000000,265.000000,3900
2018-05-29,258.500000,285.000000,252.000000,283.000000,283.000000,3100
2018-05-30,280.500000,285.000000,270.000000,273.000000,273.000000,2100
2018-05-31,273.000000,286.000000,273.000000,276.000000,276.000000,1800
2018-06-01,276.000000,280.000000,260.000000,269.000000,269.000000,1800
2018-06-04,269.500000,270.000000,190.000000,232.000000,232.000000,8100
2018-06-05,232.500000,254.899994,230.000000,248.000000,248.000000,5800
2018-06-06,247.500000,254.000000,232.000000,248.000000,248.000000,1800
2018-06-07,238.000000,252.000000,235.000000,245.000000,245.000000,2400
2018-06-08,236.000000,244.000000,217.000000,221.000000,221.000000,3900
2018-06-11,212.500000,216.000000,192.000000,193.000000,193.000000,8000
2018-06-12,192.500000,205.000000,192.000000,199.000000,199.000000,5800
2018-06-13,203.500000,212.000000,199.000000,212.000000,212.000000,3900
2018-06-14,212.000000,213.000000,200.000000,200.600006,200.600006,3800
2018-06-15,205.000000,206.000000,193.000000,201.000000,201.000000,2500
2018-06-18,197.000000,205.000000,192.000000,199.000000,199.000000,2700
2018-06-19,199.000000,200.000000,178.000000,186.000000,186.000000,4700
2018-06-20,188.000000,191.500000,162.000000,165.000000,165.000000,6000
2018-06-21,165.000000,169.000000,145.000000,148.000000,148.000000,6000
2018-06-22,148.000000,177.000000,147.000000,176.000000,176.000000,4900
2018-06-25,161.000000,176.000000,152.000000,169.500000,169.500000,3200
2018-06-26,170.500000,178.000000,161.000000,165.000000,165.000000,3200
2018-06-27,166.000000,170.000000,152.000000,160.000000,160.000000,2400
2018-06-28,150.000000,159.000000,149.000000,154.000000,154.000000,2900
2018-06-29,153.000000,172.000000,151.000000,170.000000,170.000000,2300
2018-07-02,167.000000,174.000000,157.000000,168.000000,168.000000,1700
2018-07-03,168.500000,184.000000,166.000000,181.000000,181.000000,2100
2018-07-05,180.000000,221.000000,177.000000,214.000000,214.000000,6400
2018-07-06,215.500000,265.000000,201.000000,254.000000,254.000000,11000
2018-07-09,268.000000,284.000000,256.000000,262.000000,262.000000,10500
2018-07-10,256.000000,260.000000,207.000000,233.000000,233.000000,9400
2018-07-11,233.500000,234.000000,206.000000,212.000000,212.000000,4300
2018-07-12,211.000000,218.000000,205.000000,211.000000,211.000000,2600
2018-07-13,211.500000,215.000000,193.000000,202.000000,202.000000,4000
2018-07-16,201.000000,202.000000,175.000000,179.899994,179.899994,4000
2018-07-17,180.000000,205.000000,176.000000,205.000000,205.000000,4200
2018-07-18,204.000000,204.000000,190.000000,195.000000,195.000000,2800
2018-07-19,190.000000,209.000000,190.000000,198.000000,198.000000,3700
2018-07-20,198.000000,209.000000,196.000000,206.800003,206.800003,1700
2018-07-23,208.000000,208.000000,196.000000,203.500000,203.500000,1900
2018-07-24,201.000000,205.000000,190.000000,199.000000,199.000000,2600
2018-07-25,196.000000,199.000000,185.000000,190.000000,190.000000,2900
2018-07-26,192.500000,196.500000,184.000000,189.000000,189.000000,3000
2018-07-27,184.000000,191.000000,169.800003,172.000000,172.000000,3900
2018-07-30,171.000000,181.000000,165.000000,170.000000,170.000000,3000
2018-07-31,166.000000,180.500000,160.000000,170.000000,170.000000,3300
2018-08-01,169.000000,175.000000,151.000000,153.800003,153.800003,4600
2018-08-02,153.000000,158.000000,147.000000,153.500000,153.500000,4600
2018-08-03,154.500000,160.000000,145.000000,150.600006,150.600006,4000
2018-08-06,151.000000,163.000000,142.000000,146.000000,146.000000,3700
2018-08-07,145.000000,150.000000,140.000000,147.000000,147.000000,3700
2018-08-08,146.000000,146.000000,135.000000,140.000000,140.000000,3700
2018-08-09,140.000000,140.000000,103.000000,117.000000,117.000000,8900
2018-08-10,116.500000,147.000000,116.000000,141.000000,141.000000,4700
2018-08-13,145.000000,145.000000,120.000000,131.800003,131.800003,3300
2018-08-14,136.000000,136.000000,121.000000,126.000000,126.000000,2500
2018-08-15,128.000000,132.000000,119.000000,120.000000,120.000000,3000
2018-08-16,121.000000,124.000000,117.000000,119.000000,119.000000,3600
2018-08-17,120.000000,126.000000,115.000000,118.800003,118.800003,2800
2018-08-20,120.000000,120.000000,113.000000,114.000000,114.000000,2500
2018-08-21,115.000000,115.000000,98.000000,102.000000,102.000000,7700
2018-08-22,109.500000,110.000000,90.000000,96.000000,96.000000,8800
2018-08-23,96.000000,122.000000,93.000000,110.000000,110.000000,10100
2018-08-24,110.000000,123.000000,109.800003,121.000000,121.000000,6400
2018-08-27,121.000000,125.000000,103.000000,113.000000,113.000000,6400
2018-08-28,111.000000,114.000000,102.000000,106.000000,106.000000,4700
2018-08-29,106.000000,107.000000,99.000000,104.000000,104.000000,9800
2018-08-30,104.000000,107.000000,101.000000,107.000000,107.000000,3200
2018-08-31,108.000000,112.000000,103.800003,105.000000,105.000000,3900
2018-09-04,102.000000,110.000000,95.000000,99.800003,99.800003,3100
2018-09-05,99.000000,104.000000,99.000000,101.000000,101.000000,3100
2018-09-06,101.500000,104.400002,100.000000,104.000000,104.000000,2000
2018-09-07,104.000000,107.000000,99.000000,102.000000,102.000000,2400
2018-09-10,102.000000,102.000000,93.000000,98.000000,98.000000,3600
2018-09-11,94.000000,100.000000,94.000000,96.400002,96.400002,1600
2018-09-12,106.000000,106.000000,84.199997,88.400002,88.400002,4500
2018-09-13,85.099998,89.000000,69.000000,78.000000,78.000000,8200
2018-09-14,80.000000,80.000000,70.000000,72.500000,72.500000,4800
2018-09-17,70.500000,73.800003,60.099998,64.300003,64.300003,6800
2018-09-18,70.000000,100.000000,61.000000,95.900002,95.900002,9100
2018-09-19,99.000000,130.000000,95.900002,120.800003,120.800003,14400
2018-09-20,113.000000,135.000000,106.000000,115.000000,115.000000,6400
2018-09-21,121.000000,121.000000,98.199997,108.500000,108.500000,4700
2018-09-24,96.800003,108.000000,91.199997,95.500000,95.500000,3400
2018-09-25,97.000000,99.199997,91.000000,94.000000,94.000000,3100
2018-09-26,98.000000,105.000000,93.000000,101.000000,101.000000,3100
2018-09-27,103.000000,108.000000,99.500000,101.000000,101.000000,2300
2018-09-28,102.000000,104.000000,93.000000,94.599998,94.599998,2300
2018-10-01,104.000000,105.000000,95.000000,96.900002,96.900002,2900
2018-10-02,96.000000,98.000000,91.300003,93.000000,93.000000,2100
2018-10-03,93.300003,96.800003,90.000000,93.800003,93.800003,1900
2018-10-04,93.000000,100.000000,85.000000,92.900002,92.900002,3300
2018-10-05,93.000000,94.000000,84.000000,93.000000,93.000000,2300
2018-10-08,93.000000,94.000000,87.199997,89.800003,89.800003,1400
2018-10-09,88.800003,91.800003,85.000000,89.000000,89.000000,3400
2018-10-10,96.000000,96.000000,81.000000,85.800003,85.800003,2100
2018-10-11,85.000000,86.000000,76.000000,79.900002,79.900002,4500
2018-10-12,82.000000,85.500000,79.000000,85.300003,85.300003,3800
2018-10-15,85.500000,85.500000,78.000000,82.000000,82.000000,1800
2018-10-16,78.000000,85.000000,77.099998,79.500000,79.500000,2200
2018-10-17,85.000000,85.000000,76.000000,79.099998,79.099998,2500
2018-10-18,79.500000,81.000000,76.300003,79.900002,79.900002,3500
2018-10-19,79.199997,79.300003,73.000000,75.000000,75.000000,3700
2018-10-22,75.500000,81.500000,69.000000,79.000000,79.000000,4900
2018-10-23,79.000000,81.000000,69.000000,76.800003,76.800003,3700
2018-10-24,78.000000,78.400002,68.000000,69.800003,69.800003,2500
2018-10-25,78.000000,78.000000,62.200001,69.300003,69.300003,3300
2018-10-26,73.900002,73.900002,57.000000,71.000000,71.000000,4100
2018-10-29,71.000000,71.000000,55.099998,60.000000,60.000000,4600
2018-10-30,60.000000,61.799999,51.000000,56.000000,56.000000,4600
2018-10-31,57.000000,65.000000,49.000000,56.599998,56.599998,3700
2018-11-01,48.099998,60.000000,48.000000,50.500000,50.500000,5400
2018-11-02,50.500000,70.000000,49.700001,67.000000,67.000000,6800
2018-11-05,70.000000,72.000000,51.099998,61.000000,61.000000,5700
2018-11-06,50.500000,65.000000,50.000000,54.599998,54.599998,5600
2018-11-07,55.000000,59.000000,49.000000,53.000000,53.000000,6100
2018-11-08,53.000000,53.299999,48.000000,49.000000,49.000000,4100
2018-11-09,50.000000,50.000000,38.500000,45.000000,45.000000,6500
2018-11-12,42.500000,51.000000,35.000000,39.700001,39.700001,7100
2018-11-13,40.000000,40.000000,31.000000,36.299999,36.299999,8100
2018-11-14,32.000000,36.500000,31.299999,33.500000,33.500000,3800
2018-11-15,32.500000,41.000000,32.500000,37.799999,37.799999,5800
2018-11-16,35.799999,38.000000,33.500000,35.000000,35.000000,1200
2018-11-19,35.700001,43.500000,35.000000,39.000000,39.000000,4600
2018-11-20,39.000000,43.000000,37.000000,42.000000,42.000000,2900
2018-11-21,38.799999,52.500000,38.799999,45.099998,45.099998,3700
2018-11-23,48.000000,48.000000,42.000000,42.500000,42.500000,900
2018-11-26,47.099998,47.099998,40.000000,46.000000,46.000000,2000
2018-11-27,47.799999,47.799999,40.000000,41.799999,41.799999,2200
2018-11-28,45.000000,45.000000,38.200001,41.599998,41.599998,3100
2018-11-29,39.500000,41.799999,36.200001,39.000000,39.000000,2000
2018-11-30,38.000000,40.000000,36.000000,37.700001,37.700001,2600
2018-12-03,36.000000,39.000000,35.099998,38.900002,38.900002,2400
2018-12-04,38.000000,39.000000,33.500000,38.500000,38.500000,3400
2018-12-06,30.600000,37.000000,30.600000,34.599998,34.599998,3300
2018-12-07,35.000000,35.000000,31.000000,34.000000,34.000000,3000
2018-12-10,38.000000,38.000000,31.000000,32.000000,32.000000,1600
2018-12-11,33.000000,33.700001,30.600000,33.000000,33.000000,1500
2018-12-12,37.799999,37.799999,31.000000,33.500000,33.500000,2300
2018-12-13,32.700001,35.000000,30.600000,33.000000,33.000000,1400
2018-12-14,33.500000,35.000000,32.599998,34.900002,34.900002,2300
2018-12-17,33.000000,35.000000,30.600000,32.500000,32.500000,1900
2018-12-18,32.799999,34.000000,30.600000,32.500000,32.500000,1500
2018-12-19,33.000000,33.900002,29.000000,32.000000,32.000000,2800
2018-12-20,32.299999,33.000000,31.000000,33.000000,33.000000,2000
2018-12-21,31.000000,33.500000,29.000000,31.400000,31.400000,2800
2018-12-24,30.000000,37.500000,29.000000,30.000000,30.000000,1200
2018-12-26,29.000000,33.500000,29.000000,31.000000,31.000000,2800
2018-12-27,31.000000,33.000000,31.000000,31.299999,31.299999,1200
2018-12-28,31.000000,33.000000,29.000000,31.500000,31.500000,2700
2018-12-31,34.000000,38.000000,29.299999,32.000000,32.000000,2800
2019-01-02,33.000000,33.000000,29.000000,31.900000,31.900000,800
2019-01-03,29.000000,32.500000,29.000000,31.400000,31.400000,1200
2019-01-04,34.000000,37.500000,30.100000,37.000000,37.000000,10500
2019-01-07,37.500000,38.799999,35.000000,38.000000,38.000000,4300
2019-01-08,37.500000,39.500000,36.000000,36.299999,36.299999,3400
2019-01-09,38.000000,38.500000,34.000000,36.000000,36.000000,3200
2019-01-10,39.000000,41.000000,34.500000,36.500000,36.500000,2700
2019-01-11,37.000000,42.200001,35.900002,42.200001,42.200001,9500
2019-01-14,44.000000,58.500000,42.099998,57.700001,57.700001,22000
2019-01-15,58.799999,62.000000,45.000000,48.000000,48.000000,12500
2019-01-16,49.000000,54.299999,48.000000,49.000000,49.000000,11200
2019-01-17,49.000000,50.000000,45.000000,49.500000,49.500000,6900
2019-01-18,50.000000,51.000000,46.000000,47.000000,47.000000,3600
2019-01-22,47.299999,48.500000,42.000000,43.700001,43.700001,6700
2019-01-23,39.599998,43.700001,39.000000,40.000000,40.000000,5900
2019-01-24,39.000000,41.500000,39.000000,40.099998,40.099998,4500
2019-01-25,39.099998,40.299999,39.000000,39.099998,39.099998,5000
2019-01-28,46.000000,46.000000,37.000000,41.099998,41.099998,5500
2019-01-29,39.500000,41.200001,38.000000,38.000000,38.000000,5100
2019-01-30,38.000000,43.000000,37.000000,40.000000,40.000000,4200
2019-01-31,39.700001,40.000000,39.000000,39.000000,39.000000,3100
2019-02-01,40.000000,40.000000,36.799999,36.799999,36.799999,3000
2019-02-04,37.000000,39.400002,36.000000,37.500000,37.500000,2300
2019-02-05,36.000000,39.000000,36.000000,37.000000,37.000000,2500
2019-02-06,39.000000,39.500000,37.000000,39.500000,39.500000,2800
2019-02-07,38.500000,41.500000,38.500000,40.000000,40.000000,3400
2019-02-08,37.000000,42.000000,37.000000,39.000000,39.000000,2100
2019-02-11,40.000000,42.000000,37.500000,41.000000,41.000000,4800
2019-02-12,42.000000,47.900002,41.000000,45.000000,45.000000,6200
2019-02-13,43.200001,93.000000,37.000000,59.400002,59.400002,48000
2019-02-14,61.500000,74.500000,55.000000,63.000000,63.000000,20700
2019-02-15,64.000000,71.000000,63.000000,65.000000,65.000000,15400
2019-02-19,64.000000,72.000000,57.799999,59.400002,59.400002,16000
2019-02-20,56.000000,58.000000,48.000000,50.000000,50.000000,17300
2019-02-21,49.000000,51.000000,45.000000,48.000000,48.000000,11500
2019-02-22,48.500000,50.000000,42.000000,46.500000,46.500000,10600
2019-02-25,46.500000,55.500000,46.500000,52.000000,52.000000,5600
2019-02-26,50.000000,55.000000,50.000000,53.299999,53.299999,3000
2019-02-27,55.000000,55.000000,50.000000,53.000000,53.000000,2100
2019-02-28,51.599998,53.000000,48.000000,50.700001,50.700001,4100
2019-03-01,52.000000,53.000000,49.099998,51.500000,51.500000,1900
2019-03-04,51.500000,53.000000,49.000000,50.000000,50.000000,3200
2019-03-05,51.000000,51.000000,48.099998,49.000000,49.000000,1600
2019-03-06,48.799999,51.000000,48.000000,49.000000,49.000000,2000
2019-03-07,49.000000,51.000000,45.000000,48.000000,48.000000,2400
2019-03-08,52.000000,52.000000,45.500000,46.200001,46.200001,3300
2019-03-11,50.000000,50.000000,45.000000,46.000000,46.000000,353000
2019-03-12,50.000000,50.000000,45.099998,46.599998,46.599998,135200
2019-03-13,46.900002,49.200001,46.000000,46.099998,46.099998,279600
2019-03-14,47.799999,48.000000,46.099998,47.500000,47.500000,207000
2019-03-15,48.000000,49.000000,46.000000,48.599998,48.599998,326300
2019-03-18,49.000000,50.900002,47.000000,50.099998,50.099998,376900
2019-03-19,51.099998,52.000000,46.000000,48.000000,48.000000,788900
2019-03-20,47.500000,51.000000,46.000000,48.000000,48.000000,603300
2019-03-21,48.299999,50.500000,46.500000,47.000000,47.000000,164600
2019-03-22,48.500000,49.000000,45.000000,47.500000,47.500000,547700
2019-03-25,45.000000,48.000000,40.000000,43.000000,43.000000,598900
2019-03-26,44.500000,45.000000,42.000000,42.000000,42.000000,251700
2019-03-27,42.299999,43.500000,42.000000,42.000000,42.000000,195100
2019-03-28,42.000000,45.000000,41.000000,44.799999,44.799999,215900
2019-03-29,44.900002,45.299999,41.000000,44.900002,44.900002,265700
2019-04-01,41.400002,44.900002,40.000000,43.500000,43.500000,539700
2019-04-02,40.000000,46.000000,37.599998,40.000000,40.000000,986600
2019-04-03,40.000000,40.500000,35.000000,39.000000,39.000000,782800
2019-04-04,39.000000,40.000000,36.700001,38.000000,38.000000,279300
2019-04-05,40.500000,40.500000,37.099998,38.299999,38.299999,479000
2019-04-08,40.000000,40.000000,34.099998,38.900002,38.900002,588800
2019-04-09,37.099998,39.000000,35.000000,37.000000,37.000000,137500
2019-04-10,36.000000,38.799999,35.500000,37.000000,37.000000,288000
2019-04-11,37.500000,39.000000,35.000000,37.000000,37.000000,141900
2019-04-12,38.500000,39.000000,36.000000,38.000000,38.000000,555600
2019-04-15,39.000000,39.000000,33.700001,36.500000,36.500000,397300
2019-04-16,35.000000,38.000000,31.000000,31.000000,31.000000,1360500
2019-04-17,31.500000,32.200001,29.000000,31.000000,31.000000,1678600
2019-04-18,31.700001,31.700001,29.000000,30.000000,30.000000,505300
2019-04-22,29.500000,30.799999,29.000000,29.600000,29.600000,443800
2019-04-23,29.799999,30.500000,28.200001,30.000000,30.000000,526500
2019-04-24,31.000000,31.000000,28.000000,29.000000,29.000000,426700
2019-04-25,28.000000,31.000000,28.000000,30.200001,30.200001,514500
2019-04-26,29.799999,30.299999,28.500000,29.200001,29.200001,370100
2019-04-29,30.200001,31.000000,27.299999,28.000000,28.000000,284700
2019-04-30,29.000000,29.000000,25.100000,27.000000,27.000000,648900
2019-05-01,26.000000,27.100000,23.100000,23.400000,23.400000,745100
2019-05-02,23.400000,24.900000,16.500000,18.000000,18.000000,2974400
2019-05-03,19.000000,20.500000,17.700001,18.700001,18.700001,1476900
2019-05-06,18.799999,19.200001,17.799999,18.000000,18.000000,1102800
2019-05-07,18.299999,20.500000,18.299999,19.000000,19.000000,877300
2019-05-08,19.400000,19.400000,16.500000,17.500000,17.500000,1528700
2019-05-09,17.700001,17.700001,15.200000,15.500000,15.500000,1298400
2019-05-10,15.800000,16.000000,12.000000,13.000000,13.000000,1670800
2019-05-13,13.400000,13.700000,11.100000,12.200000,12.200000,1508000
2019-05-14,12.200000,14.900000,12.100000,13.700000,13.700000,2674200
2019-05-15,14.300000,14.500000,12.300000,13.500000,13.500000,1826400
2019-05-16,14.000000,15.100000,13.000000,14.000000,14.000000,714600
2019-05-17,14.800000,17.600000,14.000000,16.000000,16.000000,3508600
2019-05-20,18.000000,18.400000,16.200001,16.299999,16.299999,1428000
2019-05-21,17.000000,17.000000,14.500000,15.200000,15.200000,851300
2019-05-22,15.800000,15.800000,12.100000,13.300000,13.300000,1345200
2019-05-23,13.500000,14.000000,12.300000,12.600000,12.600000,689500
2019-05-24,12.500000,13.300000,12.000000,12.300000,12.300000,557100
2019-05-28,12.300000,12.800000,11.200000,12.800000,12.800000,967700
2019-05-29,13.000000,14.000000,11.400000,12.200000,12.200000,789000
2019-05-30,11.200000,12.000000,11.000000,11.700000,11.700000,915900
2019-05-31,11.600000,12.700000,11.300000,12.000000,12.000000,489600
2019-06-03,12.500000,12.500000,11.000000,11.000000,11.000000,809100
2019-06-04,11.000000,12.000000,11.000000,11.400000,11.400000,740300
2019-06-05,11.300000,12.000000,9.500000,9.900000,9.900000,1326800
2019-06-06,9.900000,11.700000,8.800000,10.100000,10.100000,1696000
2019-06-07,10.300000,10.300000,9.000000,9.000000,9.000000,886800
2019-06-10,9.000000,9.300000,6.000000,7.600000,7.600000,2089400
2019-06-11,7.000000,8.800000,7.000000,8.700000,8.700000,1082000
2019-06-12,8.900000,8.900000,7.100000,7.300000,7.300000,992700
2019-06-13,7.700000,8.000000,7.100000,7.300000,7.300000,1142700
2019-06-14,7.100000,7.900000,7.000000,7.200000,7.200000,555700
2019-06-17,7.000000,8.900000,7.000000,8.400000,8.400000,488800
2019-06-18,8.900000,8.900000,7.800000,8.200000,8.200000,481100
2019-06-19,8.900000,8.900000,8.100000,8.900000,8.900000,229100
2019-06-20,8.200000,8.900000,8.200000,8.500000,8.500000,271700
2019-06-21,8.500000,8.900000,8.000000,8.000000,8.000000,441300
2019-06-24,8.000000,9.000000,7.500000,8.900000,8.900000,356100
2019-06-25,8.200000,8.700000,8.100000,8.500000,8.500000,115900
2019-06-26,8.100000,9.000000,8.000000,8.400000,8.400000,187600
2019-06-27,9.000000,13.900000,8.000000,11.500000,11.500000,1812500
2019-06-28,12.000000,19.600000,11.500000,16.799999,16.799999,2461200
2019-07-01,17.500000,22.500000,16.500000,17.500000,17.500000,2069100
2019-07-02,17.299999,20.000000,13.000000,14.200000,14.200000,1984700
2019-07-03,12.700000,15.000000,12.500000,14.400000,14.400000,167300
2019-07-05,12.600000,15.000000,12.600000,13.500000,13.500000,313000
2019-07-08,12.700000,13.800000,12.000000,12.100000,12.100000,801400
2019-07-09,12.700000,12.700000,11.300000,11.500000,11.500000,731900
2019-07-10,11.300000,11.900000,9.700000,10.500000,10.500000,691000
2019-07-11,11.700000,11.700000,9.700000,10.000000,10.000000,1965300
2019-07-12,10.000000,10.000000,8.000000,8.400000,8.400000,2739500
2019-07-15,8.400000,9.000000,7.500000,7.500000,7.500000,1473700
2019-07-16,7.500000,7.900000,7.000000,7.100000,7.100000,2125400
2019-07-17,8.500000,8.500000,6.900000,7.600000,7.600000,1920700
2019-07-18,7.800000,7.800000,6.200000,6.300000,6.300000,3855500
2019-07-19,6.200000,6.600000,4.500000,5.800000,5.800000,4026600
2019-07-22,5.500000,6.000000,5.000000,5.200000,5.200000,857600
2019-07-23,5.200000,5.500000,4.700000,4.700000,4.700000,2185600
2019-07-24,5.000000,5.500000,4.800000,5.300000,5.300000,822800
2019-07-25,5.400000,5.500000,4.800000,4.800000,4.800000,456400
2019-07-26,4.900000,5.400000,4.800000,5.100000,5.100000,473300
2019-07-29,4.900000,5.500000,4.500000,5.100000,5.100000,718300
2019-07-30,5.000000,5.400000,4.700000,5.300000,5.300000,978800
2019-07-31,5.400000,5.900000,4.900000,5.400000,5.400000,349900
2019-08-01,5.500000,5.500000,5.000000,5.400000,5.400000,178800
2019-08-02,5.500000,5.500000,4.900000,4.900000,4.900000,506500
2019-08-05,5.000000,5.000000,4.500000,4.920000,4.920000,4100
2019-08-06,4.920000,4.930000,3.110000,3.450000,3.450000,24100
2019-08-07,3.500000,4.500000,3.390000,4.470000,4.470000,9400
2019-08-08,4.500000,4.500000,3.400000,3.990000,3.990000,7500
2019-08-09,3.990000,3.990000,3.990000,3.990000,3.990000,0
2019-08-12,4.440000,4.500000,4.000000,4.290000,4.290000,5000
2019-08-13,4.290000,4.290000,4.290000,4.290000,4.290000,0
2019-08-14,4.290000,4.290000,4.290000,4.290000,4.290000,0
2019-08-15,0.049000,0.049000,0.049000,0.049000,0.049000,0
2019-08-16,4.290000,4.290000,4.290000,4.290000,4.290000,0
2019-08-19,4.600000,4.800000,4.600000,4.610000,4.610000,2600
2019-08-20,5.760000,5.760000,5.010000,5.400000,5.400000,9100
2019-08-21,5.650000,5.650000,4.810000,5.150000,5.150000,7600
2019-08-22,5.500000,5.880000,4.820000,5.000000,5.000000,13000
2019-08-23,4.910000,5.000000,4.820000,5.000000,5.000000,4200
2019-08-26,4.970000,5.670000,4.750000,4.900000,4.900000,22300
2019-08-27,4.010000,4.550000,3.810000,3.990000,3.990000,11200
2019-08-28,3.800000,4.450000,3.780000,3.840000,3.840000,10100
2019-08-29,3.850000,4.370000,3.850000,4.290000,4.290000,3800
2019-08-30,4.290000,4.350000,3.900000,4.000000,4.000000,6500
2019-09-03,3.800000,3.950000,3.780000,3.780000,3.780000,4100
2019-09-04,3.775000,4.400000,3.775000,3.990000,3.990000,7100
2019-09-05,3.995000,4.350000,3.990000,4.350000,4.350000,5300
2019-09-06,4.050000,4.200000,3.850000,3.900000,3.900000,14400
2019-09-09,3.850000,4.190000,3.850000,4.000000,4.000000,3400
2019-09-10,4.000000,4.000000,3.850000,3.990000,3.990000,6600
2019-09-11,4.010000,4.010000,3.770000,3.840000,3.840000,21100
2019-09-12,3.830000,4.000000,3.770000,3.770000,3.770000,2400
2019-09-13,4.000000,4.000000,3.990000,3.990000,3.990000,1100
2019-09-16,4.000000,4.190000,3.770000,3.860000,3.860000,10800
2019-09-17,3.990000,3.990000,3.700000,3.800000,3.800000,4200
2019-09-18,3.990000,3.990000,3.600000,3.660000,3.660000,7300
2019-09-19,3.660000,3.950000,3.500000,3.540000,3.540000,5900
2019-09-20,3.990000,3.990000,3.000000,3.350000,3.350000,14700
2019-09-23,3.150000,3.600000,3.150000,3.580000,3.580000,4200
2019-09-24,3.580000,3.580000,3.300000,3.300000,3.300000,2000
2019-09-25,3.325000,3.450000,3.325000,3.340000,3.340000,4000
2019-09-26,3.900000,3.900000,3.210000,3.260000,3.260000,3400
2019-09-27,3.200000,3.200000,3.030000,3.100000,3.100000,30300
2019-09-30,3.750000,3.750000,2.680000,3.080000,3.080000,34100
2019-10-01,3.000000,3.000000,2.670000,2.950000,2.950000,4800
2019-10-02,2.950000,2.950000,2.460000,2.460000,2.460000,8700
2019-10-03,2.465000,2.490000,1.650000,1.650000,1.650000,41800
2019-10-04,1.750000,1.800000,1.420000,1.500000,1.500000,22400
2019-10-07,1.500000,1.960000,1.500000,1.900000,1.900000,11300
2019-10-08,1.920000,1.920000,1.760000,1.760000,1.760000,16200
2019-10-09,1.750000,2.000000,1.700000,2.000000,2.000000,5600
2019-10-10,2.000000,2.000000,1.810000,1.810000,1.810000,2800
2019-10-11,1.800000,1.800000,1.700000,1.700000,1.700000,5500
2019-10-14,1.850000,1.850000,1.660000,1.790000,1.790000,3500
2019-10-15,1.790000,1.800000,1.600000,1.680000,1.680000,10400
2019-10-16,1.710000,1.790000,1.700000,1.790000,1.790000,1800
2019-10-17,1.800000,1.800000,1.560000,1.650000,1.650000,5300
2019-10-18,1.620000,1.620000,1.560000,1.600000,1.600000,3100
2019-10-21,1.560000,2.040000,1.560000,1.980000,1.980000,19000
2019-10-22,2.000000,2.110000,1.879000,2.090000,2.090000,53600
2019-10-23,2.150000,2.150000,1.830000,1.880000,1.880000,42400
2019-10-24,1.870000,1.920000,1.670000,1.800000,1.800000,25600
2019-10-25,1.800000,1.850000,1.760000,1.840000,1.840000,9400
2019-10-28,1.860000,1.860000,1.750000,1.830000,1.830000,19600
2019-10-29,1.800000,1.800000,1.668000,1.720000,1.720000,6800
2019-10-30,1.680000,1.750000,1.510000,1.730000,1.730000,30600
2019-10-31,1.600000,1.750000,1.500000,1.750000,1.750000,46500
2019-11-01,1.750000,1.750000,1.510000,1.691000,1.691000,11500
2019-11-04,2.040000,2.040000,1.700000,1.915000,1.915000,14100
2019-11-05,1.930000,1.930000,1.510000,1.550000,1.550000,24000
2019-11-06,1.600000,1.600000,1.500000,1.500000,1.500000,19400
2019-11-07,1.520000,1.730000,1.520000,1.610000,1.610000,11200
2019-11-08,1.800000,1.800000,1.600000,1.600000,1.600000,17600
2019-11-11,1.500000,1.530000,1.500000,1.515000,1.515000,9200
2019-11-12,1.500000,1.700000,1.470000,1.590000,1.590000,54400
2019-11-13,1.590000,1.590000,1.340000,1.450000,1.450000,22600
2019-11-14,1.500000,1.500000,1.350000,1.380000,1.380000,20800
2019-11-15,1.370000,1.400000,1.250000,1.390000,1.390000,43100
2019-11-18,1.307000,1.340000,1.100000,1.125000,1.125000,21600
2019-11-19,1.120000,1.130000,0.810000,1.030000,1.030000,54700
2019-11-20,0.800000,1.230000,0.800000,1.230000,1.230000,18000
2019-11-21,1.790000,1.790000,1.150000,1.220000,1.220000,23700
2019-11-22,1.790000,1.790000,1.010000,1.139000,1.139000,9800
2019-11-25,1.150000,1.490000,1.150000,1.410000,1.410000,44400
2019-11-26,1.390000,1.440000,1.390000,1.440000,1.440000,3500
2019-11-27,1.440000,1.440000,1.260000,1.300000,1.300000,10400
2019-11-29,1.350000,1.350000,1.260000,1.260000,1.260000,1700
2019-12-02,1.250000,1.400000,1.250000,1.316000,1.316000,24800
2019-12-03,1.320000,1.420000,1.300000,1.340000,1.340000,12600
2019-12-04,1.320000,1.350000,1.320000,1.350000,1.350000,6000
2019-12-05,1.350000,1.365000,1.307000,1.310000,1.310000,4400
2019-12-06,1.340000,1.429000,1.280000,1.360000,1.360000,21500
2019-12-09,1.410000,1.450000,1.200000,1.287000,1.287000,179200
2019-12-10,1.270000,1.290000,0.950000,1.050000,1.050000,86300
2019-12-11,1.250000,1.410000,1.160000,1.299000,1.299000,97300
2019-12-12,1.290000,1.290000,0.930000,1.100000,1.100000,200300
2019-12-13,1.080000,1.080000,0.840000,0.840000,0.840000,148200
2019-12-16,0.855000,0.855000,0.700000,0.770000,0.770000,44400
2019-12-17,0.785000,0.800000,0.710000,0.775000,0.775000,37800
2019-12-18,0.770000,0.850000,0.715000,0.750000,0.750000,36900
2019-12-19,0.839000,0.839000,0.700000,0.730000,0.730000,40900
2019-12-20,0.705000,0.800000,0.630000,0.719000,0.719000,20900
2019-12-23,0.630000,0.950000,0.630000,0.780000,0.780000,50700
2019-12-24,0.790000,0.790000,0.720000,0.762000,0.762000,10200
2019-12-26,0.700000,0.729000,0.615000,0.670000,0.670000,106700
2019-12-27,0.660000,0.687000,0.600000,0.640000,0.640000,28400
2019-12-30,0.593000,0.640000,0.530000,0.558000,0.558000,57800
2019-12-31,0.580000,0.625000,0.530000,0.570000,0.570000,38300
2020-01-02,0.650000,0.650000,0.570000,0.645000,0.645000,30400
2020-01-03,0.650000,0.650000,0.541000,0.630000,0.630000,30900
2020-01-06,0.620000,0.620000,0.556000,0.592000,0.592000,30100
2020-01-07,0.592000,0.592000,0.548000,0.570000,0.570000,71700
2020-01-08,0.590000,0.590000,0.531000,0.560000,0.560000,50800
2020-01-09,0.569000,0.569000,0.430000,0.490000,0.490000,78200
2020-01-10,0.485000,0.485000,0.360000,0.410000,0.410000,182500
2020-01-13,0.365000,0.423000,0.300000,0.385000,0.385000,73900
2020-01-14,0.386000,0.389000,0.335000,0.380000,0.380000,28700
2020-01-15,0.330000,0.488000,0.330000,0.470000,0.470000,108400
2020-01-16,0.380000,0.488000,0.380000,0.443000,0.443000,74300
2020-01-17,0.390000,0.440000,0.380000,0.435000,0.435000,15400
2020-01-21,0.420000,0.440000,0.305000,0.330000,0.330000,178200
2020-01-22,0.362000,0.380000,0.300000,0.330000,0.330000,93900
2020-01-23,0.379000,0.379000,0.310000,0.335000,0.335000,45500
2020-01-24,0.200000,0.340000,0.200000,0.317000,0.317000,25200
2020-01-27,0.320000,0.320000,0.280000,0.285000,0.285000,44700
2020-01-28,0.315000,0.315000,0.215000,0.290000,0.290000,15800
2020-01-29,0.280000,0.280000,0.250000,0.270000,0.270000,42100
2020-01-30,0.270000,0.270000,0.220000,0.225000,0.225000,40000
2020-01-31,0.230000,0.260000,0.200000,0.250000,0.250000,47000
2020-02-03,0.254000,0.260000,0.200000,0.235000,0.235000,37600
2020-02-04,0.244000,0.244000,0.171000,0.190000,0.190000,151200
2020-02-05,0.200000,0.204000,0.150000,0.200000,0.200000,105300
2020-02-06,0.200000,0.200000,0.140000,0.160000,0.160000,241900
2020-02-07,0.160000,0.160000,0.125000,0.160000,0.160000,23900
2020-02-10,0.167000,0.187000,0.120000,0.120000,0.120000,239900
2020-02-11,0.121000,0.138000,0.120000,0.136000,0.136000,148900
2020-02-12,0.200000,0.200000,0.135000,0.150000,0.150000,81800
2020-02-13,0.180000,0.180000,0.140000,0.160000,0.160000,84300
2020-02-14,0.160000,0.170000,0.125000,0.170000,0.170000,58200
2020-02-18,0.170000,0.170000,0.115000,0.117000,0.117000,188800
2020-02-19,0.120000,0.140000,0.108000,0.140000,0.140000,154600
2020-02-20,0.137000,0.155000,0.110000,0.120000,0.120000,193000
2020-02-21,0.155000,0.155000,0.092000,0.113000,0.113000,197000
2020-02-24,0.081000,0.105000,0.076000,0.078000,0.078000,371400
2020-02-25,0.100000,0.110000,0.080000,0.085000,0.085000,284000
2020-02-26,0.087000,0.087000,0.080000,0.085000,0.085000,68700
2020-02-27,0.087000,0.087000,0.070000,0.071000,0.071000,161800
2020-02-28,0.075000,0.075000,0.060000,0.075000,0.075000,179700
2020-03-02,0.053000,0.095000,0.049000,0.060000,0.060000,470300
2020-03-03,0.081000,0.081000,0.043000,0.043000,0.043000,320300
2020-03-04,0.053000,0.060000,0.049000,0.055000,0.055000,371100
2020-03-05,0.060000,0.070000,0.055000,0.065000,0.065000,214600
2020-03-06,0.065000,0.065000,0.040000,0.043000,0.043000,816100
2020-03-09,0.045000,0.060000,0.040000,0.055000,0.055000,244400
2020-03-10,0.057000,0.081000,0.055000,0.081000,0.081000,358400
2020-03-11,0.081000,0.081000,0.049000,0.055000,0.055000,317100
2020-03-12,0.060000,0.060000,0.048000,0.060000,0.060000,271500
2020-03-13,0.060000,0.060000,0.050000,0.055000,0.055000,123100
2020-03-16,0.055000,0.065000,0.045000,0.045000,0.045000,372100
2020-03-17,0.050000,0.080000,0.030000,0.034000,0.034000,1876700
2020-03-18,0.035000,0.059000,0.020000,0.025000,0.025000,2242800
2020-03-19,0.024000,0.025000,0.010000,0.010000,0.010000,3130100
2020-03-20,0.010000,0.015000,0.010000,0.011000,0.011000,1269500
2020-03-23,0.010000,0.015000,0.010000,0.014000,0.014000,489800
2020-03-24,0.015000,0.050000,0.012000,0.014000,0.014000,4485100
2020-03-25,0.017000,0.040000,0.014000,0.029000,0.029000,5455600
2020-03-26,0.032000,0.047000,0.019000,0.023000,0.023000,7452000
2020-03-27,0.026000,0.038000,0.023000,0.026000,0.026000,5804700
2020-03-30,0.032000,0.032000,0.015000,0.018000,0.018000,5232500
2020-03-31,0.019000,0.019000,0.009000,0.011000,0.011000,23673600
2020-04-01,0.011000,0.011000,0.009000,0.010000,0.010000,2946000
2020-04-02,0.010000,0.010000,0.010000,0.010000,0.010000,2193400
2020-04-03,0.011000,0.015000,0.010000,0.011000,0.011000,8336900
2020-04-06,0.011000,0.013000,0.010000,0.011000,0.011000,2808700
2020-04-07,0.011000,0.013000,0.011000,0.012000,0.012000,2066000
2020-04-08,0.012000,0.013000,0.010000,0.010000,0.010000,3864900
2020-04-09,0.011000,0.013000,0.009000,0.012000,0.012000,4413300
2020-04-13,0.013000,0.017000,0.012000,0.016000,0.016000,5483900
2020-04-14,0.016000,0.016000,0.011000,0.012000,0.012000,4673300
2020-04-15,0.013000,0.013000,0.011000,0.011000,0.011000,2626000
2020-04-16,0.012000,0.012000,0.010000,0.011000,0.011000,3130000
2020-04-17,0.011000,0.012000,0.010000,0.011000,0.011000,3091300
2020-04-20,0.011000,0.012000,0.010000,0.012000,0.012000,1803700
2020-04-21,0.012000,0.012000,0.010000,0.012000,0.012000,2760100
2020-04-22,0.012000,0.012000,0.011000,0.012000,0.012000,733100
2020-04-23,0.012000,0.013000,0.010000,0.011000,0.011000,1902100
2020-04-24,0.011000,0.012000,0.010000,0.012000,0.012000,290400
2020-04-27,0.011000,0.012000,0.010000,0.012000,0.012000,841500
2020-04-28,0.010000,0.011000,0.010000,0.011000,0.011000,1913100
2020-04-29,0.011000,0.011000,0.010000,0.010000,0.010000,947600
2020-04-30,0.011000,0.011000,0.011000,0.011000,0.011000,662700
2020-05-01,0.011000,0.011000,0.009000,0.009000,0.009000,1487900
2020-05-04,0.010000,0.010000,0.009000,0.009000,0.009000,1664100
2020-05-05,0.010000,0.010000,0.009000,0.009000,0.009000,2349800
2020-05-06,0.011000,0.011000,0.009000,0.009000,0.009000,901600
2020-05-07,0.010000,0.010000,0.009000,0.009000,0.009000,747600
2020-05-08,0.009000,0.012000,0.009000,0.010000,0.010000,2924800
2020-05-11,0.009000,0.010000,0.009000,0.010000,0.010000,2296800
2020-05-12,0.010000,0.010000,0.009000,0.010000,0.010000,707300
2020-05-13,0.010000,0.011000,0.010000,0.011000,0.011000,623700
2020-05-14,0.011000,0.011000,0.010000,0.011000,0.011000,742100
2020-05-15,0.011000,0.011000,0.010000,0.011000,0.011000,490200
2020-05-18,0.011000,0.013000,0.011000,0.012000,0.012000,938500
2020-05-19,0.011000,0.012000,0.011000,0.012000,0.012000,444100
2020-05-20,0.012000,0.028000,0.012000,0.023000,0.023000,7480600
2020-05-21,0.024000,0.024000,0.014000,0.020000,0.020000,1585900
2020-05-22,0.017000,0.025000,0.017000,0.023000,0.023000,2308300
2020-05-26,0.025000,0.053000,0.025000,0.035000,0.035000,3635400
2020-05-27,0.050000,0.050000,0.033000,0.040000,0.040000,1484100
2020-05-28,0.040000,0.040000,0.030000,0.030000,0.030000,1944000
2020-05-29,0.036000,0.036000,0.024000,0.031000,0.031000,2964000
2020-06-01,0.032000,0.042000,0.029000,0.038000,0.038000,1870400
2020-06-02,0.040000,0.045000,0.039000,0.041000,0.041000,1964700
2020-06-03,0.039000,0.044000,0.035000,0.041000,0.041000,1292700
2020-06-04,0.041000,0.041000,0.037000,0.038000,0.038000,707800
2020-06-05,0.038000,0.038000,0.031000,0.032000,0.032000,919100
2020-06-08,0.032000,0.040000,0.032000,0.033000,0.033000,952000
2020-06-09,0.032000,0.035000,0.023000,0.027000,0.027000,1522000
2020-06-10,0.029000,0.029000,0.024000,0.025000,0.025000,381800
2020-06-11,0.024000,0.028000,0.016000,0.016000,0.016000,2356600