Date,Open,High,Low,Close,Adj Close,Volume
2016-04-28,8.130000,8.130000,6.240000,6.250000,5.522165,258300
2016-04-29,6.390000,6.450000,6.300000,6.400000,5.654695,24600
2016-05-02,6.450000,6.450000,6.250000,6.370000,5.628189,33300
2016-05-03,6.400000,6.590000,6.250000,6.390000,5.645860,53700
2016-05-04,6.560000,6.570000,6.230000,6.490000,5.734215,72300
2016-05-05,6.580000,7.100000,6.530000,7.000000,6.184825,107600
2016-05-06,7.100000,7.320000,6.901000,7.040000,6.220166,72700
2016-05-09,7.190000,7.250000,7.020000,7.200000,6.361534,89000
2016-05-10,7.250000,7.250000,7.000000,7.100000,6.273179,33600
2016-05-11,7.240000,7.240000,6.850000,7.050000,6.229002,89200
2016-05-12,7.000000,7.120000,7.000000,7.120000,6.290851,44700
2016-05-13,7.100000,7.120000,6.900000,7.100000,6.290851,87300
2016-05-16,7.260000,7.350000,6.940000,7.350000,6.512360,17600
2016-05-17,7.000000,7.270000,6.960000,7.270000,6.441477,21000
2016-05-18,7.220000,7.500000,7.002000,7.500000,6.645264,7000
2016-05-19,7.500000,7.500000,7.110000,7.180000,6.361733,7600
2016-05-20,7.230000,7.500000,7.200000,7.500000,6.645264,6100
2016-05-23,7.410000,7.750000,7.360000,7.440000,6.592103,50800
2016-05-24,7.580000,7.660000,7.250000,7.460000,6.609823,12500
2016-05-25,7.450000,7.450000,7.170000,7.290000,6.459197,20400
2016-05-26,7.070000,7.450000,7.070000,7.450000,6.600962,19600
2016-05-27,7.450000,7.450000,6.990000,7.260000,6.432617,20300
2016-05-31,7.270000,7.350000,6.970000,7.350000,6.512360,4200
2016-06-01,7.020000,7.200000,7.020000,7.080000,6.273129,6500
2016-06-02,7.160000,7.160000,7.070000,7.150000,6.335153,2900
2016-06-03,7.360000,7.400000,7.120000,7.400000,6.556664,6800
2016-06-06,7.040000,7.200000,7.040000,7.150000,6.335153,19700
2016-06-07,7.110000,7.200000,7.090000,7.140000,6.326293,4700
2016-06-08,7.210000,7.450000,7.130000,7.450000,6.600962,24600
2016-06-09,7.450000,7.450000,7.150000,7.150000,6.335153,5700
2016-06-10,7.259000,7.290000,7.160000,7.290000,6.459197,13000
2016-06-13,7.370000,7.740000,7.355000,7.620000,6.751589,55400
2016-06-14,7.600000,7.600000,7.430000,7.500000,6.662753,28700
2016-06-15,7.384000,7.610000,7.384000,7.500000,6.662753,38300
2016-06-16,7.370000,7.530000,7.170000,7.280000,6.467311,46600
2016-06-17,7.540000,7.540000,7.170000,7.230000,6.422894,85000
2016-06-20,7.380000,7.720000,7.350000,7.560000,6.716054,30600
2016-06-21,7.500000,7.620000,7.500000,7.620000,6.769357,25400
2016-06-22,7.500000,7.880000,7.500000,7.880000,7.000332,38900
2016-06-23,7.900000,8.000000,7.770000,7.960000,7.071400,48100
2016-06-24,7.630000,8.140000,7.630000,8.060000,7.160238,731000
2016-06-27,8.120000,8.130000,7.870000,7.990000,7.098051,56700
2016-06-28,8.200000,8.460000,8.000000,8.160000,7.249074,68600
2016-06-29,8.270000,8.470000,8.200000,8.420000,7.480049,39100
2016-06-30,8.500000,8.970000,8.406000,8.800000,7.817626,129200
2016-07-01,8.800000,8.880000,8.470000,8.860000,7.870932,37600
2016-07-05,8.990000,9.009000,8.860000,8.980000,7.977534,76300
2016-07-06,9.090000,9.090000,8.860000,8.970000,7.968651,34300
2016-07-07,8.980000,8.980000,8.860000,8.870000,7.879816,8700
2016-07-08,8.970000,8.980000,8.700000,8.910000,7.915347,61000
2016-07-11,9.000000,9.000000,8.760000,8.860000,7.870932,41400
2016-07-12,8.760000,8.930000,8.720000,8.910000,7.915347,58600
2016-07-13,8.950000,9.100000,8.800000,9.000000,8.015092,40000
2016-07-14,9.020000,9.109000,9.020000,9.080000,8.086336,17600
2016-07-15,9.180000,9.180000,8.930000,9.000000,8.015092,36100
2016-07-18,8.980000,9.090000,8.950000,9.060000,8.068527,18700
2016-07-19,9.027000,9.030000,8.900000,8.970000,7.988376,14700
2016-07-20,8.890000,8.990000,8.820000,8.890000,7.917133,18300
2016-07-21,8.820000,8.900000,8.710000,8.810000,7.845885,25300
2016-07-22,8.769000,8.770000,8.600000,8.630000,7.685582,20900
2016-07-25,8.650000,8.720000,8.620000,8.700000,7.747921,9500
2016-07-26,8.710000,8.750000,8.380000,8.420000,7.498564,27600
2016-07-27,8.460000,8.520000,8.370000,8.510000,7.578715,21700
2016-07-28,8.530000,8.530000,8.410000,8.430000,7.507471,12500
2016-07-29,8.510000,8.549000,8.370000,8.460000,7.534187,18200
2016-08-01,8.520000,8.520000,8.370000,8.460000,7.534187,9300
2016-08-02,8.470000,8.470000,8.330000,8.350000,7.436225,12900
2016-08-03,8.320000,8.436000,8.140000,8.170000,7.275924,22900
2016-08-04,8.140000,8.140000,7.360000,7.480000,6.661434,109700
2016-08-05,7.480000,7.700000,7.410000,7.670000,6.830641,42100
2016-08-08,7.610000,7.820000,7.610000,7.750000,6.901885,12300
2016-08-09,7.750000,7.950000,7.750000,7.940000,7.071092,6900
2016-08-10,8.000000,8.080000,7.870000,7.910000,7.044376,21600
2016-08-11,8.310000,8.310000,7.897000,8.090000,7.204679,34500
2016-08-12,8.150000,8.400000,8.150000,8.340000,7.427319,43000
2016-08-15,8.340000,8.520000,7.970000,7.990000,7.134440,45900
2016-08-16,8.020000,8.509000,7.990000,7.990000,7.134440,22400
2016-08-17,8.330000,8.330000,8.122000,8.230000,7.348743,8300
2016-08-18,8.270000,8.270000,8.200000,8.260000,7.375530,7200
2016-08-19,8.280000,8.290000,8.200000,8.210000,7.330882,19700
2016-08-22,8.160000,8.310000,8.160000,8.220000,7.339814,8500
2016-08-23,8.240000,8.414000,8.240000,8.330000,7.438033,8100
2016-08-24,8.350000,8.350000,8.010000,8.100000,7.232663,14700
2016-08-25,8.050000,8.075000,7.990000,8.000000,7.143369,17300
2016-08-26,8.050000,8.150000,7.850000,7.880000,7.036220,26500
2016-08-29,7.900000,7.900000,7.850000,7.890000,7.045147,7900
2016-08-30,7.952000,7.990000,7.900000,7.980000,7.125512,7600
2016-08-31,8.000000,8.070000,7.850000,7.980000,7.125512,16100
2016-09-01,7.900000,8.090000,7.900000,8.000000,7.143369,4100
2016-09-02,8.005000,8.032000,7.920000,7.970000,7.116583,24000
2016-09-06,7.990000,8.030000,7.950000,7.950000,7.098723,11600
2016-09-07,7.990000,7.990000,7.900000,7.920000,7.071936,44900
2016-09-08,7.900000,7.930000,7.880000,7.880000,7.036220,6100
2016-09-09,7.890000,7.927000,7.690000,7.690000,6.866564,40400
2016-09-12,7.740000,7.810000,7.670000,7.810000,6.973714,15800
2016-09-13,7.720000,7.735000,7.650000,7.670000,6.848707,32000
2016-09-14,7.630000,8.000000,7.630000,7.850000,7.029593,25200
2016-09-15,7.770000,7.980000,7.770000,7.950000,7.119142,8200
2016-09-16,7.980000,8.000000,7.850000,7.980000,7.146008,43100
2016-09-19,8.060000,8.070000,8.000000,8.010000,7.172872,7100
2016-09-20,8.060000,8.060000,7.995000,8.020000,7.181828,9400
2016-09-21,7.990000,8.080000,7.940000,8.020000,7.181828,10000
2016-09-22,7.960000,8.010000,7.880000,8.000000,7.163918,23400
2016-09-23,7.930000,7.950000,7.890000,7.890000,7.065413,9900
2016-09-26,7.910000,7.920000,7.870000,7.900000,7.074368,15900
2016-09-27,7.860000,8.000000,7.860000,7.990000,7.154964,19400
2016-09-28,7.960000,8.000000,7.950000,7.960000,7.128100,16900
2016-09-29,8.000000,8.002000,7.500000,7.620000,6.823633,65500
2016-09-30,7.630000,8.020000,7.500000,8.010000,7.172872,38500
2016-10-03,8.000000,8.050000,7.860000,7.950000,7.119142,9600
2016-10-04,7.990000,7.990000,7.660000,7.660000,6.859452,53000
2016-10-05,7.720000,7.870000,7.720000,7.830000,7.011686,17400
2016-10-06,7.810000,7.810000,7.680000,7.720000,6.913182,35000
2016-10-07,7.700000,7.790000,7.700000,7.710000,6.904227,12900
2016-10-10,7.839000,7.920000,7.700000,7.920000,7.092280,6100
2016-10-11,7.880000,7.890000,7.710000,7.790000,6.975867,57900
2016-10-12,7.850000,7.850000,7.750000,7.780000,6.966912,12100
2016-10-13,7.760000,7.800000,7.720000,7.720000,6.932785,12800
2016-10-14,7.750000,7.940000,7.750000,7.840000,7.040549,39000
2016-10-17,8.000000,8.000000,7.740000,7.800000,7.004629,44200
2016-10-18,7.930000,7.930000,7.770000,7.790000,6.995648,18600
2016-10-19,7.850000,7.850000,7.720000,7.760000,6.968709,21400
2016-10-20,7.706000,7.718000,7.590000,7.690000,6.905844,36000
2016-10-21,7.690000,7.800000,7.670000,7.730000,6.941768,19300
2016-10-24,7.720000,7.750000,7.620000,7.730000,6.941768,3500
2016-10-25,7.760000,7.770000,7.690000,7.730000,6.941768,3100
2016-10-26,7.710000,7.780000,7.710000,7.740000,6.950746,6600
2016-10-27,7.760000,7.760000,7.640000,7.670000,6.887883,7200
2016-10-28,7.780000,7.780000,7.698000,7.720000,6.932785,14500
2016-10-31,7.720000,7.820000,7.650000,7.820000,7.022588,40400
2016-11-01,7.770000,7.800000,7.740000,7.770000,6.977688,15300
2016-11-02,7.700000,7.800000,7.670000,7.730000,6.941768,19500
2016-11-03,7.650000,7.750000,7.560000,7.590000,6.816042,22800
2016-11-04,7.560000,7.790000,7.560000,7.630000,6.851964,29200
2016-11-07,7.720000,7.820000,7.670000,7.790000,6.995648,38300
2016-11-08,7.820000,7.820000,7.750000,7.800000,7.004629,19300
2016-11-09,7.740000,7.830000,7.670000,7.820000,7.022588,36300
2016-11-10,7.850000,7.850000,7.670000,7.790000,6.995648,59100
2016-11-11,7.820000,7.850000,7.700000,7.850000,7.049528,48000
2016-11-14,7.850000,7.850000,7.660000,7.800000,7.024315,26300
2016-11-15,7.710000,7.800000,7.710000,7.790000,7.015309,10600
2016-11-16,7.690000,7.880000,7.670000,7.870000,7.087353,59800
2016-11-17,7.850000,8.070000,7.850000,8.020000,7.222436,64000
2016-11-18,8.070000,8.240000,7.950000,8.180000,7.366524,28500
2016-11-21,8.270000,8.309000,8.050000,8.110000,7.303485,29400
2016-11-22,8.070000,8.190000,8.000000,8.140000,7.330501,15300
2016-11-23,8.080000,8.300000,8.080000,8.270000,7.447574,17900
2016-11-25,8.310000,8.310000,8.000000,8.160000,7.348514,31000
2016-11-28,8.100000,8.250000,8.100000,8.190000,7.375531,20900
2016-11-29,8.120000,8.730000,8.040000,8.530000,7.681717,50300
2016-11-30,8.610000,8.690000,8.360000,8.450000,7.609676,11300
2016-12-01,8.545000,8.550000,8.330000,8.440000,7.600667,28200
2016-12-02,8.460000,8.460000,8.240000,8.250000,7.429562,9200
2016-12-05,8.350000,8.520000,8.300000,8.480000,7.636690,33900
2016-12-06,8.510000,8.720000,8.280000,8.660000,7.798789,29300
2016-12-07,8.637000,8.860000,8.550000,8.650000,7.789783,45600
2016-12-08,8.700000,8.880000,8.560000,8.690000,7.825807,59600
2016-12-09,8.650000,8.760000,8.580000,8.720000,7.852821,16900
2016-12-12,8.760000,8.760000,8.460000,8.530000,7.681717,30100
2016-12-13,8.480000,8.499000,8.270000,8.420000,7.603158,21500
2016-12-14,8.450000,8.750000,8.320000,8.390000,7.576068,21400
2016-12-15,8.420000,8.590000,8.400000,8.540000,7.711515,18800
2016-12-16,8.570000,8.700000,8.570000,8.700000,7.855994,294900
2016-12-19,8.700000,9.020000,8.700000,8.990000,8.117862,15500
2016-12-20,9.030000,9.040000,8.930000,9.030000,8.153979,18600
2016-12-21,8.990000,9.170000,8.890000,9.120000,8.235247,23800
2016-12-22,9.010000,9.130000,8.770000,9.060000,8.181073,29900
2016-12-23,9.000000,9.130000,8.910000,9.090000,8.208157,10200
2016-12-27,9.150000,9.260000,9.100000,9.220000,8.325550,17200
2016-12-28,9.290000,9.290000,8.972000,9.090000,8.208157,10900
2016-12-29,9.110000,9.110000,9.040000,9.060000,8.181073,7000
2016-12-30,9.110000,9.130000,8.980000,9.100000,8.217188,9500
2017-01-03,9.170000,9.170000,8.902000,9.080000,8.199132,15200
2017-01-04,9.130000,9.210000,9.070000,9.210000,8.316516,16300
2017-01-05,9.220000,9.220000,9.140000,9.180000,8.289430,5800
2017-01-06,9.220000,9.220000,9.140000,9.170000,8.280397,8700
2017-01-09,9.110000,9.190000,8.960000,9.090000,8.208157,12400
2017-01-10,9.190000,9.200000,9.100000,9.140000,8.253305,4600
2017-01-11,9.130000,9.200000,9.122000,9.170000,8.280397,9200
2017-01-12,9.190000,9.190000,9.018000,9.080000,8.219747,7200
2017-01-13,9.120000,9.280000,9.100000,9.230000,8.355535,29000
2017-01-17,9.000000,9.125000,8.800000,8.910000,8.065852,49300
2017-01-18,8.930000,8.930000,8.750000,8.800000,7.966271,16500
2017-01-19,8.730000,8.750000,8.650000,8.670000,7.848591,10800
2017-01-20,8.650000,8.710000,8.390000,8.470000,7.667539,24800
2017-01-23,8.460000,8.475000,8.100000,8.130000,7.359751,20700
2017-01-24,8.080000,8.280000,8.080000,8.260000,7.477435,13000
2017-01-25,8.520000,8.688000,8.000000,8.080000,7.314488,25200
2017-01-26,8.120000,8.200000,7.900000,8.140000,7.368803,15000
2017-01-27,8.160000,8.310000,8.150000,8.240000,7.459328,14800
2017-01-30,8.280000,8.280000,8.120000,8.170000,7.395958,13000
2017-01-31,8.220000,8.270000,8.050000,8.140000,7.368803,24800
2017-02-01,8.200000,8.290000,8.020000,8.100000,7.332593,17800
2017-02-02,8.070000,8.300000,8.070000,8.270000,7.486487,12100
2017-02-03,8.300000,8.400000,8.260000,8.280000,7.495538,11200
2017-02-06,8.300000,8.300000,8.190000,8.190000,7.414065,15500
2017-02-07,8.124000,8.150000,8.070000,8.110000,7.341644,6900
2017-02-08,8.100000,8.150000,8.000000,8.050000,7.287332,12700
2017-02-09,8.010000,8.260000,8.010000,8.170000,7.395958,16300
2017-02-10,8.210000,8.460000,8.070000,8.360000,7.589324,12700
2017-02-13,8.430000,8.649000,8.394000,8.630000,7.834437,17600
2017-02-14,8.550000,8.620000,8.500000,8.520000,7.734576,8300
2017-02-15,8.500000,8.590000,8.400000,8.530000,7.743651,4100
2017-02-16,8.540000,8.770000,8.540000,8.650000,7.852592,20400
2017-02-17,8.700000,8.770000,8.650000,8.700000,7.897981,16500
2017-02-21,8.750000,8.840000,8.680000,8.840000,8.025076,11100
2017-02-22,8.770000,8.810000,8.710000,8.720000,7.916140,4300
2017-02-23,8.696000,8.740000,8.630000,8.630000,7.834437,3900
2017-02-24,8.620000,8.620000,8.510000,8.590000,7.798121,9000
2017-02-27,8.630000,8.740000,8.540000,8.660000,7.861670,10900
2017-02-28,8.650000,8.770000,8.580000,8.590000,7.798121,21100
2017-03-01,8.660000,8.890000,8.624000,8.850000,8.034155,13500
2017-03-02,8.860000,8.890000,8.610000,8.610000,7.816278,8400
2017-03-03,8.650000,8.700000,8.380000,8.500000,7.716419,13200
2017-03-06,8.449000,8.450000,8.230000,8.280000,7.516699,8600
2017-03-07,8.220000,8.310000,8.000000,8.210000,7.453153,19800
2017-03-08,8.260000,8.260000,8.000000,8.090000,7.344216,19700
2017-03-09,8.090000,8.256000,8.030000,8.030000,7.289746,10000
2017-03-10,8.270000,8.420000,8.065000,8.390000,7.616561,19200
2017-03-13,8.320000,8.687000,8.320000,8.640000,7.843515,20100
2017-03-14,8.680000,8.680000,8.590000,8.610000,7.816278,33300
2017-03-15,8.610000,8.760000,8.610000,8.720000,7.937342,19300
2017-03-16,8.760000,8.760000,8.630000,8.680000,7.900932,7600
2017-03-17,8.650000,8.990000,8.648000,8.990000,8.183108,84100
2017-03-20,8.890000,8.977000,8.890000,8.910000,8.110287,12200
2017-03-21,8.930000,8.940000,8.800000,8.820000,8.028363,11600
2017-03-22,8.880000,8.880000,8.770000,8.780000,7.991954,11100
2017-03-23,8.830000,8.900000,8.770000,8.800000,8.010161,5400
2017-03-24,8.750000,8.820000,8.650000,8.710000,7.928239,13800
2017-03-27,8.700000,8.760000,8.500000,8.710000,7.928239,22100
2017-03-28,8.700000,8.950000,8.600000,8.680000,7.900932,7400
2017-03-29,8.720000,8.810000,8.680000,8.710000,7.928239,9500
2017-03-30,8.660000,8.750000,8.645000,8.670000,7.891831,27000
2017-03-31,8.750000,8.760000,8.660000,8.700000,7.919136,29900
2017-04-03,8.620000,8.710000,8.580000,8.680000,7.900932,15000
2017-04-04,8.690000,8.710000,8.655000,8.700000,7.919136,5800
2017-04-05,8.710000,8.710000,8.610000,8.630000,7.855420,18300
2017-04-06,8.655000,8.655000,8.570000,8.600000,7.828112,13100
2017-04-07,8.640000,8.680000,8.620000,8.620000,7.846318,6000
2017-04-10,8.746000,8.780000,8.630000,8.660000,7.882727,2200
2017-04-11,8.640000,8.720000,8.610000,8.710000,7.949351,5600
2017-04-12,8.850000,8.990000,8.810000,8.860000,8.086252,11900
2017-04-13,8.847000,8.860000,8.790000,8.800000,8.031490,5600
2017-04-17,8.790000,8.855000,8.769000,8.850000,8.077126,20700
2017-04-18,8.780000,8.870000,8.765000,8.830000,8.058870,37500
2017-04-19,8.830000,8.960000,8.800000,8.860000,8.086252,17800
2017-04-20,8.920000,8.970000,8.855000,8.970000,8.186649,17000
2017-04-21,8.920000,8.970000,8.700000,8.900000,8.122759,17400
2017-04-24,8.980000,8.980000,8.860000,8.900000,8.122759,14100
2017-04-25,8.920000,9.000000,8.900000,8.990000,8.204899,24500
2017-04-26,9.020000,9.360000,8.980000,9.170000,8.369179,56800
2017-04-27,9.200000,9.220000,9.120000,9.150000,8.350925,19100
2017-04-28,9.200000,9.200000,9.090000,9.140000,8.341799,10000
2017-05-01,9.132000,9.180000,9.068000,9.160000,8.360052,9100
2017-05-02,9.170000,9.170000,9.020000,9.080000,8.287040,5000
2017-05-03,9.030000,9.120000,8.950000,9.040000,8.250532,37300
2017-05-04,9.090000,9.090000,8.980000,8.990000,8.204899,10700
2017-05-05,9.000000,9.120000,9.000000,9.050000,8.259661,15800
2017-05-08,9.050000,9.150000,8.980000,9.130000,8.332673,12200
2017-05-09,9.130000,9.310000,9.000000,9.000000,8.214027,15300
2017-05-10,9.040000,9.170000,9.000000,9.040000,8.250532,9700
2017-05-11,8.980000,9.020000,8.960000,9.000000,8.214027,6200
2017-05-12,8.970000,9.005000,8.500000,8.600000,7.848961,31100
2017-05-15,8.550000,8.780000,8.520000,8.580000,7.851701,31800
2017-05-16,8.650000,8.750000,8.430000,8.540000,7.815100,35500
2017-05-17,8.800000,8.800000,8.425000,8.510000,7.787643,33100
2017-05-18,8.600000,8.746000,8.510000,8.530000,7.805946,27000
2017-05-19,8.630000,8.700000,8.560000,8.650000,7.915762,23200
2017-05-22,8.810000,8.920000,8.740000,8.840000,8.089633,63400
2017-05-23,8.840000,9.060000,8.620000,9.010000,8.245200,55000
2017-05-24,9.100000,9.150000,8.920000,8.990000,8.226900,23300
2017-05-25,8.970000,9.020000,8.928000,8.990000,8.226900,33500
2017-05-26,9.000000,9.110000,9.000000,9.090000,8.318415,36800
2017-05-30,9.070000,9.540000,9.070000,9.480000,8.675310,42300
2017-05-31,9.620000,9.620000,9.460000,9.480000,8.675310,15300
2017-06-01,9.550000,9.550000,9.458000,9.550000,8.739365,9100
2017-06-02,9.500000,9.550000,8.939000,9.240000,8.455679,46200
2017-06-05,9.180000,9.320000,8.960000,9.160000,8.382468,13400
2017-06-06,9.100000,9.250000,9.000000,9.220000,8.437377,15500
2017-06-07,9.172000,9.260000,9.135000,9.180000,8.400772,7100
2017-06-08,9.210000,9.290000,9.120000,9.250000,8.464831,7900
2017-06-09,9.280000,9.340000,9.245000,9.300000,8.510588,13400
2017-06-12,9.230000,9.550000,9.230000,9.540000,8.730216,30700
2017-06-13,9.550000,9.790000,9.501000,9.730000,8.904086,30900
2017-06-14,9.910000,9.910000,9.560000,9.810000,8.998568,15700
2017-06-15,9.750000,9.910000,9.630000,9.790000,8.980222,20600
2017-06-16,9.700000,9.930000,9.500000,9.840000,9.026086,82400
2017-06-19,9.940000,9.940000,9.730000,9.830000,9.016914,19100
2017-06-20,9.840000,9.870000,9.740000,9.770000,8.961875,10100
2017-06-21,9.740000,9.900000,9.730000,9.820000,9.007738,16500
2017-06-22,9.820000,9.830000,9.630000,9.740000,8.934356,10800
2017-06-23,9.720000,9.950000,9.610000,9.940000,9.117815,219000
2017-06-26,9.910000,9.910000,9.786000,9.890000,9.071949,20500
2017-06-27,9.900000,9.900000,9.770000,9.780000,8.971048,6900
2017-06-28,9.750000,9.900000,9.690000,9.860000,9.044432,12900
2017-06-29,9.890000,9.900000,9.860000,9.880000,9.062778,8400
2017-06-30,9.950000,9.960000,9.870000,9.900000,9.081120,17900
2017-07-03,9.895000,9.990000,9.895000,9.970000,9.145333,4400
2017-07-05,9.900000,9.980000,9.780000,9.950000,9.126987,15700
2017-07-06,9.950000,9.990000,9.813000,9.930000,9.108643,27200
2017-07-07,9.920000,10.000000,9.860000,9.990000,9.163680,18700
2017-07-10,10.000000,10.000000,9.900000,9.900000,9.081120,20300
2017-07-11,9.960000,9.960000,9.830000,9.850000,9.035259,9800
2017-07-12,9.900000,10.000000,9.880000,9.920000,9.099470,8700
2017-07-13,9.830000,9.830000,9.750000,9.810000,9.019478,15300
2017-07-14,9.770000,9.920000,9.440000,9.830000,9.037868,10000
2017-07-17,9.840000,9.860000,9.470000,9.820000,9.028671,12300
2017-07-18,9.730000,9.860000,9.470000,9.540000,8.771236,17600
2017-07-19,9.570000,9.610000,9.460000,9.540000,8.771236,11500
2017-07-20,9.500000,9.500000,9.190000,9.300000,8.550579,11100
2017-07-21,9.400000,9.450000,9.320000,9.430000,8.670101,39000
2017-07-24,9.400000,9.515000,9.340000,9.420000,8.660907,12800
2017-07-25,9.530000,9.630000,9.440000,9.460000,8.697683,3800
2017-07-26,9.500000,9.550000,9.400000,9.550000,8.780432,12700
2017-07-27,9.570000,9.580000,9.400000,9.430000,8.670101,11300
2017-07-28,9.750000,9.750000,9.460000,9.520000,8.752849,14700
2017-07-31,9.570000,9.740000,9.401000,9.440000,8.679296,6100
2017-08-01,9.400000,9.660000,9.382000,9.550000,8.780432,24100
2017-08-02,9.520000,9.650000,9.400000,9.450000,8.688490,4200
2017-08-03,9.470000,9.640000,9.470000,9.510000,8.743655,2300
2017-08-04,9.460000,9.490000,9.390000,9.460000,8.697683,4800
2017-08-07,9.490000,9.590000,9.451000,9.590000,8.817209,3600
2017-08-08,9.560000,9.700000,9.500000,9.650000,8.872372,11300
2017-08-09,9.690000,9.690000,9.370000,9.440000,8.679296,17100
2017-08-10,9.400000,9.430000,9.400000,9.400000,8.642518,7000
2017-08-11,9.460000,9.470000,9.320000,9.440000,8.679296,45600
2017-08-14,9.460000,9.470000,9.384000,9.450000,8.688490,17300
2017-08-15,9.450000,9.450000,9.230000,9.250000,8.525356,62000
2017-08-16,9.250000,9.360000,9.185000,9.300000,8.571441,13300
2017-08-17,9.220000,9.310000,9.200000,9.270000,8.543788,24100
2017-08-18,9.170000,9.460000,9.170000,9.400000,8.663605,18600
2017-08-21,9.390000,9.500000,9.370000,9.470000,8.728122,14100
2017-08-22,9.460000,9.560000,9.460000,9.550000,8.801852,19900
2017-08-23,9.540000,9.640000,9.500000,9.590000,8.838720,13500
2017-08-24,9.620000,9.710000,9.550000,9.640000,8.884802,15200
2017-08-25,9.730000,9.730000,9.570000,9.700000,8.940103,12500
2017-08-28,9.640000,9.780000,9.620000,9.750000,8.986188,14600
2017-08-29,9.720000,9.750000,9.650000,9.690000,8.930884,11500
2017-08-30,9.740000,9.740000,9.595000,9.610000,8.857150,9500
2017-08-31,9.700000,9.740000,9.480000,9.580000,8.829502,8500
2017-09-01,9.580000,9.590000,9.400000,9.580000,8.829502,7600
2017-09-05,9.590000,9.600000,9.400000,9.450000,8.709686,50400
2017-09-06,9.490000,9.680000,9.400000,9.670000,8.912451,27100
2017-09-07,9.670000,9.810000,9.640000,9.700000,8.940103,25900
2017-09-08,9.609000,9.870000,9.540000,9.640000,8.884802,24000
2017-09-11,9.750000,9.780000,9.570000,9.720000,8.958537,61000
2017-09-12,9.710000,9.840000,9.700000,9.720000,8.958537,32600
2017-09-13,9.651000,9.750000,9.651000,9.730000,8.967749,29000
2017-09-14,9.630000,9.920000,9.630000,9.800000,9.053671,29800
2017-09-15,9.820000,9.940000,9.350000,9.430000,8.711844,184900
2017-09-18,9.420000,9.709000,9.420000,9.580000,8.850425,12500
2017-09-19,9.790000,9.790000,9.458000,9.670000,8.933568,23200
2017-09-20,9.920000,9.920000,9.690000,9.710000,8.970525,8700
2017-09-21,9.780000,9.820000,9.460000,9.640000,8.905857,15400
2017-09-22,9.579000,9.710000,9.490000,9.490000,8.767279,17300
2017-09-25,9.500000,9.650000,9.470000,9.640000,8.905857,27300
2017-09-26,9.710000,9.710000,9.587000,9.630000,8.896619,14800
2017-09-27,9.720000,9.740000,9.500000,9.640000,8.905857,29400
2017-09-28,9.670000,9.670000,9.460000,9.500000,8.776520,18700
2017-09-29,9.570000,9.620000,9.410000,9.420000,8.702611,29800
2017-10-02,9.420000,9.600000,9.390000,9.590000,8.859661,9500
2017-10-03,9.640000,9.640000,9.400000,9.580000,8.850425,13000
2017-10-04,9.570000,9.620000,9.510000,9.520000,8.794992,8400
2017-10-05,9.570000,9.570000,9.480000,9.530000,8.804232,9400
2017-10-06,9.496000,9.580000,9.490000,9.550000,8.822708,7600
2017-10-09,9.610000,9.610000,9.540000,9.550000,8.822708,8000
2017-10-10,9.630000,9.650000,9.570000,9.620000,8.887378,37700
2017-10-11,9.540000,9.670000,9.540000,9.640000,8.905857,12600
2017-10-12,9.640000,9.720000,9.590000,9.680000,8.942808,14000
2017-10-13,9.750000,9.750000,9.610000,9.610000,8.878138,18300
2017-10-16,9.670000,9.750000,9.569000,9.700000,8.982785,13400
2017-10-17,9.750000,9.750000,9.610000,9.700000,8.982785,7900
2017-10-18,9.680000,9.700000,9.570000,9.640000,8.927219,5700
2017-10-19,9.590000,9.650000,9.570000,9.630000,8.917961,3400
2017-10-20,9.650000,9.650000,9.490000,9.580000,8.871657,19000
2017-10-23,9.540000,9.635000,9.500000,9.540000,8.834616,5700
2017-10-24,9.550000,9.570000,9.400000,9.400000,8.704967,16500
2017-10-25,9.410000,9.510000,9.410000,9.470000,8.769791,8100
2017-10-26,9.520000,9.540000,9.420000,9.470000,8.769791,9500
2017-10-27,9.400000,9.550000,9.360000,9.460000,8.760530,14700
2017-10-30,9.392000,9.450000,9.392000,9.420000,8.723487,8800
2017-10-31,9.510000,9.510000,9.320000,9.410000,8.714231,30400
2017-11-01,9.510000,9.510000,9.362000,9.410000,8.714231,20200
2017-11-02,9.490000,9.492000,9.390000,9.490000,8.788311,14600
2017-11-03,9.400000,9.410000,9.399000,9.410000,8.714231,23300
2017-11-06,9.390000,9.410000,9.390000,9.400000,8.704967,6600
2017-11-07,9.430000,9.485000,9.351000,9.400000,8.704967,18100
2017-11-08,9.380000,9.500000,9.380000,9.420000,8.723487,21600
2017-11-09,9.330000,9.730000,9.310000,9.690000,8.973522,27000
2017-11-10,9.750000,10.000000,9.750000,9.760000,9.038348,25800
2017-11-13,9.820000,9.950000,9.612000,9.820000,9.093914,11800
2017-11-14,9.880000,9.990000,9.800000,9.850000,9.121696,8800
2017-11-15,9.870000,9.870000,9.727000,9.770000,9.068784,8300
2017-11-16,9.725000,9.920000,9.725000,9.820000,9.115196,6800
2017-11-17,9.750000,9.850000,9.740000,9.800000,9.096630,6100
2017-11-20,9.770000,9.870000,9.730000,9.870000,9.161610,11500
2017-11-21,9.800000,9.800000,9.700000,9.740000,9.040940,11100
2017-11-22,9.710000,9.715000,9.620000,9.630000,8.938833,14600
2017-11-24,9.750000,9.750000,9.660000,9.710000,9.013091,2600
2017-11-27,9.668000,9.750000,9.590000,9.640000,8.948113,14000
2017-11-28,9.710000,9.730000,9.590000,9.720000,9.022374,10200
2017-11-29,9.570000,9.750000,9.570000,9.750000,9.050220,18300
2017-11-30,9.750000,9.879000,9.580000,9.680000,8.985242,37900
2017-12-01,9.660000,9.810000,9.476000,9.730000,9.031657,9800
2017-12-04,9.820000,9.820000,9.510000,9.710000,9.013091,11800
2017-12-05,9.630000,9.710000,9.600000,9.630000,8.938833,13700
2017-12-06,9.660000,9.830000,9.580000,9.580000,8.892423,7900
2017-12-07,9.590000,9.590000,9.350000,9.410000,8.734622,71000
2017-12-08,9.390000,9.460000,9.360000,9.390000,8.716057,9200
2017-12-11,9.350000,9.350000,9.260000,9.260000,8.595388,15300
2017-12-12,9.330000,9.415000,9.260000,9.300000,8.632520,14500
2017-12-13,9.400000,9.480000,9.380000,9.450000,8.771750,11500
2017-12-14,9.310000,9.420000,9.290000,9.300000,8.654496,7900
2017-12-15,9.250000,9.410000,9.250000,9.360000,8.710333,70200
2017-12-18,9.400000,9.480000,9.270000,9.460000,8.803393,14400
2017-12-19,9.440000,9.480000,9.200000,9.220000,8.580050,11200
2017-12-20,9.260000,9.325000,9.222000,9.280000,8.635884,4300
2017-12-21,9.330000,9.440000,9.305000,9.430000,8.775474,24800
2017-12-22,9.370000,9.370000,9.180000,9.210000,8.570747,16600
2017-12-26,9.200000,9.200000,9.000000,9.030000,8.403234,19700
2017-12-27,9.190000,9.260000,9.040000,9.060000,8.431154,18000
2017-12-28,9.070000,9.430000,9.070000,9.280000,8.635884,21200
2017-12-29,9.370000,9.410000,9.250000,9.340000,8.691719,25200
2018-01-02,9.330000,9.350000,9.052000,9.150000,8.514910,28900
2018-01-03,9.130000,9.210000,9.130000,9.170000,8.533521,10900
2018-01-04,9.170000,9.180000,9.080000,9.080000,8.449768,18800
2018-01-05,9.120000,9.260000,9.110000,9.160000,8.524215,16200
2018-01-08,9.160000,9.220000,9.060000,9.170000,8.533521,15900
2018-01-09,9.180000,9.290000,9.100000,9.120000,8.486992,29200
2018-01-10,9.140000,9.140000,9.017000,9.040000,8.412545,5700
2018-01-11,9.100000,9.100000,8.920000,8.970000,8.347404,40300
2018-01-12,8.960000,8.970000,8.470000,8.780000,8.192507,32500
2018-01-16,8.680000,8.810000,8.660000,8.800000,8.211171,108400
2018-01-17,8.787000,8.940000,8.724000,8.910000,8.313809,13000
2018-01-18,8.880000,8.999000,8.785000,8.950000,8.351133,63900
2018-01-19,9.020000,9.250000,8.869000,9.150000,8.537751,28900
2018-01-22,9.140000,9.280000,9.050000,9.080000,8.472436,6500
2018-01-23,9.020000,9.259000,9.020000,9.160000,8.547082,15600
2018-01-24,9.160000,9.172000,9.050000,9.050000,8.444443,15100
2018-01-25,9.129000,9.230000,8.810000,8.890000,8.295151,93900
2018-01-26,8.810000,9.000000,8.810000,8.920000,8.323141,8400
2018-01-29,8.850000,8.950000,8.850000,8.910000,8.313809,5500
2018-01-30,8.920000,8.930000,8.870000,8.910000,8.313809,18800
2018-01-31,8.906000,8.960000,8.900000,8.900000,8.304481,7200
2018-02-01,8.860000,8.960000,8.840000,8.900000,8.304481,18900
2018-02-02,8.880000,8.880000,8.571000,8.790000,8.201843,51100
2018-02-05,8.750000,8.780000,8.610000,8.610000,8.033884,13200
2018-02-06,8.500000,8.800000,8.401000,8.780000,8.192507,62600
2018-02-07,8.790000,8.860000,8.670000,8.670000,8.089869,63800
2018-02-08,8.670000,9.060000,8.670000,8.960000,8.360469,18900
2018-02-09,8.950000,9.210000,8.950000,9.120000,8.509762,11900
2018-02-12,9.120000,9.120000,8.530000,8.880000,8.285819,11700
2018-02-13,8.840000,8.989000,8.840000,8.900000,8.326986,15000
2018-02-14,8.850000,9.000000,8.810000,8.900000,8.326986,13600
2018-02-15,8.910000,9.050000,8.700000,8.980000,8.401835,18000
2018-02-16,8.940000,9.053000,8.899000,8.970000,8.392481,15300
2018-02-20,8.930000,8.930000,8.700000,8.860000,8.289563,16300
2018-02-21,8.890000,8.940000,8.700000,8.840000,8.270848,5900
2018-02-22,8.710000,8.870000,8.640000,8.750000,8.186646,13700
2018-02-23,8.740000,8.845000,8.646000,8.750000,8.186646,4000
2018-02-26,8.790000,8.839000,8.570000,8.690000,8.130504,15600
2018-02-27,8.660000,8.740000,8.510000,8.560000,8.008877,3500
2018-02-28,8.620000,8.770000,8.500000,8.550000,7.999521,25800
2018-03-01,8.540000,8.600000,8.470000,8.500000,7.952739,16600
2018-03-02,8.480000,8.590000,8.480000,8.590000,8.036943,9900
2018-03-05,8.550000,8.620000,8.470000,8.520000,7.971450,11200
2018-03-06,8.590000,8.690000,8.500000,8.640000,8.083726,10000
2018-03-07,8.690000,8.800000,8.590000,8.790000,8.224070,12700
2018-03-08,8.920000,9.500000,8.900000,9.080000,8.495398,33500
2018-03-09,9.430000,9.430000,8.800000,9.040000,8.457972,21100
2018-03-12,9.130000,9.130000,8.670000,8.990000,8.411191,9200
2018-03-13,9.060000,9.190000,8.950000,9.190000,8.598313,8200
2018-03-14,9.110000,9.340000,8.980000,9.200000,8.630207,25400
2018-03-15,9.310000,9.310000,9.040000,9.170000,8.602067,5600
2018-03-16,9.150000,9.150000,8.910000,9.100000,8.536402,36900
2018-03-19,9.120000,9.180000,9.010000,9.160000,8.592689,18900
2018-03-20,9.230000,9.230000,9.080000,9.120000,8.555163,7500
2018-03-21,9.090000,9.219000,8.970000,9.010000,8.451976,6800
2018-03-22,8.935000,9.150000,8.935000,9.020000,8.461357,6100
2018-03-23,8.860000,9.000000,8.810000,8.880000,8.330029,12100
2018-03-26,9.200000,9.200000,8.750000,8.860000,8.311267,18400
2018-03-27,9.030000,9.060000,8.800000,8.930000,8.376932,7400
2018-03-28,8.980000,8.980000,8.780000,8.850000,8.301885,5400
2018-03-29,8.900000,9.040000,8.790000,8.970000,8.414453,12600
2018-04-02,8.980000,8.980000,8.800000,8.950000,8.395692,10300
2018-04-03,8.990000,9.140000,8.930000,9.030000,8.470737,9500
2018-04-04,9.000000,9.180000,8.900000,9.170000,8.602067,12200
2018-04-05,9.000000,9.170000,9.000000,9.120000,8.555163,5700
2018-04-06,9.180000,9.190000,8.900000,8.960000,8.405072,14500
2018-04-09,8.960000,9.120000,8.950000,8.990000,8.433214,5800
2018-04-10,9.100000,9.100000,8.940000,8.970000,8.414453,6000
2018-04-11,8.920000,9.150000,8.920000,8.970000,8.414453,6000
2018-04-12,9.080000,9.080000,8.920000,8.950000,8.395692,4100
2018-04-13,8.930000,8.931000,8.870000,8.890000,8.361829,6900
2018-04-16,8.920000,9.010000,8.861000,8.940000,8.408859,7600
2018-04-17,8.910000,9.050000,8.800000,8.950000,8.418266,18700
2018-04-18,8.900000,9.020000,8.870000,8.960000,8.427671,11400
2018-04-19,9.000000,9.000000,8.790000,8.930000,8.399457,27700
2018-04-20,8.860000,9.150000,8.860000,9.110000,8.568762,10500
2018-04-23,9.140000,9.287000,9.120000,9.160000,8.615792,4500
2018-04-24,9.200000,9.210000,9.100000,9.200000,8.653412,31200
2018-04-25,9.260000,9.260000,9.100000,9.180000,8.634600,11200
2018-04-26,9.130000,9.305000,9.130000,9.280000,8.728659,7900
2018-04-27,9.240000,9.340000,9.210000,9.230000,8.681629,2800
2018-04-30,9.290000,9.290000,9.123000,9.220000,8.672227,5100
2018-05-01,9.170000,9.220000,9.110000,9.150000,8.606383,5200
2018-05-02,9.200000,9.410000,9.100000,9.240000,8.691036,18900
2018-05-03,9.250000,9.250000,9.100000,9.140000,8.596978,5800
2018-05-04,9.190000,9.300000,8.990000,9.000000,8.465296,21100
2018-05-07,9.067000,9.067000,8.840000,8.930000,8.399457,10800
2018-05-08,8.900000,8.990000,8.632000,8.910000,8.380642,6600
2018-05-09,8.828000,8.970000,8.828000,8.970000,8.437078,4300
2018-05-10,9.000000,9.244000,8.680000,9.220000,8.672227,9000
2018-05-11,8.900000,9.120000,8.900000,8.990000,8.455890,9200
2018-05-14,8.960000,9.085000,8.860000,8.980000,8.446484,7500
2018-05-15,8.870000,9.250000,8.840000,9.020000,8.506844,25300
2018-05-16,9.080000,9.180000,8.960000,9.160000,8.638880,9600
2018-05-17,8.890000,9.230000,8.890000,9.170000,8.648309,5000
2018-05-18,9.230000,9.240000,9.110000,9.170000,8.648309,9800
2018-05-21,9.159000,9.250000,9.150000,9.250000,8.723756,5200
2018-05-22,9.151000,9.180000,9.110000,9.120000,8.601151,8100
2018-05-23,9.150000,9.200000,9.061000,9.170000,8.648309,9500
2018-05-24,9.120000,9.230000,9.070000,9.200000,8.676602,9900
2018-05-25,9.229000,9.230000,9.150000,9.230000,8.704895,2400
2018-05-29,9.240000,9.240000,9.120000,9.150000,8.629447,18800
2018-05-30,9.230000,9.230000,9.100000,9.160000,8.638880,17400
2018-05-31,9.100000,9.220000,9.090000,9.140000,8.620015,12500
2018-06-01,9.180000,9.200000,9.050000,9.100000,8.582294,14500
2018-06-04,9.130000,9.240000,9.040000,9.200000,8.676602,10800
2018-06-05,9.175000,9.180000,8.750000,9.000000,8.487980,55200
2018-06-06,9.230000,9.230000,9.080000,9.090000,8.572861,6300
2018-06-07,9.090000,9.210000,9.010000,9.180000,8.657741,3200
2018-06-08,9.210000,9.210000,9.050000,9.070000,8.553997,5400
2018-06-11,9.000000,9.201000,9.000000,9.020000,8.506844,8100
2018-06-12,9.000000,9.020000,8.860000,8.920000,8.412533,20100
2018-06-13,8.880000,9.150000,8.818000,9.150000,8.629447,31800
2018-06-14,9.080000,9.211000,9.030000,9.140000,8.642686,20700
2018-06-15,9.100000,9.130000,8.920000,9.070000,8.576493,52800
2018-06-18,9.100000,9.230000,9.055000,9.200000,8.699421,8400
2018-06-19,9.190000,9.200000,9.130000,9.160000,8.661595,7800
2018-06-20,9.200000,9.500000,9.175000,9.500000,8.983099,11800
2018-06-21,9.440000,9.495000,9.360000,9.390000,8.879082,8700
2018-06-22,9.410000,9.600000,9.280000,9.600000,9.077656,38600
2018-06-25,9.520000,9.670000,9.450000,9.610000,9.087111,11400
2018-06-26,9.600000,9.950000,9.310000,9.940000,9.399156,7500
2018-06-27,9.810000,9.820000,9.320000,9.530000,9.011463,14800
2018-06-28,9.495000,9.680000,9.370000,9.430000,8.916904,10300
2018-06-29,9.520000,9.520000,9.310000,9.400000,8.888536,13700
2018-07-02,9.362000,9.580000,9.362000,9.470000,8.954731,7800
2018-07-03,9.540000,9.630000,9.299000,9.620000,9.096569,7700
2018-07-05,9.580000,9.670000,9.480000,9.670000,9.143846,11100
2018-07-06,9.670000,9.860000,9.630000,9.710000,9.181672,9700
2018-07-09,9.840000,9.840000,9.620000,9.740000,9.210035,22000
2018-07-10,9.887000,9.887000,9.530000,9.600000,9.077656,11200
2018-07-11,9.940000,9.940000,9.520000,9.520000,9.002009,3600
2018-07-12,9.690000,9.690000,9.544000,9.560000,9.039832,3400
2018-07-13,9.500000,9.500000,9.390000,9.410000,8.920389,3200
2018-07-16,9.420000,9.420000,9.340000,9.370000,8.882472,2700
2018-07-17,9.420000,9.854000,9.320000,9.330000,8.844551,28900
2018-07-18,9.270000,9.550000,9.240000,9.480000,8.986748,271300
2018-07-19,9.370000,9.585000,9.290000,9.510000,9.015185,22000
2018-07-20,9.500000,9.669000,9.460000,9.540000,9.043625,28400
2018-07-23,9.500000,9.600000,9.490000,9.580000,9.081546,14900
2018-07-24,9.572000,9.650000,9.410000,9.480000,8.986748,9300
2018-07-25,9.500000,9.550000,9.300000,9.460000,8.967787,16900
2018-07-26,9.510000,9.630000,9.320000,9.510000,9.015185,15300
2018-07-27,9.500000,9.530000,9.390000,9.390000,8.901430,16200
2018-07-30,9.460000,9.500000,9.375000,9.480000,8.986748,27400
2018-07-31,9.400000,9.650000,9.391000,9.490000,8.996225,30300
2018-08-01,9.510000,9.570000,9.370000,9.570000,9.072062,5600
2018-08-02,9.640000,9.780000,9.560000,9.620000,9.119463,19300
2018-08-03,9.780000,9.780000,9.495000,9.540000,9.043625,7900
2018-08-06,9.380000,9.580000,9.380000,9.460000,8.967787,14700
2018-08-07,9.480000,9.600000,9.440000,9.590000,9.091022,9600
2018-08-08,9.500000,9.600000,9.477000,9.600000,9.100503,4700
2018-08-09,9.600000,9.600000,9.500000,9.600000,9.100503,21600
2018-08-10,9.600000,9.781000,9.530000,9.650000,9.147900,16300
2018-08-13,9.720000,9.820000,9.610000,9.740000,9.233216,11500
2018-08-14,9.820000,10.300000,9.600000,10.300000,9.764081,39100
2018-08-15,10.110000,10.500000,9.935000,9.940000,9.444818,13100
2018-08-16,9.730000,10.070000,9.720000,10.070000,9.568342,6900
2018-08-17,10.050000,10.160000,9.770000,10.030000,9.530335,5800
2018-08-20,10.000000,10.100000,10.000000,10.090000,9.587348,8200
2018-08-21,10.000000,10.260000,10.000000,10.170000,9.663364,12800
2018-08-22,10.110000,10.370000,10.110000,10.190000,9.682364,13300
2018-08-23,10.240000,10.240000,10.100000,10.130000,9.625356,5500
2018-08-24,10.189000,10.189000,9.920000,9.940000,9.444818,17600
2018-08-27,9.550000,9.760000,9.550000,9.590000,9.112255,94500
2018-08-28,9.650000,9.760000,9.622000,9.700000,9.216776,20000
2018-08-29,9.750000,9.840000,9.660000,9.800000,9.311794,14900
2018-08-30,9.840000,9.840000,9.690000,9.760000,9.273787,13500
2018-08-31,9.760000,9.850000,9.720000,9.850000,9.359303,8400
2018-09-04,9.810000,9.980000,9.810000,9.980000,9.482826,8500
2018-09-05,10.000000,10.000000,9.871000,9.920000,9.425817,6900
2018-09-06,10.000000,10.000000,9.865000,9.910000,9.416314,3700
2018-09-07,9.930000,10.070000,9.900000,10.020000,9.520833,12800
2018-09-10,10.080000,10.080000,9.937000,10.000000,9.501830,5500
2018-09-11,10.040000,10.190000,9.910000,10.050000,9.549340,6200
2018-09-12,10.110000,10.120000,10.000000,10.000000,9.501830,7900
2018-09-13,10.060000,10.120000,10.025000,10.080000,9.600889,6900
2018-09-14,10.190000,10.190000,10.040000,10.040000,9.562789,7300
2018-09-17,10.134000,10.134000,10.050000,10.100000,9.619937,12500
2018-09-18,10.170000,10.180000,10.093000,10.160000,9.677084,11000
2018-09-19,10.180000,10.240000,10.120000,10.140000,9.658033,10700
2018-09-20,10.110000,10.250000,10.050000,10.130000,9.648513,19500
2018-09-21,10.080000,10.249000,10.040000,10.040000,9.562789,73000
2018-09-24,10.100000,10.710000,10.100000,10.460000,9.962826,87100
2018-09-25,10.510000,10.684000,10.500000,10.560000,10.058073,25300
2018-09-26,10.600000,10.600000,10.346000,10.440000,9.943774,18400
2018-09-27,10.440000,10.730000,10.160000,10.710000,10.200943,60700
2018-09-28,10.780000,10.990000,10.460000,10.590000,10.086647,51900
2018-10-01,10.730000,10.730000,10.600000,10.650000,10.143795,54700
2018-10-02,10.690000,10.740000,10.400000,10.620000,10.115222,27600
2018-10-03,10.710000,10.710000,10.610000,10.660000,10.153319,9100
2018-10-04,10.710000,10.710000,10.430000,10.620000,10.115222,17500
2018-10-05,10.570000,10.810000,10.500000,10.745000,10.234280,20600
2018-10-08,10.820000,10.900000,10.600000,10.850000,10.334288,22100
2018-10-09,10.850000,10.880000,10.650000,10.720000,10.210466,44900
2018-10-10,10.760000,10.840000,10.660000,10.680000,10.172370,27300
2018-10-11,10.590000,10.830000,10.500000,10.600000,10.096171,15100
2018-10-12,10.650000,10.770000,10.560000,10.560000,10.058073,72800
2018-10-15,10.650000,10.670000,10.480000,10.540000,10.061893,18400
2018-10-16,10.600000,10.710000,10.540000,10.670000,10.185995,22000
2018-10-17,10.630000,10.723000,10.550000,10.570000,10.090530,58300
2018-10-18,10.550000,10.650000,10.500000,10.540000,10.061893,15700
2018-10-19,10.490000,10.790000,10.480000,10.660000,10.176447,19400
2018-10-22,10.750000,10.900000,10.650000,10.750000,10.262366,30000
2018-10-23,10.720000,10.837000,10.520000,10.550000,10.071436,17000
2018-10-24,10.610000,10.686000,10.480000,10.490000,10.014159,22900
2018-10-25,10.500000,10.620000,10.370000,10.540000,10.061893,18700
2018-10-26,10.450000,10.630000,10.300000,10.330000,9.861418,9000
2018-10-29,10.380000,10.640000,10.380000,10.510000,10.033252,20600
2018-10-30,10.550000,11.140000,10.550000,11.090000,10.586943,30500
2018-10-31,11.150000,11.240000,11.050000,11.140000,10.634674,32500
2018-11-01,11.230000,11.510000,11.210000,11.380000,10.863790,29800
2018-11-02,11.470000,11.610000,11.320000,11.320000,10.806509,35300
2018-11-05,11.390000,11.410000,10.940000,11.030000,10.529663,40700
2018-11-06,11.000000,11.140000,10.910000,11.080000,10.577396,18900
2018-11-07,11.500000,11.500000,10.850000,11.160000,10.653769,21200
2018-11-08,11.170000,11.170000,11.030000,11.080000,10.577396,13000
2018-11-09,11.080000,11.080000,10.780000,10.860000,10.367376,20900
2018-11-12,10.750000,10.880000,10.500000,10.660000,10.176447,50600
2018-11-13,10.580000,10.890000,10.440000,10.500000,10.046324,57000
2018-11-14,10.540000,10.770000,10.480000,10.510000,10.055893,24300
2018-11-15,10.685000,10.753000,10.410000,10.470000,10.017620,18900
2018-11-16,10.460000,10.640000,10.156000,10.230000,9.787991,19100
2018-11-19,10.150000,10.325000,10.150000,10.180000,9.740149,24800
2018-11-20,10.020000,10.140000,9.740000,9.750000,9.328728,37300
2018-11-21,9.750000,10.040000,9.750000,10.020000,9.587063,34400
2018-11-23,9.860000,10.170000,9.860000,10.170000,9.730583,16600
2018-11-26,10.170000,10.300000,10.020000,10.120000,9.682742,25400
2018-11-27,10.100000,10.260000,10.040000,10.120000,9.682742,17100
2018-11-28,10.600000,10.920000,9.920000,10.200000,9.759286,65600
2018-11-29,9.980000,10.280000,9.980000,10.190000,9.749718,20200
2018-11-30,10.190000,10.547000,10.033000,10.170000,9.730583,28400
2018-12-03,10.210000,10.429000,10.035000,10.240000,9.797557,17000
2018-12-04,10.290000,10.357000,10.000000,10.000000,9.567927,18400
2018-12-06,9.980000,10.250000,9.940000,10.170000,9.730583,33100
2018-12-07,10.230000,10.330000,10.055000,10.150000,9.711445,19100
2018-12-10,10.060000,10.240000,9.870000,10.030000,9.596631,60200
2018-12-11,10.030000,10.210000,9.750000,9.970000,9.539224,10000
2018-12-12,9.980000,10.230000,9.810000,10.230000,9.787991,14500
2018-12-13,10.220000,10.490000,10.220000,10.340000,9.916501,27000
2018-12-14,10.290000,10.460000,10.170000,10.240000,9.820597,24800
2018-12-17,10.210000,10.620000,10.060000,10.070000,9.657558,63800
2018-12-18,10.120000,10.290000,9.910000,9.960000,9.552065,48600
2018-12-19,10.030000,10.190000,9.878000,10.070000,9.657558,29100
2018-12-20,10.140000,10.240000,9.950000,10.090000,9.676739,48700
2018-12-21,10.070000,10.290000,9.950000,10.120000,9.705512,64600
2018-12-24,10.040000,10.149000,9.970000,10.060000,9.647970,15400
2018-12-26,10.010000,10.150000,9.860000,10.090000,9.676739,23600
2018-12-27,10.040000,10.250000,10.020000,10.210000,9.791827,45400
2018-12-28,10.230000,10.330000,10.110000,10.260000,9.839779,18600
2018-12-31,10.240000,10.430000,10.120000,10.140000,9.724692,22000
2019-01-02,10.050000,10.270000,10.050000,10.210000,9.791827,40100
2019-01-03,10.210000,10.210000,10.050000,10.090000,9.676739,10200
2019-01-04,10.190000,10.230000,10.070000,10.180000,9.763054,16100
2019-01-07,10.190000,10.330000,10.060000,10.215000,9.796621,14300
2019-01-08,10.260000,10.339000,10.040000,10.050000,9.638379,11800
2019-01-09,10.050000,10.100000,9.761000,9.830000,9.427390,22100
2019-01-10,9.770000,9.950000,9.690000,9.890000,9.484933,20900
2019-01-11,9.830000,9.950000,9.800000,9.830000,9.427390,17800
2019-01-14,9.830000,9.850000,9.610000,9.620000,9.225990,25300
2019-01-15,9.720000,9.910000,9.720000,9.880000,9.475342,26100
2019-01-16,9.820000,10.000000,9.710000,9.770000,9.392662,20800
2019-01-17,9.800000,10.000000,9.800000,9.930000,9.546485,11800
2019-01-18,9.910000,9.974000,9.650000,9.660000,9.286912,22500
2019-01-22,9.500000,9.750000,9.500000,9.530000,9.161932,10400
2019-01-23,9.520000,9.760000,9.520000,9.650000,9.277299,10600
2019-01-24,9.742000,9.742000,9.210000,9.280000,8.921589,23100
2019-01-25,9.340000,9.430000,9.200000,9.360000,8.998497,26300
2019-01-28,9.240000,9.400000,9.240000,9.320000,8.960045,14100
2019-01-29,9.340000,9.550000,9.300000,9.500000,9.133093,16700
2019-01-30,9.600000,9.660000,9.530000,9.610000,9.238845,13500
2019-01-31,9.660000,9.810000,9.610000,9.630000,9.258072,16800
2019-02-01,9.710000,9.840000,9.410000,9.510000,9.142704,14700
2019-02-04,9.510000,9.540000,9.350000,9.380000,9.017727,24000
2019-02-05,9.350000,9.520000,9.270000,9.290000,8.931200,13600
2019-02-06,9.200000,9.250000,9.100000,9.110000,8.758152,14800
2019-02-07,9.030000,9.250000,9.000000,9.020000,8.671629,32700
2019-02-08,9.060000,9.260000,9.060000,9.130000,8.777382,12000
2019-02-11,9.210000,9.250000,9.150000,9.160000,8.806222,9900
2019-02-12,9.182000,9.215000,9.150000,9.200000,8.844679,13900
2019-02-13,9.220000,9.220000,9.120000,9.180000,8.848534,16600
2019-02-14,9.157000,9.218000,9.070000,9.170000,8.838894,15400
2019-02-15,9.220000,9.360000,9.160000,9.320000,8.983478,14200
2019-02-19,9.300000,9.470000,9.300000,9.440000,9.099146,11000
2019-02-20,9.490000,9.550000,9.301000,9.410000,9.070230,21700
2019-02-21,9.440000,9.610000,9.295000,9.530000,9.185896,30200
2019-02-22,9.590000,9.640000,9.480000,9.640000,9.291924,7900
2019-02-25,9.760000,9.760000,9.560000,9.560000,9.214813,12700
2019-02-26,9.640000,9.750000,9.490000,9.490000,9.147340,9400
2019-02-27,9.490000,9.540000,9.440000,9.440000,9.099146,13800
2019-02-28,9.500000,9.704000,9.500000,9.510000,9.166616,17300
2019-03-01,9.590000,9.590000,9.370000,9.450000,9.108785,12100
2019-03-04,9.390000,9.600000,9.390000,9.500000,9.156979,9800
2019-03-05,9.505000,9.980000,9.476000,9.940000,9.581091,25300
2019-03-06,10.020000,10.250000,9.850000,10.250000,9.879900,44400
2019-03-07,10.210000,10.210000,9.730000,9.750000,9.397952,9900
2019-03-08,9.790000,9.953000,9.570000,9.570000,9.224450,13500
2019-03-11,9.730000,9.890000,9.619000,9.800000,9.446146,11900
2019-03-12,9.750000,9.750000,9.500000,9.500000,9.156979,24200
2019-03-13,9.500000,9.588000,9.450000,9.510000,9.166616,17000
2019-03-14,9.380000,9.580000,9.380000,9.550000,9.228465,7100
2019-03-15,9.530000,10.300000,9.510000,9.930000,9.595670,102400
2019-03-18,9.840000,9.880000,9.670000,9.810000,9.479711,11700
2019-03-19,9.790000,9.901000,9.700000,9.700000,9.373413,8600
2019-03-20,9.710000,9.880000,9.650000,9.660000,9.334757,16400
2019-03-21,9.670000,9.970000,9.663000,9.850000,9.518364,17700
2019-03-22,9.840000,9.990000,9.780000,9.840000,9.508699,23600
2019-03-25,9.830000,9.957000,9.800000,9.845000,9.513531,5800
2019-03-26,9.950000,9.980000,9.790000,9.940000,9.605331,6000
2019-03-27,9.797000,10.020000,9.750000,9.980000,9.643985,9600
2019-03-28,9.990000,10.050000,9.850000,9.885000,9.552185,4200
2019-03-29,10.000000,10.000000,9.719000,9.810000,9.479711,11800
2019-04-01,10.110000,10.110000,9.869000,9.970000,9.634323,16400
2019-04-02,9.980000,9.990000,9.740000,9.890000,9.557014,9800
2019-04-03,9.910000,9.910000,9.813000,9.910000,9.576344,4400
2019-04-04,9.970000,9.970000,9.650000,9.660000,9.334757,9100
2019-04-05,9.680000,9.850000,9.680000,9.850000,9.518364,7000
2019-04-08,9.850000,9.850000,9.700000,9.700000,9.373413,7200
2019-04-09,9.700000,9.700000,9.630000,9.640000,9.315434,7000
2019-04-10,9.670000,9.690000,9.550000,9.690000,9.363749,4500
2019-04-11,9.670000,9.690000,9.580000,9.620000,9.296107,4900
2019-04-12,9.740000,9.800000,9.490000,9.620000,9.296107,18000
2019-04-15,9.650000,9.777000,9.500000,9.670000,9.367794,7800
2019-04-16,9.730000,9.730000,9.629000,9.650000,9.348419,9100
2019-04-17,9.740000,9.750000,9.520000,9.720000,9.416230,17100
2019-04-18,9.680000,9.770000,9.650000,9.680000,9.377481,30100
2019-04-22,9.700000,9.790000,9.642000,9.710000,9.406544,6300
2019-04-23,9.650000,9.850000,9.650000,9.780000,9.474355,10500
2019-04-24,9.850000,9.850000,9.710000,9.750000,9.445294,37100
2019-04-25,9.710000,9.830000,9.610000,9.610000,9.309669,12900
2019-04-26,9.690000,9.830000,9.660000,9.750000,9.445294,17800
2019-04-29,9.678000,9.840000,9.678000,9.770000,9.464669,11700
2019-04-30,9.760000,9.800000,9.680000,9.750000,9.445294,87600
2019-05-01,9.780000,9.780000,9.615000,9.660000,9.358105,12900
2019-05-02,9.710000,9.720000,9.620000,9.670000,9.367794,7000
2019-05-03,9.720000,9.720000,9.600000,9.700000,9.396856,8400
2019-05-06,9.600000,9.700000,9.550000,9.600000,9.299983,12700
2019-05-07,9.620000,9.720000,9.570000,9.610000,9.309669,6200
2019-05-08,9.710000,9.710000,9.550000,9.570000,9.270918,6200
2019-05-09,9.530000,9.590000,9.300000,9.490000,9.193419,11000
2019-05-10,9.455000,9.720000,9.394000,9.605000,9.304824,21500
2019-05-13,9.540000,9.560000,9.411000,9.420000,9.125607,10900
2019-05-14,9.420000,9.710000,9.413000,9.710000,9.406544,6100
2019-05-15,9.600000,9.710000,9.488000,9.540000,9.241857,8400
2019-05-16,9.540000,9.720000,9.500000,9.540000,9.265164,6600
2019-05-17,9.480000,9.720000,9.455000,9.610000,9.333148,95000
2019-05-20,9.610000,9.770000,9.550000,9.570000,9.294300,26100
2019-05-21,9.620000,9.740000,9.600000,9.720000,9.439980,19000
2019-05-22,9.750000,9.840000,9.620000,9.670000,9.391421,15100
2019-05-23,9.670000,9.799000,9.600000,9.660000,9.381706,8900
2019-05-24,9.730000,9.830000,9.560000,9.700000,9.420556,22000
2019-05-28,9.640000,9.760000,9.550000,9.590000,9.313725,39900
2019-05-29,9.560000,9.650000,9.434000,9.450000,9.177757,45700
2019-05-30,9.480000,9.710000,9.480000,9.670000,9.391421,27600
2019-05-31,9.650000,9.660000,9.460000,9.520000,9.245740,14500
2019-06-03,9.530000,9.830000,9.450000,9.700000,9.420556,23600
2019-06-04,9.750000,9.840000,9.724000,9.800000,9.517674,11100
2019-06-05,9.820000,9.840000,9.650000,9.790000,9.507964,13300
2019-06-06,9.830000,9.840000,9.705000,9.820000,9.537097,12400
2019-06-07,9.820000,9.840000,9.800000,9.830000,9.546809,11000
2019-06-10,9.850000,10.140000,9.850000,9.990000,9.702201,16800
2019-06-11,9.950000,10.140000,9.950000,10.090000,9.799321,18200
2019-06-12,10.090000,10.140000,10.005000,10.140000,9.847880,12500
2019-06-13,10.200000,10.410000,10.150000,10.270000,9.997798,19600
2019-06-14,10.290000,10.558000,10.230000,10.470000,10.192497,18400
2019-06-17,10.610000,10.690000,10.330000,10.420000,10.143823,29200
2019-06-18,10.520000,10.582000,10.320000,10.490000,10.211968,6400
2019-06-19,10.590000,10.610000,10.330000,10.330000,10.056209,18400
2019-06-20,10.460000,10.645000,10.275000,10.300000,10.027004,11900
2019-06-21,10.270000,10.450000,10.140000,10.390000,10.114618,32700
2019-06-24,10.440000,10.440000,10.170000,10.250000,9.978329,16300
2019-06-25,10.190000,10.200000,10.075000,10.170000,9.900450,16900
2019-06-26,10.210000,10.210000,9.930000,10.060000,9.793364,42700
2019-06-27,10.050000,10.250000,10.040000,10.250000,9.978329,20700
2019-06-28,10.060000,10.490000,10.060000,10.440000,10.163290,218200
2019-07-01,10.400000,10.400000,10.150000,10.150000,9.880979,24500
2019-07-02,10.160000,10.258000,10.140000,10.250000,9.978329,23600
2019-07-03,10.490000,10.490000,10.180000,10.200000,9.929652,6000
2019-07-05,10.270000,10.440000,10.150000,10.250000,9.978329,12900
2019-07-08,10.250000,10.390000,10.233000,10.340000,10.065943,13200
2019-07-09,10.350000,10.605000,10.350000,10.590000,10.309318,20800
2019-07-10,10.460000,10.700000,10.460000,10.610000,10.328785,25900
2019-07-11,10.650000,10.820000,10.630000,10.710000,10.426136,40900
2019-07-12,10.640000,10.750000,10.640000,10.670000,10.387197,15400
2019-07-15,10.680000,10.780000,10.665000,10.780000,10.494279,64200
2019-07-16,11.000000,11.110000,11.000000,11.100000,10.829910,108000
2019-07-17,11.490000,12.430000,11.235000,12.300000,12.000712,581700
2019-07-18,12.010000,12.390000,11.810000,12.280000,11.981197,37000
2019-07-19,12.270000,12.429000,12.070000,12.200000,11.903145,18100
2019-07-22,12.160000,12.299000,11.680000,12.170000,11.873874,21600
2019-07-23,12.110000,12.330000,11.930000,12.190000,11.893388,16000
2019-07-24,12.140000,12.230000,11.950000,12.000000,11.708012,18500
2019-07-25,12.000000,12.006000,11.680000,11.720000,11.434824,12400
2019-07-26,11.810000,12.300000,11.810000,12.170000,11.873874,16600
2019-07-29,12.160000,12.490000,12.000000,12.210000,11.912904,27100
2019-07-30,12.240000,12.748000,12.210000,12.560000,12.254385,36000
2019-07-31,12.540000,12.750000,12.493000,12.660000,12.351952,35400
2019-08-01,12.660000,13.330000,12.660000,13.300000,12.976379,37000
2019-08-02,13.200000,13.240000,12.850000,13.150000,12.830029,23800
2019-08-05,13.180000,13.180000,11.470000,11.710000,11.425067,33800
2019-08-06,11.780000,12.000000,11.630000,11.780000,11.493362,25900
2019-08-07,11.690000,11.690000,11.400000,11.400000,11.122610,10100
2019-08-08,11.360000,11.630000,11.200000,11.210000,10.937234,38100
2019-08-09,11.360000,11.990000,11.360000,11.780000,11.493362,14100
2019-08-12,11.800000,12.035000,11.400000,11.510000,11.229935,13800
2019-08-13,11.560000,12.200000,11.260000,11.260000,10.986018,9200
2019-08-14,11.080000,11.587000,11.080000,11.370000,11.117036,38600
2019-08-15,11.430000,11.650000,11.338000,11.380000,11.126815,11000
2019-08-16,11.410000,11.700000,11.410000,11.700000,11.439694,14700
2019-08-19,11.720000,11.921000,11.523000,11.580000,11.322363,7500
2019-08-20,11.500000,11.655000,11.350000,11.440000,11.185480,15300
2019-08-21,11.490000,11.690000,11.440000,11.530000,11.273475,10600
2019-08-22,11.560000,11.730000,11.560000,11.650000,11.390805,13100
2019-08-23,11.690000,11.760000,11.310000,11.500000,11.244143,20100
2019-08-26,11.540000,12.410000,11.540000,12.280000,12.006790,19000
2019-08-27,12.340000,12.340000,11.730000,11.730000,11.469027,14900
2019-08-28,11.770000,11.789000,11.350000,11.460000,11.205033,12700
2019-08-29,11.610000,12.450000,11.610000,11.870000,11.605912,13600
2019-08-30,11.930000,12.060000,11.724000,11.910000,11.645023,3700
2019-09-03,11.930000,12.050000,11.760000,11.760000,11.498360,14100
2019-09-04,11.900000,12.032000,11.750000,11.910000,11.645023,8700
2019-09-05,11.910000,12.090000,11.868000,12.040000,11.772131,5800
2019-09-06,12.100000,12.100000,11.865000,11.900000,11.635244,5200
2019-09-09,11.910000,12.080000,11.840000,12.070000,11.801461,13300
2019-09-10,12.090000,12.100000,11.800000,12.080000,11.811241,12500
2019-09-11,12.100000,12.700000,12.000000,12.700000,12.417446,18400
2019-09-12,12.600000,12.610000,12.360000,12.600000,12.319670,18000
2019-09-13,12.600000,12.600000,12.210000,12.360000,12.108073,7600
2019-09-16,12.390000,12.980000,12.350000,12.910000,12.646864,14400
2019-09-17,12.820000,13.140000,12.750000,13.020000,12.754622,14300
2019-09-18,13.040000,13.180000,12.860000,13.110000,12.842785,20800
2019-09-19,13.250000,13.300000,13.134000,13.260000,12.989730,14400
2019-09-20,13.220000,13.220000,12.150000,12.570000,12.313793,82300
2019-09-23,12.670000,12.750000,12.450000,12.620000,12.362775,10300
2019-09-24,12.665000,12.780000,12.463000,12.530000,12.274609,35200
2019-09-25,12.500000,12.644000,11.630000,11.640000,11.402748,58800
2019-09-26,11.690000,11.927000,11.690000,11.800000,11.559489,14000
2019-09-27,11.910000,12.230000,11.910000,12.010000,11.765207,8500
2019-09-30,12.000000,12.080000,11.790000,11.840000,11.598673,20100
2019-10-01,11.930000,12.130000,11.780000,11.810000,11.569283,8900
2019-10-02,11.730000,11.980000,11.630000,11.760000,11.520305,23900
2019-10-03,11.810000,12.000000,11.750000,11.890000,11.647655,17500
2019-10-04,11.960000,12.085000,11.940000,11.970000,11.726022,8600
2019-10-07,12.040000,12.130000,11.820000,11.980000,11.735819,32200
2019-10-08,12.000000,12.170000,11.860000,12.030000,11.784801,93700
2019-10-09,11.990000,12.260000,11.940000,12.090000,11.843577,16000
2019-10-10,12.160000,12.240000,11.630000,11.650000,11.412544,16500
2019-10-11,11.770000,12.160000,11.770000,12.020000,11.775004,13300
2019-10-14,12.020000,12.162000,11.930000,12.010000,11.765207,8400
2019-10-15,12.060000,12.060000,11.740000,11.890000,11.647655,15100
2019-10-16,11.860000,11.860000,11.731000,11.860000,11.641762,8500
2019-10-17,11.820000,12.160000,11.820000,12.070000,11.847900,15600
2019-10-18,12.000000,12.170000,11.702000,12.110000,11.887163,21500
2019-10-21,12.220000,12.220000,11.920000,12.150000,11.926427,20900
2019-10-22,12.080000,12.240000,12.050000,12.060000,11.838084,10500
2019-10-23,12.010000,12.260000,12.010000,12.170000,11.946060,4600
2019-10-24,12.170000,12.170000,11.940000,12.030000,11.808635,5400
2019-10-25,12.020000,12.110000,12.000000,12.030000,11.808635,12300
2019-10-28,12.150000,12.190000,12.080000,12.150000,11.926427,10200
2019-10-29,12.150000,12.399000,12.150000,12.330000,12.103115,8300
2019-10-30,12.250000,12.250000,12.115000,12.250000,12.024589,13800
2019-10-31,12.270000,12.280000,12.160000,12.250000,12.024589,10700
2019-11-01,12.300000,12.400000,12.130000,12.200000,11.975506,12400
2019-11-04,12.310000,12.310000,11.920000,11.920000,11.700659,31900
2019-11-05,12.000000,12.099000,11.900000,11.970000,11.749740,16900
2019-11-06,12.000000,12.110000,11.990000,11.990000,11.769373,5600
2019-11-07,12.000000,12.900000,11.984000,12.900000,12.662626,12300
2019-11-08,12.890000,12.890000,12.142000,12.300000,12.096172,20600
2019-11-11,12.360000,12.480000,12.240000,12.360000,12.155177,8300
2019-11-12,12.400000,12.790000,12.275000,12.540000,12.332194,14700
2019-11-13,12.490000,12.690000,12.480000,12.590000,12.381367,6300
2019-11-14,12.530000,12.800000,12.530000,12.630000,12.420703,13300
2019-11-15,12.690000,12.750000,12.400000,12.400000,12.194514,9600
2019-11-18,12.360000,12.600000,12.360000,12.490000,12.283022,6200
2019-11-19,12.360000,12.740000,12.360000,12.740000,12.528880,24900
2019-11-20,12.690000,12.900000,12.610000,12.620000,12.410869,18100
2019-11-21,12.700000,12.730000,12.530000,12.530000,12.322360,7300
2019-11-22,12.600000,12.753000,12.600000,12.660000,12.450206,3500
2019-11-25,12.780000,13.780000,12.698000,13.690000,13.463136,36800
2019-11-26,14.990000,14.990000,13.250000,13.250000,13.030429,33400
2019-11-27,13.260000,13.544000,13.000000,13.100000,12.882914,7800
2019-11-29,13.200000,13.470000,13.200000,13.470000,13.246783,4200
2019-12-02,13.460000,13.660000,13.303000,13.350000,13.128772,13000
2019-12-03,13.440000,13.440000,13.280000,13.280000,13.059931,14700
2019-12-04,13.380000,13.940000,13.280000,13.350000,13.128772,15600
2019-12-05,13.400000,13.400000,13.186000,13.200000,12.981257,10100
2019-12-06,13.400000,13.410000,13.120000,13.140000,12.922252,28900
2019-12-09,13.200000,13.368000,13.000000,13.000000,12.784573,18500
2019-12-10,13.050000,13.190000,13.010000,13.100000,12.882914,16700
2019-12-11,13.160000,13.160000,13.030000,13.130000,12.912417,18000
2019-12-12,13.150000,13.150000,12.770000,12.900000,12.686229,15900
2019-12-13,12.910000,13.360000,12.770000,13.200000,13.005453,17200
2019-12-16,13.170000,13.170000,12.820000,12.950000,12.759139,22100
2019-12-17,13.050000,13.050000,12.530000,12.640000,12.453707,32600
2019-12-18,12.550000,12.800000,12.450000,12.640000,12.453707,23400
2019-12-19,12.560000,12.750000,12.120000,12.310000,12.128572,23500
2019-12-20,12.270000,12.650000,12.260000,12.650000,12.463560,56600
2019-12-23,12.680000,12.940000,12.640000,12.930000,12.739432,15600
2019-12-24,12.920000,13.000000,12.850000,12.990000,12.798549,5300
2019-12-26,13.160000,13.360000,13.077000,13.360000,13.163095,16600
2019-12-27,13.360000,13.552000,13.190000,13.500000,13.301032,13100
2019-12-30,13.500000,13.500000,13.160000,13.240000,13.044864,15200
2019-12-31,13.305000,13.305000,13.150000,13.150000,12.956190,13700
2020-01-02,13.280000,13.280000,13.029000,13.060000,12.867517,8800
2020-01-03,13.080000,13.230000,12.920000,13.000000,12.808402,9200
2020-01-06,13.000000,13.320000,13.000000,13.170000,12.975896,10600
2020-01-07,13.230000,13.230000,12.840000,12.920000,12.729581,13900
2020-01-08,12.870000,12.970000,12.750000,12.810000,12.621201,16000
2020-01-09,12.950000,13.300000,12.850000,13.300000,13.103980,35300
2020-01-10,13.280000,13.310000,12.800000,12.860000,12.670465,19200
2020-01-13,13.050000,13.100000,12.952000,13.070000,12.877369,10900
2020-01-14,13.070000,13.110000,12.670000,12.840000,12.650759,24900
2020-01-15,12.910000,13.000000,12.690000,12.840000,12.650759,32000
2020-01-16,12.750000,12.820000,12.584000,12.660000,12.496770,213100
2020-01-17,12.700000,12.720000,12.550000,12.600000,12.437546,79100
2020-01-21,12.660000,12.690000,12.590000,12.600000,12.437546,22000
2020-01-22,12.610000,12.750000,12.590000,12.750000,12.585608,48100
2020-01-23,12.750000,12.990000,12.600000,12.600000,12.437546,46900
2020-01-24,12.680000,12.740000,12.600000,12.660000,12.496770,26000
2020-01-27,12.660000,12.800000,12.560000,12.720000,12.555996,37900
2020-01-28,12.830000,12.850000,12.720000,12.850000,12.684320,24400
2020-01-29,12.930000,13.040000,12.825000,12.980000,12.812643,44900
2020-01-30,12.980000,13.010000,12.700000,12.840000,12.674450,13800
2020-01-31,12.880000,12.880000,12.530000,12.630000,12.467156,18500
2020-02-03,12.650000,12.900000,12.650000,12.800000,12.634965,17900
2020-02-04,12.800000,12.950000,12.785000,12.800000,12.634965,62700
2020-02-05,12.800000,13.895000,12.740000,13.370000,13.197616,85700
2020-02-06,13.370000,13.670000,13.370000,13.430000,13.256842,22100
2020-02-07,13.490000,13.490000,13.200000,13.300000,13.128520,13900
2020-02-10,13.300000,13.460000,13.300000,13.430000,13.256842,17000
2020-02-11,13.530000,13.858000,13.450000,13.720000,13.543103,32800
2020-02-12,13.830000,13.895000,13.070000,13.410000,13.237101,64000
2020-02-13,13.440000,13.910000,13.440000,13.910000,13.755270,19600
2020-02-14,14.030000,14.150000,13.990000,13.990000,13.834380,14600
2020-02-18,14.070000,14.170000,13.513000,13.790000,13.636606,29900
2020-02-19,13.750000,13.980000,13.560000,13.780000,13.626717,19500
2020-02-20,13.720000,14.000000,13.720000,13.860000,13.705828,36700
2020-02-21,14.000000,14.130000,13.760000,13.970000,13.814605,47200
2020-02-24,13.910000,13.940000,13.523000,13.740000,13.587162,41200
2020-02-25,13.760000,13.850000,12.500000,12.810000,12.667507,73900
2020-02-26,12.770000,13.120000,12.600000,12.900000,12.756505,23000
2020-02-27,12.790000,12.920000,12.470000,12.480000,12.341178,45200
2020-02-28,12.470000,12.740000,11.810000,11.950000,11.817073,39900
2020-03-02,12.340000,12.420000,12.000000,12.420000,12.281845,29400
2020-03-03,12.500000,12.766000,11.790000,11.930000,11.797297,37000
2020-03-04,11.930000,12.940000,11.930000,12.940000,12.796062,42100
2020-03-05,12.580000,13.000000,12.348000,12.630000,12.489510,50400
2020-03-06,12.500000,12.600000,11.940000,12.130000,11.995071,25400
2020-03-09,11.490000,11.880000,11.400000,11.470000,11.342413,62100
2020-03-10,11.770000,12.280000,11.250000,12.200000,12.064292,61700
2020-03-11,11.940000,11.980000,10.840000,11.100000,10.976528,38900
2020-03-12,10.380000,10.840000,9.900000,10.010000,9.898654,109800
2020-03-13,10.500000,11.170000,9.890000,11.170000,11.045751,52800
2020-03-16,10.030000,10.475000,9.882000,10.010000,9.919968,42000
2020-03-17,9.780000,11.060000,9.580000,10.550000,10.455112,59400
2020-03-18,10.150000,10.250000,8.510000,9.370000,9.285724,59000
2020-03-19,9.460000,10.359000,9.450000,10.140000,10.048799,39200
2020-03-20,10.130000,10.225000,9.460000,10.140000,10.048799,73200
2020-03-23,10.080000,10.080000,8.720000,9.470000,9.384825,53200
2020-03-24,9.810000,10.370000,9.501000,10.370000,10.276729,51400
2020-03-25,10.300000,10.380000,9.540000,10.050000,9.959608,29100
2020-03-26,9.990000,10.380000,9.980000,10.090000,9.999249,42900
2020-03-27,9.990000,10.280000,9.770000,9.770000,9.682127,33000
2020-03-30,9.890000,10.530000,9.783000,10.130000,10.038888,20200
2020-03-31,10.070000,10.250000,9.645000,10.190000,10.098348,45800
2020-04-01,9.820000,10.116000,9.090000,9.680000,9.592936,63000
2020-04-02,9.590000,10.220000,9.590000,10.110000,10.019068,23400
2020-04-03,9.970000,10.240000,9.500000,9.740000,9.652395,26000
2020-04-06,9.950000,10.623000,9.946000,10.320000,10.227180,64500
2020-04-07,10.300000,10.300000,9.900000,10.050000,9.959608,52600
2020-04-08,10.160000,10.444000,9.910000,10.220000,10.128078,29500
2020-04-09,10.460000,12.350000,10.325000,11.720000,11.614587,86600
2020-04-13,11.710000,11.710000,10.000000,10.180000,10.088439,67200
2020-04-14,10.470000,11.300000,10.470000,11.030000,10.930793,28100
2020-04-15,10.740000,10.740000,10.160000,10.500000,10.428251,38600
2020-04-16,10.490000,10.640000,10.030000,10.190000,10.120368,42900
2020-04-17,10.420000,10.420000,10.120000,10.380000,10.309071,25700
2020-04-20,10.260000,10.430000,9.910000,10.250000,10.179959,58900
2020-04-21,10.030000,10.350000,9.940000,10.180000,10.110436,20000
2020-04-22,10.285000,10.350000,10.050000,10.120000,10.050847,19400
2020-04-23,10.060000,10.437000,10.040000,10.200000,10.130301,34300
2020-04-24,10.150000,10.490000,10.141000,10.220000,10.150166,20000
2020-04-27,10.340000,10.480000,10.290000,10.350000,10.279276,22700
2020-04-28,10.660000,10.660000,10.150000,10.230000,10.160096,226800
2020-04-29,10.480000,11.180000,10.260000,10.960000,10.885107,35000
2020-04-30,10.820000,11.070000,10.500000,10.750000,10.676543,28700
2020-05-01,10.610000,10.770000,10.500000,10.660000,10.587156,27500
2020-05-04,10.590000,10.680000,10.451000,10.610000,10.537498,17900
2020-05-05,10.750000,11.010000,10.720000,10.790000,10.716269,16500
2020-05-06,10.990000,10.990000,10.690000,10.720000,10.646749,19500
2020-05-07,10.900000,11.110000,10.750000,10.850000,10.775860,17800
2020-05-08,11.040000,11.490000,11.040000,11.320000,11.242647,19100
2020-05-11,11.140000,11.280000,10.780000,10.780000,10.706338,24800
2020-05-12,10.950000,10.950000,10.190000,10.290000,10.219687,27600
2020-05-13,10.210000,10.250000,9.800000,10.030000,9.961462,50500
2020-05-14,9.930000,10.200000,9.770000,10.150000,10.104821,62700
2020-05-15,10.210000,10.540000,10.013000,10.540000,10.493086,39200
2020-05-18,10.750000,11.450000,10.750000,11.200000,11.150147,58400
2020-05-19,11.050000,11.050000,10.280000,10.330000,10.284020,19300
2020-05-20,10.520000,10.630000,10.407000,10.540000,10.493086,23100
2020-05-21,10.480000,10.550000,10.210000,10.210000,10.164555,15900
2020-05-22,10.210000,10.210000,9.800000,9.930000,9.885800,42700
2020-05-26,10.240000,10.630000,10.120000,10.450000,10.403485,29800
2020-05-27,10.380000,11.000000,10.360000,10.960000,10.911216,28500
2020-05-28,11.100000,11.236000,10.770000,10.840000,10.791751,25300
2020-05-29,10.800000,10.955000,10.630000,10.750000,10.702151,13800
2020-06-01,10.750000,10.990000,10.717000,10.790000,10.741973,34700
2020-06-02,10.910000,10.996000,10.620000,10.660000,10.612551,22600
2020-06-03,10.660000,11.180000,10.660000,10.870000,10.821616,18400
2020-06-04,10.940000,11.100000,10.660000,10.910000,10.861439,39700
2020-06-05,11.190000,11.300000,10.913000,11.060000,11.010772,47600
2020-06-08,11.230000,11.540000,11.150000,11.420000,11.369168,24800
2020-06-09,11.200000,11.500000,10.550000,10.680000,10.632463,64300
2020-06-10,10.700000,11.290000,10.700000,11.080000,11.030682,30100
2020-06-11,10.930000,10.930000,10.500000,10.500000,10.453264,42300
2020-06-12,10.880000,10.980000,10.330000,10.590000,10.542863,22100
2020-06-15,10.320000,11.335000,10.190000,11.090000,11.065716,37100
2020-06-16,11.390000,11.390000,10.560000,10.740000,10.716482,41300
2020-06-17,10.739000,10.915000,10.510000,10.530000,10.506942,22200
2020-06-18,10.630000,10.700000,10.410000,10.450000,10.427116,57800
2020-06-19,10.510000,10.645000,10.110000,10.210000,10.187643,154900
2020-06-22,10.210000,10.565000,10.120000,10.240000,10.217577,44800
2020-06-23,10.430000,10.750000,10.210000,10.460000,10.437096,54300
2020-06-24,10.380000,10.600000,10.210000,10.340000,10.317358,26100
2020-06-25,10.290000,10.570000,10.290000,10.560000,10.536877,38900
2020-06-26,10.490000,10.616000,9.750000,9.820000,9.798496,123700
2020-06-29,10.070000,10.420000,10.030000,10.130000,10.107818,34800
2020-06-30,10.500000,10.610000,10.120000,10.540000,10.516920,21700
2020-07-01,10.569000,10.900000,10.430000,10.850000,10.826241,30800
2020-07-02,10.960000,11.100000,10.860000,10.930000,10.906066,29000
2020-07-06,10.870000,10.990000,10.440000,10.560000,10.536877,18800
2020-07-07,10.430000,10.670000,10.200000,10.230000,10.207599,32500
2020-07-08,10.230000,10.411000,10.160000,10.260000,10.237534,23000
2020-07-09,10.210000,10.250000,9.950000,10.220000,10.197621,42000
2020-07-10,10.160000,10.450000,9.930000,10.380000,10.357270,39400
2020-07-13,10.530000,10.900000,10.350000,10.730000,10.706504,59200
2020-07-14,10.830000,10.910000,10.560000,10.750000,10.726460,24100
2020-07-15,10.890000,11.170000,10.670000,10.960000,10.936000,51700
2020-07-16,10.970000,10.970000,10.780000,10.930000,10.930000,9000
2020-07-17,10.860000,11.250000,10.840000,10.850000,10.850000,21500
2020-07-20,10.820000,10.860000,10.620000,10.670000,10.670000,6200
2020-07-21,10.810000,11.010000,10.705000,10.820000,10.820000,11000
2020-07-22,10.760000,11.140000,10.660000,10.750000,10.750000,13800
2020-07-23,10.660000,10.970000,10.500000,10.790000,10.790000,25600