Date,Open,High,Low,Close,Adj Close,Volume
2017-09-26,35.000000,35.000000,31.000000,31.000000,29.433922,3300
2017-09-27,31.000000,31.000000,29.000000,29.344999,27.862526,5800
2017-09-28,29.625000,33.009998,29.625000,31.250000,29.671289,13800
2017-09-29,30.100000,33.099998,30.100000,33.099998,31.427826,14700
2017-10-02,32.860001,34.599998,29.500000,30.230000,28.702820,141100
2017-10-03,31.110001,34.200001,30.629999,33.900002,32.187416,73200
2017-10-04,33.900002,36.669998,33.000000,34.590000,32.842556,92600
2017-10-05,35.320000,36.500000,35.000000,35.509998,33.716072,84300
2017-10-06,36.000000,37.990002,36.000000,37.599998,35.700489,30900
2017-10-09,37.630001,41.000000,36.580002,38.630001,36.678463,37800
2017-10-10,38.630001,38.630001,36.500000,37.000000,35.130814,50100
2017-10-11,36.330002,38.759998,35.630001,38.119999,36.194225,63700
2017-10-12,38.099998,38.099998,37.259998,37.950001,36.032814,29700
2017-10-13,38.360001,38.610001,37.310001,38.220001,36.289173,32800
2017-10-16,38.450001,39.200001,37.955002,38.930000,36.963303,44000
2017-10-17,38.959999,39.369999,38.529999,39.330002,37.343098,32400
2017-10-18,39.459999,39.770000,39.000000,39.500000,37.504509,32200
2017-10-19,39.285000,40.029999,38.889999,39.549999,37.551987,25800
2017-10-20,39.830002,40.500000,39.180000,39.669998,37.665913,33800
2017-10-23,39.860001,39.860001,39.250000,39.669998,37.665913,24600
2017-10-24,39.669998,40.279999,39.540001,39.869999,37.855816,40500
2017-10-25,39.908001,40.000000,38.910000,39.290001,37.305122,50400
2017-10-26,39.279999,39.500000,38.529999,38.849998,36.887344,8300
2017-10-27,38.700001,39.970001,38.410000,39.889999,37.874805,35600
2017-10-30,39.110001,39.779999,39.110001,39.500000,37.504509,15800
2017-10-31,39.700001,39.700001,38.380001,38.770000,36.811386,25100
2017-11-01,38.939999,38.939999,37.799999,38.590000,36.640484,16500
2017-11-02,37.599998,38.259998,36.849998,37.240002,35.358685,43600
2017-11-03,37.290001,37.330002,35.838001,36.250000,34.418694,50200
2017-11-06,35.900002,35.900002,30.530001,32.770000,31.114500,43200
2017-11-07,32.770000,32.770000,31.129999,32.090000,30.468851,40000
2017-11-08,31.900000,32.029999,31.575001,31.840000,30.231482,26100
2017-11-09,31.340000,31.340000,30.004999,30.500000,28.959179,30100
2017-11-10,30.170000,31.070000,30.110001,30.799999,29.244017,25200
2017-11-13,31.020000,32.450001,30.860001,31.879999,30.269464,59000
2017-11-14,31.770000,32.650002,31.735001,32.380001,30.744205,20800
2017-11-15,32.200001,32.840000,32.049999,32.840000,31.180964,39100
2017-11-16,32.950001,33.250000,32.490002,32.689999,31.038540,27600
2017-11-17,32.490002,32.849998,30.350000,31.840000,30.231482,61400
2017-11-20,31.860001,32.450001,31.799999,31.889999,30.278959,23400
2017-11-21,31.969999,32.869999,31.049999,31.350000,29.766239,34500
2017-11-22,31.330000,31.510000,29.580000,30.120001,28.598375,30200
2017-11-24,30.030001,30.615000,27.090000,27.889999,26.481031,31300
2017-11-27,27.840000,28.250000,25.459999,25.760000,24.458637,93000
2017-11-28,25.549999,26.379999,24.555000,25.610001,24.316216,78500
2017-11-29,25.889999,27.790001,25.410000,27.750000,26.348103,49400
2017-11-30,27.530001,29.290001,27.049999,28.580000,27.219547,91900
2017-12-01,27.924000,28.700001,27.559999,28.309999,26.962402,49800
2017-12-04,28.570000,28.910000,27.000000,27.120001,25.829052,52200
2017-12-05,27.080000,27.600000,26.100000,27.150000,25.857618,59700
2017-12-06,26.879999,28.100000,26.660000,27.070000,25.781429,55400
2017-12-07,27.290001,27.395000,26.850000,27.030001,25.743332,54400
2017-12-08,26.934999,27.120001,26.209999,26.809999,25.533806,36700
2017-12-11,26.809999,26.809999,25.815001,26.059999,24.819506,63600
2017-12-12,26.260000,27.040001,25.580999,26.490000,25.229034,78600
2017-12-13,27.020000,27.430000,25.799999,26.639999,25.371895,116700
2017-12-14,26.459999,26.760000,24.850000,24.969999,23.781395,149800
2017-12-15,24.910000,26.570000,24.650000,26.500000,25.238562,493900
2017-12-18,26.680000,26.950001,25.580000,26.139999,24.895695,50100
2017-12-19,26.059999,26.549999,25.639999,25.900000,24.667120,31600
2017-12-20,26.030001,26.520000,25.040001,25.270000,24.067110,38000
2017-12-21,25.139999,26.320000,25.139999,25.799999,24.571880,40400
2017-12-22,25.799999,25.990000,25.510000,25.910000,24.676647,16700
2017-12-26,25.760000,26.450001,25.530001,25.969999,24.733789,31100
2017-12-27,25.950001,26.330000,25.450001,25.670000,24.448072,34900
2017-12-28,25.709999,26.340000,25.530001,26.020000,24.781410,10700
2017-12-29,26.049999,26.500000,24.811001,25.690001,24.467117,31700
2018-01-02,25.629999,26.350000,25.620001,26.150000,24.905222,20300
2018-01-03,26.200001,27.950001,24.799999,24.930000,23.743296,49000
2018-01-04,25.020000,26.125000,25.020000,25.790001,24.562357,37200
2018-01-05,26.020000,26.299999,25.180000,25.440001,24.229019,12500
2018-01-08,25.420000,26.450001,24.809999,25.930000,24.695694,31900
2018-01-09,26.049999,26.480000,25.389999,26.190001,24.943319,21400
2018-01-10,25.990000,27.790001,25.219999,26.360001,25.105225,64500
2018-01-11,26.469999,27.620001,25.500000,25.900000,24.667120,43300
2018-01-12,25.910000,28.570000,25.549999,26.770000,25.495708,58900
2018-01-16,26.980000,27.469999,26.059999,26.190001,24.943319,53300
2018-01-17,26.160000,26.680000,25.059999,25.770000,24.543312,55400
2018-01-18,25.240000,26.260000,25.240000,25.660000,24.438545,11000
2018-01-19,25.760000,26.350000,25.490000,26.020000,24.781410,24600
2018-01-22,26.160000,26.469999,25.930000,26.370001,25.114750,78100
2018-01-23,26.400000,26.785000,25.809999,26.100000,24.857601,49300
2018-01-24,26.240000,26.709999,26.030001,26.209999,24.962362,37700
2018-01-25,26.030001,26.559999,26.020000,26.350000,25.095703,28100
2018-01-26,26.290001,26.440001,25.740000,26.100000,24.857601,35200
2018-01-29,26.100000,26.200001,25.510000,25.700001,24.476645,36400
2018-01-30,25.440001,26.490000,25.061001,25.709999,24.486166,53800
2018-01-31,25.750000,25.969999,25.325001,25.709999,24.486166,38800
2018-02-01,25.549999,25.889999,25.160000,25.469999,24.257589,26200
2018-02-02,25.110001,25.490000,24.920000,25.000000,23.809961,87200
2018-02-05,24.806999,25.430000,24.490000,25.090000,23.895679,105300
2018-02-06,24.750000,25.110001,24.080000,25.020000,23.829012,88000
2018-02-07,24.480000,25.950001,24.480000,25.660000,24.438545,32500
2018-02-08,25.660000,25.665001,24.639999,24.860001,23.676626,64000
2018-02-09,24.969999,25.430000,24.600000,25.209999,24.009964,42900
2018-02-12,25.200001,25.650000,24.940001,25.540001,24.324261,18200
2018-02-13,25.360001,25.799999,25.049999,25.270000,24.067110,12600
2018-02-14,25.040001,25.790001,24.860001,25.440001,24.229019,40700
2018-02-15,25.440001,25.875000,25.010000,25.590000,24.371878,30100
2018-02-16,25.510000,25.510000,25.040001,25.150000,23.952822,20700
2018-02-20,25.270000,25.770000,24.870001,24.950001,23.762344,17100
2018-02-21,24.730000,25.549999,24.510000,24.740000,23.562340,42100
2018-02-22,24.750000,24.990000,24.209999,24.559999,23.390905,26600
2018-02-23,24.670000,24.799999,24.299999,24.620001,23.448055,17000
2018-02-26,24.700001,25.190001,24.448999,24.820000,23.638533,20700
2018-02-27,24.799999,25.250000,24.620001,24.620001,23.448055,19500
2018-02-28,24.650000,25.160000,24.209999,24.770000,23.672640,41600
2018-03-01,24.809999,25.055000,24.110001,24.930000,23.825552,36200
2018-03-02,24.719999,25.209999,24.688000,25.010000,23.902008,32400
2018-03-05,24.830000,25.860001,24.610001,25.350000,24.226944,29100
2018-03-06,25.370001,25.625000,24.879999,24.990000,23.882891,18800
2018-03-07,24.900000,25.948000,24.260000,25.299999,24.179159,37000
2018-03-08,24.750000,25.150000,24.250000,24.250000,23.175680,55900
2018-03-09,24.260000,24.799999,23.969999,24.260000,23.185236,52900
2018-03-12,24.240000,24.830000,23.990000,24.430000,23.347702,36600
2018-03-13,24.490000,24.875000,23.500000,23.510000,22.468462,69100
2018-03-14,23.964001,24.230000,22.986000,23.820000,22.764729,30000
2018-03-15,23.879999,23.879999,23.250000,23.350000,22.315548,22200
2018-03-16,23.410000,23.809999,22.590000,22.620001,21.617893,239800
2018-03-19,22.549999,22.600000,22.086000,22.350000,21.359852,52500
2018-03-20,22.410000,23.290001,22.336000,23.010000,21.990612,49300
2018-03-21,23.030001,23.120001,22.080000,22.549999,21.550989,38700
2018-03-22,22.389999,23.049999,22.250000,22.510000,21.512762,35400
2018-03-23,22.530001,23.150000,22.530001,22.730000,21.723017,79900
2018-03-26,23.010000,23.040001,22.340000,22.709999,21.703899,62000
2018-03-27,22.760000,22.843000,21.760000,21.770000,20.805546,22700
2018-03-28,21.910000,22.010000,21.150999,21.670000,20.709976,31600
2018-03-29,21.790001,22.009001,21.020000,21.219999,20.279911,26300
2018-04-02,21.219999,22.180000,20.969999,22.090000,21.111370,32400
2018-04-03,22.400000,23.920000,21.940001,23.150000,22.124409,39600
2018-04-04,22.860001,24.530001,22.490000,24.150000,23.080109,31800
2018-04-05,24.070000,24.280001,22.709999,22.820000,21.809029,39200
2018-04-06,22.639999,22.639999,21.110001,22.030001,21.054029,42200
2018-04-09,22.110001,22.110001,21.209999,21.320000,20.375483,27900
2018-04-10,21.500000,22.190001,21.309999,22.129999,21.149595,34000
2018-04-11,22.010000,23.100000,22.010000,22.840000,21.828146,25500
2018-04-12,22.969999,24.250000,22.892000,24.120001,23.051437,25000
2018-04-13,24.250000,24.250000,23.629999,23.930000,22.869856,26200
2018-04-16,24.090000,24.250000,23.290001,24.090000,23.022770,36500
2018-04-17,24.090000,24.215000,23.481001,23.930000,22.869856,21500
2018-04-18,23.660000,24.160000,23.410000,23.420000,22.382448,16900
2018-04-19,23.170000,23.490000,23.030001,23.190001,22.162638,11400
2018-04-20,23.309999,23.580000,22.360001,22.809999,21.799471,21700
2018-04-23,22.860001,23.580000,22.431000,23.559999,22.516247,13900
2018-04-24,23.510000,23.830000,23.121000,23.360001,22.325108,32100
2018-04-25,23.350000,23.590000,23.080000,23.120001,22.095739,26000
2018-04-26,23.270000,23.600000,21.879999,22.110001,21.130487,86400
2018-04-27,22.190001,22.540001,20.990000,21.490000,20.537951,24400
2018-04-30,21.490000,23.010000,21.309999,22.250000,21.264284,28700
2018-05-01,22.309999,22.660000,21.670000,22.400000,21.407637,31000
2018-05-02,22.350000,23.080000,22.110001,22.820000,21.809029,25100
2018-05-03,23.059999,24.469999,23.000000,24.309999,23.233023,32700
2018-05-04,24.290001,24.719999,24.125000,24.500000,23.414600,22900
2018-05-07,24.620001,25.000000,24.590000,24.650000,23.557955,24800
2018-05-08,23.959999,24.740000,23.750000,23.889999,22.831625,32500
2018-05-09,24.000000,25.139999,24.000000,25.139999,24.026247,33800
2018-05-10,24.950001,25.723000,24.870001,25.160000,24.045362,30800
2018-05-11,25.080000,26.309999,25.080000,26.160000,25.001057,16500
2018-05-14,26.240000,26.780001,24.879999,25.010000,23.902008,30000
2018-05-15,25.500000,26.230000,24.600000,25.620001,24.484983,47700
2018-05-16,25.700001,26.989000,25.389999,26.670000,25.488466,33700
2018-05-17,26.660000,28.090000,26.450001,27.450001,26.233912,19600
2018-05-18,27.549999,28.400000,26.740000,28.240000,26.988911,29900
2018-05-21,28.290001,28.650000,27.360001,27.830000,26.597075,28800
2018-05-22,27.860001,27.860001,27.070000,27.200001,25.994987,24000
2018-05-23,27.150000,27.250000,26.559999,27.190001,25.985428,27700
2018-05-24,27.150000,28.143999,27.080000,27.709999,26.482393,37400
2018-05-25,27.690001,28.590000,27.240000,28.200001,26.950684,16700
2018-05-29,28.160000,28.570000,26.840000,27.400000,26.186125,38100
2018-05-30,28.670000,29.100000,27.680000,28.160000,26.912457,29100
2018-05-31,28.200001,28.620001,27.540001,28.030001,26.869320,33200
2018-06-01,28.240000,28.440001,27.549999,28.250000,27.080206,30900
2018-06-04,28.270000,29.680000,27.490000,29.680000,28.450998,38200
2018-06-05,29.320000,29.930000,27.840000,28.160000,26.993937,46200
2018-06-06,28.280001,29.639999,28.010000,29.110001,27.904598,39700
2018-06-07,29.250000,29.549999,25.889999,26.240000,25.153440,35800
2018-06-08,26.299999,27.540001,26.200001,26.820000,25.709421,35000
2018-06-11,26.820000,27.980000,26.820000,27.559999,26.418779,49000
2018-06-12,27.650000,29.920000,27.650000,29.430000,28.211348,37900
2018-06-13,29.450001,30.730000,29.396999,30.330000,29.074078,56600
2018-06-14,30.309999,30.799999,29.605000,30.350000,29.093254,49800
2018-06-15,30.500000,30.709999,29.430000,29.870001,28.633129,62400
2018-06-18,29.660000,30.000000,29.350000,29.680000,28.450998,54300
2018-06-19,29.379999,30.056999,28.680000,29.320000,28.105904,56100
2018-06-20,29.330000,30.160000,28.860001,29.400000,28.182589,55200
2018-06-21,29.280001,29.440001,26.299999,27.570000,26.428370,72900
2018-06-22,27.530001,28.889999,26.600000,27.549999,26.409191,431700
2018-06-25,27.100000,27.660000,26.250000,27.600000,26.457127,75800
2018-06-26,27.639999,28.955000,27.150000,28.190001,27.022694,77200
2018-06-27,28.250000,28.410000,26.250000,27.980000,26.821388,61200
2018-06-28,27.900000,28.379999,27.087999,28.240000,27.070623,50000
2018-06-29,28.379999,29.500000,27.790001,29.049999,27.847084,40500
2018-07-02,28.830000,29.333000,27.510000,28.670000,27.482821,36300
2018-07-03,28.750000,29.150000,28.750000,28.900000,27.703295,11500
2018-07-05,28.950001,30.700001,28.510000,30.090000,28.844017,51000
2018-07-06,30.100000,31.299999,30.025000,30.500000,29.237040,52700
2018-07-09,30.580000,31.000000,29.809999,29.910000,28.671471,58600
2018-07-10,29.600000,30.684999,28.700001,30.260000,29.006979,42000
2018-07-11,30.010000,30.010000,28.865000,29.209999,28.000458,20300
2018-07-12,29.150000,29.379999,28.110001,28.370001,27.195244,25500
2018-07-13,28.320000,28.320000,27.180000,27.660000,26.514641,33500
2018-07-16,27.690001,28.090000,27.309999,27.570000,26.428370,37100
2018-07-17,27.500000,28.379999,27.459999,27.559999,26.418779,26600
2018-07-18,27.500000,27.700001,26.100000,27.000000,25.881969,54100
2018-07-19,26.780001,27.750000,26.780001,26.940001,25.824455,44400
2018-07-20,27.000000,27.250000,26.809999,27.110001,25.987415,21300
2018-07-23,27.070000,27.209999,26.260000,26.639999,25.536877,34700
2018-07-24,26.780001,27.020000,26.059999,26.490000,25.393089,31700
2018-07-25,26.309999,26.770000,25.299999,25.500000,24.444082,137800
2018-07-26,25.420000,26.480000,25.420000,25.680000,24.616631,15900
2018-07-27,25.809999,26.490000,24.770000,26.059999,24.980892,88200
2018-07-30,26.040001,26.520000,25.150000,25.420000,24.367393,25500
2018-07-31,25.530001,25.565001,25.030001,25.400000,24.348227,18200
2018-08-01,25.379999,27.719999,25.049999,26.940001,25.824455,57600
2018-08-02,27.950001,28.590000,24.120001,25.080000,24.041475,184000
2018-08-03,25.080000,25.290001,24.580000,24.920000,23.888098,30500
2018-08-06,24.770000,24.975000,23.629000,24.700001,23.677210,59200
2018-08-07,24.629999,25.469999,23.445000,24.480000,23.466318,54200
2018-08-08,24.320000,24.719999,23.165001,23.930000,22.939098,28300
2018-08-09,23.889999,24.790001,22.971001,23.879999,22.891163,26500
2018-08-10,23.700001,24.090000,23.146000,23.850000,22.862408,11800
2018-08-13,23.780001,25.094999,23.510000,24.120001,23.121225,36600
2018-08-14,24.309999,24.879999,23.900000,24.469999,23.456734,23800
2018-08-15,24.299999,25.459999,24.180000,25.370001,24.319466,38100
2018-08-16,25.379999,26.440001,24.943001,26.240000,25.153440,25400
2018-08-17,26.070000,26.555000,25.100000,25.639999,24.578285,31200
2018-08-20,25.559999,26.059999,25.000000,25.040001,24.003134,17400
2018-08-21,25.080000,25.674999,25.080000,25.400000,24.348227,20500
2018-08-22,25.260000,25.538000,24.940001,25.260000,24.214022,23400
2018-08-23,25.360001,25.910000,25.020000,25.059999,24.022301,24000
2018-08-24,25.129999,25.379999,24.100000,24.969999,23.936031,30300
2018-08-27,25.120001,26.320000,25.120001,25.150000,24.108576,10800
2018-08-28,25.290001,25.822001,24.600000,25.600000,24.539942,54300
2018-08-29,25.620001,25.750000,25.000000,25.139999,24.098989,15000
2018-08-30,25.010000,25.010000,22.980000,23.280001,22.391720,53500
2018-08-31,23.100000,23.610001,22.709999,23.150000,22.266680,54000
2018-09-04,23.120001,23.840000,22.010000,23.580000,22.680271,44800
2018-09-05,23.740000,23.840000,22.840000,23.150000,22.266680,35100
2018-09-06,23.100000,24.299999,22.660000,24.070000,23.151573,41000
2018-09-07,23.969999,25.040001,23.920000,24.549999,23.613258,19400
2018-09-10,24.570000,24.865999,23.570000,24.500000,23.565168,15500
2018-09-11,24.379999,25.461000,22.940001,23.309999,22.420572,37600
2018-09-12,23.280001,24.145000,23.280001,23.870001,22.959208,23100
2018-09-13,23.980000,23.980000,23.504999,23.660000,22.757219,17600
2018-09-14,23.650000,24.200001,23.410000,23.610001,22.709127,20400
2018-09-17,24.660000,24.660000,22.987000,23.930000,23.016914,41200
2018-09-18,23.969999,24.864000,23.370001,23.740000,22.834167,21900
2018-09-19,23.639999,24.809999,23.500000,24.090000,23.170811,20000
2018-09-20,23.980000,24.535000,23.690001,23.940001,23.026535,23100
2018-09-21,23.920000,24.230000,23.360001,24.049999,23.132338,54400
2018-09-24,23.870001,24.219999,22.205000,22.500000,21.641479,48700
2018-09-25,22.600000,23.420000,22.260000,22.760000,21.891560,34200
2018-09-26,22.740000,23.754999,22.030001,22.040001,21.199032,16700
2018-09-27,22.129999,23.230000,21.549999,21.660000,20.833532,21400
2018-09-28,21.639999,22.120001,21.610001,21.940001,21.102848,12600
2018-10-01,22.080000,23.079000,21.906000,22.020000,21.179796,28100
2018-10-02,21.695000,21.695000,21.055000,21.100000,20.294897,28400
2018-10-03,21.200001,21.895000,21.120001,21.250000,20.439177,15000
2018-10-04,21.330000,22.160000,21.000000,21.250000,20.439177,22800
2018-10-05,21.400000,21.872000,21.160000,21.549999,20.727728,19800
2018-10-08,21.150000,22.120001,20.950001,21.549999,20.727728,27400
2018-10-09,21.650000,21.910999,21.190001,21.320000,20.506502,18400
2018-10-10,21.100000,21.650999,20.580000,20.860001,20.064058,54100
2018-10-11,21.103001,21.500000,19.280001,19.629999,18.880989,18500
2018-10-12,19.950001,20.740000,18.334999,18.900000,18.178843,26100
2018-10-15,19.750000,19.802999,18.510000,19.510000,18.765570,36600
2018-10-16,19.650000,20.059999,19.260000,20.000000,19.236868,45900
2018-10-17,20.070000,21.040001,20.000000,20.740000,19.948635,14200
2018-10-18,20.700001,20.839001,19.450001,20.000000,19.236868,23000
2018-10-19,20.030001,20.160000,18.770000,19.219999,18.486631,22800
2018-10-22,19.290001,20.030001,18.794001,19.010000,18.284647,26100
2018-10-23,18.719999,19.420000,18.520000,18.900000,18.178843,16100
2018-10-24,19.280001,19.280001,18.500000,18.500000,17.794107,15100
2018-10-25,18.600000,19.760000,18.030001,19.600000,18.852135,88600
2018-10-26,19.340000,19.680000,18.292000,19.629999,18.880989,57900
2018-10-29,19.870001,20.730000,19.459999,20.350000,19.573517,35800
2018-10-30,19.670000,20.500000,19.670000,20.280001,19.506189,27100
2018-10-31,22.580000,23.500000,21.580000,23.219999,22.334005,74700
2018-11-01,23.139999,24.410000,23.139999,24.020000,23.103481,38600
2018-11-02,24.160000,25.490000,24.160000,25.490000,24.517393,32300
2018-11-05,25.309999,25.719000,24.010000,24.020000,23.103481,53800
2018-11-06,24.020000,24.715000,23.139999,23.969999,23.055391,29300
2018-11-07,24.209999,24.709999,23.190001,24.170000,23.247759,29900
2018-11-08,24.180000,24.677999,23.680000,24.040001,23.122719,18400
2018-11-09,24.000000,24.549000,24.000000,24.000000,23.084248,32600
2018-11-12,24.000000,24.299999,22.410000,22.610001,21.747282,30400
2018-11-13,22.600000,23.750000,22.150000,22.469999,21.612625,23800
2018-11-14,22.650000,23.590000,22.260000,22.920000,22.045454,24300
2018-11-15,22.760000,24.000000,22.760000,23.549999,22.651415,34900
2018-11-16,23.170000,24.497999,22.690001,23.280001,22.391720,22400
2018-11-19,23.280001,24.021000,21.670000,22.090000,21.247124,37000
2018-11-20,21.780001,22.049999,20.670000,21.070000,20.266045,40500
2018-11-21,21.309999,21.680000,20.500000,21.000000,20.198715,35800
2018-11-23,20.639999,21.469999,20.430000,20.879999,20.083292,12600
2018-11-26,20.889999,21.219999,20.500000,21.000000,20.198715,48100
2018-11-27,20.889999,21.186001,20.450001,20.770000,19.977489,20400
2018-11-28,20.670000,21.090000,20.424999,20.920000,20.121769,46000
2018-11-29,20.629999,22.850000,20.629999,22.850000,22.067789,47500
2018-11-30,23.667000,23.667000,22.475000,22.650000,21.874634,26300
2018-12-03,23.120001,23.680000,22.724001,23.270000,22.473412,32400
2018-12-04,23.340000,23.438000,21.219999,21.500000,20.764002,24900
2018-12-06,21.389999,22.030001,21.184000,21.770000,21.024761,23100
2018-12-07,22.500000,22.660000,20.270000,20.770000,20.058992,18000
2018-12-10,20.820000,21.170000,19.870001,20.879999,20.165224,57300
2018-12-11,18.927000,21.340000,18.927000,20.510000,19.807890,77200
2018-12-12,20.889999,22.010000,20.879999,21.549999,20.812288,19900
2018-12-13,21.590000,22.459000,21.382999,21.910000,21.159967,31900
2018-12-14,21.590000,22.200001,21.370001,21.840000,21.092361,21500
2018-12-17,21.860001,22.545000,20.190001,20.610001,19.904470,46800
2018-12-18,20.809999,22.129999,20.174999,21.700001,20.957157,62100
2018-12-19,20.778999,22.309999,20.778999,21.290001,20.561192,25500
2018-12-20,20.330000,21.139999,19.940001,20.520000,19.817551,32300
2018-12-21,20.530001,21.434999,19.589001,20.580000,19.875496,80600
2018-12-24,20.570000,21.059999,20.412001,20.650000,19.943098,25600
2018-12-26,20.610001,22.290001,20.382000,21.799999,21.053730,57200
2018-12-27,21.440001,21.700001,20.410000,21.700001,20.957157,51500
2018-12-28,20.931000,22.559999,20.931000,22.559999,21.787714,21600
2018-12-31,22.559999,23.695000,22.049999,23.459999,22.656906,42000
2019-01-02,23.190001,24.150000,23.190001,24.049999,23.226711,27800
2019-01-03,23.879999,24.889999,22.879999,24.540001,23.699934,30500
2019-01-04,25.000000,25.330000,22.980000,23.400000,22.598963,51600
2019-01-07,23.510000,25.170000,23.504999,24.670000,23.825483,34100
2019-01-08,24.889999,25.620001,24.209999,25.270000,24.404947,26300
2019-01-09,25.530001,26.445000,25.309999,25.790001,24.907145,13400
2019-01-10,25.790001,26.594999,25.680000,26.070000,25.177559,22600
2019-01-11,26.170000,29.355000,25.840000,28.000000,27.041492,52600
2019-01-14,27.889999,28.729000,26.860001,27.250000,26.317165,38300
2019-01-15,27.740000,27.740000,26.469999,27.030001,26.104698,18800
2019-01-16,27.059999,27.059999,26.010000,26.670000,25.757019,25700
2019-01-17,26.610001,27.775000,26.049999,27.500000,26.558607,35200
2019-01-18,27.680000,28.514999,27.379999,27.889999,26.935257,74700
2019-01-22,27.900000,28.284000,27.480000,27.799999,26.848337,28900
2019-01-23,28.000000,28.368000,26.452000,26.750000,25.834282,32100
2019-01-24,26.497000,27.091000,26.430000,26.959999,26.037092,19500
2019-01-25,26.940001,27.280001,26.730000,27.000000,26.075722,21000
2019-01-28,26.680000,27.030001,25.841000,26.510000,25.602499,29300
2019-01-29,26.570000,27.525000,26.500000,26.730000,25.814966,18800
2019-01-30,26.750000,27.150000,26.010000,26.030001,25.138929,38200
2019-01-31,26.000000,26.480000,25.750000,26.139999,25.245165,27400
2019-02-01,26.129999,26.360001,26.000000,26.200001,25.303110,21500
2019-02-04,26.230000,26.625000,26.215000,26.299999,25.399685,14600
2019-02-05,26.500000,27.440001,26.311001,26.870001,25.950174,21900
2019-02-06,26.780001,27.200001,25.410000,25.889999,25.003721,36500
2019-02-07,25.900000,26.620001,25.100000,25.610001,24.733305,13500
2019-02-08,25.400000,25.952999,24.080000,25.000000,24.144186,23000
2019-02-11,24.879999,25.389999,24.589001,24.990000,24.134533,31400
2019-02-12,25.219999,25.400000,24.530001,25.000000,24.144186,32700
2019-02-13,24.910000,25.490000,24.684999,24.990000,24.134533,30500
2019-02-14,25.299999,25.396000,24.650000,24.820000,23.970352,16100
2019-02-15,25.010000,25.190001,24.799999,24.879999,24.028297,30700
2019-02-19,24.770000,24.840000,23.990000,24.500000,23.661304,28500
2019-02-20,24.299999,24.600000,24.299999,24.459999,23.622673,45600
2019-02-21,24.170000,24.715000,24.170000,24.520000,23.680620,53700
2019-02-22,24.570000,24.700001,24.080000,24.620001,23.777197,55900
2019-02-25,24.730000,24.870001,24.610001,24.629999,23.786852,20900
2019-02-26,24.920000,24.959999,24.379999,24.490000,23.651646,20800
2019-02-27,24.420000,25.129999,24.420000,24.940001,24.086243,12600
2019-02-28,24.966999,25.180000,24.270000,24.270000,23.519337,13300
2019-03-01,24.400000,24.540001,24.190001,24.420000,23.664698,9600
2019-03-04,24.420000,24.490000,24.150000,24.389999,23.635624,50300
2019-03-05,24.379999,24.600000,24.150000,24.330000,23.577482,47100
2019-03-06,24.400000,24.430000,23.559999,23.879999,23.141397,37300
2019-03-07,22.900000,22.900000,19.580000,19.940001,19.323263,245400
2019-03-08,19.940001,21.129999,19.930000,21.020000,20.369858,83800
2019-03-11,21.020000,21.155001,20.459999,20.920000,20.272951,76100
2019-03-12,20.879999,21.695000,20.879999,21.200001,20.544292,31400
2019-03-13,21.190001,21.660000,21.070000,21.549999,20.883465,41900
2019-03-14,21.500000,21.850000,20.719999,20.840000,20.195425,22300
2019-03-15,20.850000,21.639999,20.700001,21.459999,20.796249,101400
2019-03-18,21.260000,21.500000,20.799999,21.440001,20.776869,49600
2019-03-19,21.540001,21.540001,20.709999,21.000000,20.350475,49600
2019-03-20,21.000000,21.250000,20.330000,20.530001,19.895014,33400
2019-03-21,20.520000,20.750000,20.440001,20.459999,19.827177,19400
2019-03-22,20.389999,20.770000,20.110001,20.469999,19.836870,39100
2019-03-25,20.320000,21.160000,20.135000,20.990000,20.340784,21500
2019-03-26,20.884001,21.500000,20.670000,21.469999,20.805939,34500
2019-03-27,21.440001,21.459999,20.940001,21.000000,20.350475,25100
2019-03-28,20.990000,21.200001,20.440001,20.940001,20.292334,30000
2019-03-29,20.940001,21.459999,20.750000,21.459999,20.796249,61800
2019-04-01,21.610001,21.830000,20.690001,21.030001,20.379551,52500
2019-04-02,21.059999,21.360001,20.830000,21.059999,20.408623,28400
2019-04-03,21.170000,21.809999,20.920000,21.450001,20.786560,55700
2019-04-04,21.450001,22.360001,21.000000,22.209999,21.523050,41300
2019-04-05,22.299999,22.700001,22.129999,22.600000,21.900990,27000
2019-04-08,22.370001,22.590000,21.760000,21.860001,21.183878,44500
2019-04-09,21.700001,21.990000,21.455000,21.629999,20.960989,16200
2019-04-10,21.700001,21.750000,21.382999,21.750000,21.077280,18600
2019-04-11,21.840000,23.254000,21.709999,22.690001,21.988205,48300
2019-04-12,22.760000,22.969999,22.070000,22.290001,21.600578,20600
2019-04-15,22.020000,22.809999,21.959999,22.309999,21.619957,20600
2019-04-16,22.700001,22.700001,22.100000,22.290001,21.600578,10100
2019-04-17,22.340000,22.540001,21.969999,22.430000,21.736246,21600
2019-04-18,22.459999,22.459999,22.080000,22.160000,21.474600,20100
2019-04-22,21.610001,22.052000,21.610001,21.730000,21.057898,25300
2019-04-23,21.780001,21.850000,21.320000,21.520000,20.854393,20600
2019-04-24,21.490000,21.610001,21.090000,21.299999,20.641195,28400
2019-04-25,21.110001,21.110001,19.620001,20.190001,19.565529,55900
2019-04-26,19.950001,19.950001,18.820000,19.230000,18.635221,56300
2019-04-29,19.180000,19.180000,17.660000,18.420000,17.850275,68700
2019-04-30,18.389999,18.629999,17.379999,18.100000,17.540173,53900
2019-05-01,18.150000,18.156000,17.549999,17.620001,17.075020,38500
2019-05-02,17.600000,18.350000,17.375000,18.170000,17.608007,52300
2019-05-03,18.299999,19.000000,18.299999,18.400000,17.830894,17000
2019-05-06,18.059999,18.270000,17.110001,17.990000,17.433573,29000
2019-05-07,17.879999,17.879999,17.000000,17.139999,16.609863,28200
2019-05-08,17.000000,17.299999,16.754999,16.860001,16.338526,21300
2019-05-09,16.799999,17.080000,16.219999,16.750000,16.231928,30800
2019-05-10,16.680000,17.549999,16.549999,17.040001,16.512959,43800
2019-05-13,16.700001,17.980000,16.389999,17.740000,17.191307,41900
2019-05-14,17.770000,18.530001,17.660000,18.139999,17.578936,24200
2019-05-15,17.740000,18.540001,17.740000,18.410000,17.840584,32800
2019-05-16,18.420000,18.701000,18.330000,18.690001,18.111927,26600
2019-05-17,18.500000,18.780001,18.450001,18.510000,17.937492,36600
2019-05-20,18.410000,20.030001,18.240000,19.990000,19.371717,58700
2019-05-21,20.080000,20.469999,18.860001,19.959999,19.342644,59500
2019-05-22,19.820000,19.820000,18.959999,19.260000,18.664293,19100
2019-05-23,19.070000,19.280001,18.690001,19.230000,18.635221,26600
2019-05-24,19.260000,19.610001,18.950001,19.080000,18.489862,11000
2019-05-28,19.070000,19.223000,18.620001,18.790001,18.208834,41700
2019-05-29,18.700001,19.070000,18.170000,18.870001,18.286358,38000
2019-05-30,18.790001,19.150000,17.770000,18.190001,17.711864,48400
2019-05-31,18.049999,18.250000,17.365000,17.490000,17.030266,36200
2019-06-03,17.530001,18.007000,16.975000,16.980000,16.533670,31400
2019-06-04,17.150000,17.520000,16.760000,16.770000,16.329191,38300
2019-06-05,16.889999,17.290001,16.635000,16.760000,16.319454,38800
2019-06-06,16.730000,17.170000,16.309999,16.799999,16.358402,30100
2019-06-07,16.840000,17.389999,16.809999,17.000000,16.553144,39900
2019-06-10,17.240000,17.770000,17.115000,17.760000,17.293167,23700
2019-06-11,17.840000,18.590000,17.698000,18.469999,17.984505,25200
2019-06-12,18.480000,18.940001,17.992001,18.559999,18.072140,44200
2019-06-13,18.540001,19.004999,18.525999,18.799999,18.305832,22600
2019-06-14,19.330000,19.330000,17.740000,18.660000,18.169514,44500
2019-06-17,18.930000,18.959999,18.330000,18.340000,17.857924,19500
2019-06-18,19.010000,19.250000,18.240000,18.240000,17.760550,24800
2019-06-19,18.490000,18.830000,18.280001,18.370001,17.887135,36400
2019-06-20,18.500000,19.070000,18.010000,18.010000,17.536598,23100
2019-06-21,17.940001,18.280001,17.780001,18.000000,17.526859,29700
2019-06-24,17.969999,18.150000,17.120001,17.120001,16.669992,22900
2019-06-25,17.410000,17.600000,16.940001,17.360001,16.903685,54700
2019-06-26,18.040001,18.040001,17.170000,17.379999,16.923157,29600
2019-06-27,17.459999,17.940001,17.145000,17.940001,17.468437,35100
2019-06-28,17.980000,19.530001,17.790001,19.049999,18.549259,90000
2019-07-01,19.240000,20.830000,18.980000,19.010000,18.510313,37900
2019-07-02,18.740000,19.170000,18.420000,18.420000,17.935820,25200
2019-07-03,18.379999,18.379999,17.930000,17.930000,17.458700,24000
2019-07-05,17.980000,18.639999,17.799999,17.879999,17.410013,20100
2019-07-08,17.760000,17.959999,16.830000,16.830000,16.387613,49400
2019-07-09,16.750000,16.920000,16.285999,16.350000,15.920231,50200
2019-07-10,16.240000,16.629999,16.223000,16.330000,15.900757,26000
2019-07-11,16.400000,16.500000,16.209999,16.440001,16.007866,20900
2019-07-12,16.350000,16.660000,16.219999,16.219999,15.793648,41700
2019-07-15,16.219999,16.510000,15.780000,16.400000,15.968918,58100
2019-07-16,16.379999,16.549999,16.340000,16.469999,16.037077,34000
2019-07-17,16.389999,16.690001,16.260000,16.450001,16.017605,64600
2019-07-18,16.469999,16.485001,16.200001,16.200001,15.774175,28500
2019-07-19,16.170000,16.379999,15.770000,16.270000,15.842333,22000
2019-07-22,16.440001,16.440001,15.880000,16.000000,15.579432,30700
2019-07-23,16.139999,16.139999,15.850000,15.900000,15.482059,35300
2019-07-24,15.880000,16.040001,15.750000,15.960000,15.540483,48900
2019-07-25,15.970000,16.049999,15.560000,15.610000,15.199681,24900
2019-07-26,15.690000,16.020000,15.346000,15.760000,15.345739,21200
2019-07-29,15.770000,16.000000,15.620000,15.790000,15.374951,34100
2019-07-30,15.663000,16.309999,15.663000,16.160000,15.735227,35200
2019-07-31,16.139999,17.080000,16.139999,16.410000,15.978653,29100
2019-08-01,14.040000,15.140000,13.790000,13.930000,13.563843,67600
2019-08-02,13.770000,14.407000,12.600000,13.340000,12.989351,136000
2019-08-05,13.200000,14.440000,13.200000,14.180000,13.807270,104400
2019-08-06,14.170000,14.640000,13.820000,14.000000,13.632003,91300
2019-08-07,13.900000,15.100000,13.830000,14.600000,14.216231,60200
2019-08-08,14.580000,15.310000,14.580000,14.770000,14.381763,54300
2019-08-09,14.690000,14.989000,14.210000,14.500000,14.118859,58800
2019-08-12,14.430000,14.600000,13.960000,13.970000,13.602791,67600
2019-08-13,14.040000,14.500000,13.700000,14.350000,13.972802,54000
2019-08-14,14.180000,14.330000,13.570000,13.700000,13.339887,78100
2019-08-15,13.790000,13.940000,13.360000,13.710000,13.349626,54100
2019-08-16,13.730000,14.570000,13.730000,14.200000,13.826745,60900
2019-08-19,14.320000,14.960000,14.120000,14.810000,14.420712,42600
2019-08-20,14.740000,15.530000,14.740000,15.380000,14.975728,82200
2019-08-21,15.520000,15.980000,15.060000,15.220000,14.819935,42300
2019-08-22,15.260000,15.610000,15.080000,15.300000,14.897831,30700
2019-08-23,15.480000,15.480000,14.070000,14.330000,13.953328,65500
2019-08-26,14.300000,14.710000,14.230000,14.550000,14.167545,57900
2019-08-27,14.330000,14.650000,13.720000,13.930000,13.563843,35500
2019-08-28,13.690000,14.209000,13.690000,13.840000,13.476207,31700
2019-08-29,13.910000,14.420000,13.730000,13.820000,13.544813,47300
2019-08-30,14.240000,14.250000,13.838000,14.170000,13.887844,51500
2019-09-03,14.500000,14.500000,13.960000,14.110000,13.829039,56600
2019-09-04,14.600000,14.840000,14.250000,14.380000,14.093663,64600
2019-09-05,14.570000,14.740000,14.180000,14.310000,14.025057,59900
2019-09-06,14.360000,14.640000,14.130000,14.570000,14.279879,56000
2019-09-09,14.570000,15.410000,14.570000,15.270000,14.965940,36200
2019-09-10,15.280000,15.430000,15.090000,15.250000,14.946340,62500
2019-09-11,15.290000,15.780000,15.210000,15.400000,15.093351,79800
2019-09-12,15.305000,15.930000,15.170000,15.790000,15.475587,82900
2019-09-13,15.830000,16.280001,15.830000,16.000000,15.681405,85800
2019-09-16,15.950000,16.379999,15.925000,15.970000,15.652003,57000
2019-09-17,15.940000,16.150000,15.570000,15.980000,15.661803,51400
2019-09-18,15.990000,16.311001,15.590000,15.860000,15.544192,59100
2019-09-19,15.900000,16.077000,15.470000,15.490000,15.181561,37000
2019-09-20,15.550000,16.180000,15.450000,16.129999,15.808816,67200
2019-09-23,15.950000,16.850000,15.700000,16.010000,15.691207,58700
2019-09-24,15.900000,16.180000,15.140000,15.630000,15.318772,66700
2019-09-25,15.660000,15.930000,15.360000,15.700000,15.387379,65900
2019-09-26,15.598000,15.820000,15.080000,15.550000,15.240367,54600
2019-09-27,15.520000,16.000000,15.440000,16.000000,15.681405,67600
2019-09-30,15.879000,16.410000,15.879000,16.170000,15.848022,49300
2019-10-01,16.340000,16.500000,15.510000,15.810000,15.495189,81300
2019-10-02,15.670000,15.670000,14.950000,15.080000,14.779725,48700
2019-10-03,14.910000,15.490000,14.610000,15.240000,14.936539,56300
2019-10-04,15.240000,15.450000,15.060000,15.270000,14.965940,55700
2019-10-07,15.250000,15.650000,15.170000,15.520000,15.210963,82100
2019-10-08,15.400000,15.470000,14.930000,15.310000,15.005145,49100
2019-10-09,15.430000,15.430000,15.110000,15.230000,14.926737,31300
2019-10-10,15.210000,15.490000,15.120000,15.430000,15.122756,33800
2019-10-11,15.640000,16.090000,15.495000,15.870000,15.553993,63600
2019-10-14,15.800000,16.025999,15.570000,15.930000,15.612800,28500
2019-10-15,15.910000,16.709999,15.910000,16.660000,16.328264,64800
2019-10-16,16.660000,17.080000,16.450001,16.549999,16.220451,119000
2019-10-17,16.309999,17.180000,16.309999,17.080000,16.739901,43700
2019-10-18,16.950001,17.520000,16.950001,17.480000,17.131935,92700
2019-10-21,17.610001,18.186001,17.549999,18.100000,17.739592,49300
2019-10-22,18.180000,18.250000,17.895000,18.010000,17.651382,36300
2019-10-23,17.850000,18.389999,17.790001,18.290001,17.925806,33800
2019-10-24,18.340000,18.440001,17.891001,18.389999,18.023815,39600
2019-10-25,18.230000,18.780001,18.200001,18.600000,18.229633,22000
2019-10-28,18.535000,18.826000,18.440001,18.520000,18.151228,34500
2019-10-29,18.500000,18.780001,18.350000,18.650000,18.278637,30600
2019-10-30,18.639999,19.040001,18.334999,18.959999,18.582464,21200
2019-10-31,18.920000,19.049000,18.570000,18.650000,18.278637,37400
2019-11-01,18.969999,19.049999,18.730000,19.010000,18.631470,35400
2019-11-04,19.110001,19.174000,18.660000,19.070000,18.690275,54900
2019-11-05,19.070000,19.639999,19.049999,19.459999,19.072510,42500
2019-11-06,19.320000,20.030001,19.320000,19.620001,19.229326,47500
2019-11-07,17.110001,20.715000,17.049999,20.250000,19.846779,206600
2019-11-08,20.250000,21.139999,19.670000,20.750000,20.336821,155500
2019-11-11,20.639999,21.219999,20.200001,20.520000,20.111403,72200
2019-11-12,20.270000,20.620001,19.459999,19.459999,19.072510,109500
2019-11-13,19.389999,19.559999,19.100000,19.309999,18.925495,20300
2019-11-14,19.260000,19.440001,19.059999,19.070000,18.690275,30900
2019-11-15,19.209999,19.230000,18.219999,18.350000,17.984613,49000
2019-11-18,18.340000,18.860001,17.660000,18.780001,18.406052,46500
2019-11-19,18.770000,19.370001,18.500000,19.330000,18.945099,52600
2019-11-20,19.100000,19.780001,19.100000,19.270000,18.886293,24000
2019-11-21,19.290001,19.360001,18.920000,19.299999,18.915693,21600
2019-11-22,19.459999,19.670000,19.275000,19.660000,19.268526,22400
2019-11-25,19.709999,20.000000,19.590000,19.830000,19.435141,31300
2019-11-26,19.820000,20.049999,19.750000,19.780001,19.386137,59100
2019-11-27,19.730000,19.799999,19.020000,19.379999,19.080921,43800
2019-11-29,19.430000,19.780001,19.260000,19.660000,19.356600,13300
2019-12-02,19.690001,19.750000,19.280001,19.400000,19.100611,28700
2019-12-03,18.860001,18.969999,18.549999,18.740000,18.450798,27900
2019-12-04,18.780001,19.260000,18.780001,19.080000,18.785551,22900
2019-12-05,19.059999,19.240000,18.799999,18.940001,18.647711,27800
2019-12-06,19.280001,19.510000,19.230000,19.450001,19.149843,38500
2019-12-09,19.466000,19.650000,19.150000,19.290001,18.992311,55700
2019-12-10,19.750000,19.750000,18.809999,18.860001,18.568947,32400
2019-12-11,18.780001,18.959999,18.469999,18.790001,18.500027,41500
2019-12-12,18.820000,19.240000,18.530001,18.610001,18.322805,40000
2019-12-13,18.610001,18.690001,18.170000,18.459999,18.175119,31100
2019-12-16,18.610001,18.868999,18.250000,18.299999,18.017588,45300
2019-12-17,18.350000,18.469999,18.180000,18.250000,17.968361,34800
2019-12-18,17.930000,19.059999,17.930000,19.010000,18.716631,52900
2019-12-19,19.010000,19.209999,18.610001,18.740000,18.450798,63900
2019-12-20,18.830000,19.040001,18.790001,18.809999,18.519716,77000
2019-12-23,18.830000,18.860001,17.629999,18.740000,18.450798,43100
2019-12-24,18.691000,19.000000,18.691000,18.750000,18.460644,7500
2019-12-26,18.780001,19.139999,18.719999,18.950001,18.657558,42400
2019-12-27,19.000000,19.200001,18.840000,19.040001,18.746170,32000
2019-12-30,19.070000,19.299999,18.879999,19.150000,18.854469,18300
2019-12-31,19.150000,19.320000,18.889999,19.100000,18.805243,68300
2020-01-02,19.120001,19.260000,18.660000,18.950001,18.657558,59500
2020-01-03,18.760000,19.070000,18.120001,18.190001,17.909285,36100
2020-01-06,18.190001,18.360001,17.934999,18.000000,17.722218,78100
2020-01-07,17.930000,18.004999,17.670000,17.750000,17.476076,61800
2020-01-08,17.809999,18.330000,17.809999,18.100000,17.820675,60700
2020-01-09,18.219999,18.330000,17.780001,17.850000,17.574533,26800
2020-01-10,17.820000,17.820000,17.480000,17.590000,17.318544,17500
2020-01-13,17.590000,17.790001,17.459999,17.700001,17.426847,21100
2020-01-14,17.780001,17.862000,17.600000,17.660000,17.387465,22600
2020-01-15,17.709999,18.150000,17.677999,17.809999,17.535151,26000
2020-01-16,17.930000,18.264999,17.840000,17.860001,17.584379,19800
2020-01-17,18.000000,18.030001,17.459999,17.520000,17.249626,30700
2020-01-21,17.440001,17.690001,17.350000,17.590000,17.318544,34000
2020-01-22,17.610001,17.610001,16.940001,16.990000,16.727804,20200
2020-01-23,16.910000,17.059999,16.400000,16.860001,16.599812,27400
2020-01-24,16.950001,16.950001,16.389999,16.680000,16.422588,18800
2020-01-27,16.400000,16.750000,16.270000,16.360001,16.107527,15000
2020-01-28,16.440001,16.650000,15.980000,16.650000,16.393049,26900
2020-01-29,16.730000,16.900000,16.160000,16.260000,16.009069,27400
2020-01-30,16.160000,16.540001,15.760000,16.490000,16.235521,55100
2020-01-31,16.370001,16.639999,15.750000,15.800000,15.556169,38200
2020-02-03,15.700000,16.100000,15.700000,15.880000,15.634934,45000
2020-02-04,16.190001,16.350000,15.910000,15.930000,15.684163,50100
2020-02-05,16.129999,16.500000,16.000000,16.150000,15.900767,25200
2020-02-06,16.230000,16.420000,16.000000,16.209999,15.959841,42700
2020-02-07,16.490000,16.490000,15.440000,15.500000,15.260799,28400
2020-02-10,15.530000,15.690000,15.100000,15.170000,14.935891,10700
2020-02-11,15.250000,15.410000,14.760000,15.010000,14.778360,19600
2020-02-12,15.120000,15.350000,14.950000,14.950000,14.719286,11100
2020-02-13,14.950000,15.135000,14.755000,14.800000,14.571601,15600
2020-02-14,14.860000,15.155000,14.840000,14.870000,14.640521,23300
2020-02-18,14.860000,15.290000,14.840000,14.960000,14.729133,19300
2020-02-19,15.130000,15.240000,14.920000,14.920000,14.689749,4100
2020-02-20,15.180000,15.260000,15.040000,15.050000,14.817743,16100
2020-02-21,15.000000,15.150000,14.640000,14.770000,14.542065,25000
2020-02-24,14.270000,14.660000,14.230000,14.510000,14.286077,20200
2020-02-25,14.640000,14.640000,13.030000,13.230000,13.025829,20100
2020-02-26,13.350000,13.570000,13.010000,13.260000,13.055367,21100
2020-02-27,12.560000,12.890000,11.960000,12.050000,11.945116,49800
2020-02-28,11.500000,12.140000,11.380000,11.600000,11.499033,123100
2020-03-02,11.600000,11.840000,11.330000,11.490000,11.389990,73700
2020-03-03,11.500000,12.080000,11.030000,11.600000,11.499033,55900
2020-03-04,11.750000,11.820000,11.550000,11.760000,11.657640,28500
2020-03-05,11.500000,11.930000,11.420000,11.470000,11.370165,26600
2020-03-06,11.190000,11.450000,11.010000,11.320000,11.221470,33400
2020-03-09,11.000000,11.490000,10.875000,11.260000,11.161992,81100
2020-03-10,11.440000,11.560000,11.130000,11.500000,11.399903,35300
2020-03-11,11.490000,11.490000,10.960000,11.080000,10.983559,39700
2020-03-12,10.620000,11.020000,9.610000,11.010000,10.914168,64100
2020-03-13,11.520000,11.520000,10.455000,10.690000,10.596953,40800
2020-03-16,10.000000,10.140000,8.630000,8.790000,8.713491,42800
2020-03-17,9.000000,9.700000,8.860000,9.420000,9.338008,43700
2020-03-18,8.910000,9.440000,8.280000,8.540000,8.465667,50700
2020-03-19,8.840000,9.298000,8.540000,9.030000,8.951402,65700
2020-03-20,8.880000,9.500000,6.930000,7.770000,7.702369,106300
2020-03-23,7.700000,7.780000,6.680000,6.920000,6.859768,64900
2020-03-24,7.210000,7.770000,7.070000,7.510000,7.444633,37900
2020-03-25,7.550000,10.380000,7.520000,10.380000,10.289652,75400
2020-03-26,10.470000,10.470000,9.280000,9.640000,9.556093,32800
2020-03-27,9.350000,10.320000,8.520000,9.860000,9.774178,57600
2020-03-30,9.970000,10.440000,9.210000,10.060000,9.972438,45100
2020-03-31,9.480000,9.950000,9.210000,9.510000,9.427224,41800
2020-04-01,9.120000,9.210000,7.740000,8.370000,8.297147,63400
2020-04-02,8.480000,9.575000,7.690000,7.770000,7.702369,72500
2020-04-03,7.710000,8.330000,7.710000,8.200000,8.128627,52400
2020-04-06,8.630000,9.880000,8.630000,9.830000,9.744439,29200
2020-04-07,10.170000,10.528000,9.690000,9.990000,9.903047,60900
2020-04-08,10.120000,10.490000,9.910000,10.430000,10.339217,20300
2020-04-09,10.870000,11.670000,10.412000,11.670000,11.568423,42600
2020-04-13,11.210000,11.210000,10.160000,10.950000,10.854691,25300
2020-04-14,11.130000,11.250000,10.390000,10.560000,10.468085,39400
2020-04-15,10.350000,10.350000,9.390000,9.920000,9.833655,23200
2020-04-16,9.930000,10.020000,9.390000,9.770000,9.684961,38600
2020-04-17,9.820000,10.930000,9.720000,10.840000,10.745648,32400
2020-04-20,10.500000,11.280000,10.100000,10.300000,10.210348,35300
2020-04-21,10.240000,11.320000,9.964000,11.130000,11.033124,44700
2020-04-22,11.030000,11.540000,11.010000,11.260000,11.161992,32900
2020-04-23,11.330000,12.050000,10.650000,11.060000,10.963734,51600
2020-04-24,11.170000,11.300000,10.790000,10.890000,10.795213,21600
2020-04-27,11.040000,11.760000,11.040000,11.620000,11.518859,25500
2020-04-28,11.910000,12.220000,11.460000,12.010000,11.905464,45900
2020-04-29,12.750000,13.990000,12.250000,13.570000,13.451885,49200
2020-04-30,13.750000,14.810000,13.060000,13.190000,13.075193,29900
2020-05-01,12.910000,13.275000,11.720000,12.290000,12.183027,68400
2020-05-04,12.400000,12.890000,11.540000,12.370000,12.262331,37300
2020-05-05,12.780000,13.280000,12.170000,12.630000,12.520068,52500
2020-05-06,12.720000,13.140000,11.780000,11.940000,11.836073,22600
2020-05-07,12.160000,12.720000,10.630000,11.180000,11.082689,58600
2020-05-08,11.520000,11.805000,10.903000,11.460000,11.360251,31600
2020-05-11,10.990000,11.120000,10.001000,10.430000,10.339217,57600
2020-05-12,10.450000,10.820000,10.130000,10.360000,10.269826,52600
2020-05-13,10.060000,10.380000,8.780000,9.270000,9.189314,90400
2020-05-14,8.910000,9.800000,8.400000,9.730000,9.645309,69800
2020-05-15,9.740000,10.750000,9.673000,10.650000,10.557302,46000
2020-05-18,11.100000,11.670000,9.990000,11.550000,11.449469,40500
2020-05-19,11.640000,11.680000,10.810000,11.000000,10.904255,28700
2020-05-20,10.930000,12.420000,10.930000,12.360000,12.252418,34100
2020-05-21,12.350000,12.390000,11.830000,11.920000,11.816248,26300
2020-05-22,11.790000,11.880000,11.550000,11.760000,11.657640,15800
2020-05-26,11.880000,12.500000,11.510000,11.810000,11.707206,34100
2020-05-27,11.770000,12.600000,11.160000,11.240000,11.142166,47100
2020-05-28,11.440000,11.820000,10.015000,10.340000,10.250000,70800
2020-05-29,10.200000,10.240000,9.390000,9.550000,9.550000,147400
2020-06-01,9.630000,10.290000,9.535000,9.850000,9.850000,62300
2020-06-02,10.090000,10.290000,9.810000,9.860000,9.860000,21100
2020-06-03,10.130000,10.760000,9.890000,10.680000,10.680000,63300
2020-06-04,10.500000,12.000000,10.500000,11.850000,11.850000,32400
2020-06-05,12.120000,12.285000,11.775000,12.030000,12.030000,37400
2020-06-08,12.230000,12.580000,11.780000,11.880000,11.880000,30800
2020-06-09,11.950000,12.120000,11.530000,11.530000,11.530000,29400
2020-06-10,11.620000,11.620000,9.810000,10.340000,10.340000,82900
2020-06-11,9.410000,10.880000,9.410000,10.070000,10.070000,48800
2020-06-12,10.470000,10.575000,9.540000,10.540000,10.540000,115300
2020-06-15,10.280000,11.990000,10.030000,11.400000,11.400000,76600
2020-06-16,11.920000,12.370000,11.140000,11.690000,11.690000,61100
2020-06-17,11.500000,11.500000,10.850000,10.920000,10.920000,25300
2020-06-18,10.770000,11.590000,10.460000,10.750000,10.750000,46700
2020-06-19,10.730000,11.030000,10.630000,10.650000,10.650000,61400
2020-06-22,10.660000,11.200000,10.400000,10.970000,10.970000,26200
2020-06-23,11.220000,11.350000,11.060000,11.060000,11.060000,7700
2020-06-24,10.850000,10.980000,10.460000,10.730000,10.730000,19700
2020-06-25,10.610000,11.090000,10.525000,11.020000,11.020000,24000
2020-06-26,11.030000,11.030000,10.520000,10.660000,10.660000,161300
2020-06-29,10.830000,12.370000,10.830000,12.310000,12.310000,37900
2020-06-30,12.070000,12.190000,11.770000,11.900000,11.900000,20000
2020-07-01,11.980000,12.045000,11.340000,11.440000,11.440000,25700
2020-07-02,11.900000,11.990000,10.900000,11.190000,11.190000,29100
2020-07-06,11.530000,11.650000,11.220000,11.350000,11.350000,18300
2020-07-07,11.075000,11.380000,10.820000,11.070000,11.070000,25400
2020-07-08,11.130000,11.950000,10.819000,11.660000,11.660000,24000
2020-07-09,11.450000,11.510000,10.460000,10.870000,10.870000,40800
2020-07-10,10.690000,11.060000,10.510000,10.580000,10.580000,25300
2020-07-13,10.820000,10.820000,10.220000,10.220000,10.220000,59100
2020-07-14,10.350000,10.450000,10.140000,10.200000,10.200000,32900
2020-07-15,10.580000,11.050000,10.290000,10.420000,10.420000,64100
2020-07-16,10.390000,10.620000,10.310000,10.310000,10.310000,27200
2020-07-17,10.320000,10.440000,10.055000,10.240000,10.240000,43400
2020-07-20,10.350000,10.810000,10.310000,10.760000,10.760000,12700
2020-07-21,10.800000,11.250000,10.800000,11.080000,11.080000,23700
2020-07-22,11.080000,11.115000,10.290000,10.400000,10.400000,23500
2020-07-23,10.630000,10.730000,10.325000,10.350000,10.350000,27900
2020-07-24,11.700000,15.440000,11.700000,14.580000,14.580000,566900
2020-07-27,14.320000,14.893000,14.260000,14.550000,14.550000,96900
2020-07-28,14.600000,15.410000,14.410000,15.290000,15.290000,48500
2020-07-29,15.330000,15.880000,15.020000,15.800000,15.800000,48600
2020-07-30,15.350000,15.700000,15.180000,15.700000,15.700000,33700
2020-07-31,15.630000,15.730000,15.010000,15.200000,15.200000,44300
2020-08-03,15.270000,15.517000,14.710000,15.040000,15.040000,32700
2020-08-04,14.710000,15.100000,14.710000,15.030000,15.030000,29000
2020-08-05,15.090000,15.880000,15.000000,15.860000,15.860000,50800
2020-08-06,17.000000,18.743000,16.549999,18.070000,18.070000,162500