Date,Open,High,Low,Close,Adj Close,Volume
2018-07-18,9.540000,9.550000,9.520000,9.550000,9.550000,497800
2018-07-19,9.550000,9.560000,9.520000,9.560000,9.560000,391300
2018-07-20,9.560000,9.560000,9.560000,9.560000,9.560000,0
2018-07-23,9.560000,9.560000,9.560000,9.560000,9.560000,0
2018-07-24,9.600000,9.600000,9.600000,9.600000,9.600000,5000
2018-07-25,9.600000,9.600000,9.550000,9.550000,9.550000,2500
2018-07-26,9.530000,9.560000,9.520000,9.520000,9.520000,150900
2018-07-27,9.530000,9.530000,9.529000,9.530000,9.530000,12700
2018-07-30,10.470000,10.470000,10.470000,10.470000,10.470000,100
2018-07-31,9.830000,9.830000,9.830000,9.830000,9.830000,2000
2018-08-01,9.800000,9.820000,9.800000,9.800000,9.800000,1700
2018-08-02,9.530000,9.800000,9.510000,9.650000,9.650000,5100
2018-08-03,9.650000,9.650000,9.650000,9.650000,9.650000,0
2018-08-06,9.650000,9.650000,9.650000,9.650000,9.650000,0
2018-08-07,9.650000,9.650000,9.650000,9.650000,9.650000,0
2018-08-08,9.570000,9.590000,9.570000,9.590000,9.590000,1000
2018-08-09,9.590000,9.590000,9.590000,9.590000,9.590000,0
2018-08-10,9.600000,9.600000,9.530000,9.590000,9.590000,7300
2018-08-13,9.590000,9.590000,9.590000,9.590000,9.590000,0
2018-08-14,9.590000,9.590000,9.590000,9.590000,9.590000,0
2018-08-15,9.590000,9.590000,9.590000,9.590000,9.590000,0
2018-08-16,9.590000,9.590000,9.590000,9.590000,9.590000,0
2018-08-17,9.590000,9.590000,9.590000,9.590000,9.590000,0
2018-08-20,9.590000,9.590000,9.590000,9.590000,9.590000,0
2018-08-21,9.590000,9.590000,9.590000,9.590000,9.590000,0
2018-08-22,9.590000,9.590000,9.590000,9.590000,9.590000,0
2018-08-23,9.590000,9.590000,9.590000,9.590000,9.590000,0
2018-08-24,9.580000,9.580000,9.580000,9.580000,9.580000,79000
2018-08-27,9.580000,9.580000,9.580000,9.580000,9.580000,0
2018-08-28,9.580000,9.580000,9.580000,9.580000,9.580000,0
2018-08-29,9.580000,9.580000,9.580000,9.580000,9.580000,0
2018-08-30,9.580000,9.580000,9.580000,9.580000,9.580000,0
2018-08-31,9.580000,9.580000,9.580000,9.580000,9.580000,0
2018-09-04,9.580000,9.580000,9.580000,9.580000,9.580000,0
2018-09-05,9.580000,9.580000,9.580000,9.580000,9.580000,0
2018-09-06,9.580000,9.580000,9.580000,9.580000,9.580000,0
2018-09-07,9.580000,9.580000,9.580000,9.580000,9.580000,0
2018-09-10,9.580000,9.580000,9.580000,9.580000,9.580000,0
2018-09-11,9.550000,9.550000,9.550000,9.550000,9.550000,200
2018-09-12,9.520000,9.520000,9.520000,9.520000,9.520000,1000
2018-09-13,9.520000,9.520000,9.520000,9.520000,9.520000,0
2018-09-14,9.580000,10.000000,9.580000,9.580000,9.580000,1100
2018-09-17,9.570000,9.580000,9.540000,9.540000,9.540000,285400
2018-09-18,9.540000,9.540000,9.540000,9.540000,9.540000,50900
2018-09-19,9.540000,9.540000,9.540000,9.540000,9.540000,0
2018-09-20,9.540000,9.540000,9.540000,9.540000,9.540000,0
2018-09-21,9.540000,9.540000,9.540000,9.540000,9.540000,0
2018-09-24,9.540000,9.540000,9.540000,9.540000,9.540000,0
2018-09-25,9.550000,9.560000,9.540000,9.540000,9.540000,41000
2018-09-26,9.500000,9.500000,9.500000,9.500000,9.500000,100
2018-09-27,9.560000,9.560000,9.560000,9.560000,9.560000,100
2018-09-28,9.560000,9.560000,9.560000,9.560000,9.560000,0
2018-10-01,9.560000,9.560000,9.560000,9.560000,9.560000,300
2018-10-02,9.560000,9.560000,9.560000,9.560000,9.560000,0
2018-10-03,9.560000,9.560000,9.560000,9.560000,9.560000,0
2018-10-04,9.560000,9.560000,9.560000,9.560000,9.560000,0
2018-10-05,9.560000,9.560000,9.560000,9.560000,9.560000,0
2018-10-08,9.560000,9.560000,9.560000,9.560000,9.560000,0
2018-10-09,9.560000,9.560000,9.560000,9.560000,9.560000,0
2018-10-10,9.560000,9.580000,9.560000,9.570000,9.570000,20400
2018-10-11,9.570000,9.570000,9.570000,9.570000,9.570000,200
2018-10-12,9.570000,9.570000,9.570000,9.570000,9.570000,0
2018-10-15,9.530000,9.530000,9.530000,9.530000,9.530000,99200
2018-10-16,9.560000,9.560000,9.560000,9.560000,9.560000,1500
2018-10-17,9.560000,9.560000,9.560000,9.560000,9.560000,0
2018-10-18,9.560000,9.560000,9.560000,9.560000,9.560000,1300
2018-10-19,9.560000,9.560000,9.560000,9.560000,9.560000,0
2018-10-22,9.560000,9.560000,9.560000,9.560000,9.560000,0
2018-10-23,9.560000,9.560000,9.560000,9.560000,9.560000,0
2018-10-24,9.560000,9.560000,9.560000,9.560000,9.560000,0
2018-10-25,9.560000,9.560000,9.560000,9.560000,9.560000,0
2018-10-26,9.560000,9.560000,9.560000,9.560000,9.560000,0
2018-10-29,9.560000,9.560000,9.560000,9.560000,9.560000,0
2018-10-30,9.560000,9.560000,9.560000,9.560000,9.560000,0
2018-10-31,9.530000,9.560000,9.530000,9.560000,9.560000,500
2018-11-01,9.530000,9.560000,9.530000,9.560000,9.560000,140400
2018-11-02,9.560000,9.560000,9.560000,9.560000,9.560000,0
2018-11-05,9.560000,9.560000,9.560000,9.560000,9.560000,20400
2018-11-06,9.600000,9.600000,9.570000,9.570000,9.570000,5500
2018-11-07,9.590000,9.590000,9.540000,9.540000,9.540000,247500
2018-11-08,9.550000,9.550000,9.550000,9.550000,9.550000,15300
2018-11-09,9.600000,9.600000,9.600000,9.600000,9.600000,3000
2018-11-12,9.600000,9.600000,9.600000,9.600000,9.600000,0
2018-11-13,9.580000,9.640000,9.572000,9.600000,9.600000,14000
2018-11-14,9.640000,9.654000,9.640000,9.640000,9.640000,29100
2018-11-15,9.630000,9.630000,9.620000,9.620000,9.620000,600
2018-11-16,9.620000,9.620000,9.620000,9.620000,9.620000,0
2018-11-19,9.620000,9.620000,9.620000,9.620000,9.620000,39400
2018-11-20,9.620000,9.620000,9.620000,9.620000,9.620000,0
2018-11-21,9.620000,9.620000,9.620000,9.620000,9.620000,0
2018-11-23,9.620000,9.620000,9.620000,9.620000,9.620000,0
2018-11-26,9.680000,9.701000,9.680000,9.680000,9.680000,9900
2018-11-27,9.680000,9.680000,9.680000,9.680000,9.680000,0
2018-11-28,9.680000,9.680000,9.680000,9.680000,9.680000,0
2018-11-29,9.700000,9.950000,9.700000,9.950000,9.950000,56500
2018-11-30,9.790000,9.790000,9.790000,9.790000,9.790000,700
2018-12-03,9.740000,9.740000,9.700000,9.700000,9.700000,200
2018-12-04,9.700000,9.700000,9.700000,9.700000,9.700000,0
2018-12-06,9.790000,9.790000,9.790000,9.790000,9.790000,100
2018-12-07,9.790000,9.790000,9.790000,9.790000,9.790000,0
2018-12-10,9.790000,9.790000,9.790000,9.790000,9.790000,0
2018-12-11,9.790000,9.790000,9.790000,9.790000,9.790000,0
2018-12-12,9.790000,9.790000,9.790000,9.790000,9.790000,0
2018-12-13,9.790000,9.790000,9.790000,9.790000,9.790000,0
2018-12-14,9.790000,9.790000,9.790000,9.790000,9.790000,0
2018-12-17,9.790000,9.790000,9.790000,9.790000,9.790000,0
2018-12-18,9.850000,9.850000,9.850000,9.850000,9.850000,100
2018-12-19,9.850000,9.850000,9.850000,9.850000,9.850000,0
2018-12-20,9.850000,9.850000,9.850000,9.850000,9.850000,0
2018-12-21,9.850000,9.850000,9.850000,9.850000,9.850000,0
2018-12-24,9.850000,9.850000,9.850000,9.850000,9.850000,0
2018-12-26,9.850000,9.850000,9.850000,9.850000,9.850000,0
2018-12-27,9.850000,9.850000,9.850000,9.850000,9.850000,0
2018-12-28,9.850000,9.850000,9.850000,9.850000,9.850000,0
2018-12-31,9.850000,9.850000,9.850000,9.850000,9.850000,500
2019-01-02,9.850000,9.850000,9.850000,9.850000,9.850000,0
2019-01-03,9.850000,9.850000,9.850000,9.850000,9.850000,0
2019-01-04,9.850000,9.850000,9.850000,9.850000,9.850000,0
2019-01-07,9.850000,9.850000,9.850000,9.850000,9.850000,0
2019-01-08,9.850000,9.850000,9.850000,9.850000,9.850000,0
2019-01-09,9.850000,9.850000,9.850000,9.850000,9.850000,0
2019-01-10,9.850000,9.850000,9.850000,9.850000,9.850000,0
2019-01-11,9.850000,9.850000,9.850000,9.850000,9.850000,0
2019-01-14,9.850000,9.850000,9.850000,9.850000,9.850000,0
2019-01-15,9.780000,9.780000,9.780000,9.780000,9.780000,1000
2019-01-16,9.780000,9.780000,9.780000,9.780000,9.780000,0
2019-01-17,9.780000,9.780000,9.780000,9.780000,9.780000,0
2019-01-18,9.780000,9.780000,9.780000,9.780000,9.780000,0
2019-01-22,9.780000,9.820000,9.780000,9.820000,9.820000,4600
2019-01-23,9.820000,9.820000,9.820000,9.820000,9.820000,0
2019-01-24,9.820000,9.820000,9.820000,9.820000,9.820000,0
2019-01-25,9.820000,9.820000,9.820000,9.820000,9.820000,100
2019-01-28,9.820000,9.820000,9.820000,9.820000,9.820000,0
2019-01-29,9.820000,9.820000,9.820000,9.820000,9.820000,0
2019-01-30,9.820000,9.820000,9.820000,9.820000,9.820000,0
2019-01-31,9.800000,9.800000,9.800000,9.800000,9.800000,200
2019-02-01,9.800000,9.800000,9.800000,9.800000,9.800000,0
2019-02-04,9.850000,9.900000,9.850000,9.900000,9.900000,5500
2019-02-05,9.900000,9.900000,9.900000,9.900000,9.900000,0
2019-02-06,9.900000,9.900000,9.900000,9.900000,9.900000,0
2019-02-07,9.900000,9.900000,9.900000,9.900000,9.900000,0
2019-02-08,9.900000,9.900000,9.900000,9.900000,9.900000,100
2019-02-11,9.850000,9.850000,9.850000,9.850000,9.850000,3000
2019-02-12,9.890000,9.900000,9.890000,9.900000,9.900000,4200
2019-02-13,9.900000,9.900000,9.900000,9.900000,9.900000,0
2019-02-14,9.900000,9.900000,9.900000,9.900000,9.900000,0
2019-02-15,9.900000,9.900000,9.900000,9.900000,9.900000,0
2019-02-19,9.900000,9.900000,9.900000,9.900000,9.900000,0
2019-02-20,9.900000,9.920000,9.900000,9.920000,9.920000,3400
2019-02-21,9.950000,9.950000,9.950000,9.950000,9.950000,500
2019-02-22,9.950000,9.950000,9.950000,9.950000,9.950000,0
2019-02-25,9.950000,9.950000,9.950000,9.950000,9.950000,0
2019-02-26,9.900000,9.900000,9.900000,9.900000,9.900000,10000
2019-02-27,9.900000,9.900000,9.900000,9.900000,9.900000,0
2019-02-28,9.900000,9.900000,9.900000,9.900000,9.900000,0
2019-03-01,9.900000,9.900000,9.900000,9.900000,9.900000,0
2019-03-04,9.900000,9.900000,9.900000,9.900000,9.900000,0
2019-03-05,9.900000,9.900000,9.900000,9.900000,9.900000,99900
2019-03-06,9.900000,9.900000,9.900000,9.900000,9.900000,0
2019-03-07,9.900000,9.900000,9.900000,9.900000,9.900000,0
2019-03-08,9.900000,9.910000,9.900000,9.910000,9.910000,1500
2019-03-11,9.937000,9.940000,9.937000,9.940000,9.940000,3000
2019-03-12,9.940000,9.940000,9.940000,9.940000,9.940000,0
2019-03-13,9.940000,9.940000,9.940000,9.940000,9.940000,0
2019-03-14,9.940000,9.940000,9.940000,9.940000,9.940000,0
2019-03-15,9.940000,9.940000,9.940000,9.940000,9.940000,0
2019-03-18,9.940000,9.940000,9.940000,9.940000,9.940000,0
2019-03-19,9.920000,9.920000,9.920000,9.920000,9.920000,5300
2019-03-20,9.920000,9.920000,9.920000,9.920000,9.920000,0
2019-03-21,9.920000,9.920000,9.920000,9.920000,9.920000,2600
2019-03-22,9.920000,9.920000,9.920000,9.920000,9.920000,0
2019-03-25,9.920000,9.920000,9.920000,9.920000,9.920000,0
2019-03-26,9.920000,9.920000,9.920000,9.920000,9.920000,0
2019-03-27,9.920000,9.920000,9.920000,9.920000,9.920000,0
2019-03-28,9.920000,9.920000,9.920000,9.920000,9.920000,0
2019-03-29,9.920000,9.920000,9.920000,9.920000,9.920000,0
2019-04-01,9.920000,9.920000,9.920000,9.920000,9.920000,0
2019-04-02,9.920000,9.920000,9.920000,9.920000,9.920000,0
2019-04-03,9.920000,9.920000,9.920000,9.920000,9.920000,0
2019-04-04,9.920000,9.920000,9.920000,9.920000,9.920000,0
2019-04-05,9.920000,9.920000,9.920000,9.920000,9.920000,0
2019-04-08,9.950000,10.000000,9.950000,10.000000,10.000000,16000
2019-04-09,10.000000,10.000000,10.000000,10.000000,10.000000,0
2019-04-10,10.000000,10.000000,10.000000,10.000000,10.000000,0
2019-04-11,10.000000,10.000000,10.000000,10.000000,10.000000,0
2019-04-12,10.000000,10.000000,10.000000,10.000000,10.000000,0
2019-04-15,10.000000,10.000000,10.000000,10.000000,10.000000,0
2019-04-16,10.000000,10.000000,10.000000,10.000000,10.000000,0
2019-04-17,10.000000,10.000000,10.000000,10.000000,10.000000,0
2019-04-18,10.000000,10.000000,10.000000,10.000000,10.000000,0
2019-04-22,10.000000,10.000000,10.000000,10.000000,10.000000,0
2019-04-23,10.000000,10.000000,10.000000,10.000000,10.000000,0
2019-04-24,10.000000,10.000000,10.000000,10.000000,10.000000,0
2019-04-25,10.050000,10.050000,10.050000,10.050000,10.050000,1200
2019-04-26,10.050000,10.050000,10.050000,10.050000,10.050000,0
2019-04-29,10.050000,10.050000,10.050000,10.050000,10.050000,0
2019-04-30,10.050000,10.050000,10.050000,10.050000,10.050000,0
2019-05-01,10.050000,10.050000,10.050000,10.050000,10.050000,0
2019-05-02,10.050000,10.050000,10.050000,10.050000,10.050000,0
2019-05-03,10.050000,10.050000,10.050000,10.050000,10.050000,0
2019-05-06,10.050000,10.050000,10.050000,10.050000,10.050000,0
2019-05-07,10.050000,10.050000,10.050000,10.050000,10.050000,0
2019-05-08,10.050000,10.050000,10.050000,10.050000,10.050000,0
2019-05-09,10.050000,10.050000,10.050000,10.050000,10.050000,0
2019-05-10,10.050000,10.050000,10.050000,10.050000,10.050000,0
2019-05-13,10.050000,10.050000,10.050000,10.050000,10.050000,0
2019-05-14,10.050000,10.050000,10.050000,10.050000,10.050000,0
2019-05-15,10.050000,10.050000,10.050000,10.050000,10.050000,0
2019-05-16,10.050000,10.050000,10.050000,10.050000,10.050000,0
2019-05-17,10.050000,10.050000,10.050000,10.050000,10.050000,0
2019-05-20,10.050000,10.050000,10.050000,10.050000,10.050000,0
2019-05-21,10.050000,10.050000,10.050000,10.050000,10.050000,0
2019-05-22,10.050000,10.050000,10.050000,10.050000,10.050000,0
2019-05-23,10.060000,10.060000,10.060000,10.060000,10.060000,20000
2019-05-24,10.060000,10.060000,10.060000,10.060000,10.060000,0
2019-05-28,10.060000,10.060000,10.060000,10.060000,10.060000,0
2019-05-29,10.060000,10.060000,10.060000,10.060000,10.060000,0
2019-05-30,10.060000,10.060000,10.060000,10.060000,10.060000,0
2019-05-31,10.060000,10.060000,10.060000,10.060000,10.060000,0
2019-06-03,10.060000,10.060000,10.060000,10.060000,10.060000,0
2019-06-04,10.060000,10.060000,10.060000,10.060000,10.060000,0
2019-06-05,10.060000,10.060000,10.060000,10.060000,10.060000,0
2019-06-06,10.100000,10.100000,10.100000,10.100000,10.100000,1000
2019-06-07,10.110000,10.116000,10.110000,10.116000,10.116000,9700
2019-06-10,10.116000,10.116000,10.116000,10.116000,10.116000,0
2019-06-11,10.150000,10.150000,10.150000,10.150000,10.150000,1000
2019-06-12,10.150000,10.150000,10.150000,10.150000,10.150000,0
2019-06-13,10.150000,10.150000,10.150000,10.150000,10.150000,0
2019-06-14,10.090000,10.090000,10.000000,10.000000,10.000000,30000
2019-06-17,10.000000,10.020000,10.000000,10.020000,10.020000,10800
2019-06-18,10.020000,10.020000,10.020000,10.020000,10.020000,0
2019-06-19,10.010000,10.010000,10.000000,10.000000,10.000000,6900
2019-06-20,10.000000,10.000000,10.000000,10.000000,10.000000,0
2019-06-21,10.000000,10.000000,10.000000,10.000000,10.000000,0
2019-06-24,10.000000,10.000000,10.000000,10.000000,10.000000,0
2019-06-25,10.000000,10.000000,10.000000,10.000000,10.000000,0
2019-06-26,10.110000,10.110000,10.100000,10.110000,10.110000,2000
2019-06-27,10.110000,10.120000,10.100000,10.110000,10.110000,107300
2019-06-28,10.110000,10.110000,10.110000,10.110000,10.110000,0
2019-07-01,10.110000,10.110000,10.110000,10.110000,10.110000,0
2019-07-02,10.110000,10.110000,10.110000,10.110000,10.110000,0
2019-07-03,10.110000,10.110000,10.110000,10.110000,10.110000,0
2019-07-05,10.110000,10.110000,10.110000,10.110000,10.110000,0
2019-07-08,10.110000,10.110000,10.110000,10.110000,10.110000,0
2019-07-09,10.110000,10.110000,10.110000,10.110000,10.110000,0
2019-07-10,10.110000,10.110000,10.110000,10.110000,10.110000,0
2019-07-11,10.110000,10.110000,10.110000,10.110000,10.110000,0
2019-07-12,10.120000,10.120000,10.120000,10.120000,10.120000,900
2019-07-15,10.120000,10.120000,10.120000,10.120000,10.120000,0
2019-07-16,10.120000,10.120000,10.120000,10.120000,10.120000,100
2019-07-17,10.120000,10.120000,10.120000,10.120000,10.120000,0
2019-07-18,10.120000,10.120000,10.120000,10.120000,10.120000,0
2019-07-19,10.120000,10.120000,10.120000,10.120000,10.120000,100
2019-07-22,10.120000,10.120000,10.120000,10.120000,10.120000,3300
2019-07-23,10.140000,10.140000,10.140000,10.140000,10.140000,200
2019-07-24,10.140000,10.180000,10.120000,10.120000,10.120000,350600
2019-07-25,10.140000,10.140000,10.120000,10.120000,10.120000,25100
2019-07-26,10.140000,10.140000,10.140000,10.140000,10.140000,1900
2019-07-29,10.140000,10.140000,10.140000,10.140000,10.140000,1900
2019-07-30,10.140000,10.140000,10.140000,10.140000,10.140000,50100
2019-07-31,10.150000,10.150000,10.140000,10.140000,10.140000,75400
2019-08-01,10.140000,10.140000,10.140000,10.140000,10.140000,400
2019-08-02,10.140000,10.140000,10.140000,10.140000,10.140000,400
2019-08-05,10.140000,10.140000,10.140000,10.140000,10.140000,50000
2019-08-06,10.140000,10.140000,10.140000,10.140000,10.140000,50000
2019-08-07,10.140000,10.140000,10.140000,10.140000,10.140000,50000
2019-08-08,10.140000,10.140000,10.140000,10.140000,10.140000,50000
2019-08-09,10.140000,10.140000,10.140000,10.140000,10.140000,50000
2019-08-12,10.140000,10.140000,10.140000,10.140000,10.140000,50000
2019-08-13,10.140000,10.140000,10.140000,10.140000,10.140000,50000
2019-08-14,10.140000,10.140000,10.140000,10.140000,10.140000,50000
2019-08-15,10.140000,10.140000,10.140000,10.140000,10.140000,50000
2019-08-16,10.140000,10.140000,10.140000,10.140000,10.140000,0
2019-08-19,10.140000,10.140000,10.140000,10.140000,10.140000,0
2019-08-20,10.150000,10.150000,10.150000,10.150000,10.150000,4500
2019-08-21,10.150000,10.150000,10.150000,10.150000,10.150000,0
2019-08-22,10.140000,10.140000,10.140000,10.140000,10.140000,500
2019-08-23,10.140000,10.140000,10.140000,10.140000,10.140000,0
2019-08-26,10.140000,10.140000,10.140000,10.140000,10.140000,50000
2019-08-27,10.140000,10.140000,10.140000,10.140000,10.140000,0
2019-08-28,10.160000,10.170000,10.155000,10.170000,10.170000,75500
2019-08-29,10.170000,10.170000,10.170000,10.170000,10.170000,0
2019-08-30,10.170000,10.170000,10.170000,10.170000,10.170000,0
2019-09-03,10.170000,10.170000,10.170000,10.170000,10.170000,0
2019-09-04,10.170000,10.170000,10.170000,10.170000,10.170000,0
2019-09-05,10.170000,10.170000,10.170000,10.170000,10.170000,0
2019-09-06,10.170000,10.170000,10.170000,10.170000,10.170000,0
2019-09-09,10.170000,10.180000,10.170000,10.180000,10.180000,18800
2019-09-10,10.180000,10.180000,10.180000,10.180000,10.180000,0
2019-09-11,10.180000,10.180000,10.180000,10.180000,10.180000,20000
2019-09-12,10.180000,10.180000,10.180000,10.180000,10.180000,0
2019-09-13,10.180000,10.180000,10.180000,10.180000,10.180000,0
2019-09-16,10.180000,10.180000,10.180000,10.180000,10.180000,0
2019-09-17,10.180000,10.180000,10.180000,10.180000,10.180000,0
2019-09-18,10.180000,10.180000,10.180000,10.180000,10.180000,0
2019-09-19,10.180000,10.180000,10.180000,10.180000,10.180000,0
2019-09-20,10.180000,10.180000,10.180000,10.180000,10.180000,0
2019-09-23,10.180000,10.180000,10.180000,10.180000,10.180000,0
2019-09-24,10.180000,10.180000,10.180000,10.180000,10.180000,0
2019-09-25,10.200000,10.200000,10.200000,10.200000,10.200000,700
2019-09-26,10.200000,10.200000,10.200000,10.200000,10.200000,0
2019-09-27,10.200000,10.200000,10.200000,10.200000,10.200000,0
2019-09-30,10.200000,10.200000,10.200000,10.200000,10.200000,0
2019-10-01,10.200000,10.200000,10.200000,10.200000,10.200000,0
2019-10-02,10.180000,10.204000,10.140000,10.162000,10.162000,11900
2019-10-03,10.162000,10.162000,10.162000,10.162000,10.162000,0
2019-10-04,10.162000,10.162000,10.162000,10.162000,10.162000,0
2019-10-07,10.162000,10.162000,10.162000,10.162000,10.162000,0
2019-10-08,10.162000,10.162000,10.162000,10.162000,10.162000,0
2019-10-09,10.160000,10.180000,10.160000,10.180000,10.180000,1600
2019-10-10,10.170000,10.170000,10.170000,10.170000,10.170000,2000
2019-10-11,10.180000,10.180000,10.180000,10.180000,10.180000,200
2019-10-14,10.210000,10.210000,10.210000,10.210000,10.210000,20000
2019-10-15,10.210000,10.210000,10.210000,10.210000,10.210000,0
2019-10-16,10.210000,10.210000,10.210000,10.210000,10.210000,0
2019-10-17,10.210000,10.210000,10.210000,10.210000,10.210000,0
2019-10-18,10.210000,10.210000,10.210000,10.210000,10.210000,0
2019-10-21,10.170000,10.170000,10.170000,10.170000,10.170000,13000
2019-10-22,10.170000,10.170000,10.170000,10.170000,10.170000,23700
2019-10-23,10.170000,10.170000,10.170000,10.170000,10.170000,0
2019-10-24,10.170000,10.170000,10.170000,10.170000,10.170000,0
2019-10-25,10.170000,10.170000,10.170000,10.170000,10.170000,0
2019-10-28,10.170000,10.170000,10.170000,10.170000,10.170000,0
2019-10-29,10.170000,10.170000,10.170000,10.170000,10.170000,0
2019-10-30,10.170000,10.170000,10.170000,10.170000,10.170000,0
2019-10-31,10.170000,10.170000,10.170000,10.170000,10.170000,100
2019-11-01,10.170000,10.170000,10.170000,10.170000,10.170000,0
2019-11-04,10.170000,10.170000,10.170000,10.170000,10.170000,0
2019-11-05,10.170000,10.170000,10.170000,10.170000,10.170000,0
2019-11-06,10.170000,10.170000,10.170000,10.170000,10.170000,0
2019-11-07,10.170000,10.170000,10.170000,10.170000,10.170000,0
2019-11-08,10.230000,10.230000,10.210000,10.230000,10.230000,39100
2019-11-11,10.230000,10.230000,10.230000,10.230000,10.230000,100
2019-11-12,10.230000,10.230000,10.230000,10.230000,10.230000,0
2019-11-13,10.250000,10.250000,10.250000,10.250000,10.250000,1900
2019-11-14,10.250000,10.250000,10.250000,10.250000,10.250000,0
2019-11-15,10.270000,10.270000,10.270000,10.270000,10.270000,1000
2019-11-18,10.260000,10.260000,10.260000,10.260000,10.260000,25000
2019-11-19,10.260000,10.260000,10.260000,10.260000,10.260000,0
2019-11-20,10.280000,10.330000,10.280000,10.280000,10.280000,26100
2019-11-21,10.260000,10.260000,10.255000,10.260000,10.260000,81500
2019-11-22,10.260000,10.260000,10.260000,10.260000,10.260000,0
2019-11-25,10.260000,10.260000,10.260000,10.260000,10.260000,6400
2019-11-26,10.260000,10.260000,10.260000,10.260000,10.260000,0
2019-11-27,10.260000,10.260000,10.260000,10.260000,10.260000,0
2019-11-29,10.260000,10.260000,10.260000,10.260000,10.260000,0
2019-12-02,10.260000,10.260000,10.260000,10.260000,10.260000,0
2019-12-03,10.260000,10.260000,10.260000,10.260000,10.260000,0
2019-12-04,10.260000,10.260000,10.260000,10.260000,10.260000,0
2019-12-05,10.260000,10.260000,10.260000,10.260000,10.260000,0
2019-12-06,10.260000,10.260000,10.260000,10.260000,10.260000,0
2019-12-09,10.260000,10.260000,10.260000,10.260000,10.260000,0
2019-12-10,10.260000,10.260000,10.260000,10.260000,10.260000,0
2019-12-11,10.260000,10.260000,10.260000,10.260000,10.260000,0
2019-12-12,10.320000,10.330000,10.320000,10.325000,10.325000,32700
2019-12-13,10.330000,10.330000,10.320000,10.320000,10.320000,3100
2019-12-16,10.320000,10.320000,10.320000,10.320000,10.320000,0
2019-12-17,10.320000,10.320000,10.320000,10.320000,10.320000,5300
2019-12-18,10.320000,10.330000,10.320000,10.330000,10.330000,382700
2019-12-19,10.320000,10.330000,10.320000,10.320000,10.320000,100800
2019-12-20,10.320000,10.320000,10.320000,10.320000,10.320000,0
2019-12-23,10.320000,10.320000,10.320000,10.320000,10.320000,75000
2019-12-24,10.330000,10.330000,10.330000,10.330000,10.330000,10000
2019-12-26,10.330000,10.330000,10.330000,10.330000,10.330000,0
2019-12-27,10.330000,10.330000,10.330000,10.330000,10.330000,0
2019-12-30,10.300000,10.310000,10.300000,10.300000,10.300000,5100
2019-12-31,10.330000,10.330000,10.330000,10.330000,10.330000,200
2020-01-02,10.350000,10.350000,10.350000,10.350000,10.350000,20000
2020-01-03,10.340000,10.340000,10.340000,10.340000,10.340000,100
2020-01-06,10.350000,10.350000,10.340000,10.340000,10.340000,19500
2020-01-07,10.340000,10.340000,10.340000,10.340000,10.340000,0
2020-01-08,10.340000,10.340000,10.340000,10.340000,10.340000,0
2020-01-09,10.350000,10.350000,10.340000,10.340000,10.340000,90000
2020-01-10,10.340000,10.340000,10.340000,10.340000,10.340000,0
2020-01-13,10.411000,10.421000,10.411000,10.419000,10.419000,3000
2020-01-14,10.380000,10.410000,10.380000,10.410000,10.410000,5500
2020-01-15,10.440000,10.450000,10.428000,10.450000,10.450000,4600
2020-01-16,10.390000,10.390000,10.380000,10.380000,10.380000,1000
2020-01-17,10.380000,10.380000,10.380000,10.380000,10.380000,0
2020-01-21,10.442000,10.490000,10.438000,10.451000,10.451000,5500
2020-01-22,10.415000,10.415000,10.415000,10.415000,10.415000,200
2020-01-23,10.435000,10.480000,10.350000,10.350000,10.350000,2700
2020-01-24,10.350000,10.350000,10.350000,10.350000,10.350000,0
2020-01-27,10.470000,10.470000,10.430000,10.430000,10.430000,1700
2020-01-28,10.390000,10.440000,10.390000,10.440000,10.440000,2700
2020-01-29,10.450000,10.450000,10.350000,10.350000,10.350000,1600
2020-01-30,10.350000,10.350000,10.350000,10.350000,10.350000,1100
2020-01-31,10.413000,10.440000,10.390000,10.420000,10.420000,5700
2020-02-03,10.420000,10.420000,10.420000,10.420000,10.420000,0
2020-02-04,10.420000,10.420000,10.420000,10.420000,10.420000,0
2020-02-05,10.420000,10.420000,10.420000,10.420000,10.420000,0
2020-02-06,10.420000,10.420000,10.420000,10.420000,10.420000,0
2020-02-07,10.420000,10.420000,10.420000,10.420000,10.420000,0
2020-02-10,10.420000,10.420000,10.420000,10.420000,10.420000,0
2020-02-11,10.420000,10.420000,10.420000,10.420000,10.420000,0
2020-02-12,10.400000,10.400000,10.400000,10.400000,10.400000,3700
2020-02-13,10.400000,10.400000,10.400000,10.400000,10.400000,0
2020-02-14,10.306000,10.306000,10.306000,10.306000,10.306000,1200
2020-02-18,10.306000,10.306000,10.306000,10.306000,10.306000,0
2020-02-19,10.306000,10.306000,10.306000,10.306000,10.306000,0
2020-02-20,10.430000,10.430000,10.430000,10.430000,10.430000,500
2020-02-21,10.400000,10.400000,10.400000,10.400000,10.400000,32600
2020-02-24,10.400000,10.410000,10.400000,10.400000,10.400000,26200
2020-02-25,10.441000,10.480000,10.400000,10.421000,10.421000,11800
2020-02-26,10.421000,10.421000,10.421000,10.421000,10.421000,0
2020-02-27,10.485000,10.485000,10.420000,10.420000,10.420000,55300
2020-02-28,10.420000,10.420000,10.420000,10.420000,10.420000,0
2020-03-02,10.420000,10.420000,10.420000,10.420000,10.420000,0
2020-03-03,10.440000,10.440000,10.440000,10.440000,10.440000,1000
2020-03-04,10.440000,10.440000,10.420000,10.440000,10.440000,92000
2020-03-05,10.440000,10.440000,10.440000,10.440000,10.440000,0
2020-03-06,10.440000,10.440000,10.440000,10.440000,10.440000,0
2020-03-09,10.380000,10.440000,10.370000,10.440000,10.440000,40200
2020-03-10,10.440000,10.440000,10.440000,10.440000,10.440000,0
2020-03-11,10.420000,10.420000,10.420000,10.420000,10.420000,200
2020-03-12,10.400000,10.400000,10.400000,10.400000,10.400000,200
2020-03-13,10.370000,10.370000,10.370000,10.370000,10.370000,63800
2020-03-16,10.370000,10.370000,10.370000,10.370000,10.370000,0
2020-03-17,10.370000,10.370000,10.370000,10.370000,10.370000,0
2020-03-18,10.200000,10.200000,10.200000,10.200000,10.200000,100
2020-03-19,10.200000,10.200000,10.200000,10.200000,10.200000,0
2020-03-20,10.200000,10.200000,10.200000,10.200000,10.200000,0
2020-03-23,10.200000,10.200000,10.200000,10.200000,10.200000,0
2020-03-24,10.250000,10.250000,10.250000,10.250000,10.250000,150000
2020-03-25,10.250000,10.250000,10.250000,10.250000,10.250000,0
2020-03-26,10.250000,10.250000,10.250000,10.250000,10.250000,0
2020-03-27,10.400000,10.400000,10.400000,10.400000,10.400000,201100
2020-03-30,10.400000,10.400000,10.400000,10.400000,10.400000,29400
2020-03-31,10.400000,10.400000,10.400000,10.400000,10.400000,0
2020-04-01,10.430000,10.431000,10.430000,10.430000,10.430000,130300
2020-04-02,10.430000,10.430000,10.430000,10.430000,10.430000,0
2020-04-03,10.430000,10.430000,10.430000,10.430000,10.430000,0
2020-04-06,10.430000,10.430000,10.430000,10.430000,10.430000,0
2020-04-07,10.430000,10.430000,10.430000,10.430000,10.430000,0
2020-04-08,10.460000,10.590000,10.460000,10.590000,10.590000,48800
2020-04-09,10.501000,10.501000,10.501000,10.501000,10.501000,500
2020-04-13,10.501000,10.501000,10.501000,10.501000,10.501000,0
2020-04-14,10.501000,10.501000,10.501000,10.501000,10.501000,0
2020-04-15,10.501000,10.501000,10.501000,10.501000,10.501000,0
2020-04-16,10.501000,10.501000,10.501000,10.501000,10.501000,0
2020-04-17,10.501000,10.501000,10.501000,10.501000,10.501000,0
2020-04-20,10.501000,10.501000,10.501000,10.501000,10.501000,0
2020-04-21,10.501000,10.501000,10.501000,10.501000,10.501000,0
2020-04-22,10.501000,10.501000,10.501000,10.501000,10.501000,0
2020-04-23,10.501000,10.501000,10.501000,10.501000,10.501000,0
2020-04-24,10.501000,10.501000,10.501000,10.501000,10.501000,0
2020-04-27,10.501000,10.501000,10.501000,10.501000,10.501000,0
2020-04-28,10.501000,10.501000,10.501000,10.501000,10.501000,0
2020-04-29,10.501000,10.501000,10.501000,10.501000,10.501000,0
2020-04-30,10.500000,10.500000,10.473000,10.473000,10.473000,800500
2020-05-01,10.480000,10.480000,10.480000,10.480000,10.480000,37300
2020-05-04,10.480000,10.480000,10.480000,10.480000,10.480000,0
2020-05-05,10.480000,10.480000,10.480000,10.480000,10.480000,0
2020-05-06,10.480000,10.480000,10.480000,10.480000,10.480000,0
2020-05-07,10.480000,10.480000,10.480000,10.480000,10.480000,0
2020-05-08,10.480000,10.480000,10.480000,10.480000,10.480000,0
2020-05-11,10.480000,10.480000,10.480000,10.480000,10.480000,300
2020-05-12,10.480000,10.480000,10.480000,10.480000,10.480000,0
2020-05-13,10.480000,10.480000,10.480000,10.480000,10.480000,0
2020-05-14,10.480000,10.480000,10.480000,10.480000,10.480000,0
2020-05-15,10.514000,10.514000,10.514000,10.514000,10.514000,600
2020-05-18,10.514000,10.514000,10.514000,10.514000,10.514000,0
2020-05-19,10.500000,10.518000,10.500000,10.503000,10.503000,2600
2020-05-20,10.503000,10.503000,10.503000,10.503000,10.503000,0
2020-05-21,10.503000,10.503000,10.503000,10.503000,10.503000,0
2020-05-22,10.503000,10.503000,10.503000,10.503000,10.503000,0
2020-05-26,10.503000,10.503000,10.503000,10.503000,10.503000,0
2020-05-27,10.503000,10.503000,10.503000,10.503000,10.503000,0
2020-05-28,10.503000,10.503000,10.503000,10.503000,10.503000,0
2020-05-29,10.503000,10.503000,10.503000,10.503000,10.503000,0
2020-06-01,10.503000,10.503000,10.503000,10.503000,10.503000,0
2020-06-02,10.503000,10.503000,10.503000,10.503000,10.503000,0
2020-06-03,10.503000,10.503000,10.503000,10.503000,10.503000,0
2020-06-04,10.550000,10.550000,10.550000,10.550000,10.550000,500
2020-06-05,10.550000,10.550000,10.550000,10.550000,10.550000,0
2020-06-08,10.800000,10.800000,10.600000,10.600000,10.600000,702800
2020-06-09,10.650000,10.700000,10.613000,10.680000,10.680000,255200
2020-06-10,10.850000,11.700000,10.800000,11.000000,11.000000,1261700
2020-06-11,10.900000,10.900000,10.570000,10.650000,10.650000,225800
2020-06-12,10.880000,10.880000,10.500000,10.610000,10.610000,166900
2020-06-15,11.000000,11.105000,10.800000,10.900000,10.900000,432800
2020-06-16,11.110000,11.150000,10.950000,11.000000,11.000000,392500
2020-06-17,11.200000,12.800000,11.150000,12.300000,12.300000,1332900
2020-06-18,12.610000,13.000000,12.500000,12.820000,12.820000,547300
2020-06-19,13.200000,13.200000,11.320000,11.580000,11.580000,695800
2020-06-22,11.750000,11.920000,11.200000,11.300000,11.300000,270300
2020-06-23,11.500000,11.500000,10.750000,10.999000,10.999000,358000
2020-06-24,11.000000,11.000000,10.540000,10.922000,10.922000,268100
2020-06-25,10.900000,10.900000,10.650000,10.790000,10.790000,131600
2020-06-26,10.930000,11.200000,10.680000,10.800000,10.800000,293300
2020-06-29,11.600000,12.880000,11.300000,12.840000,12.840000,1158200
2020-06-30,13.100000,13.120000,11.810000,12.170000,12.170000,674500
2020-07-01,12.480000,12.590000,11.550000,11.730000,11.730000,359600
2020-07-02,12.200000,12.850000,11.820000,12.220000,12.220000,404200
2020-07-06,12.750000,13.400000,12.310000,12.550000,12.550000,799600
2020-07-07,12.500000,12.700000,11.300000,11.410000,11.410000,346100
2020-07-08,11.740000,11.750000,11.050000,11.610000,11.610000,175500
2020-07-09,11.750000,12.170000,11.700000,12.130000,12.130000,472500
2020-07-10,12.130000,12.220000,11.753000,11.940000,11.940000,126100
2020-07-13,12.200000,12.200000,11.150000,11.350000,11.350000,244000
2020-07-14,11.350000,11.490000,11.100000,11.490000,11.490000,106400
2020-07-15,11.500000,11.800000,11.200000,11.400000,11.400000,147100
2020-07-16,11.200000,11.540000,11.100000,11.400000,11.400000,126800