Date,Open,High,Low,Close,Adj Close,Volume
2014-06-27,10.805000,10.810000,10.805000,10.810000,10.810000,4900
2014-06-30,10.810000,10.810000,10.810000,10.810000,10.810000,0
2014-07-01,10.810000,10.810000,10.810000,10.810000,10.810000,0
2014-07-02,10.810000,10.810000,10.810000,10.810000,10.810000,0
2014-07-03,11.280000,11.280000,11.280000,11.280000,11.280000,800
2014-07-07,11.305000,11.500000,11.165000,11.360000,11.360000,3800
2014-07-08,11.500000,11.550000,11.280000,11.550000,11.550000,1400
2014-07-09,11.290000,11.290000,10.930000,10.930000,10.930000,100
2014-07-10,11.050000,11.050000,11.050000,11.050000,11.050000,200
2014-07-11,11.065000,11.220000,10.625000,11.220000,11.220000,1600
2014-07-14,11.180000,11.180000,10.985000,11.040000,11.040000,500
2014-07-15,10.985000,11.250000,10.980000,10.980000,10.980000,400
2014-07-16,10.955000,11.250000,10.790000,11.250000,11.250000,2900
2014-07-17,10.825000,11.010000,10.790000,11.000000,11.000000,2600
2014-07-18,11.030000,11.415000,10.930000,10.930000,10.930000,3500
2014-07-21,11.095000,11.630000,10.825000,11.630000,11.630000,1700
2014-07-22,11.185000,11.185000,11.100000,11.100000,11.100000,1000
2014-07-23,10.975000,11.040000,10.960000,10.960000,10.960000,900
2014-07-24,10.975000,10.975000,10.970000,10.970000,10.970000,900
2014-07-25,10.945000,10.985000,10.895000,10.985000,10.985000,100
2014-07-28,11.545000,11.590000,11.405000,11.405000,11.405000,1700
2014-07-29,11.405000,11.405000,11.405000,11.405000,11.405000,0
2014-07-30,11.490000,11.490000,11.400000,11.400000,11.400000,900
2014-07-31,11.400000,11.400000,11.400000,11.400000,11.400000,0
2014-08-01,11.400000,11.400000,11.400000,11.400000,11.400000,0
2014-08-04,11.400000,11.400000,11.400000,11.400000,11.400000,0
2014-08-05,11.680000,11.785000,11.650000,11.785000,11.785000,800
2014-08-06,11.785000,11.785000,11.785000,11.785000,11.785000,0
2014-08-07,11.785000,11.785000,11.785000,11.785000,11.785000,0
2014-08-08,11.785000,11.785000,11.785000,11.785000,11.785000,0
2014-08-11,11.250000,11.250000,11.225000,11.225000,11.225000,1600
2014-08-12,10.950000,10.990000,10.950000,10.990000,10.990000,100
2014-08-13,11.500000,11.500000,11.500000,11.500000,11.500000,200
2014-08-14,11.500000,11.550000,11.500000,11.500000,11.500000,1000
2014-08-15,11.485000,11.485000,11.415000,11.415000,11.415000,600
2014-08-18,11.415000,11.415000,11.415000,11.415000,11.415000,0
2014-08-19,11.500000,11.500000,11.500000,11.500000,11.500000,800
2014-08-20,11.450000,11.450000,11.250000,11.250000,11.250000,1600
2014-08-21,11.250000,11.250000,11.250000,11.250000,11.250000,0
2014-08-22,11.250000,11.250000,11.250000,11.250000,11.250000,0
2014-08-25,11.415000,11.415000,11.415000,11.415000,11.415000,0
2014-08-26,11.355000,11.355000,11.355000,11.355000,11.355000,0
2014-08-27,11.500000,11.500000,11.500000,11.500000,11.500000,4000
2014-08-28,11.500000,11.500000,11.250000,11.500000,11.500000,1200
2014-08-29,11.750000,11.750000,11.250000,11.550000,11.550000,4100
2014-09-02,11.950000,12.200000,11.690000,11.945000,11.945000,11300
2014-09-03,11.940000,12.100000,11.935000,12.015000,12.015000,6800
2014-09-04,12.100000,12.355000,12.050000,12.210000,12.210000,7000
2014-09-05,12.350000,12.355000,12.120000,12.205000,12.205000,7200
2014-09-08,12.220000,12.435000,12.125000,12.140000,12.140000,5900
2014-09-09,12.295000,12.300000,12.250000,12.285000,12.285000,3300
2014-09-10,12.265000,12.265000,11.750000,11.850000,11.850000,4600
2014-09-11,11.885000,12.075000,11.715000,12.025000,12.025000,2000
2014-09-12,11.805000,11.965000,11.700000,11.790000,11.790000,2500
2014-09-15,11.770000,11.770000,11.715000,11.715000,11.715000,800
2014-09-16,11.765000,11.765000,11.730000,11.730000,11.730000,600
2014-09-17,11.845000,11.845000,11.495000,11.800000,11.800000,2400
2014-09-18,11.750000,11.755000,11.370000,11.755000,11.755000,800
2014-09-19,11.660000,11.810000,11.655000,11.745000,11.745000,1800
2014-09-22,11.685000,11.800000,11.675000,11.680000,11.680000,1100
2014-09-23,11.375000,11.600000,10.835000,10.835000,10.835000,3800
2014-09-24,10.825000,11.045000,10.825000,10.865000,10.865000,1100
2014-09-25,11.100000,11.100000,10.880000,11.000000,11.000000,900
2014-09-26,10.975000,11.000000,10.945000,10.945000,10.945000,1300
2014-09-29,11.000000,11.000000,10.140000,10.210000,10.210000,4000
2014-09-30,10.255000,11.005000,10.200000,10.750000,10.750000,2800
2014-10-01,10.240000,10.715000,10.240000,10.700000,10.700000,2100
2014-10-02,10.665000,10.850000,10.430000,10.800000,10.800000,1500
2014-10-03,10.895000,10.925000,10.525000,10.525000,10.525000,6200
2014-10-06,11.170000,11.170000,10.400000,10.760000,10.760000,2200
2014-10-07,10.675000,10.675000,10.300000,10.300000,10.300000,1000
2014-10-08,10.100000,10.200000,9.850000,10.150000,10.150000,1100
2014-10-09,10.565000,10.595000,10.240000,10.350000,10.350000,1400
2014-10-10,10.490000,10.500000,10.450000,10.500000,10.500000,900
2014-10-13,10.750000,10.750000,10.750000,10.750000,10.750000,400
2014-10-14,10.455000,10.455000,10.260000,10.395000,10.395000,1100
2014-10-15,10.225000,10.225000,9.515000,9.530000,9.530000,5100
2014-10-16,10.050000,10.050000,10.050000,10.050000,10.050000,500
2014-10-17,10.340000,10.350000,10.025000,10.320000,10.320000,800
2014-10-20,10.600000,10.600000,10.600000,10.600000,10.600000,400
2014-10-21,10.600000,10.600000,10.600000,10.600000,10.600000,0
2014-10-22,11.560000,12.000000,11.560000,12.000000,12.000000,500
2014-10-23,12.500000,12.500000,11.950000,11.995000,11.995000,2300
2014-10-24,11.715000,12.350000,11.715000,12.350000,12.350000,0
2014-10-27,12.255000,12.255000,11.900000,11.995000,11.995000,1400
2014-10-28,11.990000,12.300000,11.950000,12.200000,12.200000,1700
2014-10-29,12.105000,12.105000,12.060000,12.060000,12.060000,500
2014-10-30,12.060000,12.060000,12.060000,12.060000,12.060000,0
2014-10-31,11.580000,11.580000,11.580000,11.580000,11.580000,400
2014-11-03,11.580000,11.580000,11.580000,11.580000,11.580000,0
2014-11-04,11.510000,11.510000,11.505000,11.505000,11.505000,200
2014-11-05,11.600000,11.600000,11.600000,11.600000,11.600000,200
2014-11-06,11.645000,11.645000,11.645000,11.645000,11.645000,0
2014-11-07,11.645000,11.645000,11.645000,11.645000,11.645000,0
2014-11-10,12.650000,12.650000,12.650000,12.650000,12.650000,200
2014-11-11,12.250000,12.650000,12.250000,12.650000,12.650000,400
2014-11-12,12.865000,12.865000,12.400000,12.400000,12.400000,700
2014-11-13,12.305000,12.600000,12.305000,12.575000,12.575000,300
2014-11-14,12.300000,13.045000,12.300000,12.835000,12.835000,900
2014-11-17,13.100000,13.350000,12.620000,12.870000,12.870000,2500
2014-11-18,12.550000,13.200000,12.550000,13.200000,13.200000,1400
2014-11-19,13.120000,13.120000,12.800000,12.800000,12.800000,700
2014-11-20,12.340000,12.340000,12.250000,12.250000,12.250000,400
2014-11-21,12.250000,12.250000,12.250000,12.250000,12.250000,0
2014-11-24,13.950000,13.950000,13.000000,13.000000,13.000000,200
2014-11-25,13.000000,13.000000,13.000000,13.000000,13.000000,0
2014-11-26,12.500000,12.750000,12.430000,12.750000,12.750000,700
2014-11-28,12.715000,12.715000,12.300000,12.300000,12.300000,700
2014-12-01,12.300000,12.480000,12.300000,12.480000,12.480000,100
2014-12-02,12.350000,12.515000,12.265000,12.500000,12.500000,2700
2014-12-03,12.470000,12.470000,12.030000,12.400000,12.400000,1000
2014-12-04,12.545000,12.555000,12.510000,12.510000,12.510000,1700
2014-12-05,12.745000,12.800000,12.350000,12.800000,12.800000,4400
2014-12-08,12.800000,12.895000,12.400000,12.750000,12.750000,1000
2014-12-09,12.400000,12.780000,12.255000,12.780000,12.780000,3500
2014-12-10,12.780000,12.780000,12.780000,12.780000,12.780000,0
2014-12-11,12.690000,12.690000,12.690000,12.690000,12.690000,0
2014-12-12,12.390000,12.395000,12.300000,12.305000,12.305000,1300
2014-12-15,12.330000,12.330000,12.330000,12.330000,12.330000,0
2014-12-16,11.850000,12.000000,11.850000,12.000000,12.000000,1000
2014-12-17,11.975000,11.975000,11.750000,11.850000,11.850000,1200
2014-12-18,12.290000,12.315000,12.035000,12.035000,12.035000,400
2014-12-19,12.025000,12.025000,12.025000,12.025000,12.025000,0
2014-12-22,12.035000,12.100000,12.035000,12.035000,12.035000,0
2014-12-23,12.035000,12.035000,12.035000,12.035000,12.035000,0
2014-12-24,12.055000,12.055000,12.055000,12.055000,12.055000,400
2014-12-26,12.055000,12.055000,12.055000,12.055000,12.055000,0
2014-12-29,12.015000,12.125000,11.910000,12.010000,12.010000,1300
2014-12-30,12.040000,12.050000,12.000000,12.000000,12.000000,900
2014-12-31,12.035000,12.035000,12.025000,12.030000,12.030000,300
2015-01-02,11.750000,11.950000,11.680000,11.680000,11.680000,900
2015-01-05,11.900000,12.080000,11.900000,12.065000,12.065000,500
2015-01-06,11.550000,12.030000,11.550000,12.030000,12.030000,3400
2015-01-07,11.895000,11.895000,11.895000,11.895000,11.895000,400
2015-01-08,12.080000,12.080000,12.080000,12.080000,12.080000,200
2015-01-09,11.700000,11.700000,11.700000,11.700000,11.700000,200
2015-01-12,11.655000,11.655000,11.415000,11.415000,11.415000,1600
2015-01-13,11.485000,11.505000,11.240000,11.275000,11.275000,500
2015-01-14,11.275000,11.275000,11.275000,11.275000,11.275000,0
2015-01-15,11.330000,11.330000,11.330000,11.330000,11.330000,100
2015-01-16,11.230000,11.230000,10.940000,11.000000,11.000000,1600
2015-01-20,11.005000,11.030000,10.990000,10.990000,10.990000,1100
2015-01-21,10.750000,10.750000,10.610000,10.610000,10.610000,200
2015-01-22,10.105000,10.105000,9.000000,9.250000,9.250000,3300
2015-01-23,9.800000,9.800000,9.800000,9.800000,9.800000,0
2015-01-26,9.945000,10.035000,9.945000,10.035000,10.035000,100
2015-01-27,10.240000,10.240000,10.240000,10.240000,10.240000,0
2015-01-28,10.240000,10.240000,10.240000,10.240000,10.240000,0
2015-01-29,10.600000,10.600000,10.530000,10.530000,10.530000,800
2015-01-30,10.510000,11.260000,10.510000,10.980000,10.980000,6300
2015-02-02,11.280000,11.550000,10.745000,11.550000,11.550000,2600
2015-02-03,11.750000,12.525000,11.750000,12.525000,12.525000,500
2015-02-04,12.500000,12.535000,12.100000,12.100000,12.100000,700
2015-02-05,12.500000,12.500000,12.100000,12.100000,12.100000,1600
2015-02-06,12.500000,12.500000,12.500000,12.500000,12.500000,600
2015-02-09,12.475000,12.855000,12.475000,12.850000,12.850000,1000
2015-02-10,12.000000,12.600000,12.000000,12.570000,12.570000,1300
2015-02-11,12.600000,12.600000,12.600000,12.600000,12.600000,0
2015-02-12,12.600000,12.600000,12.600000,12.600000,12.600000,600
2015-02-13,12.690000,12.690000,12.690000,12.690000,12.690000,1000
2015-02-17,12.750000,12.750000,12.700000,12.700000,12.700000,600
2015-02-18,12.450000,12.750000,12.450000,12.750000,12.750000,400
2015-02-19,12.500000,12.500000,12.500000,12.500000,12.500000,200
2015-02-20,12.500000,12.500000,12.500000,12.500000,12.500000,0
2015-02-23,12.305000,12.500000,12.305000,12.500000,12.500000,800
2015-02-24,12.430000,12.950000,12.430000,12.950000,12.950000,800
2015-02-25,12.950000,12.950000,12.250000,12.950000,12.950000,500
2015-02-26,12.950000,12.950000,12.250000,12.760000,12.760000,400
2015-02-27,12.950000,13.500000,12.950000,13.060000,13.060000,900
2015-03-02,13.050000,13.050000,12.850000,13.000000,13.000000,1900
2015-03-03,13.000000,13.000000,13.000000,13.000000,13.000000,200
2015-03-04,12.825000,12.825000,12.825000,12.825000,12.825000,0
2015-03-05,12.000000,13.270000,10.000000,12.500000,12.500000,600
2015-03-06,12.710000,13.500000,12.710000,13.500000,13.500000,200
2015-03-09,12.300000,13.500000,12.300000,12.500000,12.500000,600
2015-03-10,12.000000,12.650000,11.625000,12.650000,12.650000,2500
2015-03-11,12.460000,12.500000,12.440000,12.500000,12.500000,700
2015-03-12,12.660000,12.700000,12.660000,12.675000,12.675000,500
2015-03-13,12.500000,12.800000,12.400000,12.745000,12.745000,1100
2015-03-16,12.735000,12.735000,12.450000,12.450000,12.450000,300
2015-03-17,12.500000,12.550000,12.480000,12.500000,12.500000,400
2015-03-18,12.350000,12.350000,12.350000,12.350000,12.350000,200
2015-03-19,12.350000,12.400000,12.350000,12.350000,12.350000,400
2015-03-20,12.685000,12.700000,12.685000,12.700000,12.700000,200
2015-03-23,12.650000,13.000000,12.650000,12.750000,12.750000,1400
2015-03-24,13.010000,13.010000,13.010000,13.010000,13.010000,300
2015-03-25,13.000000,13.000000,12.450000,12.800000,12.800000,1100
2015-03-26,12.750000,12.800000,12.700000,12.700000,12.700000,1400
2015-03-27,12.995000,12.995000,12.965000,12.970000,12.970000,1500
2015-03-30,12.950000,12.950000,12.200000,12.300000,12.300000,600
2015-03-31,12.520000,12.520000,12.520000,12.520000,12.520000,300
2015-04-01,12.450000,12.450000,12.450000,12.450000,12.450000,200
2015-04-02,12.450000,12.560000,12.450000,12.560000,12.560000,500
2015-04-06,12.550000,12.590000,12.400000,12.590000,12.590000,300
2015-04-07,12.600000,12.800000,12.600000,12.800000,12.800000,800
2015-04-08,12.650000,12.750000,12.350000,12.600000,12.600000,4200
2015-04-09,12.500000,12.765000,12.500000,12.765000,12.765000,300
2015-04-10,12.270000,13.005000,12.250000,13.000000,13.000000,2200
2015-04-13,12.750000,12.750000,12.500000,12.500000,12.500000,900
2015-04-14,12.650000,12.650000,12.470000,12.470000,12.470000,1000
2015-04-15,12.700000,12.800000,12.400000,12.800000,12.800000,6500
2015-04-16,12.750000,12.950000,12.500000,12.900000,12.900000,1200
2015-04-17,12.900000,12.900000,12.545000,12.650000,12.650000,1100
2015-04-20,12.600000,12.650000,12.600000,12.650000,12.650000,900
2015-04-21,12.500000,12.500000,12.400000,12.500000,12.500000,500
2015-04-22,12.330000,12.650000,12.200000,12.400000,12.400000,1800
2015-04-23,12.550000,12.550000,12.250000,12.250000,12.250000,600
2015-04-24,12.000000,12.000000,11.275000,11.395000,11.395000,1600
2015-04-27,11.200000,11.210000,11.150000,11.200000,11.200000,800
2015-04-28,11.150000,11.900000,11.150000,11.600000,11.600000,700
2015-04-29,11.500000,11.730000,11.000000,11.550000,11.550000,2800
2015-04-30,11.500000,11.500000,10.900000,10.950000,10.950000,2700
2015-05-01,10.750000,10.750000,10.350000,10.650000,10.650000,1100
2015-05-04,10.650000,10.650000,10.295000,10.450000,10.450000,700
2015-05-05,10.350000,11.250000,10.350000,11.190000,11.190000,1800
2015-05-06,10.900000,11.500000,10.900000,11.400000,11.400000,2300
2015-05-07,10.850000,10.900000,10.800000,10.900000,10.900000,600
2015-05-08,10.950000,11.000000,10.900000,11.000000,11.000000,300
2015-05-11,11.100000,11.250000,10.950000,11.250000,11.250000,800
2015-05-12,11.695000,11.695000,10.950000,11.650000,11.650000,1700
2015-05-13,11.580000,11.900000,11.000000,11.900000,11.900000,2900
2015-05-14,11.900000,11.900000,11.900000,11.900000,11.900000,400
2015-05-15,11.800000,11.900000,11.650000,11.650000,11.650000,400
2015-05-18,12.000000,12.350000,11.550000,11.550000,11.550000,800
2015-05-19,12.000000,12.000000,11.750000,11.750000,11.750000,200
2015-05-20,11.920000,11.920000,10.950000,11.100000,11.100000,1800
2015-05-21,11.400000,11.400000,11.400000,11.400000,11.400000,200
2015-05-22,11.150000,11.500000,10.600000,10.600000,10.600000,2000
2015-05-26,11.100000,11.700000,11.100000,11.500000,11.500000,700
2015-05-27,11.000000,11.650000,11.000000,11.650000,11.650000,1000
2015-05-28,11.350000,11.350000,11.200000,11.200000,11.200000,200
2015-05-29,11.250000,11.350000,11.250000,11.350000,11.350000,100
2015-06-01,11.100000,11.100000,11.000000,11.000000,11.000000,500
2015-06-02,11.050000,11.300000,11.050000,11.260000,11.260000,800
2015-06-03,11.400000,11.750000,11.250000,11.350000,11.350000,2300
2015-06-04,11.250000,12.000000,11.250000,11.900000,11.900000,700
2015-06-05,11.885000,11.885000,11.500000,11.500000,11.500000,2400
2015-06-08,11.150000,11.400000,10.950000,10.950000,10.950000,1800
2015-06-09,11.150000,11.150000,10.950000,10.950000,10.950000,1000
2015-06-10,11.070000,11.150000,10.950000,10.950000,10.950000,1400
2015-06-11,10.920000,10.950000,10.920000,10.950000,10.950000,4900
2015-06-12,10.930000,11.150000,10.915000,10.915000,10.915000,4100
2015-06-15,10.710000,10.840000,10.700000,10.840000,10.840000,2900
2015-06-16,10.650000,10.650000,10.100000,10.200000,10.200000,5600
2015-06-17,10.800000,10.800000,10.795000,10.800000,10.800000,1200
2015-06-18,10.800000,10.800000,10.800000,10.800000,10.800000,0
2015-06-19,10.250000,10.250000,10.250000,10.250000,10.250000,0
2015-06-22,10.250000,10.250000,10.100000,10.100000,10.100000,300
2015-06-23,10.200000,10.500000,10.200000,10.500000,10.500000,1500
2015-06-24,10.400000,10.400000,10.350000,10.400000,10.400000,700
2015-06-25,10.100000,10.400000,10.100000,10.255000,10.255000,2900
2015-06-26,10.250000,10.250000,9.870000,10.000000,10.000000,1800
2015-06-29,10.060000,10.060000,9.500000,9.950000,9.950000,2500
2015-06-30,9.850000,9.900000,9.550000,9.720000,9.720000,1400
2015-07-01,10.000000,10.500000,10.000000,10.500000,10.500000,2200
2015-07-02,10.000000,10.000000,9.800000,9.800000,9.800000,400
2015-07-06,9.600000,9.940000,9.600000,9.600000,9.600000,2000
2015-07-07,9.600000,9.600000,9.600000,9.600000,9.600000,1000
2015-07-08,9.600000,9.800000,9.500000,9.500000,9.500000,400
2015-07-09,9.160000,9.900000,8.600000,9.750000,9.750000,2100
2015-07-10,9.820000,9.820000,9.820000,9.820000,9.820000,400
2015-07-13,9.600000,9.600000,8.750000,8.750000,8.750000,2200
2015-07-14,9.995000,9.995000,8.950000,9.750000,9.750000,1000
2015-07-15,10.200000,10.200000,9.150000,9.150000,9.150000,500
2015-07-16,9.150000,9.500000,9.150000,9.150000,9.150000,400
2015-07-17,9.150000,9.150000,8.250000,8.250000,8.250000,2800
2015-07-20,9.540000,9.550000,8.750000,8.900000,8.900000,900
2015-07-21,8.940000,8.940000,8.850000,8.850000,8.850000,700
2015-07-22,8.850000,8.850000,8.850000,8.850000,8.850000,0
2015-07-23,8.700000,9.300000,8.300000,8.550000,8.550000,3700
2015-07-24,8.550000,8.850000,8.150000,8.700000,8.700000,2500
2015-07-27,8.700000,8.900000,8.200000,8.900000,8.900000,1700
2015-07-28,8.470000,8.600000,8.090000,8.600000,8.600000,1500
2015-07-29,8.550000,8.550000,8.550000,8.550000,8.550000,0
2015-07-30,8.550000,8.550000,8.550000,8.550000,8.550000,0
2015-07-31,8.450000,8.490000,7.250000,7.250000,7.250000,3700
2015-08-03,6.600000,7.550000,6.600000,7.250000,7.250000,3900
2015-08-04,7.300000,7.300000,3.715000,3.715000,3.715000,12500
2015-08-05,3.680000,4.590000,3.400000,4.200000,4.200000,25600
2015-08-06,3.635000,4.110000,3.635000,3.725000,3.725000,3100
2015-08-07,3.750000,3.750000,3.750000,3.750000,3.750000,1000
2015-08-10,3.800000,3.915000,3.800000,3.825000,3.825000,3900
2015-08-11,3.770000,3.830000,3.650000,3.750000,3.750000,11900
2015-08-12,3.700000,3.750000,3.700000,3.745000,3.745000,1700
2015-08-13,3.730000,3.750000,3.680000,3.750000,3.750000,9500
2015-08-14,3.750000,3.790000,3.585000,3.620000,3.620000,26300
2015-08-17,3.600000,3.610000,3.550000,3.600000,3.600000,25600
2015-08-18,3.650000,3.700000,3.640000,3.685000,3.685000,14000
2015-08-19,4.165000,4.165000,4.010000,4.055000,4.055000,1800
2015-08-20,3.825000,3.855000,3.750000,3.850000,3.850000,8200
2015-08-21,3.700000,3.750000,3.700000,3.700000,3.700000,1300
2015-08-24,3.255000,3.425000,3.255000,3.425000,3.425000,3900
2015-08-25,3.360000,3.370000,3.360000,3.370000,3.370000,200
2015-08-26,3.370000,3.370000,3.370000,3.370000,3.370000,0
2015-08-27,3.955000,3.990000,3.800000,3.965000,3.965000,2100
2015-08-28,3.910000,4.100000,3.910000,4.000000,4.000000,1400
2015-08-31,4.035000,4.035000,3.800000,3.810000,3.810000,3300
2015-09-01,3.805000,3.965000,3.755000,3.755000,3.755000,2800
2015-09-02,3.600000,3.945000,3.600000,3.945000,3.945000,1100
2015-09-03,3.760000,3.760000,3.760000,3.760000,3.760000,700
2015-09-04,3.750000,4.165000,3.750000,4.120000,4.120000,2000
2015-09-08,4.085000,4.085000,3.910000,3.910000,3.910000,1800
2015-09-09,3.910000,3.910000,3.910000,3.910000,3.910000,0
2015-09-10,3.990000,4.105000,3.990000,3.990000,3.990000,3100
2015-09-11,3.720000,3.720000,3.720000,3.720000,3.720000,3400
2015-09-14,3.720000,3.795000,3.365000,3.500000,3.500000,8400
2015-09-15,3.380000,3.425000,3.380000,3.425000,3.425000,2400
2015-09-16,3.425000,3.425000,3.425000,3.425000,3.425000,0
2015-09-17,3.590000,3.590000,3.590000,3.590000,3.590000,200
2015-09-18,3.470000,3.470000,3.470000,3.470000,3.470000,600
2015-09-21,3.470000,3.470000,3.470000,3.470000,3.470000,0
2015-09-22,3.470000,3.470000,3.470000,3.470000,3.470000,0
2015-09-23,3.400000,3.400000,3.400000,3.400000,3.400000,1400
2015-09-24,3.400000,3.400000,3.350000,3.400000,3.400000,1000
2015-09-25,3.345000,3.345000,3.345000,3.345000,3.345000,600
2015-09-28,3.145000,3.320000,3.075000,3.320000,3.320000,2800
2015-09-29,3.160000,3.270000,3.125000,3.270000,3.270000,1500
2015-09-30,3.280000,3.280000,3.050000,3.050000,3.050000,1700
2015-10-01,3.050000,3.050000,3.050000,3.050000,3.050000,0
2015-10-02,3.200000,3.350000,3.105000,3.105000,3.105000,4400
2015-10-05,3.390000,3.735000,3.390000,3.735000,3.735000,30900
2015-10-06,3.700000,3.705000,3.550000,3.560000,3.560000,3900
2015-10-07,3.675000,3.680000,3.525000,3.665000,3.665000,1200
2015-10-08,3.600000,3.600000,3.600000,3.600000,3.600000,200
2015-10-09,3.660000,3.660000,3.660000,3.660000,3.660000,0
2015-10-12,3.695000,3.695000,3.695000,3.695000,3.695000,400
2015-10-13,3.695000,3.695000,3.695000,3.695000,3.695000,0
2015-10-14,3.530000,3.530000,3.440000,3.440000,3.440000,1100
2015-10-15,3.500000,3.530000,3.500000,3.530000,3.530000,1400
2015-10-16,3.490000,3.510000,3.410000,3.410000,3.410000,2100
2015-10-19,3.385000,3.385000,3.150000,3.200000,3.200000,6000
2015-10-20,3.150000,3.150000,3.050000,3.050000,3.050000,3200
2015-10-21,3.040000,3.180000,3.000000,3.150000,3.150000,10500
2015-10-22,3.050000,3.185000,2.945000,3.000000,3.000000,3500
2015-10-23,2.975000,2.980000,2.970000,2.980000,2.980000,1000
2015-10-26,3.000000,3.000000,2.980000,2.980000,2.980000,1100
2015-10-27,3.000000,3.005000,3.000000,3.000000,3.000000,7400
2015-10-28,2.965000,3.170000,2.965000,3.170000,3.170000,200
2015-10-29,3.070000,3.070000,3.055000,3.055000,3.055000,6400
2015-10-30,2.910000,3.050000,2.910000,3.050000,3.050000,8700
2015-11-02,3.435000,4.225000,3.250000,4.050000,4.050000,26000
2015-11-03,4.175000,4.175000,3.935000,3.965000,3.965000,12000
2015-11-04,3.900000,4.275000,3.900000,4.160000,4.160000,8200
2015-11-05,4.450000,5.750000,4.250000,5.500000,5.500000,17100
2015-11-06,5.500000,5.500000,4.860000,4.860000,4.860000,8300
2015-11-09,5.150000,5.150000,4.960000,5.005000,5.005000,3800
2015-11-10,5.000000,5.645000,4.965000,5.630000,5.630000,5300
2015-11-11,5.625000,5.730000,5.450000,5.450000,5.450000,3800
2015-11-12,5.200000,5.300000,5.070000,5.300000,5.300000,1300
2015-11-13,5.150000,5.460000,5.150000,5.460000,5.460000,5100
2015-11-16,5.450000,5.500000,5.075000,5.125000,5.125000,2300
2015-11-17,5.080000,5.300000,5.080000,5.300000,5.300000,600
2015-11-18,5.400000,5.400000,5.100000,5.100000,5.100000,800
2015-11-19,5.200000,5.400000,5.200000,5.400000,5.400000,3800
2015-11-20,5.200000,5.450000,5.200000,5.250000,5.250000,2900
2015-11-23,5.305000,5.305000,5.305000,5.305000,5.305000,200
2015-11-24,5.400000,5.400000,4.990000,5.330000,5.330000,1000
2015-11-25,5.330000,5.330000,5.330000,5.330000,5.330000,0
2015-11-27,5.330000,5.330000,5.330000,5.330000,5.330000,0
2015-11-30,5.250000,5.420000,5.200000,5.420000,5.420000,1600
2015-12-01,5.300000,5.300000,5.140000,5.140000,5.140000,2200
2015-12-02,5.350000,5.500000,5.350000,5.350000,5.350000,27600
2015-12-03,5.350000,5.350000,5.350000,5.350000,5.350000,0
2015-12-04,5.150000,5.300000,5.125000,5.180000,5.180000,2500
2015-12-07,4.900000,4.930000,4.825000,4.855000,4.855000,2600
2015-12-08,4.835000,4.900000,4.835000,4.900000,4.900000,100
2015-12-09,4.930000,4.935000,4.800000,4.800000,4.800000,3700
2015-12-10,5.050000,5.050000,4.955000,4.955000,4.955000,1300
2015-12-11,4.955000,4.955000,4.955000,4.955000,4.955000,0
2015-12-14,4.750000,4.750000,4.650000,4.650000,4.650000,4100
2015-12-15,4.690000,4.690000,4.615000,4.615000,4.615000,600
2015-12-16,4.190000,4.640000,4.190000,4.600000,4.600000,1100
2015-12-17,4.250000,4.250000,4.250000,4.250000,4.250000,200
2015-12-18,4.175000,4.475000,4.175000,4.475000,4.475000,900
2015-12-21,4.400000,4.400000,4.400000,4.400000,4.400000,100
2015-12-22,4.400000,4.400000,4.400000,4.400000,4.400000,0
2015-12-23,4.200000,4.355000,3.940000,4.355000,4.355000,5800
2015-12-24,4.050000,4.250000,4.050000,4.250000,4.250000,2100
2015-12-28,4.250000,4.250000,4.250000,4.250000,4.250000,0
2015-12-29,4.365000,4.365000,4.365000,4.365000,4.365000,0
2015-12-30,4.365000,4.365000,4.365000,4.365000,4.365000,0
2015-12-31,4.365000,4.365000,4.365000,4.365000,4.365000,0
2016-01-04,4.215000,4.265000,4.015000,4.200000,4.200000,2300
2016-01-05,4.200000,4.210000,4.105000,4.105000,4.105000,800
2016-01-06,4.110000,4.110000,3.980000,3.980000,3.980000,400
2016-01-07,4.260000,4.300000,4.025000,4.025000,4.025000,1300
2016-01-08,4.160000,4.160000,4.115000,4.135000,4.135000,1200
2016-01-11,4.130000,4.130000,3.900000,3.900000,3.900000,600
2016-01-12,4.000000,4.135000,3.900000,4.135000,4.135000,2200
2016-01-13,4.135000,4.135000,4.135000,4.135000,4.135000,0
2016-01-14,3.920000,4.200000,3.850000,4.200000,4.200000,5300
2016-01-15,4.050000,4.050000,3.950000,3.985000,3.985000,900
2016-01-19,3.985000,3.985000,3.650000,3.655000,3.655000,2000
2016-01-20,3.620000,3.630000,3.435000,3.510000,3.510000,1500
2016-01-21,3.595000,3.675000,3.595000,3.675000,3.675000,500
2016-01-22,3.590000,3.590000,3.400000,3.400000,3.400000,2000
2016-01-25,3.730000,3.745000,3.675000,3.745000,3.745000,2100
2016-01-26,3.735000,3.735000,3.735000,3.735000,3.735000,0
2016-01-27,3.710000,3.710000,3.550000,3.550000,3.550000,100
2016-01-28,3.800000,3.800000,3.500000,3.500000,3.500000,1900
2016-01-29,3.795000,3.795000,3.795000,3.795000,3.795000,100
2016-02-01,3.540000,3.705000,3.540000,3.705000,3.705000,900
2016-02-02,3.630000,3.650000,3.630000,3.650000,3.650000,1200
2016-02-03,3.650000,3.650000,3.650000,3.650000,3.650000,0
2016-02-04,3.550000,3.550000,3.550000,3.550000,3.550000,400
2016-02-05,3.590000,3.685000,3.590000,3.685000,3.685000,1000
2016-02-08,3.600000,3.610000,3.590000,3.610000,3.610000,1600
2016-02-09,3.610000,3.610000,3.610000,3.610000,3.610000,0
2016-02-10,3.600000,3.625000,3.600000,3.625000,3.625000,2600
2016-02-11,3.625000,3.625000,3.625000,3.625000,3.625000,0
2016-02-12,3.725000,3.815000,3.725000,3.815000,3.815000,2900
2016-02-16,3.795000,3.795000,3.795000,3.795000,3.795000,100
2016-02-17,3.795000,3.795000,3.795000,3.795000,3.795000,0
2016-02-18,3.870000,3.870000,3.870000,3.870000,3.870000,100
2016-02-19,4.000000,4.000000,4.000000,4.000000,4.000000,400
2016-02-22,4.000000,4.000000,4.000000,4.000000,4.000000,0
2016-02-23,4.000000,4.000000,3.850000,3.850000,3.850000,900
2016-02-24,3.850000,3.850000,3.850000,3.850000,3.850000,0
2016-02-25,3.840000,3.840000,3.840000,3.840000,3.840000,500
2016-02-26,3.840000,3.840000,3.840000,3.840000,3.840000,0
2016-02-29,3.800000,3.810000,3.630000,3.810000,3.810000,1500
2016-03-01,3.530000,3.815000,3.530000,3.815000,3.815000,600
2016-03-02,3.775000,3.800000,3.775000,3.800000,3.800000,400
2016-03-03,3.900000,3.900000,3.890000,3.890000,3.890000,800
2016-03-04,3.780000,3.780000,3.780000,3.780000,3.780000,100
2016-03-07,3.790000,3.915000,3.710000,3.915000,3.915000,1700
2016-03-08,3.835000,3.895000,3.630000,3.895000,3.895000,3500
2016-03-09,3.895000,3.895000,3.895000,3.895000,3.895000,0
2016-03-10,3.740000,3.740000,3.740000,3.740000,3.740000,200
2016-03-11,3.745000,3.745000,3.745000,3.745000,3.745000,600
2016-03-14,3.700000,3.700000,3.700000,3.700000,3.700000,0
2016-03-15,3.725000,3.725000,3.725000,3.725000,3.725000,400
2016-03-16,3.725000,3.725000,3.725000,3.725000,3.725000,0
2016-03-17,3.795000,3.995000,3.795000,3.995000,3.995000,500
2016-03-18,3.890000,3.890000,3.750000,3.750000,3.750000,800
2016-03-21,3.750000,3.750000,3.750000,3.750000,3.750000,0
2016-03-22,3.725000,3.860000,3.725000,3.860000,3.860000,300
2016-03-23,3.900000,3.900000,3.900000,3.900000,3.900000,0
2016-03-24,3.900000,3.900000,3.900000,3.900000,3.900000,0
2016-03-28,3.750000,3.750000,3.750000,3.750000,3.750000,1500
2016-03-29,3.575000,3.595000,3.575000,3.595000,3.595000,100
2016-03-30,3.770000,3.900000,3.735000,3.900000,3.900000,1100
2016-03-31,3.645000,3.900000,3.645000,3.900000,3.900000,400
2016-04-01,3.485000,3.910000,3.485000,3.910000,3.910000,500
2016-04-04,3.910000,3.910000,3.910000,3.910000,3.910000,0
2016-04-05,3.910000,3.910000,3.910000,3.910000,3.910000,0
2016-04-06,3.955000,3.985000,3.955000,3.985000,3.985000,200
2016-04-07,3.915000,3.915000,3.915000,3.915000,3.915000,100
2016-04-08,3.955000,3.955000,3.955000,3.955000,3.955000,0
2016-04-11,3.855000,3.855000,3.630000,3.630000,3.630000,1000
2016-04-12,3.630000,3.630000,3.630000,3.630000,3.630000,0
2016-04-13,3.630000,3.630000,3.630000,3.630000,3.630000,0
2016-04-14,3.980000,3.980000,3.900000,3.900000,3.900000,300
2016-04-15,3.900000,3.900000,3.900000,3.900000,3.900000,0
2016-04-18,4.120000,4.725000,4.105000,4.160000,4.160000,1900
2016-04-19,4.335000,4.335000,4.335000,4.335000,4.335000,500
2016-04-20,4.445000,4.500000,4.400000,4.500000,4.500000,39900
2016-04-21,4.695000,4.695000,4.695000,4.695000,4.695000,300
2016-04-22,5.000000,5.900000,5.000000,5.685000,5.685000,4600
2016-04-25,6.200000,7.350000,5.850000,7.250000,7.250000,11300
2016-04-26,7.500000,7.500000,6.500000,6.500000,6.500000,2800
2016-04-27,6.250000,6.750000,6.050000,6.050000,6.050000,4700
2016-04-28,6.050000,6.050000,5.250000,5.350000,5.350000,4600
2016-04-29,5.325000,6.000000,5.240000,5.600000,5.600000,1900
2016-05-02,6.050000,6.050000,5.940000,5.940000,5.940000,300
2016-05-03,6.000000,6.000000,4.185000,5.550000,5.550000,3600
2016-05-04,5.500000,5.500000,5.500000,5.500000,5.500000,100
2016-05-05,5.500000,5.500000,5.500000,5.500000,5.500000,0
2016-05-06,5.670000,5.745000,5.670000,5.745000,5.745000,3000
2016-05-09,5.745000,5.745000,5.745000,5.745000,5.745000,0
2016-05-10,5.400000,5.400000,5.300000,5.300000,5.300000,700
2016-05-11,5.300000,5.300000,5.300000,5.300000,5.300000,200
2016-05-12,5.300000,5.300000,5.250000,5.250000,5.250000,200
2016-05-13,5.250000,5.250000,5.250000,5.250000,5.250000,0
2016-05-16,5.050000,5.100000,5.050000,5.100000,5.100000,600
2016-05-17,5.100000,5.100000,5.100000,5.100000,5.100000,0
2016-05-18,4.905000,4.905000,4.380000,4.385000,4.385000,900
2016-05-19,4.370000,4.370000,4.065000,4.070000,4.070000,3000
2016-05-20,4.070000,4.070000,4.070000,4.070000,4.070000,0
2016-05-23,4.070000,4.070000,4.070000,4.070000,4.070000,0
2016-05-24,4.100000,4.180000,4.100000,4.160000,4.160000,800
2016-05-25,4.170000,4.170000,4.155000,4.155000,4.155000,600
2016-05-26,4.200000,4.200000,3.975000,3.975000,3.975000,6200
2016-05-27,3.975000,4.225000,3.975000,4.080000,4.080000,25500
2016-05-31,4.250000,4.350000,4.250000,4.300000,4.300000,3600
2016-06-01,4.300000,4.300000,4.300000,4.300000,4.300000,0
2016-06-02,4.300000,4.300000,4.300000,4.300000,4.300000,0
2016-06-03,4.300000,4.300000,4.300000,4.300000,4.300000,0
2016-06-06,4.300000,4.300000,4.300000,4.300000,4.300000,0
2016-06-07,4.745000,4.750000,4.590000,4.600000,4.600000,1400
2016-06-08,4.575000,4.575000,4.575000,4.575000,4.575000,200
2016-06-09,4.575000,4.580000,4.500000,4.550000,4.550000,1700
2016-06-10,4.525000,4.525000,4.525000,4.525000,4.525000,100
2016-06-13,4.605000,4.695000,4.585000,4.585000,4.585000,2500
2016-06-14,4.570000,4.570000,4.570000,4.570000,4.570000,300
2016-06-15,5.075000,5.075000,5.050000,5.050000,5.050000,300
2016-06-16,4.990000,5.200000,4.990000,5.150000,5.150000,3500
2016-06-17,5.150000,5.150000,5.150000,5.150000,5.150000,0
2016-06-20,4.925000,4.925000,4.890000,4.890000,4.890000,800
2016-06-21,5.195000,5.300000,4.950000,4.950000,4.950000,3300
2016-06-22,5.150000,5.150000,5.150000,5.150000,5.150000,2000
2016-06-23,5.400000,5.950000,5.390000,5.600000,5.600000,2900
2016-06-24,5.450000,5.450000,4.950000,5.050000,5.050000,1300
2016-06-27,5.050000,5.050000,5.050000,5.050000,5.050000,0
2016-06-28,5.270000,5.475000,5.270000,5.295000,5.295000,800
2016-06-29,5.700000,5.785000,5.665000,5.785000,5.785000,700
2016-06-30,5.800000,5.800000,5.560000,5.560000,5.560000,1300
2016-07-01,5.560000,5.560000,5.560000,5.560000,5.560000,0
2016-07-05,5.500000,5.580000,5.325000,5.580000,5.580000,1000
2016-07-06,5.500000,5.670000,5.500000,5.535000,5.535000,3600
2016-07-07,5.535000,5.535000,5.535000,5.535000,5.535000,0
2016-07-08,5.450000,5.500000,5.450000,5.500000,5.500000,200
2016-07-11,5.500000,5.500000,5.500000,5.500000,5.500000,200
2016-07-12,5.435000,5.435000,5.200000,5.200000,5.200000,200
2016-07-13,5.430000,5.430000,5.430000,5.430000,5.430000,100
2016-07-14,5.200000,5.250000,5.200000,5.250000,5.250000,900
2016-07-15,5.110000,5.290000,5.100000,5.290000,5.290000,800
2016-07-18,5.100000,5.290000,5.050000,5.270000,5.270000,1100
2016-07-19,5.100000,5.100000,5.050000,5.050000,5.050000,600
2016-07-20,5.050000,5.050000,5.000000,5.000000,5.000000,800
2016-07-21,5.000000,5.000000,5.000000,5.000000,5.000000,0
2016-07-22,5.000000,5.000000,5.000000,5.000000,5.000000,0
2016-07-25,4.990000,4.990000,4.990000,4.990000,4.990000,200
2016-07-26,4.990000,4.990000,4.990000,4.990000,4.990000,0
2016-07-27,4.990000,4.990000,4.990000,4.990000,4.990000,0
2016-07-28,4.990000,4.990000,4.990000,4.990000,4.990000,0
2016-07-29,4.990000,4.990000,4.990000,4.990000,4.990000,0
2016-08-01,4.990000,4.990000,4.990000,4.990000,4.990000,0
2016-08-02,4.900000,4.900000,4.595000,4.595000,4.595000,600
2016-08-03,4.595000,4.595000,4.595000,4.595000,4.595000,0
2016-08-04,4.995000,5.000000,4.995000,5.000000,5.000000,200
2016-08-05,5.000000,5.000000,5.000000,5.000000,5.000000,0
2016-08-08,4.765000,4.765000,4.765000,4.765000,4.765000,0
2016-08-09,4.600000,4.600000,4.580000,4.580000,4.580000,2000
2016-08-10,4.595000,4.625000,4.450000,4.625000,4.625000,8600
2016-08-11,4.495000,4.500000,4.460000,4.460000,4.460000,3300
2016-08-12,4.535000,4.660000,4.500000,4.660000,4.660000,1600
2016-08-15,4.650000,4.650000,4.500000,4.500000,4.500000,1400
2016-08-16,4.525000,4.525000,4.525000,4.525000,4.525000,0
2016-08-17,4.665000,4.665000,4.630000,4.630000,4.630000,400
2016-08-18,4.650000,4.650000,4.650000,4.650000,4.650000,0
2016-08-19,4.410000,4.410000,4.410000,4.410000,4.410000,300
2016-08-22,4.400000,4.465000,4.400000,4.465000,4.465000,2500
2016-08-23,4.565000,4.565000,4.565000,4.565000,4.565000,2000
2016-08-24,4.550000,4.550000,4.550000,4.550000,4.550000,0
2016-08-25,4.475000,4.475000,4.475000,4.475000,4.475000,500
2016-08-26,4.475000,4.475000,4.475000,4.475000,4.475000,0
2016-08-29,4.400000,4.400000,4.400000,4.400000,4.400000,200
2016-08-30,4.390000,4.390000,4.390000,4.390000,4.390000,600
2016-08-31,4.320000,4.435000,4.275000,4.275000,4.275000,3600
2016-09-01,4.275000,4.275000,4.275000,4.275000,4.275000,0
2016-09-02,4.325000,4.330000,4.280000,4.280000,4.280000,600
2016-09-06,4.870000,4.870000,4.870000,4.870000,4.870000,200
2016-09-07,4.690000,4.745000,4.690000,4.745000,4.745000,500
2016-09-08,4.745000,4.745000,4.745000,4.745000,4.745000,0
2016-09-09,4.745000,4.745000,4.745000,4.745000,4.745000,0
2016-09-12,4.845000,5.000000,4.845000,5.000000,5.000000,1500
2016-09-13,5.015000,5.150000,5.000000,5.000000,5.000000,600
2016-09-14,4.975000,4.975000,4.875000,4.945000,4.945000,1200
2016-09-15,4.820000,4.950000,4.820000,4.950000,4.950000,700
2016-09-16,4.860000,4.860000,4.860000,4.860000,4.860000,100
2016-09-19,5.320000,5.320000,5.150000,5.150000,5.150000,300
2016-09-20,5.100000,5.100000,5.100000,5.100000,5.100000,0
2016-09-21,4.805000,4.885000,4.805000,4.885000,4.885000,100
2016-09-22,5.150000,5.250000,4.995000,4.995000,4.995000,800
2016-09-23,4.995000,4.995000,4.995000,4.995000,4.995000,0
2016-09-26,4.995000,4.995000,4.995000,4.995000,4.995000,0
2016-09-27,4.950000,4.950000,4.950000,4.950000,4.950000,4200
2016-09-28,4.950000,4.950000,4.950000,4.950000,4.950000,0
2016-09-29,4.975000,5.200000,4.975000,5.200000,5.200000,900
2016-09-30,5.200000,5.450000,5.150000,5.450000,5.450000,1000
2016-10-03,5.435000,5.435000,5.435000,5.435000,5.435000,400
2016-10-04,5.435000,5.435000,5.435000,5.435000,5.435000,0
2016-10-05,5.435000,5.435000,5.435000,5.435000,5.435000,0
2016-10-06,5.180000,5.285000,5.180000,5.250000,5.250000,400
2016-10-07,5.300000,5.300000,5.300000,5.300000,5.300000,0
2016-10-10,5.300000,5.300000,5.300000,5.300000,5.300000,0
2016-10-11,5.300000,5.300000,5.300000,5.300000,5.300000,0
2016-10-12,5.350000,5.350000,5.180000,5.180000,5.180000,800
2016-10-13,5.410000,5.410000,5.250000,5.250000,5.250000,100
2016-10-14,5.450000,5.450000,5.450000,5.450000,5.450000,300
2016-10-17,6.050000,6.070000,5.975000,5.975000,5.975000,1200
2016-10-18,5.835000,6.270000,5.795000,6.270000,6.270000,2600
2016-10-19,6.435000,6.450000,6.300000,6.440000,6.440000,1800
2016-10-20,6.500000,6.500000,6.000000,6.270000,6.270000,400
2016-10-21,6.010000,6.550000,6.010000,6.550000,6.550000,900
2016-10-24,6.815000,7.350000,6.815000,7.150000,7.150000,6900
2016-10-25,7.450000,7.850000,7.450000,7.700000,7.700000,3600
2016-10-26,7.900000,7.900000,7.330000,7.330000,7.330000,1500
2016-10-27,7.500000,7.500000,7.500000,7.500000,7.500000,1000
2016-10-28,7.500000,7.500000,7.005000,7.005000,7.005000,300
2016-10-31,7.050000,7.050000,7.050000,7.050000,7.050000,300
2016-11-01,7.300000,7.700000,7.300000,7.700000,7.700000,600
2016-11-02,7.375000,7.375000,7.300000,7.350000,7.350000,400
2016-11-03,7.500000,7.500000,7.300000,7.300000,7.300000,300
2016-11-04,7.480000,7.480000,7.100000,7.100000,7.100000,2400
2016-11-07,7.100000,7.250000,6.725000,6.900000,6.900000,700
2016-11-08,6.400000,6.400000,6.150000,6.150000,6.150000,1000
2016-11-09,6.350000,6.700000,6.350000,6.515000,6.515000,2700
2016-11-10,6.515000,6.515000,6.515000,6.515000,6.515000,0
2016-11-11,6.515000,6.515000,6.515000,6.515000,6.515000,0
2016-11-14,6.900000,6.980000,6.800000,6.800000,6.800000,700
2016-11-15,6.750000,6.750000,6.600000,6.600000,6.600000,400
2016-11-16,6.500000,6.600000,6.500000,6.600000,6.600000,1300
2016-11-17,6.600000,6.600000,6.600000,6.600000,6.600000,0
2016-11-18,6.830000,6.830000,6.830000,6.830000,6.830000,800
2016-11-21,6.995000,6.995000,6.995000,6.995000,6.995000,400
2016-11-22,6.995000,6.995000,6.995000,6.995000,6.995000,0
2016-11-23,6.650000,7.000000,6.650000,7.000000,7.000000,400
2016-11-25,6.925000,6.925000,6.925000,6.925000,6.925000,100
2016-11-28,6.900000,6.900000,6.900000,6.900000,6.900000,100
2016-11-29,6.900000,6.900000,6.900000,6.900000,6.900000,0
2016-11-30,7.485000,7.485000,7.485000,7.485000,7.485000,0
2016-12-01,7.500000,7.500000,7.350000,7.500000,7.500000,500
2016-12-02,7.755000,7.755000,7.500000,7.500000,7.500000,200
2016-12-05,7.945000,9.050000,7.945000,8.500000,8.500000,2000
2016-12-06,8.315000,8.480000,8.315000,8.480000,8.480000,2100
2016-12-07,8.450000,8.800000,8.450000,8.605000,8.605000,600
2016-12-08,8.450000,8.600000,8.450000,8.550000,8.550000,1800
2016-12-09,8.520000,8.605000,8.500000,8.605000,8.605000,100
2016-12-12,8.470000,8.470000,8.250000,8.250000,8.250000,200
2016-12-13,8.420000,8.420000,8.150000,8.150000,8.150000,2000
2016-12-14,8.150000,8.225000,8.150000,8.225000,8.225000,200
2016-12-15,8.225000,8.225000,8.225000,8.225000,8.225000,0
2016-12-16,7.550000,7.600000,7.250000,7.360000,7.360000,1000
2016-12-19,7.400000,7.600000,7.340000,7.340000,7.340000,1100
2016-12-20,7.350000,7.350000,6.745000,6.745000,6.745000,600
2016-12-21,6.745000,6.745000,6.745000,6.745000,6.745000,0
2016-12-22,7.290000,7.290000,7.290000,7.290000,7.290000,0
2016-12-23,7.290000,7.290000,7.290000,7.290000,7.290000,0
2016-12-27,6.650000,6.780000,6.650000,6.650000,6.650000,200
2016-12-28,6.700000,7.000000,6.700000,7.000000,7.000000,1500
2016-12-29,7.000000,7.000000,7.000000,7.000000,7.000000,0
2016-12-30,7.025000,7.050000,6.890000,6.890000,6.890000,200
2017-01-03,7.200000,7.250000,7.200000,7.200000,7.200000,4000
2017-01-04,7.185000,7.185000,7.185000,7.185000,7.185000,100
2017-01-05,7.365000,7.450000,7.120000,7.450000,7.450000,4800
2017-01-06,7.450000,7.500000,7.200000,7.430000,7.430000,4800
2017-01-09,7.450000,7.980000,7.450000,7.980000,7.980000,900
2017-01-10,7.960000,8.100000,7.940000,8.100000,8.100000,1100
2017-01-11,8.270000,8.270000,8.245000,8.245000,8.245000,100
2017-01-12,8.600000,8.845000,8.550000,8.700000,8.700000,900
2017-01-13,9.315000,9.500000,9.125000,9.450000,9.450000,6700
2017-01-17,9.325000,9.550000,9.105000,9.105000,9.105000,2800
2017-01-18,9.400000,9.400000,8.960000,8.980000,8.980000,800
2017-01-19,8.905000,8.905000,8.750000,8.750000,8.750000,400
2017-01-20,8.750000,8.835000,8.600000,8.700000,8.700000,1200
2017-01-23,8.890000,8.890000,8.890000,8.890000,8.890000,0
2017-01-24,8.725000,8.770000,8.725000,8.750000,8.750000,800
2017-01-25,8.950000,8.950000,8.550000,8.900000,8.900000,2300
2017-01-26,8.815000,9.125000,8.815000,8.825000,8.825000,1500
2017-01-27,8.985000,9.200000,8.985000,9.200000,9.200000,1200
2017-01-30,8.700000,8.750000,8.700000,8.700000,8.700000,800
2017-01-31,8.710000,8.710000,8.360000,8.360000,8.360000,300
2017-02-01,8.670000,8.750000,8.670000,8.750000,8.750000,100
2017-02-02,8.720000,8.730000,8.720000,8.720000,8.720000,300
2017-02-03,8.750000,8.750000,8.665000,8.750000,8.750000,300
2017-02-06,8.785000,8.800000,8.250000,8.250000,8.250000,1100
2017-02-07,8.300000,8.350000,8.300000,8.350000,8.350000,3200
2017-02-08,8.550000,8.550000,8.000000,8.130000,8.130000,4300
2017-02-09,7.415000,8.200000,7.150000,7.750000,7.750000,17900
2017-02-10,7.735000,8.220000,7.680000,8.220000,8.220000,1100
2017-02-13,8.215000,8.215000,8.000000,8.000000,8.000000,800
2017-02-14,8.290000,8.290000,8.045000,8.070000,8.070000,400
2017-02-15,7.985000,7.985000,7.910000,7.910000,7.910000,500
2017-02-16,7.920000,8.100000,7.870000,8.080000,8.080000,9000
2017-02-17,8.320000,8.320000,7.965000,8.000000,8.000000,1100
2017-02-21,8.200000,8.200000,8.050000,8.080000,8.080000,2500
2017-02-22,7.920000,8.000000,7.785000,8.000000,8.000000,2400
2017-02-23,8.000000,8.000000,7.970000,7.970000,7.970000,1000
2017-02-24,7.900000,8.095000,7.900000,8.095000,8.095000,700
2017-02-27,8.055000,8.150000,8.055000,8.150000,8.150000,2100
2017-02-28,8.110000,8.300000,7.940000,8.150000,8.150000,15100
2017-03-01,8.060000,8.250000,8.060000,8.100000,8.100000,6900
2017-03-02,8.400000,8.820000,8.400000,8.820000,8.820000,5300
2017-03-03,8.875000,9.100000,8.825000,9.050000,9.050000,11100
2017-03-06,8.965000,9.100000,8.715000,9.100000,9.100000,3300
2017-03-07,8.850000,8.850000,8.400000,8.500000,8.500000,2500
2017-03-08,8.200000,8.200000,7.750000,7.850000,7.850000,12800
2017-03-09,7.800000,8.050000,7.500000,8.020000,8.020000,1800
2017-03-10,8.240000,8.300000,8.160000,8.290000,8.290000,900
2017-03-13,8.170000,8.400000,8.170000,8.200000,8.200000,800
2017-03-14,7.875000,8.000000,7.820000,7.985000,7.985000,1700
2017-03-15,7.900000,7.950000,7.850000,7.850000,7.850000,200
2017-03-16,7.850000,7.850000,7.850000,7.850000,7.850000,0
2017-03-17,7.950000,8.050000,7.850000,7.850000,7.850000,200
2017-03-20,7.935000,8.170000,7.935000,8.000000,8.000000,1500
2017-03-21,7.800000,7.950000,7.750000,7.950000,7.950000,8400
2017-03-22,7.845000,8.000000,7.640000,7.810000,7.810000,3100
2017-03-23,7.835000,8.015000,7.810000,7.850000,7.850000,13000
2017-03-24,7.850000,7.850000,7.850000,7.850000,7.850000,0
2017-03-27,7.575000,7.735000,7.500000,7.735000,7.735000,1700
2017-03-28,7.845000,7.950000,7.845000,7.950000,7.950000,1000
2017-03-29,7.950000,7.950000,7.890000,7.890000,7.890000,100
2017-03-30,7.750000,7.950000,7.705000,7.780000,7.780000,8300
2017-03-31,7.780000,7.780000,7.780000,7.780000,7.780000,0
2017-04-03,7.830000,7.830000,7.500000,7.500000,7.500000,700
2017-04-04,7.480000,7.500000,7.480000,7.500000,7.500000,300
2017-04-05,7.755000,7.760000,7.755000,7.760000,7.760000,600
2017-04-06,7.710000,7.850000,7.710000,7.815000,7.815000,5200
2017-04-07,7.675000,8.000000,7.675000,7.880000,7.880000,5700
2017-04-10,7.900000,7.900000,7.785000,7.800000,7.800000,10000
2017-04-11,7.950000,7.950000,7.795000,7.850000,7.850000,600
2017-04-12,7.760000,7.760000,7.760000,7.760000,7.760000,100
2017-04-13,7.805000,7.950000,7.740000,7.740000,7.740000,3100
2017-04-17,7.900000,7.900000,7.840000,7.850000,7.850000,900
2017-04-18,7.850000,7.850000,7.735000,7.750000,7.750000,700
2017-04-19,7.700000,7.750000,7.595000,7.630000,7.630000,4800
2017-04-20,7.660000,7.725000,7.500000,7.640000,7.640000,2800
2017-04-21,7.580000,7.700000,7.580000,7.700000,7.700000,400
2017-04-24,7.555000,7.700000,7.205000,7.395000,7.395000,3600
2017-04-25,7.400000,7.400000,7.070000,7.070000,7.070000,3300
2017-04-26,7.150000,7.575000,7.150000,7.500000,7.500000,1300
2017-04-27,7.575000,7.575000,7.400000,7.490000,7.490000,4300
2017-04-28,7.270000,7.600000,7.250000,7.600000,7.600000,17800
2017-05-01,7.155000,7.155000,7.155000,7.155000,7.155000,200
2017-05-02,7.155000,7.155000,7.050000,7.050000,7.050000,1600
2017-05-03,7.050000,7.050000,7.050000,7.050000,7.050000,0
2017-05-04,6.650000,6.900000,6.650000,6.875000,6.875000,2300
2017-05-05,6.760000,6.760000,6.760000,6.760000,6.760000,0
2017-05-08,6.750000,6.750000,6.700000,6.700000,6.700000,2000
2017-05-09,6.600000,6.600000,6.600000,6.600000,6.600000,600
2017-05-10,6.600000,6.750000,6.450000,6.750000,6.750000,1500
2017-05-11,6.620000,7.000000,6.620000,7.000000,7.000000,5900
2017-05-12,7.020000,7.150000,6.935000,7.150000,7.150000,4800
2017-05-15,7.150000,7.250000,6.600000,7.250000,7.250000,4300
2017-05-16,7.340000,7.350000,7.200000,7.200000,7.200000,3300
2017-05-17,6.990000,6.990000,6.900000,6.900000,6.900000,600
2017-05-18,7.100000,7.100000,7.100000,7.100000,7.100000,100
2017-05-19,7.450000,7.450000,7.410000,7.410000,7.410000,3200
2017-05-22,7.700000,7.700000,7.050000,7.250000,7.250000,900
2017-05-23,7.350000,7.850000,7.350000,7.750000,7.750000,8700
2017-05-24,7.800000,7.850000,7.685000,7.685000,7.685000,2900
2017-05-25,7.675000,7.700000,7.675000,7.700000,7.700000,1400
2017-05-26,7.595000,7.595000,7.595000,7.595000,7.595000,100
2017-05-30,7.725000,7.900000,7.650000,7.800000,7.800000,2100
2017-05-31,7.950000,7.975000,7.780000,7.780000,7.780000,2300
2017-06-01,7.845000,7.960000,7.675000,7.700000,7.700000,2500
2017-06-02,7.850000,7.850000,7.450000,7.450000,7.450000,500
2017-06-05,7.370000,7.370000,7.160000,7.370000,7.370000,2200
2017-06-06,7.310000,8.000000,7.300000,7.900000,7.900000,11400
2017-06-07,7.955000,7.955000,7.810000,7.830000,7.830000,4300
2017-06-08,7.745000,7.745000,7.745000,7.745000,7.745000,200
2017-06-09,7.750000,7.750000,7.705000,7.705000,7.705000,1400
2017-06-12,7.650000,7.650000,7.550000,7.550000,7.550000,1800
2017-06-13,7.550000,7.550000,7.550000,7.550000,7.550000,100
2017-06-14,7.565000,7.740000,7.565000,7.650000,7.650000,3000
2017-06-15,7.650000,7.650000,7.650000,7.650000,7.650000,100
2017-06-16,7.750000,7.760000,7.645000,7.645000,7.645000,3000
2017-06-19,7.560000,7.750000,7.510000,7.750000,7.750000,800
2017-06-20,7.700000,7.750000,7.650000,7.750000,7.750000,6200
2017-06-21,7.415000,7.500000,7.400000,7.400000,7.400000,1100
2017-06-22,7.650000,7.685000,7.600000,7.650000,7.650000,5700
2017-06-23,7.640000,7.640000,7.565000,7.565000,7.565000,4600
2017-06-26,7.625000,7.625000,7.550000,7.550000,7.550000,400
2017-06-27,7.600000,7.600000,7.470000,7.470000,7.470000,900
2017-06-28,7.525000,7.750000,7.410000,7.750000,7.750000,2400
2017-06-29,7.735000,7.750000,7.550000,7.725000,7.725000,14700
2017-06-30,7.800000,7.800000,7.800000,7.800000,7.800000,200
2017-07-03,8.000000,8.000000,7.750000,7.850000,7.850000,600
2017-07-05,7.800000,7.800000,7.685000,7.750000,7.750000,1100
2017-07-06,7.765000,7.765000,7.650000,7.700000,7.700000,1200
2017-07-07,7.800000,7.850000,7.730000,7.730000,7.730000,500
2017-07-10,7.750000,8.100000,7.750000,8.050000,8.050000,4400
2017-07-11,7.965000,7.970000,7.850000,7.970000,7.970000,3700
2017-07-12,8.100000,8.100000,7.650000,7.990000,7.990000,3500
2017-07-13,7.940000,7.980000,7.900000,7.980000,7.980000,2000
2017-07-14,7.990000,8.800000,7.950000,8.750000,8.750000,18700
2017-07-17,8.680000,8.900000,8.570000,8.570000,8.570000,4500
2017-07-18,8.765000,8.805000,8.500000,8.500000,8.500000,1100
2017-07-19,8.660000,8.700000,8.500000,8.500000,8.500000,7600
2017-07-20,8.650000,8.650000,8.415000,8.450000,8.450000,2900
2017-07-21,8.700000,8.700000,8.225000,8.500000,8.500000,2600
2017-07-24,8.390000,8.700000,8.240000,8.280000,8.280000,5500
2017-07-25,8.400000,8.500000,8.100000,8.435000,8.435000,5500
2017-07-26,8.500000,8.500000,8.190000,8.190000,8.190000,4100
2017-07-27,8.585000,8.585000,8.585000,8.585000,8.585000,6000
2017-07-28,8.625000,9.420000,8.625000,9.420000,9.420000,7100
2017-07-31,9.350000,9.600000,9.290000,9.350000,9.350000,1500
2017-08-01,9.430000,9.500000,9.200000,9.200000,9.200000,300
2017-08-02,9.250000,9.685000,9.155000,9.685000,9.685000,3900
2017-08-03,9.580000,10.065000,9.550000,10.065000,10.065000,6700
2017-08-04,10.430000,11.090000,10.300000,10.530000,10.530000,15400
2017-08-07,10.950000,11.750000,10.900000,11.250000,11.250000,7800
2017-08-08,11.000000,11.500000,10.900000,10.900000,10.900000,10700
2017-08-09,10.950000,10.950000,10.450000,10.950000,10.950000,2300
2017-08-10,10.700000,10.800000,10.200000,10.200000,10.200000,9000
2017-08-11,10.250000,10.415000,10.155000,10.385000,10.385000,3900
2017-08-14,10.400000,10.500000,10.265000,10.265000,10.265000,2000
2017-08-15,10.300000,10.430000,10.250000,10.400000,10.400000,4900
2017-08-16,10.740000,11.050000,10.600000,11.050000,11.050000,15000
2017-08-17,11.155000,11.300000,11.155000,11.200000,11.200000,4000
2017-08-18,11.440000,11.480000,11.220000,11.220000,11.220000,5900
2017-08-21,11.400000,11.400000,11.095000,11.300000,11.300000,2500
2017-08-22,11.430000,11.540000,11.300000,11.500000,11.500000,14400
2017-08-23,11.500000,11.500000,11.290000,11.290000,11.290000,5000
2017-08-24,11.250000,11.390000,11.250000,11.390000,11.390000,2300
2017-08-25,11.300000,11.350000,11.300000,11.350000,11.350000,1700
2017-08-28,11.350000,11.350000,10.920000,11.000000,11.000000,1600
2017-08-29,10.885000,11.200000,10.495000,10.750000,10.750000,2100
2017-08-30,10.370000,10.600000,10.330000,10.390000,10.390000,1900
2017-08-31,10.400000,10.600000,10.250000,10.450000,10.450000,1800
2017-09-01,10.460000,10.600000,10.460000,10.600000,10.600000,3000
2017-09-05,10.850000,10.850000,10.430000,10.500000,10.500000,3600
2017-09-06,10.500000,10.550000,10.500000,10.550000,10.550000,600
2017-09-07,10.590000,10.590000,10.500000,10.500000,10.500000,2900
2017-09-08,10.220000,10.470000,10.220000,10.470000,10.470000,200
2017-09-11,10.200000,10.400000,10.195000,10.200000,10.200000,3200
2017-09-12,10.200000,10.340000,9.700000,10.340000,10.340000,3800
2017-09-13,10.465000,11.500000,10.200000,11.500000,11.500000,9700
2017-09-14,11.600000,12.255000,11.500000,12.070000,12.070000,18000
2017-09-15,11.995000,12.000000,11.710000,11.900000,11.900000,2500
2017-09-18,12.250000,13.200000,11.830000,13.120000,13.120000,20700
2017-09-19,13.000000,14.500000,13.000000,14.500000,14.500000,3900
2017-09-20,14.550000,15.590000,14.420000,15.000000,15.000000,20600
2017-09-21,14.780000,15.100000,13.795000,14.820000,14.820000,6400
2017-09-22,15.000000,15.005000,14.345000,14.345000,14.345000,3900
2017-09-25,14.550000,14.770000,14.350000,14.500000,14.500000,2500
2017-09-26,14.600000,14.800000,14.215000,14.400000,14.400000,14000
2017-09-27,14.500000,14.515000,13.955000,14.000000,14.000000,3000
2017-09-28,14.000000,14.500000,14.000000,14.115000,14.115000,5700
2017-09-29,14.070000,14.485000,14.010000,14.380000,14.380000,3400
2017-10-02,14.445000,15.680000,14.445000,15.520000,15.520000,14200
2017-10-03,15.485000,16.299999,15.485000,15.855000,15.855000,15300
2017-10-04,16.305000,16.395000,16.000000,16.100000,16.100000,8000
2017-10-05,16.200001,16.760000,16.155001,16.660000,16.660000,8300
2017-10-06,17.400000,17.969999,16.700001,17.799999,17.799999,5600
2017-10-09,18.180000,20.000000,18.000000,19.000000,19.000000,12400
2017-10-10,19.299999,19.750000,18.500000,19.309999,19.309999,12500
2017-10-11,19.665001,20.700001,19.620001,19.915001,19.915001,18800
2017-10-12,20.490000,20.490000,15.250000,17.225000,17.225000,29100
2017-10-13,17.400000,18.500000,17.200001,17.700001,17.700001,22600
2017-10-16,17.995001,17.995001,16.100000,16.950001,16.950001,3800
2017-10-17,16.250000,16.250000,14.250000,15.050000,15.050000,14800
2017-10-18,15.750000,16.500000,15.650000,16.000000,16.000000,7700
2017-10-19,16.080000,16.350000,15.750000,15.845000,15.845000,2800
2017-10-20,15.750000,16.450001,15.750000,16.094999,16.094999,7500
2017-10-23,16.520000,16.520000,16.170000,16.350000,16.350000,3100
2017-10-24,16.250000,16.600000,15.890000,16.129999,16.129999,4900
2017-10-25,15.950000,15.950000,15.400000,15.600000,15.600000,4000
2017-10-26,15.750000,15.900000,15.400000,15.560000,15.560000,3100
2017-10-27,15.735000,15.795000,15.000000,15.795000,15.795000,1700
2017-10-30,15.800000,15.800000,15.200000,15.495000,15.495000,700
2017-10-31,15.735000,15.735000,15.250000,15.495000,15.495000,5300
2017-11-01,15.550000,15.700000,15.100000,15.440000,15.440000,5500
2017-11-02,15.250000,16.150000,15.250000,15.750000,15.750000,10400
2017-11-03,15.750000,16.045000,15.750000,16.045000,16.045000,4500
2017-11-06,16.850000,18.000000,16.850000,17.915001,17.915001,30300
2017-11-07,18.750000,19.040001,18.000000,19.040001,19.040001,4000
2017-11-08,19.400000,19.400000,17.500000,18.750000,18.750000,5600
2017-11-09,17.660000,17.700001,7.325000,14.000000,14.000000,140300
2017-11-10,14.400000,14.500000,11.750000,12.430000,12.430000,43200
2017-11-13,12.120000,12.600000,10.560000,10.945000,10.945000,18400
2017-11-14,11.340000,11.800000,10.550000,10.790000,10.790000,5400
2017-11-15,11.250000,11.400000,10.595000,11.040000,11.040000,2800
2017-11-16,11.395000,12.250000,11.030000,12.000000,12.000000,18200
2017-11-17,12.000000,12.750000,11.750000,12.550000,12.550000,11100
2017-11-20,12.750000,12.750000,11.970000,12.700000,12.700000,28600
2017-11-21,12.500000,12.500000,11.750000,12.495000,12.495000,4300
2017-11-22,12.700000,12.700000,11.750000,12.150000,12.150000,11100
2017-11-24,12.270000,12.650000,12.195000,12.195000,12.195000,4400
2017-11-27,12.200000,12.200000,11.250000,11.355000,11.355000,6100
2017-11-28,11.250000,11.600000,10.750000,11.000000,11.000000,7500
2017-11-29,11.250000,12.000000,10.935000,11.250000,11.250000,13900
2017-11-30,11.250000,11.600000,11.050000,11.400000,11.400000,1300
2017-12-01,11.250000,11.325000,11.100000,11.140000,11.140000,3200
2017-12-04,11.500000,11.500000,11.050000,11.200000,11.200000,3300
2017-12-05,11.235000,11.250000,11.120000,11.120000,11.120000,2100
2017-12-06,11.050000,11.350000,11.050000,11.050000,11.050000,4800
2017-12-07,11.100000,11.500000,11.000000,11.500000,11.500000,6200
2017-12-08,11.690000,12.050000,11.550000,12.050000,12.050000,3900
2017-12-11,11.860000,12.050000,11.750000,11.900000,11.900000,6800
2017-12-12,11.615000,12.600000,11.490000,11.500000,11.500000,16900
2017-12-13,11.725000,11.725000,11.050000,11.050000,11.050000,4900
2017-12-14,11.400000,11.400000,10.750000,11.305000,11.305000,13900
2017-12-15,11.140000,11.250000,10.650000,11.250000,11.250000,5500
2017-12-18,11.305000,11.305000,10.550000,10.620000,10.620000,4200
2017-12-19,10.650000,10.650000,10.500000,10.500000,10.500000,3400
2017-12-20,10.475000,10.630000,10.285000,10.300000,10.300000,4200
2017-12-21,10.350000,10.950000,10.340000,10.400000,10.400000,1500
2017-12-22,11.000000,11.000000,10.500000,10.595000,10.595000,800
2017-12-26,11.200000,11.250000,10.600000,11.250000,11.250000,1100
2017-12-27,11.350000,11.350000,10.900000,11.350000,11.350000,2100
2017-12-28,11.350000,12.450000,10.950000,12.450000,12.450000,22300
2017-12-29,12.700000,13.000000,11.950000,12.320000,12.320000,8100
2018-01-02,12.550000,13.000000,12.180000,12.260000,12.260000,2500
2018-01-03,12.345000,12.380000,11.550000,11.655000,11.655000,4500
2018-01-04,10.900000,11.500000,10.525000,10.550000,10.550000,16200
2018-01-05,10.750000,11.810000,10.635000,11.180000,11.180000,10600
2018-01-08,11.500000,12.040000,11.000000,11.250000,11.250000,8200
2018-01-09,11.150000,11.300000,10.600000,11.300000,11.300000,31900
2018-01-10,11.500000,11.500000,10.950000,11.300000,11.300000,17600
2018-01-11,11.250000,11.450000,11.180000,11.300000,11.300000,12700
2018-01-12,11.250000,11.300000,11.055000,11.250000,11.250000,6700
2018-01-16,11.350000,11.700000,11.350000,11.450000,11.450000,3300
2018-01-17,11.450000,11.600000,11.250000,11.550000,11.550000,3800
2018-01-18,11.850000,11.850000,11.340000,11.370000,11.370000,1800
2018-01-19,11.650000,11.650000,11.300000,11.650000,11.650000,10800
2018-01-22,11.900000,11.900000,10.800000,10.800000,10.800000,2600
2018-01-23,10.800000,10.800000,10.800000,10.800000,10.800000,0
2018-01-24,11.390000,11.390000,11.000000,11.061000,11.061000,3100
2018-01-25,10.900000,11.456000,10.680000,11.450000,11.450000,10200
2018-01-26,11.580000,11.580000,11.150000,11.200000,11.200000,12400
2018-01-29,11.212000,11.320000,10.893000,11.150000,11.150000,4400
2018-01-30,11.235000,11.235000,10.500000,10.500000,10.500000,6300
2018-01-31,10.342000,10.580000,10.342000,10.500000,10.500000,5700
2018-02-01,10.440000,11.130000,10.250000,10.480000,10.480000,3400
2018-02-02,10.420000,10.420000,9.900000,9.900000,9.900000,17500
2018-02-05,9.970000,9.970000,9.260000,9.300000,9.300000,8900
2018-02-06,8.030000,8.910000,8.020000,8.910000,8.910000,6200
2018-02-07,8.780000,8.780000,8.010000,8.170000,8.170000,13600
2018-02-08,8.260000,8.590000,8.240000,8.590000,8.590000,10900
2018-02-09,8.620000,9.685000,8.620000,9.330000,9.330000,4100
2018-02-12,9.700000,10.630000,9.700000,10.300000,10.300000,7300
2018-02-13,10.500000,10.520000,10.423000,10.520000,10.520000,1600
2018-02-14,10.754000,11.250000,10.537000,11.250000,11.250000,4300
2018-02-15,11.500000,11.750000,11.250000,11.250000,11.250000,6300
2018-02-16,11.340000,11.477000,11.160000,11.298000,11.298000,4400
2018-02-20,11.500000,12.400000,11.500000,12.370000,12.370000,4800
2018-02-21,12.416000,12.583000,12.000000,12.000000,12.000000,3000
2018-02-22,11.580000,12.500000,11.580000,12.475000,12.475000,3100
2018-02-23,12.406000,12.480000,12.250000,12.480000,12.480000,3500
2018-02-26,12.480000,12.480000,12.000000,12.000000,12.000000,1900
2018-02-27,12.001000,12.010000,11.781000,11.806000,11.806000,1400
2018-02-28,11.750000,12.070000,11.743000,12.070000,12.070000,1900
2018-03-01,11.800000,11.800000,11.800000,11.800000,11.800000,300
2018-03-02,12.080000,12.130000,12.080000,12.130000,12.130000,600
2018-03-05,12.620000,12.620000,11.940000,12.090000,12.090000,3600
2018-03-06,12.050000,12.120000,11.700000,11.700000,11.700000,1200
2018-03-07,12.370000,12.370000,11.700000,11.750000,11.750000,2400
2018-03-08,11.800000,11.800000,11.690000,11.690000,11.690000,500
2018-03-09,12.030000,12.030000,12.030000,12.030000,12.030000,200
2018-03-12,10.920000,11.170000,10.920000,11.160000,11.160000,1500
2018-03-13,11.390000,11.390000,10.120000,10.460000,10.460000,2500
2018-03-14,11.090000,11.100000,11.000000,11.070000,11.070000,800
2018-03-15,11.113000,11.130000,10.740000,11.130000,11.130000,900
2018-03-16,11.050000,11.094000,11.020000,11.094000,11.094000,2100
2018-03-19,11.130000,11.130000,11.000000,11.000000,11.000000,1000
2018-03-20,11.000000,11.050000,10.000000,10.150000,10.150000,5300
2018-03-21,10.282000,10.282000,10.224000,10.242000,10.242000,11600
2018-03-22,10.450000,10.450000,10.000000,10.000000,10.000000,14800
2018-03-23,10.450000,10.450000,10.000000,10.095000,10.095000,1000
2018-03-26,10.290000,10.290000,10.240000,10.240000,10.240000,1700
2018-03-27,11.060000,11.060000,10.560000,10.560000,10.560000,800
2018-03-28,10.500000,10.500000,10.410000,10.410000,10.410000,1100
2018-03-29,9.990000,10.110000,9.879000,10.110000,10.110000,5600
2018-04-02,9.790000,9.790000,9.260000,9.656000,9.656000,15800
2018-04-03,9.790000,9.790000,9.698000,9.698000,9.698000,700
2018-04-04,9.410000,9.410000,9.010000,9.274000,9.274000,4900
2018-04-05,9.190000,9.190000,8.444000,8.570000,8.570000,3100
2018-04-06,8.260000,8.260000,7.744000,7.900000,7.900000,4800
2018-04-09,7.680000,7.960000,7.500000,7.500000,7.500000,20000
2018-04-10,7.360000,8.260000,7.360000,8.160000,8.160000,12300
2018-04-11,7.150000,7.750000,7.150000,7.530000,7.530000,225900
2018-04-12,7.600000,7.810000,7.540000,7.810000,7.810000,52100
2018-04-13,7.850000,7.850000,7.795000,7.795000,7.795000,19200
2018-04-16,7.810000,7.830000,7.750000,7.750000,7.750000,9900
2018-04-17,7.820000,8.970000,7.820000,7.950000,7.950000,37100
2018-04-18,8.010000,8.100000,8.000000,8.050000,8.050000,18000
2018-04-19,8.050000,8.420000,7.950000,7.960000,7.960000,27400
2018-04-20,8.000000,8.180000,7.984000,8.180000,8.180000,8600
2018-04-23,8.460000,8.460000,8.070000,8.070000,8.070000,16600
2018-04-24,8.100000,8.590000,8.030000,8.500000,8.500000,17900
2018-04-25,8.150000,8.640000,8.150000,8.220000,8.220000,19200
2018-04-26,8.150000,8.391000,8.150000,8.370000,8.370000,3800
2018-04-27,8.100000,8.230000,7.950000,8.170000,8.170000,11800
2018-04-30,8.000000,8.050000,7.520000,7.630000,7.630000,14400
2018-05-01,7.470000,8.100000,7.470000,7.990000,7.990000,16200
2018-05-02,8.030000,8.270000,7.850000,8.250000,8.250000,10500
2018-05-03,8.351000,8.351000,7.930000,8.220000,8.220000,14300
2018-05-04,8.100000,8.590000,8.030000,8.530000,8.530000,18400
2018-05-07,8.500000,8.950000,8.250000,8.950000,8.950000,15300
2018-05-08,8.743000,10.860000,8.700000,10.860000,10.860000,102100
2018-05-09,10.500000,11.000000,10.200000,10.980000,10.980000,41100
2018-05-10,11.000000,11.780000,10.880000,11.770000,11.770000,94800
2018-05-11,11.500000,11.500000,11.200000,11.370000,11.370000,34000
2018-05-14,11.340000,11.340000,10.870000,11.000000,11.000000,12800
2018-05-15,10.950000,11.240000,10.850000,11.240000,11.240000,22100
2018-05-16,11.130000,11.190000,10.740000,11.110000,11.110000,27000
2018-05-17,11.330000,11.330000,10.860000,10.920000,10.920000,16900
2018-05-18,10.960000,11.000000,10.210000,10.240000,10.240000,15400
2018-05-21,11.020000,11.200000,10.790000,11.110000,11.110000,12900
2018-05-22,11.130000,11.150000,10.860000,10.860000,10.860000,23000
2018-05-23,10.860000,11.000000,10.850000,10.980000,10.980000,17400
2018-05-24,11.000000,11.150000,10.547000,11.150000,11.150000,20600
2018-05-25,10.816000,10.816000,10.710000,10.710000,10.710000,10700
2018-05-29,10.760000,10.760000,9.840000,9.840000,9.840000,29500
2018-05-30,9.990000,11.000000,9.790000,11.000000,11.000000,10300
2018-05-31,9.940000,10.880000,9.940000,10.770000,10.770000,43500
2018-06-01,10.750000,11.000000,10.295000,11.000000,11.000000,34800
2018-06-04,11.000000,11.000000,10.337000,10.920000,10.920000,50900
2018-06-05,10.840000,11.150000,10.540000,11.150000,11.150000,45400
2018-06-06,11.100000,11.100000,10.850000,11.000000,11.000000,36000
2018-06-07,11.000000,11.020000,10.590000,10.780000,10.780000,42200
2018-06-08,10.650000,10.780000,10.370000,10.700000,10.700000,53200
2018-06-11,10.780000,11.200000,10.480000,11.170000,11.170000,186900
2018-06-12,10.500000,12.110000,10.500000,11.920000,11.920000,148800
2018-06-13,11.900000,12.890000,11.660000,12.740000,12.740000,158400
2018-06-14,12.420000,12.950000,12.420000,12.730000,12.730000,223400
2018-06-15,12.760000,13.100000,12.620000,13.020000,13.020000,551200
2018-06-18,13.200000,13.200000,12.450000,12.870000,12.870000,183900
2018-06-19,12.220000,12.220000,11.550000,11.910000,11.910000,131400
2018-06-20,12.310000,12.460000,11.900000,11.900000,11.900000,78500
2018-06-21,11.690000,11.810000,11.610000,11.700000,11.700000,137200
2018-06-22,11.670000,12.050000,11.000000,11.840000,11.840000,1825600
2018-06-25,11.790000,11.910000,10.000000,10.060000,10.060000,163100
2018-06-26,10.020000,10.310000,9.810000,10.110000,10.110000,105300
2018-06-27,10.569000,10.569000,9.980000,10.000000,10.000000,48500
2018-06-28,10.280000,10.410000,9.780000,9.960000,9.960000,92100
2018-06-29,9.930000,10.000000,9.410000,9.520000,9.520000,146900
2018-07-02,9.460000,9.925000,9.330000,9.670000,9.670000,18700
2018-07-03,9.970000,10.075000,9.770000,9.810000,9.810000,30500
2018-07-05,9.900000,9.900000,9.600000,9.650000,9.650000,51400
2018-07-06,9.320000,9.775000,9.050000,9.120000,9.120000,48100
2018-07-09,9.050000,9.880000,9.050000,9.630000,9.630000,41500
2018-07-10,9.690000,9.870000,9.635000,9.800000,9.800000,64000
2018-07-11,9.860000,9.860000,9.300000,9.350000,9.350000,32200
2018-07-12,9.600000,9.700000,9.410000,9.480000,9.480000,24300
2018-07-13,9.630000,9.630000,9.320000,9.400000,9.400000,17100
2018-07-16,9.330000,9.630000,9.250000,9.530000,9.530000,21400
2018-07-17,9.610000,9.620000,9.390000,9.420000,9.420000,40400
2018-07-18,9.270000,9.489000,9.220000,9.290000,9.290000,44300
2018-07-19,9.120000,9.270000,9.010000,9.020000,9.020000,30900
2018-07-20,9.000000,9.140000,8.600000,8.760000,8.760000,44600
2018-07-23,9.050000,9.730000,9.010000,9.480000,9.480000,60900
2018-07-24,9.540000,9.830000,9.480000,9.820000,9.820000,29900
2018-07-25,9.860000,9.860000,9.510000,9.520000,9.520000,29200
2018-07-26,9.690000,9.780000,9.020000,9.150000,9.150000,19400
2018-07-27,9.160000,9.450000,9.020000,9.040000,9.040000,23100
2018-07-30,9.020000,9.290000,9.020000,9.030000,9.030000,16200
2018-07-31,9.340000,9.340000,9.030000,9.160000,9.160000,19600
2018-08-01,9.100000,9.560000,9.030000,9.160000,9.160000,23500
2018-08-02,9.160000,9.580000,9.160000,9.200000,9.200000,22000
2018-08-03,9.200000,9.405000,9.070000,9.080000,9.080000,35300
2018-08-06,9.550000,9.735000,9.150000,9.490000,9.490000,46200
2018-08-07,9.490000,9.579000,9.260000,9.480000,9.480000,43700
2018-08-08,9.390000,9.450000,9.290000,9.290000,9.290000,29200
2018-08-09,9.290000,9.370000,9.120000,9.170000,9.170000,34400
2018-08-10,9.110000,9.460000,9.070000,9.110000,9.110000,44800
2018-08-13,9.290000,9.350000,9.070000,9.270000,9.270000,29800
2018-08-14,9.350000,9.740000,9.210000,9.730000,9.730000,47300
2018-08-15,9.650000,9.705000,9.330000,9.490000,9.490000,9500
2018-08-16,9.560000,9.830000,9.490000,9.815000,9.815000,22700
2018-08-17,9.560000,10.100000,9.560000,10.040000,10.040000,34600
2018-08-20,10.200000,10.200000,9.850000,10.020000,10.020000,17900
2018-08-21,10.050000,10.200000,9.900000,9.910000,9.910000,16200
2018-08-22,9.910000,10.240000,9.910000,10.170000,10.170000,13800
2018-08-23,10.220000,10.250000,9.981000,10.170000,10.170000,12300
2018-08-24,10.250000,10.250000,9.990000,10.110000,10.110000,15400
2018-08-27,10.250000,10.250000,9.900000,9.990000,9.990000,32700
2018-08-28,10.130000,10.269000,9.540000,9.890000,9.890000,63900
2018-08-29,10.000000,10.250000,9.750000,9.880000,9.880000,15300
2018-08-30,9.720000,10.130000,9.720000,9.950000,9.950000,19900
2018-08-31,10.070000,10.370000,9.350000,10.020000,10.020000,102100
2018-09-04,10.180000,10.319000,10.010000,10.210000,10.210000,40500
2018-09-05,10.340000,10.600000,10.245000,10.410000,10.410000,56700
2018-09-06,10.340000,10.400000,10.181000,10.230000,10.230000,16200
2018-09-07,10.110000,10.400000,10.110000,10.290000,10.290000,8400
2018-09-10,10.320000,10.510000,10.300000,10.330000,10.330000,16800
2018-09-11,10.270000,10.310000,9.840000,9.990000,9.990000,44400
2018-09-12,10.020000,10.238000,10.020000,10.100000,10.100000,23000
2018-09-13,10.100000,10.190000,9.960000,9.980000,9.980000,24200
2018-09-14,10.000000,10.000000,9.710000,9.820000,9.820000,21500
2018-09-17,10.550000,10.550000,9.820000,9.930000,9.930000,16600
2018-09-18,9.844000,9.950000,9.600000,9.640000,9.640000,16100
2018-09-19,9.700000,9.930000,9.700000,9.790000,9.790000,37700
2018-09-20,9.900000,9.900000,9.680000,9.790000,9.790000,10800
2018-09-21,9.610000,9.830000,9.610000,9.760000,9.760000,86200
2018-09-24,9.690000,9.800000,9.640000,9.710000,9.710000,28000
2018-09-25,10.050000,10.050000,9.750000,9.750000,9.750000,46400
2018-09-26,9.800000,10.050000,9.785000,9.830000,9.830000,37600
2018-09-27,9.830000,9.910000,9.420000,9.490000,9.490000,40300
2018-09-28,9.340000,9.850000,9.340000,9.790000,9.790000,33000
2018-10-01,9.700000,9.860000,9.370000,9.380000,9.380000,42900
2018-10-02,9.360000,10.000000,9.070000,9.100000,9.100000,43000
2018-10-03,9.000000,9.330000,9.000000,9.070000,9.070000,36900
2018-10-04,9.020000,9.130000,8.910000,8.960000,8.960000,42100
2018-10-05,9.100000,9.100000,8.145000,8.460000,8.460000,63900
2018-10-08,8.460000,9.000000,8.150000,8.250000,8.250000,46200
2018-10-09,8.270000,8.800000,8.270000,8.420000,8.420000,44400
2018-10-10,8.420000,8.600000,8.125000,8.420000,8.420000,40400
2018-10-11,8.240000,8.860000,8.240000,8.490000,8.490000,32400
2018-10-12,8.500000,9.020000,8.360000,8.450000,8.450000,18400
2018-10-15,8.410000,8.820000,8.410000,8.750000,8.750000,15300
2018-10-16,8.770000,8.770000,8.650000,8.750000,8.750000,20500
2018-10-17,8.630000,8.700000,8.560000,8.600000,8.600000,9800
2018-10-18,8.600000,9.020000,8.600000,8.830000,8.830000,44600
2018-10-19,8.750000,8.860000,8.690000,8.770000,8.770000,22000
2018-10-22,9.000000,10.310000,8.780000,10.160000,10.160000,95600
2018-10-23,10.280000,10.280000,9.500000,9.930000,9.930000,60300
2018-10-24,10.060000,10.150000,9.160000,9.230000,9.230000,52000
2018-10-25,9.610000,10.360000,9.220000,9.980000,9.980000,110400
2018-10-26,10.000000,10.100000,9.580000,9.660000,9.660000,36500
2018-10-29,9.510000,10.000000,9.510000,9.710000,9.710000,31700
2018-10-30,9.620000,9.820000,9.570000,9.620000,9.620000,61400
2018-10-31,9.950000,10.589000,9.550000,10.240000,10.240000,199400
2018-11-01,10.170000,10.470000,10.000000,10.010000,10.010000,77500
2018-11-02,10.000000,10.170000,9.700000,9.700000,9.700000,109000
2018-11-05,10.090000,10.150000,9.700000,9.720000,9.720000,47900
2018-11-06,9.750000,10.360000,9.750000,10.320000,10.320000,38000
2018-11-07,10.330000,10.600000,10.330000,10.550000,10.550000,78200
2018-11-08,10.600000,10.730000,10.290000,10.700000,10.700000,45500
2018-11-09,10.700000,10.760000,10.260000,10.260000,10.260000,28900
2018-11-12,10.230000,10.490000,9.960000,9.960000,9.960000,47900
2018-11-13,9.960000,10.199000,9.720000,9.740000,9.740000,67400
2018-11-14,9.930000,10.030000,9.190000,9.240000,9.240000,160800
2018-11-15,8.240000,8.280000,7.830000,8.030000,8.030000,801800
2018-11-16,7.990000,8.240000,7.950000,8.100000,8.100000,128900
2018-11-19,8.450000,8.450000,7.960000,8.000000,8.000000,127200
2018-11-20,8.240000,8.240000,7.750000,8.170000,8.170000,149500
2018-11-21,8.170000,8.340000,8.160000,8.220000,8.220000,89400
2018-11-23,8.220000,8.620000,8.220000,8.440000,8.440000,75900
2018-11-26,8.500000,8.660000,8.180000,8.300000,8.300000,60300
2018-11-27,8.330000,8.655000,8.110000,8.260000,8.260000,57000
2018-11-28,8.320000,8.490000,8.301000,8.420000,8.420000,41500
2018-11-29,8.430000,8.460000,8.350000,8.430000,8.430000,36800
2018-11-30,8.490000,8.490000,8.100000,8.300000,8.300000,100700
2018-12-03,8.470000,8.680000,8.450000,8.660000,8.660000,77300
2018-12-04,8.690000,9.263000,8.690000,8.940000,8.940000,127300
2018-12-06,8.860000,8.900000,8.740000,8.870000,8.870000,44300
2018-12-07,8.850000,9.260000,8.850000,9.160000,9.160000,115900
2018-12-10,9.110000,10.670000,9.080000,10.290000,10.290000,266100
2018-12-11,10.260000,10.273000,9.570000,10.000000,10.000000,173000
2018-12-12,10.030000,10.100000,9.660000,9.740000,9.740000,54900
2018-12-13,9.790000,10.150000,9.790000,9.990000,9.990000,68300
2018-12-14,9.990000,10.030000,9.790000,9.930000,9.930000,51300
2018-12-17,9.930000,9.930000,9.350000,9.420000,9.420000,89400
2018-12-18,9.420000,9.570000,8.890000,9.000000,9.000000,108400
2018-12-19,8.980000,9.460000,8.815000,9.030000,9.030000,57500
2018-12-20,8.950000,9.480000,8.890000,9.350000,9.350000,64400
2018-12-21,9.200000,9.340000,8.948000,9.290000,9.290000,311300
2018-12-24,9.370000,9.370000,9.060000,9.170000,9.170000,19900
2018-12-26,9.150000,9.540000,9.000000,9.210000,9.210000,38100
2018-12-27,9.240000,9.240000,8.860000,9.020000,9.020000,45000
2018-12-28,9.090000,9.260000,8.860000,9.000000,9.000000,96700
2018-12-31,9.080000,9.540000,8.790000,9.160000,9.160000,122600
2019-01-02,8.930000,9.240000,8.922000,9.110000,9.110000,25900
2019-01-03,9.120000,9.450000,9.120000,9.160000,9.160000,89300
2019-01-04,9.210000,9.210000,8.970000,9.020000,9.020000,39800
2019-01-07,8.930000,9.220000,8.930000,9.100000,9.100000,63300
2019-01-08,9.030000,9.120000,8.650000,8.790000,8.790000,43900
2019-01-09,8.700000,8.980000,8.670000,8.940000,8.940000,57200
2019-01-10,8.940000,8.940000,8.660000,8.780000,8.780000,66900
2019-01-11,8.650000,8.970000,8.280000,8.860000,8.860000,187300
2019-01-14,8.850000,8.900000,8.010000,8.190000,8.190000,187100
2019-01-15,8.260000,8.620000,7.760000,8.350000,8.350000,92500
2019-01-16,8.540000,8.620000,8.350000,8.510000,8.510000,48500
2019-01-17,8.550000,8.550000,8.100000,8.300000,8.300000,64800
2019-01-18,8.220000,8.420000,8.050000,8.330000,8.330000,69400
2019-01-22,8.350000,8.350000,7.560000,7.650000,7.650000,240400
2019-01-23,7.650000,7.800000,7.100000,7.360000,7.360000,163000
2019-01-24,7.400000,7.720000,7.400000,7.610000,7.610000,89400
2019-01-25,7.400000,7.590000,6.720000,7.130000,7.130000,354000
2019-01-28,7.150000,7.340000,7.092000,7.330000,7.330000,61200
2019-01-29,7.260000,7.280000,6.850000,7.190000,7.190000,116400
2019-01-30,7.150000,7.619000,7.150000,7.480000,7.480000,186700
2019-01-31,7.570000,7.730000,7.250000,7.360000,7.360000,161700
2019-02-01,7.450000,7.510000,7.250000,7.420000,7.420000,80900
2019-02-04,7.470000,7.590000,7.250000,7.260000,7.260000,85900
2019-02-05,7.270000,7.335000,7.140000,7.160000,7.160000,64700
2019-02-06,7.180000,7.220000,7.050000,7.080000,7.080000,61400
2019-02-07,7.060000,7.230000,7.010000,7.190000,7.190000,74000
2019-02-08,7.160000,7.670000,7.160000,7.220000,7.220000,67100
2019-02-11,7.500000,7.500000,7.060000,7.100000,7.100000,37500
2019-02-12,7.170000,7.290000,7.000000,7.090000,7.090000,71400
2019-02-13,7.140000,7.364000,7.140000,7.210000,7.210000,86400
2019-02-14,7.210000,7.430000,7.200000,7.300000,7.300000,57300
2019-02-15,7.380000,7.745000,7.380000,7.670000,7.670000,68900
2019-02-19,7.670000,7.850000,7.490000,7.570000,7.570000,39700
2019-02-20,7.560000,7.580000,7.260000,7.390000,7.390000,58600
2019-02-21,7.370000,7.550000,7.340000,7.400000,7.400000,70900
2019-02-22,7.400000,7.420000,7.200000,7.320000,7.320000,112100
2019-02-25,7.350000,7.350000,7.050000,7.240000,7.240000,91400
2019-02-26,7.120000,7.470000,7.120000,7.290000,7.290000,49900
2019-02-27,7.330000,7.330000,7.060000,7.150000,7.150000,54000
2019-02-28,7.220000,7.220000,6.880000,7.090000,7.090000,111000
2019-03-01,7.120000,7.140000,7.050000,7.100000,7.100000,47900
2019-03-04,7.130000,7.170000,6.950000,6.960000,6.960000,33400
2019-03-05,7.050000,7.120000,6.693000,6.820000,6.820000,81000
2019-03-06,7.000000,7.026000,6.500000,6.500000,6.500000,91500
2019-03-07,6.630000,6.690000,6.360000,6.430000,6.430000,197400
2019-03-08,6.440000,6.440000,6.200000,6.260000,6.260000,100000
2019-03-11,6.300000,6.390000,6.250000,6.360000,6.360000,41300
2019-03-12,6.380000,6.790000,6.380000,6.670000,6.670000,24000
2019-03-13,6.690000,7.130000,6.690000,6.980000,6.980000,41200
2019-03-14,6.940000,6.969000,6.490000,6.550000,6.550000,77900
2019-03-15,6.500000,7.130000,6.500000,7.130000,7.130000,129000
2019-03-18,7.090000,7.136000,6.750000,6.850000,6.850000,47200
2019-03-19,6.830000,7.020000,6.750000,7.000000,7.000000,42200
2019-03-20,6.930000,7.000000,6.840000,6.910000,6.910000,24000
2019-03-21,6.850000,6.850000,6.590000,6.600000,6.600000,41000
2019-03-22,6.710000,7.140000,6.710000,6.800000,6.800000,79400
2019-03-25,6.850000,7.000000,6.580000,6.850000,6.850000,40100
2019-03-26,6.860000,6.920000,6.710000,6.750000,6.750000,21500
2019-03-27,6.780000,6.850000,6.610000,6.770000,6.770000,50700
2019-03-28,6.770000,6.810000,6.690000,6.760000,6.760000,21600
2019-03-29,6.740000,6.780000,6.620000,6.660000,6.660000,44200
2019-04-01,6.670000,6.850000,6.600000,6.770000,6.770000,58700
2019-04-02,6.700000,6.810000,6.650000,6.660000,6.660000,12200
2019-04-03,6.720000,6.731000,6.200000,6.550000,6.550000,36000
2019-04-04,6.550000,6.590000,6.370000,6.450000,6.450000,21300
2019-04-05,6.450000,6.500000,6.168000,6.460000,6.460000,13000
2019-04-08,6.460000,6.580000,6.230000,6.370000,6.370000,35900
2019-04-09,6.350000,6.430000,6.210000,6.210000,6.210000,24700
2019-04-10,2.120000,2.500000,2.010000,2.100000,2.100000,3467000
2019-04-11,2.060000,2.090000,1.770000,1.900000,1.900000,1184200
2019-04-12,1.880000,2.100000,1.810000,2.030000,2.030000,568700
2019-04-15,2.070000,2.364000,2.000000,2.310000,2.310000,624000
2019-04-16,2.320000,2.650000,2.250000,2.640000,2.640000,580200
2019-04-17,2.710000,3.150000,2.710000,2.910000,2.910000,649900
2019-04-18,2.890000,3.080000,2.750000,2.920000,2.920000,368500
2019-04-22,2.880000,2.920000,2.620000,2.720000,2.720000,288100
2019-04-23,2.720000,2.750000,2.460000,2.490000,2.490000,232100
2019-04-24,2.500000,2.500000,2.320000,2.430000,2.430000,132100
2019-04-25,2.340000,2.420000,2.240000,2.310000,2.310000,199900
2019-04-26,2.300000,2.450000,2.300000,2.450000,2.450000,106000
2019-04-29,2.460000,2.717000,2.380000,2.400000,2.400000,56900
2019-04-30,2.400000,2.450000,2.350000,2.450000,2.450000,61600
2019-05-01,2.390000,2.450000,2.300000,2.380000,2.380000,82900
2019-05-02,2.400000,2.443000,2.310000,2.340000,2.340000,48900
2019-05-03,2.340000,2.400000,2.300000,2.350000,2.350000,49900
2019-05-06,2.310000,2.360000,2.250000,2.310000,2.310000,62000
2019-05-07,2.300000,2.410000,2.300000,2.360000,2.360000,92100
2019-05-08,2.370000,2.370000,2.270000,2.290000,2.290000,77900
2019-05-09,2.300000,2.316000,2.240000,2.250000,2.250000,186200
2019-05-10,2.350000,2.350000,1.980000,2.020000,2.020000,127900
2019-05-13,2.060000,2.160000,1.980000,1.980000,1.980000,121200
2019-05-14,2.080000,2.130000,1.960000,2.100000,2.100000,136600
2019-05-15,2.090000,2.090000,1.990000,2.060000,2.060000,109600
2019-05-16,2.050000,2.190000,2.050000,2.190000,2.190000,48600
2019-05-17,2.200000,2.280000,2.140000,2.270000,2.270000,70000
2019-05-20,2.300000,2.480000,2.260000,2.460000,2.460000,83200
2019-05-21,2.400000,2.400000,2.300000,2.340000,2.340000,131700
2019-05-22,2.340000,2.540000,2.309000,2.510000,2.510000,152900
2019-05-23,2.470000,2.510000,2.410000,2.450000,2.450000,74500
2019-05-24,2.450000,2.590000,2.450000,2.550000,2.550000,57600
2019-05-28,2.550000,2.580000,2.470000,2.520000,2.520000,50800
2019-05-29,2.490000,2.600000,2.460000,2.550000,2.550000,60200
2019-05-30,2.550000,2.640000,2.510000,2.610000,2.610000,80700
2019-05-31,2.590000,2.660000,2.550000,2.610000,2.610000,63600
2019-06-03,2.570000,2.685000,2.560000,2.650000,2.650000,77900
2019-06-04,2.678000,2.850000,2.650000,2.820000,2.820000,105200
2019-06-05,2.830000,3.310000,2.830000,3.000000,3.000000,474000
2019-06-06,3.000000,3.130000,2.880000,2.970000,2.970000,132100
2019-06-07,2.963000,2.963000,2.880000,2.920000,2.920000,109600
2019-06-10,2.910000,2.990000,2.900000,2.970000,2.970000,84700
2019-06-11,2.920000,3.010000,2.900000,2.980000,2.980000,86900
2019-06-12,2.980000,3.110000,2.820000,3.000000,3.000000,134700
2019-06-13,3.020000,3.040000,2.880000,3.000000,3.000000,60500
2019-06-14,2.950000,3.000000,2.900000,2.920000,2.920000,162000
2019-06-17,2.940000,2.940000,2.750000,2.770000,2.770000,69800
2019-06-18,2.750000,2.970000,2.640000,2.920000,2.920000,50800
2019-06-19,2.900000,2.940000,2.820000,2.850000,2.850000,58100
2019-06-20,2.810000,2.860000,2.730000,2.730000,2.730000,29500
2019-06-21,2.710000,2.714000,2.670000,2.690000,2.690000,111200
2019-06-24,2.680000,2.710000,2.560000,2.570000,2.570000,228000
2019-06-25,2.580000,2.620000,2.480000,2.540000,2.540000,68000
2019-06-26,2.510000,2.518000,2.360000,2.360000,2.360000,92300
2019-06-27,2.350000,2.420000,2.340000,2.340000,2.340000,102300
2019-06-28,2.340000,2.350000,2.130000,2.200000,2.200000,1941200
2019-07-01,2.210000,2.320000,2.170000,2.240000,2.240000,111000
2019-07-02,2.260000,2.290000,2.180000,2.220000,2.220000,60600
2019-07-03,2.230000,2.270000,2.170000,2.190000,2.190000,39500
2019-07-05,2.190000,2.290000,2.170000,2.170000,2.170000,55200
2019-07-08,2.160000,2.180000,2.020000,2.050000,2.050000,206900
2019-07-09,2.040000,2.220000,2.040000,2.170000,2.170000,164000
2019-07-10,2.180000,2.330000,2.100000,2.300000,2.300000,60700
2019-07-11,2.280000,2.390000,2.215000,2.370000,2.370000,66400
2019-07-12,2.350000,2.400000,2.300000,2.350000,2.350000,95400
2019-07-15,2.370000,2.370000,2.270000,2.280000,2.280000,59700
2019-07-16,2.290000,2.380000,2.250000,2.350000,2.350000,37400
2019-07-17,2.380000,2.380000,2.280000,2.280000,2.280000,35100
2019-07-18,2.260000,2.360000,2.260000,2.290000,2.290000,48200
2019-07-19,2.290000,2.380000,2.290000,2.360000,2.360000,23200
2019-07-22,2.420000,2.420000,2.270000,2.290000,2.290000,47400
2019-07-23,2.300000,2.300000,2.200000,2.230000,2.230000,26400
2019-07-24,2.230000,2.280000,2.200000,2.250000,2.250000,49900
2019-07-25,2.280000,2.300000,2.170000,2.180000,2.180000,23700
2019-07-26,2.190000,2.200000,2.120000,2.120000,2.120000,18000
2019-07-29,2.150000,2.250000,2.030000,2.060000,2.060000,34900
2019-07-30,2.090000,2.190000,2.080000,2.120000,2.120000,26900
2019-07-31,2.100000,2.310000,2.080000,2.230000,2.230000,38400
2019-08-01,2.240000,2.350000,2.150000,2.160000,2.160000,39600
2019-08-02,2.111000,2.210000,2.100000,2.150000,2.150000,14400
2019-08-05,2.070000,2.136000,2.010000,2.050000,2.050000,26600
2019-08-06,2.070000,2.095000,1.910000,1.910000,1.910000,52000
2019-08-07,1.940000,2.030000,1.926000,2.030000,2.030000,34000
2019-08-08,2.010000,2.200000,2.010000,2.150000,2.150000,58800
2019-08-09,2.100000,2.125000,2.000000,2.030000,2.030000,32600
2019-08-12,2.050000,2.070000,1.960000,1.960000,1.960000,16300
2019-08-13,1.960000,2.010000,1.810000,1.860000,1.860000,87000
2019-08-14,1.870000,1.990000,1.750000,1.990000,1.990000,41500
2019-08-15,2.000000,2.050000,1.910000,2.000000,2.000000,25000
2019-08-16,2.001000,2.175000,1.940000,2.150000,2.150000,30300
2019-08-19,2.100000,2.130000,1.900000,1.930000,1.930000,127600
2019-08-20,1.940000,1.940000,1.815000,1.870000,1.870000,26700
2019-08-21,1.870000,1.970000,1.850000,1.940000,1.940000,42300
2019-08-22,1.950000,1.972000,1.860000,1.870000,1.870000,33600
2019-08-23,1.900000,2.020000,1.900000,1.940000,1.940000,27900
2019-08-26,1.940000,2.000000,1.940000,2.000000,2.000000,7900
2019-08-27,1.950000,1.970000,1.850000,1.890000,1.890000,45200
2019-08-28,1.900000,1.920000,1.850000,1.920000,1.920000,32700
2019-08-29,1.920000,2.020000,1.900000,1.960000,1.960000,6200
2019-08-30,1.970000,2.000000,1.900000,1.970000,1.970000,33900
2019-09-03,1.910000,1.996000,1.800000,1.960000,1.960000,13300
2019-09-04,1.950000,1.950000,1.850000,1.850000,1.850000,12500
2019-09-05,1.870000,1.920000,1.790000,1.890000,1.890000,13800
2019-09-06,1.880000,1.880000,1.810000,1.810000,1.810000,8100
2019-09-09,1.820000,1.900000,1.820000,1.850000,1.850000,43300
2019-09-10,1.810000,1.850000,1.790000,1.820000,1.820000,27300
2019-09-11,1.820000,1.950000,1.780000,1.940000,1.940000,58000
2019-09-12,1.920000,1.950000,1.880000,1.880000,1.880000,53300
2019-09-13,1.880000,1.950000,1.880000,1.920000,1.920000,23800
2019-09-16,1.910000,1.950000,1.730000,1.740000,1.740000,109200
2019-09-17,1.730000,1.809000,1.730000,1.750000,1.750000,21600
2019-09-18,1.800000,1.810000,1.750000,1.750000,1.750000,22300
2019-09-19,1.799000,1.860000,1.750000,1.760000,1.760000,19400
2019-09-20,1.800000,1.800000,1.710000,1.710000,1.710000,23900
2019-09-23,1.720000,1.800000,1.720000,1.730000,1.730000,14000
2019-09-24,1.770000,1.800000,1.740000,1.750000,1.750000,20200
2019-09-25,1.760000,1.790000,1.700000,1.700000,1.700000,25700
2019-09-26,1.700000,1.760000,1.700000,1.740000,1.740000,24200
2019-09-27,1.760000,1.760000,1.680000,1.690000,1.690000,21800
2019-09-30,1.670000,1.700000,1.650000,1.650000,1.650000,10500
2019-10-01,1.650000,1.690000,1.650000,1.680000,1.680000,12800
2019-10-02,1.680000,1.710000,1.670000,1.680000,1.680000,46500
2019-10-03,1.720000,1.740000,1.650000,1.650000,1.650000,25200
2019-10-04,1.660000,1.710000,1.660000,1.700000,1.700000,33300
2019-10-07,1.680000,1.840000,1.680000,1.740000,1.740000,51200
2019-10-08,1.740000,1.820000,1.740000,1.780000,1.780000,28000
2019-10-09,1.780000,1.780000,1.660000,1.660000,1.660000,23100
2019-10-10,1.650000,1.700000,1.550000,1.550000,1.550000,35700
2019-10-11,1.570000,1.630000,1.540000,1.555000,1.555000,53800
2019-10-14,1.530000,1.530000,1.450000,1.450000,1.450000,14000
2019-10-15,1.440000,1.620000,1.440000,1.620000,1.620000,18700
2019-10-16,1.610000,1.700000,1.610000,1.620000,1.620000,8100
2019-10-17,1.620000,1.720000,1.610000,1.610000,1.610000,16200
2019-10-18,1.620000,1.710000,1.620000,1.630000,1.630000,12900
2019-10-21,1.660000,1.660000,1.610000,1.650000,1.650000,8600
2019-10-22,1.690000,1.690000,1.560000,1.560000,1.560000,11900
2019-10-23,1.550000,1.630000,1.530000,1.560000,1.560000,8700
2019-10-24,1.600000,1.600000,1.380000,1.590000,1.590000,66300
2019-10-25,1.490000,1.600000,1.450000,1.500000,1.500000,19900
2019-10-28,1.560000,1.570000,1.400000,1.450000,1.450000,32500
2019-10-29,1.440000,1.480000,1.380000,1.400000,1.400000,17600
2019-10-30,1.460000,1.480000,1.410000,1.450000,1.450000,30300
2019-10-31,1.440000,1.480000,1.400000,1.480000,1.480000,34200
2019-11-01,1.460000,1.460000,1.350000,1.395000,1.395000,42800
2019-11-04,1.440000,1.440000,1.320000,1.330000,1.330000,26300
2019-11-05,1.310000,1.329000,1.190000,1.210000,1.210000,42300
2019-11-06,1.260000,1.260000,1.110000,1.150000,1.150000,29200
2019-11-07,1.120000,1.150000,0.917000,0.950000,0.950000,72000
2019-11-08,0.990000,1.000000,0.950000,0.970000,0.970000,64100
2019-11-11,1.000000,1.050000,0.930000,1.049000,1.049000,89300
2019-11-12,0.950000,1.000000,0.800000,0.883000,0.883000,123900
2019-11-13,0.900000,0.900000,0.830000,0.865000,0.865000,33000
2019-11-14,0.864000,0.890000,0.811000,0.820000,0.820000,24600
2019-11-15,0.760000,0.900000,0.730000,0.831000,0.831000,120600
2019-11-18,0.730000,0.800000,0.720000,0.730000,0.730000,57600
2019-11-19,0.749000,0.749000,0.720000,0.720000,0.720000,76700
2019-11-20,0.700000,0.720000,0.580000,0.600000,0.600000,84600
2019-11-21,0.629000,0.700000,0.590000,0.595000,0.595000,178000
2019-11-22,0.470000,0.470000,0.280000,0.400000,0.400000,1311000
2019-11-25,0.399000,0.400000,0.370000,0.370000,0.370000,267100
2019-11-26,0.420000,0.430000,0.388000,0.404000,0.404000,474200
2019-11-27,0.400000,0.430000,0.397000,0.430000,0.430000,232000
2019-11-29,0.430000,0.540000,0.430000,0.520000,0.520000,78100
2019-12-02,0.560000,0.620000,0.530000,0.540000,0.540000,178100
2019-12-03,0.550000,0.600000,0.525000,0.528000,0.528000,127600
2019-12-04,0.554000,0.554000,0.480000,0.535000,0.535000,76700
2019-12-05,0.535000,0.570000,0.500000,0.530000,0.530000,57400
2019-12-06,0.530000,0.530000,0.453000,0.462000,0.462000,132000
2019-12-09,0.510000,0.510000,0.440000,0.472000,0.472000,62000
2019-12-10,0.470000,0.480000,0.420000,0.467000,0.467000,66200
2019-12-11,0.433000,0.479000,0.433000,0.461000,0.461000,24200
2019-12-12,0.450000,0.470000,0.443000,0.463000,0.463000,41200
2019-12-13,0.467000,0.467000,0.418000,0.440000,0.440000,38000
2019-12-16,0.450000,0.450000,0.440000,0.450000,0.450000,39100
2019-12-17,0.440000,0.467000,0.440000,0.466000,0.466000,90700
2019-12-18,0.440000,0.466000,0.350000,0.420000,0.420000,640900
2019-12-19,0.690000,0.830000,0.573000,0.655000,0.655000,6173400
2019-12-20,0.661000,0.700000,0.580000,0.595000,0.595000,876100
2019-12-23,0.600000,0.628000,0.540000,0.620000,0.620000,459900
2019-12-24,0.656000,1.380000,0.610000,1.020000,1.020000,4170500
2019-12-26,1.310000,1.490000,1.010000,1.050000,1.050000,9867100
2019-12-27,0.960000,0.990000,0.930000,0.950000,0.950000,1326000
2019-12-30,0.960000,1.040000,0.920000,0.990000,0.990000,764000
2019-12-31,0.910000,0.989000,0.900000,0.970000,0.970000,464500
2020-01-02,0.965000,0.990000,0.851000,0.877000,0.877000,522000
2020-01-03,0.870000,0.870000,0.750000,0.847000,0.847000,622600
2020-01-06,0.807000,0.950000,0.780000,0.899000,0.899000,306100
2020-01-07,0.855000,0.930000,0.802000,0.925000,0.925000,197700
2020-01-08,0.920000,1.140000,0.910000,0.971000,0.971000,1010600
2020-01-09,0.964000,0.970000,0.905000,0.940000,0.940000,143300
2020-01-10,0.950000,1.050000,0.900000,0.950000,0.950000,317800
2020-01-13,0.980000,0.980000,0.900000,0.919000,0.919000,207600
2020-01-14,0.910000,0.980000,0.902000,0.948000,0.948000,244400
2020-01-15,0.910000,1.080000,0.910000,1.040000,1.040000,380200
2020-01-16,1.130000,1.300000,0.990000,1.260000,1.260000,2364000
2020-01-17,1.260000,1.300000,1.100000,1.120000,1.120000,440100
2020-01-21,1.100000,1.250000,1.100000,1.150000,1.150000,255600
2020-01-22,1.150000,1.230000,1.110000,1.200000,1.200000,163300
2020-01-23,1.200000,1.470000,1.150000,1.460000,1.460000,821700
2020-01-24,1.410000,1.440000,1.240000,1.280000,1.280000,296600
2020-01-27,1.280000,1.280000,1.150000,1.210000,1.210000,130000
2020-01-28,1.170000,1.190000,1.070000,1.105000,1.105000,127000
2020-01-29,1.100000,1.100000,1.000000,1.010000,1.010000,111600
2020-01-30,1.000000,1.027000,0.920000,0.980000,0.980000,108000
2020-01-31,1.000000,1.032000,0.950000,1.010000,1.010000,82100
2020-02-03,1.050000,1.050000,0.980000,0.980000,0.980000,73200
2020-02-04,1.000000,1.060000,0.956000,0.995000,0.995000,90100
2020-02-05,1.020000,1.060000,0.960000,1.059000,1.059000,63400
2020-02-06,1.060000,1.080000,1.040000,1.060000,1.060000,37900
2020-02-07,1.080000,1.080000,0.990000,0.996000,0.996000,77400
2020-02-10,0.990000,1.040000,0.980000,1.010000,1.010000,44000
2020-02-11,1.010000,1.030000,0.960000,0.995000,0.995000,44400
2020-02-12,0.990000,0.994000,0.885000,0.944000,0.944000,70200
2020-02-13,0.900000,0.948000,0.840000,0.885000,0.885000,89000
2020-02-14,0.880000,0.896000,0.850000,0.850000,0.850000,48300
2020-02-18,0.870000,0.940000,0.853000,0.900000,0.900000,27600
2020-02-19,0.900000,0.970000,0.870000,0.931000,0.931000,27400
2020-02-20,0.892000,0.970000,0.870000,0.934000,0.934000,66800
2020-02-21,0.960000,0.960000,0.873000,0.920000,0.920000,38500
2020-02-24,0.948000,0.948000,0.870000,0.920000,0.920000,43300
2020-02-25,0.905000,0.920000,0.870000,0.920000,0.920000,69100
2020-02-26,0.914000,0.940000,0.890000,0.902000,0.902000,21200
2020-02-27,0.900000,0.900000,0.830000,0.885000,0.885000,42400
2020-02-28,0.840000,0.910000,0.770000,0.910000,0.910000,105700
2020-03-02,0.920000,0.920000,0.820000,0.850000,0.850000,17900
2020-03-03,0.850000,0.850000,0.800000,0.820000,0.820000,50200
2020-03-04,0.810000,0.850000,0.755000,0.755000,0.755000,51900
2020-03-05,0.780000,0.780000,0.692000,0.720000,0.720000,1055400
2020-03-06,0.747000,0.780000,0.710000,0.741000,0.741000,37500
2020-03-09,0.710000,0.721000,0.660000,0.668000,0.668000,38600
2020-03-10,0.660000,0.740000,0.520000,0.551000,0.551000,231700
2020-03-11,0.551000,0.567000,0.512000,0.540000,0.540000,97100
2020-03-12,0.530000,0.615000,0.451000,0.499000,0.499000,139400
2020-03-13,0.550000,0.581000,0.432000,0.470000,0.470000,183100
2020-03-16,0.460000,0.543000,0.410000,0.460000,0.460000,268400
2020-03-17,0.500000,0.500000,0.440000,0.456000,0.456000,95600
2020-03-18,0.375000,0.400000,0.260000,0.300000,0.300000,843800
2020-03-19,0.300000,0.310000,0.261000,0.300000,0.300000,168200
2020-03-20,0.300000,0.320000,0.280000,0.318000,0.318000,675500
2020-03-23,0.312000,0.323000,0.280000,0.312000,0.312000,616700
2020-03-24,0.320000,0.340000,0.290000,0.310000,0.310000,907800
2020-03-25,0.330000,0.330000,0.290000,0.309000,0.309000,412600
2020-03-26,0.310000,0.356000,0.304000,0.335000,0.335000,1377600
2020-03-27,0.340000,0.342000,0.325000,0.340000,0.340000,578600
2020-03-30,0.325000,0.379000,0.310000,0.340000,0.340000,1306700
2020-03-31,0.340000,0.350000,0.323000,0.330000,0.330000,1164900
2020-04-01,0.323000,0.330000,0.310000,0.320000,0.320000,239500
2020-04-02,0.320000,0.320000,0.290000,0.301000,0.301000,146100
2020-04-03,0.300000,0.307000,0.260000,0.280000,0.280000,274300
2020-04-06,0.270000,0.298000,0.270000,0.270000,0.270000,132800
2020-04-07,0.290000,0.297000,0.250000,0.250000,0.250000,248100
2020-04-08,0.280000,0.290000,0.249000,0.258000,0.258000,487600
2020-04-09,0.265000,0.270000,0.258000,0.263000,0.263000,457200
2020-04-13,0.289000,0.290000,0.260000,0.275000,0.275000,674600
2020-04-14,0.274000,0.290000,0.266000,0.270000,0.270000,506300
2020-04-15,0.270000,0.285000,0.261000,0.270000,0.270000,401800
2020-04-16,0.280000,0.334000,0.270000,0.320000,0.320000,3304400
2020-04-17,0.300000,0.319000,0.280000,0.297000,0.297000,1087700
2020-04-20,0.309000,0.347000,0.305000,0.329000,0.329000,1616400
2020-04-21,0.315000,0.328000,0.294000,0.300000,0.300000,459100
2020-04-22,0.310000,0.318000,0.276000,0.310000,0.310000,315300
2020-04-23,0.310000,0.335000,0.300000,0.320000,0.320000,416400
2020-04-24,0.315000,0.330000,0.305000,0.310000,0.310000,132400
2020-04-27,0.325000,0.327000,0.312000,0.323000,0.323000,342200
2020-04-28,0.330000,0.430000,0.330000,0.420000,0.420000,4269300
2020-04-29,0.380000,0.448000,0.360000,0.404000,0.404000,2651200
2020-04-30,0.432000,0.465000,0.364000,0.429000,0.429000,1556600
2020-05-01,0.400000,0.530000,0.400000,0.475000,0.475000,1184600
2020-05-04,0.500000,0.522000,0.450000,0.493000,0.493000,519900
2020-05-05,0.493000,0.495000,0.461000,0.470000,0.470000,477300
2020-05-06,0.490000,0.490000,0.400000,0.432000,0.432000,430400
2020-05-07,0.422000,0.470000,0.420000,0.451000,0.451000,236400
2020-05-08,0.450000,0.460000,0.406000,0.426000,0.426000,506700
2020-05-11,0.421000,0.445000,0.410000,0.425000,0.425000,205200
2020-05-12,0.774000,0.850000,0.563000,0.650000,0.650000,18765100
2020-05-13,0.630000,0.630000,0.523000,0.569000,0.569000,2917200
2020-05-14,0.550000,0.580000,0.500000,0.524000,0.524000,1232100
2020-05-15,0.510000,0.580000,0.481000,0.499000,0.499000,1018400
2020-05-18,0.527000,0.550000,0.500000,0.540000,0.540000,1034600
2020-05-19,0.550000,0.550000,0.520000,0.533000,0.533000,437200
2020-05-20,0.530000,0.540000,0.500000,0.520000,0.520000,687100
2020-05-21,0.526000,0.570000,0.520000,0.553000,0.553000,1660900
2020-05-22,0.550000,0.580000,0.534000,0.570000,0.570000,463300
2020-05-26,0.610000,0.610000,0.550000,0.560000,0.560000,596500
2020-05-27,0.567000,0.570000,0.520000,0.535000,0.535000,423900
2020-05-28,0.539000,0.540000,0.511000,0.521000,0.521000,328000
2020-05-29,0.520000,0.530000,0.483000,0.494000,0.494000,293500
2020-06-01,0.505000,0.505000,0.490000,0.500000,0.500000,344500
2020-06-02,0.520000,0.529000,0.500000,0.527000,0.527000,444500
2020-06-03,0.537000,0.559000,0.520000,0.529000,0.529000,1515700
2020-06-04,0.520000,0.590000,0.520000,0.530000,0.530000,805900
2020-06-05,0.540000,0.560000,0.526000,0.534000,0.534000,417000
2020-06-08,0.580000,0.727000,0.560000,0.700000,0.700000,6786400
2020-06-09,0.670000,0.679000,0.560000,0.595000,0.595000,2794400
2020-06-10,0.610000,0.620000,0.525000,0.545000,0.545000,1230200
2020-06-11,0.502000,0.536000,0.462000,0.467000,0.467000,1153600
2020-06-12,0.470000,0.500000,0.440000,0.458000,0.458000,739200
2020-06-15,0.450000,0.500000,0.440000,0.490000,0.490000,789900
2020-06-16,0.498000,0.518000,0.490000,0.510000,0.510000,536300
2020-06-17,0.525000,0.525000,0.480000,0.485000,0.485000,341200
2020-06-18,0.487000,0.520000,0.461000,0.493000,0.493000,529800
2020-06-19,0.492000,0.493000,0.452000,0.452000,0.452000,632700
2020-06-22,0.470000,0.490000,0.450000,0.457000,0.457000,320100
2020-06-23,0.460000,0.468000,0.430000,0.442000,0.442000,258800
2020-06-24,0.440000,0.450000,0.410000,0.422000,0.422000,723500
2020-06-25,0.433000,0.440000,0.413000,0.427000,0.427000,301400
2020-06-26,0.429000,0.430000,0.380000,0.383000,0.383000,511800
2020-06-29,0.391000,0.421000,0.391000,0.421000,0.421000,368900
2020-06-30,0.438000,0.440000,0.421000,0.427000,0.427000,310600
2020-07-01,0.435000,0.459000,0.423000,0.429000,0.429000,221500
2020-07-02,0.450000,0.490000,0.431000,0.438000,0.438000,192800
2020-07-06,0.462000,0.490000,0.442000,0.476000,0.476000,1392200
2020-07-07,0.480000,0.525000,0.470000,0.520000,0.520000,1017000
2020-07-08,0.494000,0.520000,0.492000,0.494000,0.494000,330900
2020-07-09,0.495000,0.508000,0.460000,0.477000,0.477000,277000
2020-07-10,0.470000,0.510000,0.460000,0.480000,0.480000,441700
2020-07-13,0.500000,0.500000,0.480000,0.486000,0.486000,228600
2020-07-14,0.490000,0.619000,0.475000,0.536000,0.536000,4500800
2020-07-15,0.515000,0.548000,0.490000,0.517000,0.517000,580900
2020-07-16,0.506000,0.516000,0.486000,0.501000,0.501000,285500
2020-07-17,0.502000,0.530000,0.500000,0.520000,0.520000,272800
2020-07-20,0.538000,0.592000,0.520000,0.557000,0.557000,1144400
2020-07-21,0.539000,0.610000,0.535000,0.567000,0.567000,760500
2020-07-22,0.560000,0.670000,0.550000,0.621000,0.621000,3187100
2020-07-23,0.640000,0.640000,0.540000,0.560000,0.560000,906400
2020-07-24,0.570000,0.570000,0.531000,0.535000,0.535000,348200
2020-07-27,0.539000,0.550000,0.511000,0.550000,0.550000,251000
2020-07-28,0.534000,0.550000,0.516000,0.530000,0.530000,205400
2020-07-29,0.524000,0.557000,0.520000,0.550000,0.550000,143400
2020-07-30,0.550000,0.550000,0.516000,0.542000,0.542000,162200
2020-07-31,0.610000,0.610000,0.531000,0.555000,0.555000,297800
2020-08-03,0.540000,0.560000,0.524000,0.530000,0.530000,268500
2020-08-04,0.515000,0.600000,0.515000,0.591000,0.591000,615800
2020-08-05,0.590000,0.650000,0.570000,0.614000,0.614000,1041700
2020-08-06,0.570000,0.600000,0.565000,0.570000,0.570000,602900