Date,Open,High,Low,Close,Adj Close,Volume
2019-05-01,11.096900,11.096900,11.096900,11.096900,11.096900,390
2019-05-02,11.096900,11.096900,11.096900,11.096900,11.096900,0
2019-05-03,10.932900,10.932900,10.932900,10.932900,10.932900,1015
2019-05-06,10.932900,10.932900,10.932900,10.932900,10.932900,0
2019-05-07,10.932900,10.932900,10.932900,10.932900,10.932900,0
2019-05-08,9.458200,9.458200,9.458200,9.458200,9.458200,157
2019-05-09,9.452700,9.452700,9.452700,9.452700,9.452700,100
2019-05-10,10.550000,10.550000,10.550000,10.550000,10.550000,510
2019-05-13,10.550000,10.550000,10.550000,10.550000,10.550000,0
2019-05-14,10.408800,10.472700,10.090600,10.090600,10.090600,7212
2019-05-15,9.772000,9.798500,9.772000,9.797700,9.797700,7500
2019-05-16,9.322500,9.322500,9.297900,9.297900,9.297900,4650
2019-05-17,8.917400,8.917400,8.917400,8.917400,8.917400,3450
2019-05-20,8.917400,8.917400,8.917400,8.917400,8.917400,0
2019-05-21,8.917400,8.917400,8.917400,8.917400,8.917400,0
2019-05-22,8.917400,8.917400,8.917400,8.917400,8.917400,0
2019-05-23,8.917400,8.917400,8.917400,8.917400,8.917400,0
2019-05-24,7.454400,7.454400,7.454400,7.454400,7.454400,330
2019-05-28,7.693900,7.693900,7.693900,7.693900,7.693900,300
2019-05-29,7.845500,7.845500,7.738000,7.738000,7.738000,301
2019-05-30,6.698400,6.698400,6.143700,6.143700,6.143700,2478
2019-05-31,6.139800,6.139800,6.139800,6.139800,6.139800,100
2019-06-03,5.983400,6.096300,5.983400,6.096300,6.096300,400
2019-06-04,5.781800,5.782300,5.630700,5.653500,5.653500,6820
2019-06-05,5.955200,5.955200,5.769000,5.769000,5.769000,1780
2019-06-06,5.991300,5.991300,5.991300,5.991300,5.991300,1780
2019-06-07,5.744300,6.040000,5.744300,6.040000,6.040000,4974
2019-06-10,5.811100,5.967840,5.811100,5.967840,5.967840,1100
2019-06-11,5.900500,5.900500,5.900500,5.900500,5.900500,689
2019-06-12,5.751000,6.030500,5.751000,5.938600,5.938600,21123
2019-06-13,5.744800,5.905000,5.642400,5.642400,5.642400,6659
2019-06-14,5.583580,5.603000,5.557700,5.603000,5.603000,2025
2019-06-17,5.594700,5.594700,5.095600,5.095600,5.095600,6967
2019-06-18,5.123900,5.124400,4.850000,4.850000,4.850000,12603
2019-06-19,4.981100,5.000000,4.770600,4.770600,4.770600,16668
2019-06-20,4.510000,4.510000,4.502600,4.502600,4.502600,1650
2019-06-21,4.545500,4.545500,4.545500,4.545500,4.545500,2538
2019-06-24,4.587400,4.800000,4.587400,4.798100,4.798100,7900
2019-06-25,5.150000,5.150000,5.058700,5.060000,5.060000,10190
2019-06-26,5.096300,5.190500,4.953700,5.113800,5.113800,29983
2019-06-27,5.199000,5.350000,5.120300,5.330000,5.330000,21200
2019-06-28,5.423200,6.202600,5.423200,6.150000,6.150000,54669
2019-07-01,6.200000,6.350000,6.200000,6.350000,6.350000,4082
2019-07-02,6.355770,6.680600,6.250000,6.680600,6.680600,34461
2019-07-03,6.873800,6.988000,6.873800,6.895160,6.895160,32113
2019-07-05,6.746900,6.873490,6.465500,6.465500,6.465500,18393
2019-07-08,6.514400,6.514400,5.738500,5.738500,5.738500,10269
2019-07-09,5.700000,5.700000,5.486400,5.486400,5.486400,2975
2019-07-10,5.589500,5.589500,5.269200,5.269200,5.269200,3862
2019-07-11,5.263600,5.324000,5.250000,5.250000,5.250000,3600
2019-07-12,5.100000,5.100000,4.879400,4.995880,4.995880,5179
2019-07-15,4.842000,4.846300,4.732000,4.770000,4.770000,4341
2019-07-16,4.751900,5.134500,4.751900,5.134500,5.134500,6100
2019-07-17,5.189300,5.189300,5.189300,5.189300,5.189300,200
2019-07-18,5.203500,5.203500,4.780800,4.780800,4.780800,7000
2019-07-19,4.783300,4.783300,4.746700,4.746700,4.746700,950
2019-07-22,4.787950,4.787950,4.787950,4.787950,4.787950,130
2019-07-23,4.540200,4.540200,4.501800,4.501800,4.501800,660
2019-07-24,4.625200,4.625200,4.499580,4.499580,4.499580,2270
2019-07-25,4.424700,4.429410,4.341500,4.341500,4.341500,14050
2019-07-26,4.341500,4.341500,4.341500,4.341500,4.341500,0
2019-07-29,4.333500,4.368200,4.298700,4.368200,4.368200,1500
2019-07-30,4.397500,4.410000,4.397500,4.405900,4.405900,703
2019-07-31,4.401100,4.405200,4.371600,4.371600,4.371600,1250
2019-08-01,4.371600,4.371600,4.371600,4.371600,4.371600,0
2019-08-02,4.470500,4.470500,4.470500,4.470500,4.470500,1000
2019-08-05,4.470500,4.470500,4.470500,4.470500,4.470500,0
2019-08-06,4.470500,4.470500,4.470500,4.470500,4.470500,0
2019-08-07,4.470500,4.470500,4.470500,4.470500,4.470500,0
2019-08-08,4.470500,4.470500,4.470500,4.470500,4.470500,0
2019-08-09,4.457840,4.457840,4.457840,4.457840,4.457840,774
2019-08-12,4.445900,4.445900,4.390000,4.390000,4.390000,3975
2019-08-13,4.320000,4.320000,4.320000,4.320000,4.320000,4300
2019-08-14,4.270000,4.270000,4.055300,4.055300,4.055300,3370
2019-08-15,3.868800,3.868800,3.868800,3.868800,3.868800,500
2019-08-16,3.747900,3.755600,3.747900,3.755600,3.755600,2900
2019-08-19,3.751600,3.757000,3.709200,3.709200,3.709200,3455
2019-08-20,3.651400,3.651400,3.640000,3.640000,3.640000,2349
2019-08-21,3.629400,3.664880,3.554400,3.554400,3.554400,4012
2019-08-22,2.842400,3.429300,2.842400,3.429300,3.429300,10800
2019-08-23,3.139100,3.200000,3.117880,3.145400,3.145400,5750
2019-08-26,3.036700,3.084900,3.036700,3.084900,3.084900,1605
2019-08-27,3.100000,3.106500,2.905500,2.905500,2.905500,13909
2019-08-28,2.883000,2.887700,2.808600,2.863900,2.863900,16600
2019-08-29,2.867400,2.966200,2.770000,2.913500,2.913500,29600
2019-08-30,2.983500,2.988200,2.936700,2.936700,2.936700,7813
2019-09-03,2.793300,2.856300,2.770000,2.856300,2.856300,3220
2019-09-04,3.040500,3.040500,3.002600,3.002600,3.002600,8460
2019-09-05,3.000000,3.048100,2.991600,3.030300,3.030300,9595
2019-09-06,3.049100,3.050000,3.047000,3.047000,3.047000,7200
2019-09-09,3.050000,3.050000,3.048400,3.050000,3.050000,1500
2019-09-10,3.050000,3.050000,3.050000,3.050000,3.050000,0
2019-09-11,3.053800,3.053800,3.053800,3.053800,3.053800,321
2019-09-12,2.998400,2.998400,2.817600,2.880000,2.880000,15750
2019-09-13,2.880000,2.880000,2.880000,2.880000,2.880000,0
2019-09-16,2.880000,2.880000,2.880000,2.880000,2.880000,0
2019-09-17,2.880000,2.880000,2.880000,2.880000,2.880000,0
2019-09-18,2.880000,2.880000,2.880000,2.880000,2.880000,0
2019-09-19,2.831700,2.835700,2.831700,2.835700,2.835700,12510
2019-09-20,2.955800,2.955800,2.955800,2.955800,2.955800,4700
2019-09-23,2.745800,2.745800,2.718700,2.718700,2.718700,2930
2019-09-24,2.726300,2.726300,2.497300,2.497300,2.497300,3100
2019-09-25,2.550000,2.550000,2.550000,2.550000,2.550000,2000
2019-09-26,2.545400,2.646100,2.545400,2.646100,2.646100,1200
2019-09-27,2.610000,2.610000,2.610000,2.610000,2.610000,300
2019-09-30,2.607500,2.610000,2.607500,2.610000,2.610000,2560
2019-10-01,2.610000,2.610000,2.610000,2.610000,2.610000,0
2019-10-02,2.650000,2.650000,2.640000,2.650000,2.650000,4720
2019-10-03,2.670400,2.670400,2.670400,2.670400,2.670400,150
2019-10-04,2.670400,2.670400,2.670400,2.670400,2.670400,0
2019-10-07,2.670400,2.670400,2.670400,2.670400,2.670400,0
2019-10-08,2.676200,2.698600,2.500000,2.500000,2.500000,2300
2019-10-09,2.330000,2.330000,2.330000,2.330000,2.330000,100
2019-10-10,2.328100,2.328100,2.328100,2.328100,2.328100,500
2019-10-11,2.250000,2.250000,2.250000,2.250000,2.250000,500
2019-10-14,2.250000,2.250000,1.970000,1.970000,1.970000,3700
2019-10-15,2.278500,2.278500,2.240000,2.277000,2.277000,2880
2019-10-16,2.279900,2.279900,2.190000,2.200000,2.200000,7500
2019-10-17,2.200000,2.200000,2.200000,2.200000,2.200000,0
2019-10-18,2.072000,2.072000,2.020000,2.020000,2.020000,2100
2019-10-21,1.980000,1.980000,1.952200,1.969500,1.969500,4300
2019-10-22,1.812000,1.815000,1.685000,1.727000,1.727000,5200
2019-10-23,1.910000,1.910000,1.910000,1.910000,1.910000,2000
2019-10-24,1.760000,1.760000,1.610000,1.610000,1.610000,2350
2019-10-25,1.650000,1.654100,1.619100,1.619100,1.619100,3703
2019-10-28,1.660000,1.660000,1.610000,1.610000,1.610000,3700
2019-10-29,1.493300,1.571200,1.400000,1.550000,1.550000,23000
2019-10-30,1.620000,1.620000,1.620000,1.620000,1.620000,1300
2019-10-31,1.658800,1.800000,1.658800,1.727300,1.727300,32950
2019-11-01,1.709900,1.749900,1.680000,1.680000,1.680000,8013
2019-11-04,1.530000,1.550000,1.450000,1.547600,1.547600,36400
2019-11-05,1.547600,1.547600,1.547600,1.547600,1.547600,0
2019-11-06,1.547600,1.547600,1.547600,1.547600,1.547600,0
2019-11-07,1.500000,1.500000,1.500000,1.500000,1.500000,550
2019-11-08,1.440000,1.440000,1.439500,1.440000,1.440000,6000
2019-11-11,1.461900,1.461900,1.395000,1.440000,1.440000,7350
2019-11-12,1.406280,1.406280,1.265600,1.348800,1.348800,7300
2019-11-13,1.242200,1.242200,1.110000,1.133200,1.133200,6800
2019-11-14,1.111800,1.111800,0.983200,1.007550,1.007550,24983
2019-11-15,1.050000,1.110080,0.948700,1.100000,1.100000,14855
2019-11-18,1.136900,1.136900,1.000000,1.050000,1.050000,8495
2019-11-19,1.050000,1.050000,1.050000,1.050000,1.050000,20006
2019-11-20,1.079740,1.260000,1.079740,1.240300,1.240300,24625
2019-11-21,1.250000,1.369700,1.246200,1.267600,1.267600,28250
2019-11-22,1.288620,1.300000,1.210000,1.210000,1.210000,3480
2019-11-25,1.200000,1.200000,1.070000,1.078900,1.078900,11490
2019-11-26,1.050000,1.050000,0.883600,0.885300,0.885300,17324
2019-11-27,0.877300,0.902280,0.717500,0.758100,0.758100,28860
2019-11-29,0.680000,0.760000,0.674700,0.700000,0.700000,36450
2019-12-02,0.569750,0.700000,0.440000,0.486400,0.486400,55033
2019-12-03,0.486810,0.490000,0.408700,0.419400,0.419400,37697
2019-12-04,0.424200,0.540000,0.424200,0.503000,0.503000,64754
2019-12-05,0.483700,0.484220,0.449700,0.452800,0.452800,45726
2019-12-06,0.470000,0.471860,0.447200,0.470000,0.470000,60203
2019-12-09,0.470000,0.470000,0.470000,0.470000,0.470000,0
2019-12-10,0.673720,0.720950,0.609600,0.675500,0.675500,72700
2019-12-11,0.663300,0.663300,0.660000,0.663100,0.663100,3500
2019-12-12,0.737430,0.823600,0.737430,0.800000,0.800000,20958
2019-12-13,0.824400,0.854800,0.824400,0.850000,0.850000,29294
2019-12-16,0.833300,0.887900,0.826800,0.887900,0.887900,34094
2019-12-17,0.906600,0.962900,0.829600,0.854000,0.854000,7303
2019-12-18,0.848500,0.880000,0.769900,0.825300,0.825300,9730
2019-12-19,0.695700,0.700000,0.645770,0.645900,0.645900,12340
2019-12-20,0.630540,0.670000,0.600000,0.600000,0.600000,18020
2019-12-23,0.609850,0.609850,0.579480,0.579480,0.579480,20000
2019-12-24,0.579480,0.579480,0.579480,0.579480,0.579480,0
2019-12-26,0.579480,0.579480,0.579480,0.579480,0.579480,0
2019-12-27,0.579480,0.579480,0.579480,0.579480,0.579480,0
2019-12-30,0.683900,0.695000,0.680000,0.695000,0.695000,9510
2019-12-31,0.814300,0.840000,0.814300,0.840000,0.840000,13200
2020-01-02,0.840000,0.850000,0.834400,0.850000,0.850000,5500
2020-01-03,0.836500,0.857100,0.836500,0.855000,0.855000,3401
2020-01-06,0.870000,0.870000,0.850000,0.850000,0.850000,9000
2020-01-07,0.850000,0.850000,0.850000,0.850000,0.850000,0
2020-01-08,0.850000,0.850000,0.850000,0.850000,0.850000,0
2020-01-09,0.805200,0.850000,0.805200,0.843300,0.843300,5300
2020-01-10,0.803800,0.811550,0.801000,0.811550,0.811550,5501
2020-01-13,0.811550,0.811550,0.811550,0.811550,0.811550,0
2020-01-14,0.808800,0.808800,0.808800,0.808800,0.808800,1001
2020-01-15,0.800000,0.800000,0.764400,0.764400,0.764400,700
2020-01-16,0.660900,0.707300,0.660900,0.702600,0.702600,11500
2020-01-17,0.700000,0.700000,0.538200,0.540900,0.540900,26991
2020-01-21,0.562200,0.601000,0.562200,0.600000,0.600000,13100
2020-01-22,0.560000,0.560000,0.553400,0.553400,0.553400,4000
2020-01-23,0.500000,0.500000,0.460000,0.467200,0.467200,24847
2020-01-24,0.478800,0.484500,0.460000,0.484500,0.484500,4200
2020-01-27,0.459800,0.530000,0.448250,0.530000,0.530000,122456
2020-01-28,0.480000,0.480000,0.440090,0.475900,0.475900,7833
2020-01-29,0.459900,0.490360,0.459900,0.479850,0.479850,3889
2020-01-30,0.479850,0.479850,0.479850,0.479850,0.479850,0
2020-01-31,0.396900,0.463500,0.387970,0.463500,0.463500,31195
2020-02-03,0.394100,0.394100,0.355900,0.355900,0.355900,27700
2020-02-04,0.355900,0.355900,0.355900,0.355900,0.355900,0
2020-02-05,0.396000,0.400000,0.396000,0.400000,0.400000,8050
2020-02-06,0.400000,0.400000,0.400000,0.400000,0.400000,0
2020-02-07,0.395700,0.410000,0.370980,0.374110,0.374110,12050
2020-02-10,0.349400,0.349400,0.349400,0.349400,0.349400,3500
2020-02-11,0.350000,0.350000,0.210000,0.211300,0.211300,680982
2020-02-12,0.250000,0.276600,0.216200,0.250000,0.250000,260650
2020-02-13,0.251120,0.279340,0.246400,0.260000,0.260000,101350
2020-02-14,0.239000,0.240000,0.230170,0.240000,0.240000,122775
2020-02-18,0.239400,0.324350,0.232950,0.295500,0.295500,97727
2020-02-19,0.345770,0.450000,0.330000,0.378060,0.378060,239567
2020-02-20,0.378000,0.405200,0.348250,0.381500,0.381500,104327
2020-02-21,0.487510,0.540000,0.454550,0.503300,0.503300,96064
2020-02-24,0.539900,0.540000,0.461820,0.461820,0.461820,64647
2020-02-25,0.449850,0.450000,0.449850,0.450000,0.450000,19000
2020-02-26,0.416300,0.416300,0.347400,0.372000,0.372000,11320
2020-02-27,0.329600,0.333200,0.234150,0.329900,0.329900,32171
2020-02-28,0.285400,0.298740,0.211300,0.240990,0.240990,195914
2020-03-02,0.250000,0.279900,0.250000,0.251500,0.251500,25300
2020-03-03,0.234300,0.248000,0.213100,0.246000,0.246000,58100
2020-03-04,0.240000,0.251300,0.240000,0.251300,0.251300,6950
2020-03-05,0.253360,0.272900,0.242610,0.272900,0.272900,126130
2020-03-06,0.260100,0.295900,0.260000,0.295900,0.295900,20850
2020-03-09,0.248000,0.274200,0.248000,0.274200,0.274200,7510
2020-03-10,0.250000,0.289600,0.245750,0.267030,0.267030,25950
2020-03-11,0.264100,0.264100,0.231000,0.261000,0.261000,24321
2020-03-12,0.240000,0.250000,0.157000,0.175600,0.175600,20970
2020-03-13,0.185500,0.219000,0.180800,0.219000,0.219000,13060
2020-03-16,0.200000,0.255560,0.184000,0.255560,0.255560,32990
2020-03-17,0.225100,0.237700,0.220000,0.237700,0.237700,12250
2020-03-18,0.210000,0.233000,0.210000,0.210000,0.210000,38933
2020-03-19,0.199400,0.210000,0.180000,0.210000,0.210000,6980
2020-03-20,0.214600,0.216000,0.200000,0.205000,0.205000,10583
2020-03-23,0.210000,0.213000,0.195000,0.213000,0.213000,11600
2020-03-24,0.215000,0.286000,0.179900,0.224400,0.224400,37980
2020-03-25,0.225000,0.225000,0.224700,0.225000,0.225000,4104
2020-03-26,0.229000,0.270000,0.227100,0.248400,0.248400,19300
2020-03-27,0.270000,0.270000,0.267600,0.268300,0.268300,10212
2020-03-30,0.270000,0.300000,0.270000,0.280100,0.280100,39100
2020-03-31,0.297000,0.297000,0.247000,0.282040,0.282040,4521
2020-04-01,0.260000,0.260000,0.220000,0.237000,0.237000,75607
2020-04-02,0.218900,0.228500,0.218700,0.227100,0.227100,2834
2020-04-03,0.242000,0.242000,0.219800,0.231300,0.231300,5805
2020-04-06,0.228400,0.256900,0.228400,0.250000,0.250000,15943
2020-04-07,0.255000,0.282000,0.255000,0.282000,0.282000,7252
2020-04-08,0.292700,0.292700,0.280000,0.288800,0.288800,33416
2020-04-09,0.250000,0.253800,0.221000,0.253800,0.253800,15000
2020-04-13,0.280000,0.280000,0.250000,0.250000,0.250000,14030
2020-04-14,0.270000,0.354700,0.270000,0.354000,0.354000,215633
2020-04-15,0.349300,0.457470,0.338300,0.396000,0.396000,98366
2020-04-16,0.381980,0.398000,0.340000,0.349200,0.349200,11807
2020-04-17,0.350000,0.375700,0.339000,0.350000,0.350000,23472
2020-04-20,0.370000,0.370000,0.359200,0.366200,0.366200,10930
2020-04-21,0.362700,0.362700,0.324000,0.357000,0.357000,32625
2020-04-22,0.337500,0.345000,0.316520,0.335600,0.335600,51321
2020-04-23,0.336200,0.340000,0.320000,0.320000,0.320000,17374
2020-04-24,0.340000,0.340000,0.330400,0.330400,0.330400,550
2020-04-27,0.332000,0.350000,0.329800,0.329900,0.329900,41000
2020-04-28,0.324700,0.333000,0.324700,0.333000,0.333000,2600
2020-04-29,0.337000,0.341300,0.317800,0.334000,0.334000,3350
2020-04-30,0.360000,0.375000,0.325000,0.350000,0.350000,60585
2020-05-01,0.320500,0.342600,0.301100,0.320000,0.320000,17200
2020-05-04,0.320000,0.335000,0.320000,0.325000,0.325000,7000
2020-05-05,0.317700,0.330000,0.294000,0.310000,0.310000,35924
2020-05-06,0.321000,0.329400,0.288990,0.302000,0.302000,8443
2020-05-07,0.311600,0.311600,0.285100,0.290600,0.290600,11401
2020-05-08,0.315800,0.430000,0.305000,0.420000,0.420000,299600
2020-05-11,0.440000,0.455040,0.375900,0.423200,0.423200,33680
2020-05-12,0.432500,0.577840,0.430000,0.571100,0.571100,346736
2020-05-13,0.600000,0.600000,0.491000,0.535900,0.535900,102051
2020-05-14,0.496000,0.501000,0.440000,0.440000,0.440000,37203
2020-05-15,0.479800,0.480600,0.399710,0.420200,0.420200,41818
2020-05-18,0.477000,0.477000,0.400200,0.430050,0.430050,12943
2020-05-19,0.436200,0.436200,0.370000,0.391300,0.391300,37417
2020-05-20,0.448000,0.520400,0.431000,0.516800,0.516800,159492
2020-05-21,0.490000,0.570000,0.486900,0.565000,0.565000,98827
2020-05-22,0.570000,0.627000,0.565000,0.620000,0.620000,96214
2020-05-26,0.630000,0.642000,0.583000,0.623000,0.623000,71825
2020-05-27,0.634700,0.668000,0.603500,0.630000,0.630000,117091
2020-05-28,0.693700,0.693700,0.630000,0.640000,0.640000,109730
2020-05-29,0.627200,0.700000,0.627200,0.685200,0.685200,50683
2020-06-01,0.730000,0.785500,0.650700,0.740000,0.740000,71297
2020-06-02,0.766400,0.773800,0.675000,0.730000,0.730000,39488
2020-06-03,0.757700,0.758200,0.700000,0.746100,0.746100,19289
2020-06-04,0.737200,0.750000,0.668000,0.713300,0.713300,36241
2020-06-05,0.713400,0.734900,0.697000,0.697000,0.697000,21991
2020-06-08,0.697000,0.703990,0.651000,0.694000,0.694000,35190
2020-06-09,0.700000,0.700000,0.646000,0.648000,0.648000,69240
2020-06-10,0.646000,0.660000,0.618880,0.618880,0.618880,12005
2020-06-11,0.652000,0.652000,0.510000,0.510000,0.510000,78052