Date,Open,High,Low,Close,Adj Close,Volume
2020-07-24,25.549999,26.900000,18.510000,19.049999,19.049999,2354400
2020-07-27,19.700001,19.990000,17.500000,17.570000,17.570000,517900
2020-07-28,17.879999,18.350000,17.600000,18.200001,18.200001,183900
2020-07-29,18.650000,18.920000,17.900000,18.770000,18.770000,367200
2020-07-30,18.990000,18.990000,18.062000,18.500000,18.500000,340900
2020-07-31,18.799999,19.844999,18.320000,19.680000,19.680000,361700
2020-08-03,19.540001,23.940001,19.420000,23.360001,23.360001,279800
2020-08-04,23.969999,25.950001,23.500000,24.639999,24.639999,143700
2020-08-05,24.850000,29.799999,24.459999,28.879999,28.879999,366100
2020-08-06,29.400000,29.400000,27.245001,28.299999,28.299999,276200