Date,Open,High,Low,Close,Adj Close,Volume
2018-01-17,9.700000,9.700000,9.640000,9.640000,9.640000,1857200
2018-01-18,9.700000,9.700000,9.630000,9.640000,9.640000,303200
2018-01-19,9.620000,9.640000,9.620000,9.640000,9.640000,800
2018-01-22,9.630000,9.665000,9.630000,9.640000,9.640000,484000
2018-01-23,9.620000,9.700000,9.620000,9.672000,9.672000,974700
2018-01-24,9.700000,9.700000,9.630000,9.630000,9.630000,700
2018-01-25,9.630000,9.630000,9.630000,9.630000,9.630000,351700
2018-01-26,9.650000,9.650000,9.630000,9.630000,9.630000,10900
2018-01-29,9.671000,9.671000,9.650000,9.650000,9.650000,200500
2018-01-30,9.650000,9.650000,9.650000,9.650000,9.650000,0
2018-01-31,9.690000,9.690000,9.650000,9.650000,9.650000,6600
2018-02-01,9.700000,9.700000,9.700000,9.700000,9.700000,4400
2018-02-02,9.620000,9.700000,9.620000,9.700000,9.700000,977400
2018-02-05,9.700000,9.700000,9.696000,9.700000,9.700000,388500
2018-02-06,9.700000,9.720000,9.680000,9.700000,9.700000,267200
2018-02-07,9.700000,9.720000,9.700000,9.720000,9.720000,800
2018-02-08,9.720000,9.720000,9.720000,9.720000,9.720000,0
2018-02-09,9.720000,10.220000,9.670000,9.810000,9.810000,31300
2018-02-12,9.700000,9.800000,9.620000,9.750000,9.750000,11500
2018-02-13,9.750000,9.750000,9.750000,9.750000,9.750000,0
2018-02-14,9.750000,9.750000,9.750000,9.750000,9.750000,0
2018-02-15,9.750000,9.750000,9.750000,9.750000,9.750000,0
2018-02-16,9.800000,9.800000,9.790000,9.800000,9.800000,2200
2018-02-20,9.800000,9.800000,9.800000,9.800000,9.800000,0
2018-02-21,9.800000,9.800000,9.800000,9.800000,9.800000,0
2018-02-22,9.800000,9.800000,9.800000,9.800000,9.800000,0
2018-02-23,9.800000,9.800000,9.800000,9.800000,9.800000,0
2018-02-26,9.800000,9.800000,9.800000,9.800000,9.800000,864800
2018-02-27,9.800000,9.800000,9.800000,9.800000,9.800000,0
2018-02-28,9.800000,9.800000,9.800000,9.800000,9.800000,0
2018-03-01,9.720000,9.770000,9.720000,9.760000,9.760000,3200
2018-03-02,9.760000,9.760000,9.760000,9.760000,9.760000,0
2018-03-05,9.760000,9.760000,9.760000,9.760000,9.760000,0
2018-03-06,9.760000,9.760000,9.760000,9.760000,9.760000,0
2018-03-07,9.760000,9.760000,9.760000,9.760000,9.760000,0
2018-03-08,9.800000,9.800000,9.660000,9.760000,9.760000,1500
2018-03-09,9.770000,9.770000,9.770000,9.770000,9.770000,500
2018-03-12,9.770000,9.770000,9.770000,9.770000,9.770000,0
2018-03-13,9.770000,9.770000,9.770000,9.770000,9.770000,0
2018-03-14,9.600000,9.600000,9.600000,9.600000,9.600000,3700
2018-03-15,9.700000,9.760000,9.700000,9.700000,9.700000,109900
2018-03-16,9.700000,9.700000,9.700000,9.700000,9.700000,1900
2018-03-19,9.700000,9.700000,9.700000,9.700000,9.700000,85500
2018-03-20,9.750000,9.750000,9.700000,9.710000,9.710000,101700
2018-03-21,9.700000,9.800000,9.700000,9.800000,9.800000,700
2018-03-22,9.750000,9.750000,9.750000,9.750000,9.750000,400
2018-03-23,9.750000,9.750000,9.750000,9.750000,9.750000,0
2018-03-26,9.700000,9.800000,9.700000,9.800000,9.800000,1700
2018-03-27,9.797000,9.797000,9.740000,9.740000,9.740000,1700
2018-03-28,9.700000,9.770000,9.700000,9.770000,9.770000,600
2018-03-29,9.770000,9.770000,9.770000,9.770000,9.770000,0
2018-04-02,9.800000,9.800000,9.720000,9.720000,9.720000,8200
2018-04-03,9.750000,9.800000,9.750000,9.770000,9.770000,28900
2018-04-04,9.740000,9.780000,9.740000,9.780000,9.780000,2300
2018-04-05,9.780000,9.780000,9.780000,9.780000,9.780000,0
2018-04-06,9.720000,9.800000,9.720000,9.790000,9.790000,10000
2018-04-09,9.800000,9.850000,9.790000,9.850000,9.850000,4300
2018-04-10,9.790000,9.790000,9.775000,9.775000,9.775000,800
2018-04-11,9.750000,9.750000,9.750000,9.750000,9.750000,3500
2018-04-12,9.750000,9.750000,9.750000,9.750000,9.750000,4900
2018-04-13,9.760000,9.760000,9.760000,9.760000,9.760000,100
2018-04-16,9.730000,9.730000,9.730000,9.730000,9.730000,325000
2018-04-17,9.730000,9.730000,9.730000,9.730000,9.730000,0
2018-04-18,9.800000,9.800000,9.800000,9.800000,9.800000,300
2018-04-19,9.990000,9.990000,9.700000,9.740000,9.740000,17600
2018-04-20,9.740000,9.740000,9.740000,9.740000,9.740000,0
2018-04-23,9.790000,9.790000,9.730000,9.730000,9.730000,700
2018-04-24,9.820000,9.820000,9.771000,9.771000,9.771000,500
2018-04-25,9.750000,9.750000,9.730000,9.730000,9.730000,600
2018-04-26,9.730000,9.730000,9.730000,9.730000,9.730000,0
2018-04-27,9.730000,9.730000,9.730000,9.730000,9.730000,0
2018-04-30,9.730000,9.730000,9.730000,9.730000,9.730000,0
2018-05-01,9.710000,9.750000,9.700000,9.750000,9.750000,10400
2018-05-02,9.750000,9.750000,9.750000,9.750000,9.750000,0
2018-05-03,9.750000,9.750000,9.750000,9.750000,9.750000,0
2018-05-04,9.750000,9.750000,9.750000,9.750000,9.750000,0
2018-05-07,9.750000,9.750000,9.750000,9.750000,9.750000,0
2018-05-08,9.750000,9.750000,9.750000,9.750000,9.750000,0
2018-05-09,9.730000,9.790000,9.730000,9.790000,9.790000,154000
2018-05-10,9.770000,9.800000,9.770000,9.800000,9.800000,401000
2018-05-11,9.800000,9.800000,9.800000,9.800000,9.800000,0
2018-05-14,9.800000,9.800000,9.800000,9.800000,9.800000,0
2018-05-15,9.800000,9.800000,9.800000,9.800000,9.800000,0
2018-05-16,9.800000,9.800000,9.800000,9.800000,9.800000,0
2018-05-17,9.750000,9.790000,9.750000,9.790000,9.790000,200
2018-05-18,9.790000,9.790000,9.790000,9.790000,9.790000,0
2018-05-21,9.750000,9.770000,9.750000,9.770000,9.770000,200
2018-05-22,9.770000,9.780000,9.760000,9.770000,9.770000,557200
2018-05-23,9.770000,9.770000,9.770000,9.770000,9.770000,120000
2018-05-24,9.780000,9.840000,9.780000,9.830000,9.830000,6400
2018-05-25,9.820000,9.830000,9.820000,9.830000,9.830000,1600
2018-05-29,9.830000,9.830000,9.830000,9.830000,9.830000,0
2018-05-30,9.840000,9.850000,9.840000,9.850000,9.850000,2000
2018-05-31,9.833000,9.833000,9.827000,9.827000,9.827000,2000
2018-06-01,9.850000,9.870000,9.850000,9.860000,9.860000,302700
2018-06-04,9.860000,9.860000,9.860000,9.860000,9.860000,200
2018-06-05,9.860000,9.860000,9.860000,9.860000,9.860000,200
2018-06-06,9.870000,9.870000,9.870000,9.870000,9.870000,1200
2018-06-07,9.850000,9.890000,9.850000,9.890000,9.890000,201000
2018-06-08,9.890000,9.890000,9.890000,9.890000,9.890000,200
2018-06-11,9.880000,9.880000,9.880000,9.880000,9.880000,100
2018-06-12,9.880000,9.880000,9.880000,9.880000,9.880000,700
2018-06-13,9.880000,9.880000,9.880000,9.880000,9.880000,0
2018-06-14,9.855000,9.855000,9.850000,9.850000,9.850000,8800
2018-06-15,9.830000,9.900000,9.790000,9.840000,9.840000,1200
2018-06-18,9.840000,9.840000,9.840000,9.840000,9.840000,0
2018-06-19,9.850000,9.900000,9.850000,9.900000,9.900000,15900
2018-06-20,9.900000,9.900000,9.900000,9.900000,9.900000,0
2018-06-21,9.900000,9.900000,9.900000,9.900000,9.900000,0
2018-06-22,9.900000,9.900000,9.900000,9.900000,9.900000,0
2018-06-25,9.873000,9.873000,9.873000,9.873000,9.873000,1000
2018-06-26,9.873000,9.873000,9.873000,9.873000,9.873000,0
2018-06-27,9.873000,9.873000,9.873000,9.873000,9.873000,0
2018-06-28,9.873000,9.873000,9.873000,9.873000,9.873000,0
2018-06-29,9.860000,9.860000,9.820000,9.840000,9.840000,4000
2018-07-02,9.840000,9.840000,9.840000,9.840000,9.840000,0
2018-07-03,9.850000,9.850000,9.850000,9.850000,9.850000,900
2018-07-05,9.830000,9.830000,9.830000,9.830000,9.830000,100
2018-07-06,9.850000,9.850000,9.850000,9.850000,9.850000,1500
2018-07-09,9.819000,9.820000,9.810000,9.820000,9.820000,1900
2018-07-10,9.830000,9.830000,9.830000,9.830000,9.830000,600
2018-07-11,9.810000,9.810000,9.810000,9.810000,9.810000,200
2018-07-12,9.810000,9.860000,9.810000,9.830000,9.830000,10900
2018-07-13,9.820000,9.820000,9.820000,9.820000,9.820000,100
2018-07-16,9.820000,9.820000,9.820000,9.820000,9.820000,0
2018-07-17,9.810000,9.823000,9.800000,9.820000,9.820000,2000
2018-07-18,9.820000,9.820000,9.810000,9.810000,9.810000,400
2018-07-19,9.800000,9.800000,9.780000,9.780000,9.780000,6200
2018-07-20,9.780000,9.780000,9.780000,9.780000,9.780000,0
2018-07-23,9.780000,9.780000,9.760000,9.760000,9.760000,800
2018-07-24,9.790000,9.790000,9.774000,9.777000,9.777000,6400
2018-07-25,9.777000,9.777000,9.777000,9.777000,9.777000,0
2018-07-26,9.790000,9.860000,9.790000,9.860000,9.860000,270500
2018-07-27,9.850000,9.860000,9.850000,9.850000,9.850000,28000
2018-07-30,9.850000,9.850000,9.840000,9.850000,9.850000,4300
2018-07-31,9.860000,9.860000,9.850000,9.850000,9.850000,9100
2018-08-01,9.850000,9.850000,9.850000,9.850000,9.850000,0
2018-08-02,9.890000,9.900000,9.880000,9.880000,9.880000,1300
2018-08-03,9.920000,9.920000,9.920000,9.920000,9.920000,1000
2018-08-06,9.880000,9.900000,9.880000,9.900000,9.900000,1800
2018-08-07,9.900000,9.900000,9.900000,9.900000,9.900000,0
2018-08-08,9.920000,9.920000,9.920000,9.920000,9.920000,300
2018-08-09,9.920000,9.920000,9.920000,9.920000,9.920000,500
2018-08-10,9.920000,9.920000,9.920000,9.920000,9.920000,0
2018-08-13,9.920000,9.950000,9.870000,9.950000,9.950000,42600
2018-08-14,9.950000,9.950000,9.850000,9.850000,9.850000,1100
2018-08-15,9.880000,9.880000,9.873000,9.873000,9.873000,400
2018-08-16,9.873000,9.873000,9.873000,9.873000,9.873000,0
2018-08-17,9.910000,9.910000,9.910000,9.910000,9.910000,100
2018-08-20,9.910000,9.910000,9.910000,9.910000,9.910000,0
2018-08-21,9.910000,9.910000,9.910000,9.910000,9.910000,0
2018-08-22,9.910000,9.910000,9.910000,9.910000,9.910000,0
2018-08-23,9.950000,9.950000,9.949000,9.949000,9.949000,5700
2018-08-24,9.949000,9.949000,9.949000,9.949000,9.949000,0
2018-08-27,9.940000,9.950000,9.940000,9.940000,9.940000,11200
2018-08-28,9.943000,9.970000,9.931000,9.956000,9.956000,3000
2018-08-29,9.956000,9.956000,9.956000,9.956000,9.956000,0
2018-08-30,9.940000,9.940000,9.940000,9.940000,9.940000,100
2018-08-31,9.940000,9.940000,9.940000,9.940000,9.940000,0
2018-09-04,9.850000,9.950000,9.840000,9.942000,9.942000,3800
2018-09-05,9.942000,9.942000,9.942000,9.942000,9.942000,0
2018-09-06,9.942000,9.942000,9.942000,9.942000,9.942000,0
2018-09-07,9.942000,9.942000,9.942000,9.942000,9.942000,0
2018-09-10,9.942000,9.942000,9.942000,9.942000,9.942000,0
2018-09-11,9.880000,9.910000,9.880000,9.910000,9.910000,14400
2018-09-12,9.870000,9.910000,9.870000,9.910000,9.910000,1500
2018-09-13,9.900000,9.900000,9.900000,9.900000,9.900000,1400
2018-09-14,9.929000,9.950000,9.929000,9.950000,9.950000,4500
2018-09-17,9.970000,9.970000,9.922000,9.922000,9.922000,1300
2018-09-18,9.930000,9.931000,9.930000,9.931000,9.931000,1000
2018-09-19,9.931000,9.931000,9.931000,9.931000,9.931000,0
2018-09-20,9.950000,9.950000,9.900000,9.900000,9.900000,900
2018-09-21,9.900000,9.900000,9.900000,9.900000,9.900000,0
2018-09-24,10.080000,10.080000,9.950000,9.950000,9.950000,3300
2018-09-25,9.950000,9.950000,9.950000,9.950000,9.950000,0
2018-09-26,9.950000,9.950000,9.950000,9.950000,9.950000,0
2018-09-27,9.950000,9.950000,9.950000,9.950000,9.950000,0
2018-09-28,9.950000,9.950000,9.950000,9.950000,9.950000,0
2018-10-01,9.950000,9.950000,9.950000,9.950000,9.950000,0
2018-10-02,9.970000,10.000000,9.970000,10.000000,10.000000,1100
2018-10-03,10.000000,10.000000,10.000000,10.000000,10.000000,0
2018-10-04,10.000000,10.000000,10.000000,10.000000,10.000000,0
2018-10-05,10.000000,10.000000,10.000000,10.000000,10.000000,0
2018-10-08,10.000000,10.000000,10.000000,10.000000,10.000000,0
2018-10-09,10.000000,10.000000,10.000000,10.000000,10.000000,100
2018-10-10,10.000000,10.000000,10.000000,10.000000,10.000000,0
2018-10-11,10.000000,10.000000,10.000000,10.000000,10.000000,0
2018-10-12,10.000000,10.000000,10.000000,10.000000,10.000000,0
2018-10-15,9.950000,9.953000,9.950000,9.953000,9.953000,2000
2018-10-16,9.953000,9.953000,9.953000,9.953000,9.953000,0
2018-10-17,9.953000,9.953000,9.953000,9.953000,9.953000,0
2018-10-18,9.990000,9.990000,9.990000,9.990000,9.990000,400
2018-10-19,9.990000,9.990000,9.990000,9.990000,9.990000,0
2018-10-22,10.000000,10.000000,9.970000,9.970000,9.970000,200
2018-10-23,10.000000,10.000000,10.000000,10.000000,10.000000,200
2018-10-24,10.000000,10.000000,10.000000,10.000000,10.000000,0
2018-10-25,10.000000,10.000000,10.000000,10.000000,10.000000,0
2018-10-26,10.000000,10.000000,10.000000,10.000000,10.000000,100
2018-10-29,10.000000,10.000000,10.000000,10.000000,10.000000,100
2018-10-30,10.000000,10.000000,10.000000,10.000000,10.000000,100
2018-10-31,10.000000,10.000000,9.975000,9.975000,9.975000,4600
2018-11-01,10.000000,10.000000,9.980000,9.980000,9.980000,16200
2018-11-02,10.000000,10.000000,10.000000,10.000000,10.000000,1500
2018-11-05,10.000000,10.000000,10.000000,10.000000,10.000000,15900
2018-11-06,9.990000,9.990000,9.990000,9.990000,9.990000,7900
2018-11-07,9.990000,9.990000,9.990000,9.990000,9.990000,0
2018-11-08,9.990000,9.990000,9.990000,9.990000,9.990000,0
2018-11-09,9.990000,9.990000,9.990000,9.990000,9.990000,0
2018-11-12,9.990000,9.990000,9.990000,9.990000,9.990000,0
2018-11-13,10.008000,10.020000,10.008000,10.010000,10.010000,65700
2018-11-14,10.010000,10.010000,10.010000,10.010000,10.010000,0
2018-11-15,10.000000,10.000000,10.000000,10.000000,10.000000,56100
2018-11-16,10.000000,10.000000,10.000000,10.000000,10.000000,800
2018-11-19,9.990000,9.990000,9.985000,9.990000,9.990000,15500
2018-11-20,10.015000,10.030000,10.010000,10.010000,10.010000,674000
2018-11-21,10.010000,10.010000,10.010000,10.010000,10.010000,0
2018-11-23,10.010000,10.010000,10.010000,10.010000,10.010000,0
2018-11-26,10.010000,10.010000,10.010000,10.010000,10.010000,0
2018-11-27,10.010000,10.010000,10.010000,10.010000,10.010000,0
2018-11-28,10.010000,10.010000,10.010000,10.010000,10.010000,12500
2018-11-29,10.010000,10.010000,10.010000,10.010000,10.010000,0
2018-11-30,10.000000,10.050000,10.000000,10.050000,10.050000,63200
2018-12-03,10.050000,10.050000,10.050000,10.050000,10.050000,0
2018-12-04,10.050000,10.050000,10.050000,10.050000,10.050000,0
2018-12-06,10.010000,10.061000,10.010000,10.061000,10.061000,1700
2018-12-07,10.061000,10.061000,10.061000,10.061000,10.061000,0
2018-12-10,10.061000,10.061000,10.061000,10.061000,10.061000,0
2018-12-11,10.100000,10.100000,10.100000,10.100000,10.100000,600
2018-12-12,10.060000,10.100000,10.003000,10.100000,10.100000,1700
2018-12-13,9.950000,10.080000,9.950000,10.080000,10.080000,1200
2018-12-14,10.080000,10.080000,10.080000,10.080000,10.080000,0
2018-12-17,9.990000,10.150000,9.990000,10.100000,10.100000,1300
2018-12-18,10.030000,10.110000,10.015000,10.110000,10.110000,3500
2018-12-19,10.073000,10.073000,10.073000,10.073000,10.073000,100
2018-12-20,10.074000,10.080000,10.000000,10.080000,10.080000,25100
2018-12-21,10.050000,10.120000,10.050000,10.120000,10.120000,542100
2018-12-24,10.130000,10.130000,10.050000,10.050000,10.050000,49100
2018-12-26,10.130000,10.130000,10.060000,10.060000,10.060000,27300
2018-12-27,10.023000,10.100000,10.023000,10.050000,10.050000,2900
2018-12-28,10.090000,10.090000,10.050000,10.050000,10.050000,200
2018-12-31,10.150000,10.150000,10.100000,10.100000,10.100000,200
2019-01-02,10.100000,10.100000,10.100000,10.100000,10.100000,0
2019-01-03,10.140000,10.140000,10.140000,10.140000,10.140000,100
2019-01-04,10.140000,10.140000,10.140000,10.140000,10.140000,0
2019-01-07,10.140000,10.140000,10.140000,10.140000,10.140000,0
2019-01-08,10.150000,10.150000,10.097000,10.150000,10.150000,500
2019-01-09,10.150000,10.150000,10.150000,10.150000,10.150000,100
2019-01-10,10.150000,10.150000,10.150000,10.150000,10.150000,0
2019-01-11,10.150000,10.150000,10.150000,10.150000,10.150000,100
2019-01-14,10.070000,10.150000,10.070000,10.150000,10.150000,800
2019-01-15,10.150000,10.200000,10.070000,10.200000,10.200000,2600
2019-01-16,10.120000,10.200000,10.120000,10.200000,10.200000,1500
2019-01-17,10.180000,10.180000,10.180000,10.180000,10.180000,30400
2019-01-18,10.200000,10.200000,10.200000,10.200000,10.200000,200
2019-01-22,10.170000,10.190000,10.170000,10.190000,10.190000,700
2019-01-23,10.190000,10.190000,10.190000,10.190000,10.190000,100
2019-01-24,10.200000,10.200000,10.180000,10.180000,10.180000,11900
2019-01-25,10.180000,10.180000,10.180000,10.180000,10.180000,100
2019-01-28,10.180000,10.180000,10.180000,10.180000,10.180000,800
2019-01-29,10.180000,10.180000,10.180000,10.180000,10.180000,0
2019-01-30,10.170000,10.170000,10.170000,10.170000,10.170000,200
2019-01-31,10.170000,10.170000,10.170000,10.170000,10.170000,0
2019-02-01,10.170000,10.170000,10.170000,10.170000,10.170000,0
2019-02-04,10.170000,10.170000,10.170000,10.170000,10.170000,100
2019-02-05,10.170000,10.170000,10.170000,10.170000,10.170000,0
2019-02-06,10.170000,10.170000,10.170000,10.170000,10.170000,0
2019-02-07,10.170000,10.170000,10.170000,10.170000,10.170000,0
2019-02-08,10.170000,10.170000,10.170000,10.170000,10.170000,0
2019-02-11,10.170000,10.170000,10.170000,10.170000,10.170000,0
2019-02-12,10.170000,10.170000,10.170000,10.170000,10.170000,0
2019-02-13,10.156000,10.156000,10.156000,10.156000,10.156000,100
2019-02-14,10.156000,10.156000,10.156000,10.156000,10.156000,0
2019-02-15,10.100000,10.190000,10.100000,10.170000,10.170000,800
2019-02-19,10.110000,10.170000,10.110000,10.170000,10.170000,7300
2019-02-20,10.110000,10.150000,10.108000,10.150000,10.150000,6100
2019-02-21,10.150000,10.150000,10.150000,10.150000,10.150000,1400
2019-02-22,10.150000,10.150000,10.150000,10.150000,10.150000,0
2019-02-25,10.150000,10.150000,10.150000,10.150000,10.150000,0
2019-02-26,10.150000,10.200000,10.150000,10.190000,10.190000,768000
2019-02-27,10.190000,10.190000,10.180000,10.180000,10.180000,34700
2019-02-28,10.220000,10.220000,10.220000,10.220000,10.220000,100
2019-03-01,10.197000,10.220000,10.194000,10.220000,10.220000,800
2019-03-04,10.220000,10.220000,10.220000,10.220000,10.220000,100
2019-03-05,10.200000,10.200000,10.199000,10.200000,10.200000,700
2019-03-06,10.200000,10.200000,10.195000,10.200000,10.200000,244300
2019-03-07,10.200000,10.200000,10.200000,10.200000,10.200000,0
2019-03-08,10.200000,10.200000,10.200000,10.200000,10.200000,0
2019-03-11,10.240000,10.240000,10.240000,10.240000,10.240000,100
2019-03-12,10.240000,10.240000,10.240000,10.240000,10.240000,0
2019-03-13,10.196000,10.200000,10.050000,10.200000,10.200000,2400
2019-03-14,10.230000,10.230000,10.190000,10.200000,10.200000,2900
2019-03-15,10.190000,10.200000,10.070000,10.200000,10.200000,3500
2019-03-18,10.190000,10.200000,10.190000,10.200000,10.200000,800
2019-03-19,10.200000,10.200000,10.200000,10.200000,10.200000,50000
2019-03-20,10.190000,10.230000,10.190000,10.200000,10.200000,12000
2019-03-21,10.240000,10.240000,10.190000,10.230000,10.230000,134200
2019-03-22,10.200000,10.220000,10.200000,10.220000,10.220000,87500
2019-03-25,10.210000,10.230000,10.206000,10.220000,10.220000,21100
2019-03-26,10.240000,10.240000,10.190000,10.190000,10.190000,14400
2019-03-27,10.210000,10.210000,10.200000,10.200000,10.200000,16100
2019-03-28,10.230000,10.230000,10.190000,10.190000,10.190000,10700
2019-03-29,10.240000,10.240000,10.190000,10.200000,10.200000,308000
2019-04-01,10.200000,10.200000,10.200000,10.200000,10.200000,0
2019-04-02,10.200000,10.200000,10.200000,10.200000,10.200000,0
2019-04-03,10.200000,10.200000,10.200000,10.200000,10.200000,100
2019-04-04,10.200000,10.200000,10.200000,10.200000,10.200000,61000
2019-04-05,10.240000,10.240000,10.240000,10.240000,10.240000,100
2019-04-08,10.205000,10.205000,10.205000,10.205000,10.205000,400
2019-04-09,10.200000,10.240000,10.200000,10.240000,10.240000,2800
2019-04-10,10.240000,10.240000,10.240000,10.240000,10.240000,100
2019-04-11,10.240000,10.240000,10.240000,10.240000,10.240000,100
2019-04-12,10.250000,10.250000,10.200000,10.200000,10.200000,200
2019-04-15,10.200000,10.200000,10.200000,10.200000,10.200000,0
2019-04-16,10.220000,10.220000,10.220000,10.220000,10.220000,100
2019-04-17,10.250000,10.250000,10.250000,10.250000,10.250000,100
2019-04-18,10.240000,10.240000,10.240000,10.240000,10.240000,62600
2019-04-22,10.240000,10.240000,10.240000,10.240000,10.240000,0
2019-04-23,10.300000,10.300000,10.274000,10.274000,10.274000,1900
2019-04-24,10.240000,10.240000,10.240000,10.240000,10.240000,100
2019-04-25,10.240000,10.240000,10.240000,10.240000,10.240000,0
2019-04-26,10.280000,10.280000,10.280000,10.280000,10.280000,100
2019-04-29,10.260000,10.260000,10.208000,10.232000,10.232000,4200
2019-04-30,10.260000,10.260000,10.260000,10.260000,10.260000,300
2019-05-01,10.300000,10.300000,10.150000,10.150000,10.150000,37100
2019-05-02,10.150000,10.150000,10.150000,10.150000,10.150000,0
2019-05-03,10.150000,10.150000,10.150000,10.150000,10.150000,0
2019-05-06,10.270000,10.270000,10.240000,10.260000,10.260000,20000
2019-05-07,10.260000,10.260000,10.260000,10.260000,10.260000,0
2019-05-08,10.250000,10.264000,10.250000,10.264000,10.264000,900
2019-05-09,10.260000,10.270000,10.260000,10.270000,10.270000,30300
2019-05-10,10.250000,10.250000,10.250000,10.250000,10.250000,500
2019-05-13,10.260000,10.260000,10.260000,10.260000,10.260000,600
2019-05-14,10.250000,10.250000,10.150000,10.150000,10.150000,1200
2019-05-15,10.190000,10.230000,10.150000,10.230000,10.230000,14300
2019-05-16,10.220000,10.243000,10.220000,10.230000,10.230000,9900
2019-05-17,10.280000,10.280000,10.280000,10.280000,10.280000,998500
2019-05-20,10.270000,10.290000,10.270000,10.290000,10.290000,103900
2019-05-21,10.290000,10.290000,10.270000,10.270000,10.270000,1100
2019-05-22,10.290000,10.290000,10.270000,10.276000,10.276000,1400
2019-05-23,10.276000,10.276000,10.276000,10.276000,10.276000,0
2019-05-24,10.276000,10.276000,10.276000,10.276000,10.276000,0
2019-05-28,10.285000,10.285000,10.270000,10.270000,10.270000,1000
2019-05-29,10.270000,10.271000,10.260000,10.260000,10.260000,9600
2019-05-30,10.260000,10.260000,10.260000,10.260000,10.260000,1000
2019-05-31,10.260000,10.260000,10.260000,10.260000,10.260000,0
2019-06-03,10.260000,10.280000,10.260000,10.280000,10.280000,3500
2019-06-04,10.300000,10.300000,10.300000,10.300000,10.300000,100
2019-06-05,10.300000,10.300000,10.300000,10.300000,10.300000,0
2019-06-06,10.270000,10.350000,10.270000,10.350000,10.350000,16200
2019-06-07,10.350000,10.350000,10.350000,10.350000,10.350000,0
2019-06-10,10.340000,10.340000,10.340000,10.340000,10.340000,100
2019-06-11,10.350000,10.380000,10.315000,10.370000,10.370000,3200
2019-06-12,10.400000,10.400000,10.400000,10.400000,10.400000,100
2019-06-13,10.379000,10.379000,10.379000,10.379000,10.379000,200
2019-06-14,10.400000,10.400000,10.390000,10.400000,10.400000,2100
2019-06-17,10.400000,10.400000,10.400000,10.400000,10.400000,0
2019-06-18,10.300000,10.410000,10.300000,10.410000,10.410000,2900
2019-06-19,10.410000,10.410000,10.405000,10.410000,10.410000,1500
2019-06-20,10.410000,10.410000,10.386000,10.386000,10.386000,1200
2019-06-21,10.390000,10.390000,10.390000,10.390000,10.390000,500
2019-06-24,10.390000,10.390000,10.390000,10.390000,10.390000,0
2019-06-25,10.390000,10.390000,10.390000,10.390000,10.390000,0
2019-06-26,10.390000,10.390000,10.390000,10.390000,10.390000,0
2019-06-27,10.310000,10.310000,10.270000,10.300000,10.300000,8400
2019-06-28,10.300000,10.300000,10.300000,10.300000,10.300000,0
2019-07-01,10.420000,10.420000,10.320000,10.320000,10.320000,1700
2019-07-02,10.320000,10.320000,10.320000,10.320000,10.320000,0
2019-07-03,10.370000,10.370000,10.370000,10.370000,10.370000,300
2019-07-05,10.370000,10.370000,10.370000,10.370000,10.370000,0
2019-07-08,10.320000,10.320000,10.320000,10.320000,10.320000,100
2019-07-09,10.380000,10.390000,10.350000,10.350000,10.350000,11000
2019-07-10,10.420000,10.420000,10.420000,10.420000,10.420000,1100
2019-07-11,10.420000,10.420000,10.420000,10.420000,10.420000,0
2019-07-12,10.420000,10.420000,10.420000,10.420000,10.420000,0
2019-07-15,10.420000,10.420000,10.420000,10.420000,10.420000,0
2019-07-16,10.390000,10.393000,10.390000,10.390000,10.390000,129400
2019-07-17,10.390000,10.390000,10.390000,10.390000,10.390000,100
2019-07-18,10.390000,10.390000,10.390000,10.390000,10.390000,100
2019-07-19,10.348000,10.348000,10.348000,10.348000,10.348000,100
2019-07-22,10.350000,10.350000,10.350000,10.350000,10.350000,300
2019-07-23,10.361000,10.361000,10.361000,10.361000,10.361000,500
2019-07-24,10.370000,10.370000,10.370000,10.370000,10.370000,200
2019-07-25,10.370000,10.370000,10.370000,10.370000,10.370000,400
2019-07-26,10.370000,10.370000,10.370000,10.370000,10.370000,0
2019-07-29,10.370000,10.370000,10.370000,10.370000,10.370000,0
2019-07-30,10.370000,10.370000,10.370000,10.370000,10.370000,0
2019-07-31,10.370000,10.370000,10.370000,10.370000,10.370000,100
2019-08-01,10.370000,10.370000,10.370000,10.370000,10.370000,100
2019-08-02,10.400000,10.400000,10.400000,10.400000,10.400000,25000
2019-08-05,10.440000,10.460000,10.390000,10.390000,10.390000,21100
2019-08-06,10.450000,10.450000,10.450000,10.450000,10.450000,500
2019-08-07,10.450000,10.470000,10.380000,10.470000,10.470000,20200
2019-08-08,10.450000,10.470000,10.380000,10.470000,10.470000,20200
2019-08-09,10.450000,10.450000,10.380000,10.380000,10.380000,1100
2019-08-12,10.450000,10.450000,10.380000,10.380000,10.380000,1100
2019-08-13,10.450000,10.450000,10.380000,10.380000,10.380000,1100
2019-08-14,10.450000,10.450000,10.380000,10.380000,10.380000,1100
2019-08-15,10.450000,10.450000,10.380000,10.380000,10.380000,1100
2019-08-16,10.380000,10.380000,10.380000,10.380000,10.380000,0
2019-08-19,10.380000,10.450000,10.380000,10.383000,10.383000,1800
2019-08-20,10.400000,10.420000,10.400000,10.420000,10.420000,611000
2019-08-21,10.420000,10.420000,10.420000,10.420000,10.420000,0
2019-08-22,10.350000,10.400000,10.350000,10.400000,10.400000,700
2019-08-23,10.400000,10.400000,10.400000,10.400000,10.400000,0
2019-08-26,10.400000,10.400000,10.400000,10.400000,10.400000,300
2019-08-27,10.400000,10.400000,10.400000,10.400000,10.400000,0
2019-08-28,10.400000,10.410000,10.400000,10.410000,10.410000,77900
2019-08-29,10.400000,10.420000,10.400000,10.410000,10.410000,74400
2019-08-30,10.410000,10.410000,10.350000,10.350000,10.350000,1600
2019-09-03,10.410000,10.410000,10.400000,10.410000,10.410000,70300
2019-09-04,10.408000,10.408000,10.408000,10.408000,10.408000,200
2019-09-05,10.408000,10.410000,10.400000,10.410000,10.410000,34100
2019-09-06,10.410000,10.410000,10.410000,10.410000,10.410000,200
2019-09-09,10.410000,10.410000,10.410000,10.410000,10.410000,600
2019-09-10,10.410000,10.410000,10.410000,10.410000,10.410000,0
2019-09-11,10.410000,10.410000,10.410000,10.410000,10.410000,0
2019-09-12,10.410000,10.410000,10.410000,10.410000,10.410000,300
2019-09-13,10.410000,10.410000,10.410000,10.410000,10.410000,0
2019-09-16,10.410000,10.410000,10.400000,10.410000,10.410000,600
2019-09-17,10.410000,10.410000,10.410000,10.410000,10.410000,100
2019-09-18,10.380000,10.410000,10.380000,10.410000,10.410000,4600
2019-09-19,10.820000,10.900000,10.390000,10.395000,10.395000,4600
2019-09-20,10.350000,10.410000,10.350000,10.410000,10.410000,21500
2019-09-23,10.400000,10.445000,10.400000,10.440000,10.440000,2700
2019-09-24,10.443000,10.443000,10.443000,10.443000,10.443000,1000
2019-09-25,10.450000,10.450000,10.450000,10.450000,10.450000,600
2019-09-26,10.450000,10.450000,10.450000,10.450000,10.450000,2600
2019-09-27,10.400000,10.400000,10.400000,10.400000,10.400000,25000
2019-09-30,10.400000,10.400000,10.400000,10.400000,10.400000,0
2019-10-01,10.438000,10.438000,10.438000,10.438000,10.438000,400
2019-10-02,10.438000,10.438000,10.438000,10.438000,10.438000,0
2019-10-03,10.420000,10.420000,10.420000,10.420000,10.420000,100
2019-10-04,10.430000,10.440000,10.420000,10.420000,10.420000,268500
2019-10-07,10.430000,10.430000,10.430000,10.430000,10.430000,800
2019-10-08,10.420000,10.430000,10.420000,10.430000,10.430000,275000
2019-10-09,10.440000,10.440000,10.427000,10.440000,10.440000,127800
2019-10-10,10.440000,10.440000,10.440000,10.440000,10.440000,100
2019-10-11,10.440000,10.440000,10.440000,10.440000,10.440000,0
2019-10-14,10.440000,10.440000,10.440000,10.440000,10.440000,0
2019-10-15,10.440000,10.520000,10.440000,10.466000,10.466000,1900
2019-10-16,10.430000,10.490000,10.430000,10.490000,10.490000,800
2019-10-17,10.500000,10.500000,10.500000,10.500000,10.500000,200
2019-10-18,10.500000,10.500000,10.500000,10.500000,10.500000,100
2019-10-21,10.438000,10.450000,10.438000,10.450000,10.450000,26100
2019-10-22,10.500000,10.500000,10.500000,10.500000,10.500000,100
2019-10-23,10.500000,10.500000,10.500000,10.500000,10.500000,300
2019-10-24,10.500000,10.500000,10.500000,10.500000,10.500000,0
2019-10-25,10.410000,10.410000,10.410000,10.410000,10.410000,300
2019-10-28,10.410000,10.410000,10.410000,10.410000,10.410000,0
2019-10-29,10.442000,10.442000,10.410000,10.420000,10.420000,2200
2019-10-30,10.420000,10.420000,10.420000,10.420000,10.420000,0
2019-10-31,10.420000,10.420000,10.420000,10.420000,10.420000,100
2019-11-01,10.420000,10.420000,10.420000,10.420000,10.420000,100
2019-11-04,10.420000,10.420000,10.420000,10.420000,10.420000,0
2019-11-05,10.420000,10.420000,10.420000,10.420000,10.420000,0
2019-11-06,10.500000,10.500000,10.500000,10.500000,10.500000,1700
2019-11-07,10.500000,10.500000,10.500000,10.500000,10.500000,0
2019-11-08,10.500000,10.500000,10.500000,10.500000,10.500000,0
2019-11-11,10.540000,10.540000,10.520000,10.520000,10.520000,5000
2019-11-12,10.510000,10.510000,10.500000,10.510000,10.510000,1029500
2019-11-13,10.450000,10.540000,10.450000,10.491000,10.491000,781500
2019-11-14,10.860000,10.860000,10.470000,10.490000,10.490000,28800
2019-11-15,10.600000,10.730000,10.440000,10.469000,10.469000,147200
2019-11-18,10.525000,10.525000,10.450000,10.470000,10.470000,4700
2019-11-19,10.820000,10.820000,10.442000,10.520000,10.520000,16200
2019-11-20,10.500000,10.535000,10.460000,10.481000,10.481000,112100
2019-11-21,10.596000,10.720000,10.400000,10.470000,10.470000,497200
2019-11-22,10.600000,11.090000,10.600000,10.700000,10.700000,24600
2019-11-25,11.000000,11.150000,10.600000,11.150000,11.150000,65200
2019-11-26,11.150000,11.150000,11.150000,11.150000,11.150000,0
2019-11-27,10.550000,10.750000,10.040000,10.455000,10.455000,44700
2019-11-29,10.990000,10.990000,10.355000,10.400000,10.400000,42100
2019-12-02,10.510000,10.510000,8.807000,8.960000,8.960000,73800
2019-12-03,8.890000,9.300000,8.400000,8.970000,8.970000,92100
2019-12-04,9.020000,9.050000,8.550000,8.550000,8.550000,28900
2019-12-05,8.530000,8.850000,6.700000,6.960000,6.960000,66700
2019-12-06,7.590000,8.980000,7.020000,8.550000,8.550000,79000
2019-12-09,8.640000,8.840000,8.450000,8.450000,8.450000,14500
2019-12-10,8.330000,8.520000,8.290000,8.500000,8.500000,22800
2019-12-11,9.160000,9.440000,8.480000,8.800000,8.800000,68200
2019-12-12,8.810000,9.120000,8.600000,8.600000,8.600000,31300
2019-12-13,8.750000,8.800000,8.390000,8.390000,8.390000,18400
2019-12-16,9.120000,9.120000,7.970000,8.250000,8.250000,80300
2019-12-17,8.580000,8.580000,6.900000,6.900000,6.900000,121600
2019-12-18,7.540000,8.120000,7.150000,7.500000,7.500000,207800
2019-12-19,8.050000,8.050000,7.120000,7.370000,7.370000,33000
2019-12-20,7.880000,7.880000,7.240000,7.360000,7.360000,45200
2019-12-23,7.210000,8.170000,7.200000,8.150000,8.150000,30900
2019-12-24,8.260000,8.260000,8.030000,8.030000,8.030000,3400
2019-12-26,7.750000,7.938000,7.750000,7.938000,7.938000,800
2019-12-27,7.935000,8.050000,7.250000,7.260000,7.260000,24200
2019-12-30,7.368000,7.920000,7.368000,7.430000,7.430000,12600
2019-12-31,7.890000,8.505000,7.370000,8.500000,8.500000,35500
2020-01-02,8.310000,8.310000,8.026000,8.050000,8.050000,6700
2020-01-03,7.770000,8.390000,7.750000,8.250000,8.250000,17300
2020-01-06,8.150000,8.390000,8.150000,8.380000,8.380000,2900
2020-01-07,8.400000,8.500000,8.000000,8.000000,8.000000,48100
2020-01-08,8.250000,8.350000,8.050000,8.310000,8.310000,5500
2020-01-09,8.370000,8.600000,8.170000,8.250000,8.250000,30400
2020-01-10,8.670000,8.670000,7.980000,8.300000,8.300000,17600
2020-01-13,8.490000,8.490000,8.268000,8.340000,8.340000,15600
2020-01-14,8.440000,8.640000,8.350000,8.440000,8.440000,36200
2020-01-15,8.400000,8.490000,8.300000,8.310000,8.310000,3800
2020-01-16,8.384000,8.400000,8.315000,8.320000,8.320000,3100
2020-01-17,8.390000,8.410000,8.255000,8.400000,8.400000,5200
2020-01-21,8.500000,8.500000,8.140000,8.225000,8.225000,2400
2020-01-22,8.490000,8.750000,8.110000,8.320000,8.320000,10600
2020-01-23,8.200000,8.400000,7.950000,8.390000,8.390000,40300
2020-01-24,8.400000,8.420000,8.200000,8.370000,8.370000,8300
2020-01-27,8.200000,8.370000,8.200000,8.370000,8.370000,4500
2020-01-28,8.630000,8.630000,8.390000,8.390000,8.390000,7100
2020-01-29,8.400000,8.513000,8.210000,8.300000,8.300000,7600
2020-01-30,8.300000,8.460000,8.200000,8.390000,8.390000,3600
2020-01-31,8.400000,8.400000,8.200000,8.305000,8.305000,2600
2020-02-03,8.630000,8.630000,8.300000,8.300000,8.300000,26200
2020-02-04,8.441000,8.600000,8.350000,8.450000,8.450000,4900
2020-02-05,8.500000,8.650000,8.300000,8.300000,8.300000,12000
2020-02-06,8.470000,8.470000,8.200000,8.279000,8.279000,7100
2020-02-07,8.690000,8.690000,8.300000,8.450000,8.450000,7400
2020-02-10,8.600000,8.600000,8.200000,8.490000,8.490000,15500
2020-02-11,8.690000,8.690000,8.290000,8.290000,8.290000,19500
2020-02-12,8.590000,8.641000,8.290000,8.470000,8.470000,2900
2020-02-13,8.260000,8.450000,8.260000,8.450000,8.450000,29700
2020-02-14,8.400000,8.690000,8.030000,8.030000,8.030000,12000
2020-02-18,8.200000,8.400000,8.070000,8.120000,8.120000,4100
2020-02-19,8.410000,8.593000,8.130000,8.490000,8.490000,5900
2020-02-20,8.220000,8.530000,8.060000,8.190000,8.190000,22400
2020-02-21,8.150000,8.290000,8.070000,8.140000,8.140000,9800
2020-02-24,8.000000,8.140000,7.730000,7.870000,7.870000,13600
2020-02-25,8.010000,8.170000,7.900000,8.090000,8.090000,9300
2020-02-26,7.863000,8.250000,7.760000,8.050000,8.050000,24400
2020-02-27,7.800000,8.228000,7.770000,7.800000,7.800000,37200
2020-02-28,8.490000,8.490000,7.710000,8.030000,8.030000,6800
2020-03-02,7.840000,8.160000,7.840000,8.000000,8.000000,13100
2020-03-03,8.210000,8.210000,7.961000,8.090000,8.090000,20200
2020-03-04,8.310000,8.310000,8.100000,8.100000,8.100000,3600
2020-03-05,8.270000,8.407000,8.010000,8.200000,8.200000,23700
2020-03-06,7.970000,8.000000,7.910000,7.990000,7.990000,18000
2020-03-09,7.320000,8.000000,7.145000,7.890000,7.890000,27400
2020-03-10,7.640000,7.870000,7.200000,7.735000,7.735000,10600
2020-03-11,7.700000,7.700000,7.110000,7.110000,7.110000,5200
2020-03-12,6.760000,6.760000,6.030000,6.160000,6.160000,51700
2020-03-13,6.770000,7.660000,6.740000,7.310000,7.310000,25600
2020-03-16,6.590000,6.710000,6.000000,6.080000,6.080000,10800
2020-03-17,6.665000,6.990000,6.660000,6.740000,6.740000,9100
2020-03-18,6.775000,7.080000,6.000000,6.590000,6.590000,10700
2020-03-19,6.150000,6.150000,5.900000,5.900000,5.900000,2200
2020-03-20,6.150000,6.990000,6.150000,6.250000,6.250000,6500
2020-03-23,6.300000,6.700000,6.250000,6.700000,6.700000,11900
2020-03-24,6.433000,6.600000,6.010000,6.230000,6.230000,8700
2020-03-25,6.300000,7.390000,6.300000,7.060000,7.060000,9500
2020-03-26,7.400000,7.575000,7.400000,7.575000,7.575000,500
2020-03-27,7.020000,7.210000,7.000000,7.110000,7.110000,6300
2020-03-30,7.100000,7.100000,6.895000,6.905000,6.905000,3800
2020-03-31,7.000000,8.030000,7.000000,7.300000,7.300000,18000
2020-04-01,7.100000,7.220000,6.700000,6.850000,6.850000,1900
2020-04-02,7.520000,7.520000,6.990000,7.000000,7.000000,4800
2020-04-03,6.875000,7.050000,6.875000,7.000000,7.000000,18200
2020-04-06,7.100000,7.230000,6.900000,6.900000,6.900000,1600
2020-04-07,7.828000,7.828000,7.010000,7.210000,7.210000,4400
2020-04-08,6.970000,7.660000,6.900000,7.000000,7.000000,3700
2020-04-09,6.987000,6.990000,6.440000,6.990000,6.990000,1700
2020-04-13,6.720000,7.145000,6.650000,7.005000,7.005000,2600
2020-04-14,7.290000,7.290000,6.910000,6.944000,6.944000,13800
2020-04-15,6.900000,7.000000,6.750000,7.000000,7.000000,4200
2020-04-16,7.140000,7.140000,6.990000,7.000000,7.000000,7400
2020-04-17,6.990000,7.200000,6.958000,7.000000,7.000000,26000
2020-04-20,6.745000,7.000000,6.745000,6.945000,6.945000,1100
2020-04-21,6.945000,6.945000,6.945000,6.945000,6.945000,0
2020-04-22,7.290000,7.290000,7.000000,7.050000,7.050000,18600
2020-04-23,7.410000,7.410000,7.000000,7.000000,7.000000,11800
2020-04-24,7.340000,8.080000,7.030000,7.070000,7.070000,11200
2020-04-27,7.650000,7.750000,7.100000,7.100000,7.100000,73400
2020-04-28,7.500000,7.550000,7.050000,7.080000,7.080000,80800
2020-04-29,7.050000,7.350000,6.940000,7.000000,7.000000,77800
2020-04-30,7.350000,7.350000,6.390000,6.750000,6.750000,59800
2020-05-01,6.480000,7.110000,6.220000,6.570000,6.570000,28800
2020-05-04,6.120000,6.750000,6.008000,6.500000,6.500000,33000
2020-05-05,6.800000,7.195000,5.880000,6.800000,6.800000,57100
2020-05-06,7.170000,7.170000,6.880000,6.990000,6.990000,5800
2020-05-07,7.000000,7.150000,6.900000,6.990000,6.990000,20200
2020-05-08,7.120000,7.120000,6.400000,6.450000,6.450000,40000
2020-05-11,6.500000,6.850000,6.150000,6.500000,6.500000,53400
2020-05-12,6.310000,6.500000,6.000000,6.340000,6.340000,61600
2020-05-13,6.500000,6.550000,6.281000,6.500000,6.500000,29600
2020-05-14,6.430000,6.450000,5.570000,6.010000,6.010000,62500
2020-05-15,6.230000,6.460000,6.010000,6.090000,6.090000,21900
2020-05-18,6.090000,6.324000,5.600000,6.250000,6.250000,50800
2020-05-19,5.980000,6.460000,5.610000,6.460000,6.460000,22900
2020-05-20,6.880000,6.880000,6.170000,6.300000,6.300000,14400
2020-05-21,6.110000,6.500000,6.110000,6.500000,6.500000,27300
2020-05-22,6.700000,6.700000,6.310000,6.310000,6.310000,30900
2020-05-26,6.450000,6.890000,6.450000,6.590000,6.590000,25400
2020-05-27,6.390000,6.810000,6.390000,6.600000,6.600000,23800
2020-05-28,6.960000,6.960000,6.500000,6.650000,6.650000,21100
2020-05-29,6.830000,6.830000,6.475000,6.500000,6.500000,78900
2020-06-01,6.310000,6.825000,6.310000,6.480000,6.480000,62900
2020-06-02,6.750000,6.770000,6.330000,6.500000,6.500000,30300
2020-06-03,6.730000,7.065000,6.500000,6.720000,6.720000,44400
2020-06-04,6.700000,6.700000,6.400000,6.540000,6.540000,86700
2020-06-05,6.770000,6.850000,6.260000,6.390000,6.390000,44400
2020-06-08,6.580000,6.580000,6.340000,6.430000,6.430000,53600
2020-06-09,6.370000,6.400000,6.316000,6.350000,6.350000,30400
2020-06-10,6.340000,6.350000,5.900000,6.090000,6.090000,65100
2020-06-11,6.200000,6.200000,5.300000,6.110000,6.110000,44000
2020-06-12,6.110000,6.170000,5.900000,5.930000,5.930000,31500
2020-06-15,5.930000,6.040000,5.750000,5.911000,5.911000,51600
2020-06-16,6.590000,6.590000,6.250000,6.320000,6.320000,67400
2020-06-17,6.440000,6.440000,6.263000,6.330000,6.330000,33300
2020-06-18,5.900000,6.060000,5.585000,6.022000,6.022000,121900
2020-06-19,5.560000,6.420000,5.550000,6.210000,6.210000,87500
2020-06-22,6.050000,6.060000,5.680000,5.700000,5.700000,65600
2020-06-23,5.900000,5.900000,5.680000,5.700000,5.700000,41300
2020-06-24,5.620000,5.620000,5.010000,5.240000,5.240000,122500
2020-06-25,4.150000,4.350000,3.830000,3.990000,3.990000,3094800
2020-06-26,4.010000,4.060000,3.800000,3.880000,3.880000,627700
2020-06-29,4.150000,4.250000,3.910000,4.000000,4.000000,1157000
2020-06-30,4.000000,4.120000,4.000000,4.040000,4.040000,366700
2020-07-01,4.080000,4.100000,3.900000,3.910000,3.910000,500300
2020-07-02,4.280000,4.350000,4.090000,4.290000,4.290000,1477600
2020-07-06,4.450000,4.466000,4.050000,4.070000,4.070000,904000
2020-07-07,4.120000,4.200000,4.000000,4.090000,4.090000,351500
2020-07-08,4.290000,4.300000,3.950000,3.970000,3.970000,735300
2020-07-09,4.000000,4.780000,3.970000,4.750000,4.750000,1399200
2020-07-10,4.750000,4.970000,4.320000,4.620000,4.620000,1025300
2020-07-13,4.500000,4.610000,4.130000,4.400000,4.400000,514500
2020-07-14,4.410000,4.570000,4.320000,4.510000,4.510000,243500
2020-07-15,4.390000,4.590000,4.390000,4.500000,4.500000,217200
2020-07-16,4.640000,4.750000,4.430000,4.600000,4.600000,382700
2020-07-17,4.580000,4.830000,4.560000,4.700000,4.700000,390400
2020-07-20,4.750000,4.850000,4.450000,4.740000,4.740000,277400
2020-07-21,4.790000,4.810000,4.570000,4.660000,4.660000,306100
2020-07-22,4.620000,4.650000,4.500000,4.600000,4.600000,329600
2020-07-23,4.510000,4.810000,4.500000,4.690000,4.690000,226800
2020-07-24,4.890000,4.890000,4.600000,4.660000,4.660000,188600
2020-07-27,4.530000,4.800000,4.530000,4.700000,4.700000,215500
2020-07-28,4.810000,4.810000,4.420000,4.540000,4.540000,246700
2020-07-29,4.680000,4.680000,4.450000,4.550000,4.550000,176200
2020-07-30,4.550000,4.740000,4.550000,4.690000,4.690000,235400
2020-07-31,4.700000,4.710000,4.400000,4.470000,4.470000,273000
2020-08-03,4.430000,4.703000,4.430000,4.680000,4.680000,202700
2020-08-04,4.600000,4.890000,4.580000,4.760000,4.760000,481800
2020-08-05,4.720000,5.300000,4.720000,4.840000,4.840000,675800
2020-08-06,5.280000,5.700000,5.260000,5.660000,5.660000,1256700
2020-08-07,6.250000,6.880000,5.680000,5.870000,5.870000,1622800
2020-08-10,6.400000,6.400000,5.711000,6.250000,6.250000,1030100
2020-08-11,5.320000,5.770000,5.020000,5.770000,5.770000,1019900
2020-08-12,5.940000,6.100000,5.670000,5.940000,5.940000,337300