Date,Open,High,Low,Close,Adj Close,Volume
2019-08-01,14.890000,19.690001,14.750000,19.610001,19.610001,1854200
2019-08-02,19.990000,24.500000,19.760000,24.400000,24.400000,774000
2019-08-05,25.090000,25.480000,21.600000,23.000000,23.000000,700700
2019-08-06,23.500000,23.879999,21.500000,21.959999,21.959999,291900
2019-08-07,21.680000,22.500000,20.650000,21.330000,21.330000,115400
2019-08-08,21.750000,22.157000,19.120001,21.000000,21.000000,177200
2019-08-09,20.980000,20.980000,19.540001,20.500000,20.500000,137000
2019-08-12,20.600000,21.500000,20.549999,20.860001,20.860001,89000
2019-08-13,21.010000,21.400000,19.750000,20.480000,20.480000,113100
2019-08-14,20.090000,20.915001,19.799999,20.389999,20.389999,56500
2019-08-15,20.900000,21.350000,20.150000,20.740000,20.740000,80000
2019-08-16,21.219999,22.620001,21.100000,22.500000,22.500000,115400
2019-08-19,23.000000,26.290001,23.000000,26.150000,26.150000,365300
2019-08-20,26.200001,28.160000,25.520000,26.969999,26.969999,291200
2019-08-21,27.280001,27.730000,25.230000,26.680000,26.680000,244400
2019-08-22,26.680000,26.799999,22.459999,22.809999,22.809999,229300
2019-08-23,23.290001,24.260000,22.862000,23.639999,23.639999,124200
2019-08-26,23.719999,25.450001,23.719999,24.760000,24.760000,157500
2019-08-27,25.280001,25.500000,23.799999,24.860001,24.860001,117400
2019-08-28,25.500000,25.500000,23.020000,25.049999,25.049999,172500
2019-08-29,25.379999,25.400000,24.226999,25.150000,25.150000,135900
2019-08-30,25.500000,25.840000,24.983999,25.070000,25.070000,50300
2019-09-03,25.299999,25.429001,23.709999,24.129999,24.129999,182100
2019-09-04,24.049999,25.290001,24.000000,24.780001,24.780001,80900
2019-09-05,24.940001,25.500000,23.540001,24.320000,24.320000,136300
2019-09-06,24.350000,24.760000,23.271000,23.350000,23.350000,110700
2019-09-09,23.490000,24.040001,22.240000,22.459999,22.459999,195100
2019-09-10,22.190001,22.274000,20.500000,20.830000,20.830000,231100
2019-09-11,21.000000,21.900000,19.510000,20.170000,20.170000,247600
2019-09-12,20.250000,20.865000,20.180000,20.430000,20.430000,152900
2019-09-13,20.530001,20.900000,19.760000,19.760000,19.760000,113100
2019-09-16,19.940001,20.100000,18.290001,19.650000,19.650000,153000
2019-09-17,19.629999,21.290001,19.349001,20.920000,20.920000,145500
2019-09-18,20.920000,21.340000,20.061001,20.360001,20.360001,95300
2019-09-19,20.360001,20.990000,20.040001,20.129999,20.129999,106900
2019-09-20,20.180000,20.660000,19.299999,19.420000,19.420000,405800
2019-09-23,19.510000,19.980000,18.799999,18.910000,18.910000,79800
2019-09-24,18.860001,19.719999,18.607000,19.480000,19.480000,119700
2019-09-25,19.440001,19.913000,18.809999,19.219999,19.219999,96000
2019-09-26,19.160000,19.650000,18.670000,19.520000,19.520000,48700
2019-09-27,19.420000,19.690001,18.850000,19.170000,19.170000,42800
2019-09-30,19.309999,19.860001,19.045000,19.620001,19.620001,62800
2019-10-01,19.600000,19.980000,19.059999,19.240000,19.240000,83200
2019-10-02,19.150000,19.540001,18.750000,19.379999,19.379999,52800
2019-10-03,19.350000,19.350000,18.915001,19.219999,19.219999,65100
2019-10-04,19.240000,19.540001,18.830000,18.850000,18.850000,58100
2019-10-07,18.860001,19.180000,18.625000,18.860001,18.860001,132900
2019-10-08,18.740000,18.768999,17.865000,17.980000,17.980000,134500
2019-10-09,17.980000,18.200001,16.809999,17.290001,17.290001,96100
2019-10-10,17.280001,17.700001,16.990000,17.250000,17.250000,84300
2019-10-11,17.320000,18.549999,17.320000,18.230000,18.230000,51100
2019-10-14,18.150000,18.271000,17.760000,18.160000,18.160000,28300
2019-10-15,18.110001,18.520000,17.540001,18.160000,18.160000,47700
2019-10-16,18.110001,18.230000,17.350000,17.420000,17.420000,33400
2019-10-17,17.410000,17.610001,17.230000,17.610001,17.610001,69400
2019-10-18,17.469999,17.698999,17.299999,17.370001,17.370001,19600
2019-10-21,17.280001,17.481001,16.799999,16.799999,16.799999,32600
2019-10-22,16.809999,17.379000,16.540001,17.190001,17.190001,57700
2019-10-23,17.070000,17.290001,16.990000,17.070000,17.070000,33000
2019-10-24,17.139999,18.139999,17.052000,17.910000,17.910000,34300
2019-10-25,17.910000,18.600000,17.910000,18.290001,18.290001,61400
2019-10-28,18.253000,19.170000,18.200001,18.830000,18.830000,60200
2019-10-29,18.830000,18.830000,18.301001,18.420000,18.420000,85400
2019-10-30,18.459999,18.959999,18.260000,18.730000,18.730000,29300
2019-10-31,18.750000,18.860001,18.299999,18.450001,18.450001,29200
2019-11-01,18.590000,19.079000,18.559999,18.580000,18.580000,54600
2019-11-04,18.700001,19.219999,18.700001,19.100000,19.100000,47200
2019-11-05,19.500000,19.700001,18.787001,19.490000,19.490000,63900
2019-11-06,19.650000,19.650000,18.950001,18.950001,18.950001,30900
2019-11-07,19.790001,20.650000,19.093000,20.120001,20.120001,129800
2019-11-08,20.219999,20.920000,20.061001,20.840000,20.840000,41800
2019-11-11,20.820000,21.940001,20.365000,21.840000,21.840000,44000
2019-11-12,21.840000,22.750000,21.600000,22.600000,22.600000,64900
2019-11-13,22.850000,25.195000,22.850000,24.940001,24.940001,175100
2019-11-14,24.940001,24.940001,24.049999,24.760000,24.760000,48900
2019-11-15,24.700001,24.700001,24.219999,24.350000,24.350000,43300
2019-11-18,24.010000,24.299999,22.775000,22.990000,22.990000,54700
2019-11-19,22.959999,23.198000,21.940001,22.270000,22.270000,50100
2019-11-20,21.719999,22.350000,21.719999,22.250000,22.250000,44500
2019-11-21,22.370001,23.320000,22.370001,23.309999,23.309999,43200
2019-11-22,23.400000,23.677999,23.309999,23.639999,23.639999,28200
2019-11-25,23.700001,25.000000,23.700001,24.770000,24.770000,62400
2019-11-26,24.780001,25.150000,24.540001,24.719999,24.719999,104300
2019-11-27,24.790001,25.240000,24.612000,25.090000,25.090000,49300
2019-11-29,25.059999,26.000000,24.900000,25.940001,25.940001,46900
2019-12-02,26.000000,26.240000,24.030001,24.870001,24.870001,78500
2019-12-03,24.540001,25.910000,24.100000,25.219999,25.219999,67000
2019-12-04,25.219999,25.490000,24.040001,24.600000,24.600000,67900
2019-12-05,24.700001,25.219999,24.100000,25.120001,25.120001,61300
2019-12-06,25.190001,26.190001,25.160000,25.639999,25.639999,41400
2019-12-09,25.980000,25.980000,25.000000,25.090000,25.090000,29400
2019-12-10,25.090000,25.500000,24.146000,25.139999,25.139999,41200
2019-12-11,25.200001,25.379999,24.730000,25.120001,25.120001,33000
2019-12-12,25.120001,25.549999,24.200001,24.790001,24.790001,54200
2019-12-13,24.840000,25.975000,24.700001,25.610001,25.610001,28800
2019-12-16,25.760000,26.180000,25.570000,25.889999,25.889999,34000
2019-12-17,25.820000,25.910000,24.110001,25.040001,25.040001,71700
2019-12-18,25.020000,25.830000,24.740000,25.540001,25.540001,75300
2019-12-19,25.520000,26.809999,25.020000,26.620001,26.620001,49700
2019-12-20,26.610001,27.299999,25.995001,27.080000,27.080000,55800
2019-12-23,27.000000,28.503000,26.400000,28.320000,28.320000,78000
2019-12-24,28.330000,28.799999,27.799999,28.760000,28.760000,60600
2019-12-26,28.700001,28.700001,28.000000,28.070000,28.070000,40100
2019-12-27,28.110001,28.110001,26.783001,27.070000,27.070000,81800
2019-12-30,26.959999,27.809999,25.950001,26.309999,26.309999,69700
2019-12-31,26.200001,26.440001,25.240000,25.450001,25.450001,49000
2020-01-02,25.690001,27.340000,25.549999,27.110001,27.110001,57800
2020-01-03,26.719999,27.270000,26.120001,26.490000,26.490000,56800
2020-01-06,26.070000,28.035000,26.070000,27.830000,27.830000,51000
2020-01-07,27.990000,28.350000,27.299999,27.860001,27.860001,71000
2020-01-08,27.860001,28.790001,27.030001,28.780001,28.780001,78500
2020-01-09,27.000000,27.257999,23.631001,25.620001,25.620001,345700
2020-01-10,25.719999,25.719999,24.320000,24.900000,24.900000,145200
2020-01-13,24.930000,25.219999,24.010000,24.270000,24.270000,93000
2020-01-14,24.490000,24.490000,23.422001,23.940001,23.940001,111200
2020-01-15,23.950001,23.959999,23.379999,23.459999,23.459999,53900
2020-01-16,23.580000,24.028999,23.330000,23.809999,23.809999,45500
2020-01-17,23.959999,24.250000,23.290001,24.240000,24.240000,65900
2020-01-21,24.240000,24.850000,23.309999,23.420000,23.420000,63200
2020-01-22,23.500000,23.938000,22.270000,22.760000,22.760000,68700
2020-01-23,22.740000,23.420000,22.700001,22.959999,22.959999,48800
2020-01-24,23.080000,23.462999,22.600000,23.100000,23.100000,57700
2020-01-27,23.030001,23.650000,22.650000,23.480000,23.480000,67300
2020-01-28,23.600000,24.400000,23.600000,24.040001,24.040001,24400
2020-01-29,24.049999,24.353001,22.688000,23.020000,23.020000,84200
2020-01-30,23.129999,23.540001,22.150000,22.750000,22.750000,73500
2020-01-31,22.820000,23.000000,22.105000,22.520000,22.520000,50800
2020-02-03,22.830000,23.350000,22.620001,22.959999,22.959999,72700
2020-02-04,23.090000,23.469999,22.540001,22.940001,22.940001,82300
2020-02-05,23.110001,23.680000,22.799999,23.469999,23.469999,53500
2020-02-06,23.450001,23.715000,22.379999,22.709999,22.709999,121500
2020-02-07,22.799999,23.030001,22.309999,22.879999,22.879999,76900
2020-02-10,22.809999,23.370001,22.520000,22.770000,22.770000,46800
2020-02-11,22.730000,23.388000,22.520000,22.770000,22.770000,97500
2020-02-12,22.799999,23.350000,22.530001,22.620001,22.620001,95800
2020-02-13,22.639999,23.250000,22.639999,22.700001,22.700001,60000
2020-02-14,22.639999,23.000000,21.600000,22.120001,22.120001,128900
2020-02-18,22.270000,23.049999,22.270000,22.590000,22.590000,60000
2020-02-19,22.610001,23.400000,22.309999,23.299999,23.299999,78100
2020-02-20,23.010000,24.849001,23.010000,24.730000,24.730000,96100
2020-02-21,24.730000,25.190001,23.784000,24.309999,24.309999,88300
2020-02-24,23.809999,23.809999,22.520000,22.780001,22.780001,62700
2020-02-25,22.920000,23.139999,22.500000,22.590000,22.590000,56200
2020-02-26,22.549999,22.639999,21.530001,21.680000,21.680000,78300
2020-02-27,21.520000,21.673000,20.590000,20.590000,20.590000,101400
2020-02-28,20.520000,20.559999,18.295000,18.610001,18.610001,297700
2020-03-02,18.760000,19.575001,18.379999,18.700001,18.700001,170600
2020-03-03,18.700001,18.959999,17.030001,17.570000,17.570000,130900
2020-03-04,17.760000,18.129999,17.299999,17.670000,17.670000,103400
2020-03-05,17.559999,17.559999,15.900000,15.950000,15.950000,115300
2020-03-06,15.520000,16.396999,15.310000,15.390000,15.390000,90500
2020-03-09,14.390000,14.489000,13.670000,14.020000,14.020000,161600
2020-03-10,14.490000,15.310000,14.000000,15.140000,15.140000,122800
2020-03-11,15.000000,15.000000,13.520000,13.810000,13.810000,117900
2020-03-12,13.290000,13.430000,12.520000,12.520000,12.520000,218000
2020-03-13,13.240000,13.360000,11.520000,12.350000,12.350000,143500
2020-03-16,11.520000,11.870000,10.030000,10.240000,10.240000,197500
2020-03-17,10.470000,10.490000,8.390000,8.520000,8.520000,197200
2020-03-18,8.090000,8.340000,5.130000,5.280000,5.280000,207700
2020-03-19,5.420000,7.150000,5.070000,6.450000,6.450000,297700
2020-03-20,6.530000,8.430000,6.530000,8.060000,8.060000,234200
2020-03-23,8.040000,9.920000,7.600000,9.600000,9.600000,149900
2020-03-24,10.310000,11.100000,9.950000,10.960000,10.960000,115200
2020-03-25,11.210000,13.490000,10.110000,13.190000,13.190000,149200
2020-03-26,12.970000,15.870000,12.345000,14.490000,14.490000,256600
2020-03-27,13.920000,15.110000,11.080000,11.470000,11.470000,191600
2020-03-30,11.490000,11.490000,10.140000,10.910000,10.910000,95600
2020-03-31,11.400000,12.880000,10.941000,11.960000,11.960000,87500
2020-04-01,11.200000,11.950000,10.025000,10.410000,10.410000,162000
2020-04-02,10.420000,10.930000,9.870000,10.020000,10.020000,88300
2020-04-03,9.930000,9.930000,8.600000,8.610000,8.610000,91800
2020-04-06,9.260000,10.235000,9.190000,9.730000,9.730000,91800
2020-04-07,10.500000,11.260000,9.866000,10.300000,10.300000,141400
2020-04-08,10.510000,11.579000,9.960000,11.060000,11.060000,176400
2020-04-09,11.490000,12.260000,11.330000,12.180000,12.180000,75000
2020-04-13,12.160000,12.181000,11.160000,12.070000,12.070000,87000
2020-04-14,12.580000,14.330000,11.800000,14.130000,14.130000,221600
2020-04-15,13.260000,13.335000,11.520000,11.990000,11.990000,213400
2020-04-16,12.100000,12.342000,9.850000,10.110000,10.110000,217200
2020-04-17,10.780000,11.300000,10.500000,10.600000,10.600000,240400
2020-04-20,10.810000,11.500000,10.250000,10.290000,10.290000,129300
2020-04-21,10.030000,10.346000,9.660000,9.830000,9.830000,125000
2020-04-22,10.190000,10.870000,10.000000,10.510000,10.510000,72800
2020-04-23,10.880000,11.290000,10.120000,11.120000,11.120000,132400
2020-04-24,11.330000,11.330000,10.382000,10.620000,10.620000,71700
2020-04-27,11.980000,13.450000,10.590000,12.815000,12.815000,217600
2020-04-28,12.810000,14.920000,12.810000,14.550000,14.550000,193000
2020-04-29,14.940000,17.000000,14.940000,16.990000,16.990000,215200
2020-04-30,16.490000,17.110001,15.310000,16.830000,16.830000,248200
2020-05-01,15.730000,16.549999,15.470000,16.250000,16.250000,135600
2020-05-04,15.560000,16.250000,14.160000,16.139999,16.139999,170300
2020-05-05,16.350000,16.500000,15.910000,16.180000,16.180000,93300
2020-05-06,16.170000,16.170000,14.900000,15.060000,15.060000,71500
2020-05-07,15.260000,15.780000,14.710000,14.780000,14.780000,88500
2020-05-08,15.130000,16.299999,15.100000,16.150000,16.150000,46000
2020-05-11,15.900000,17.580000,15.628000,17.360001,17.360001,73800
2020-05-12,17.400000,17.927000,15.510000,15.620000,15.620000,107500
2020-05-13,15.560000,16.200001,14.140000,14.780000,14.780000,64600
2020-05-14,14.180000,14.970000,13.010000,13.425000,13.425000,102100
2020-05-15,13.350000,15.239000,13.350000,14.960000,14.960000,54300
2020-05-18,15.820000,16.480000,15.040000,15.740000,15.740000,90200
2020-05-19,15.850000,16.900000,15.050000,15.880000,15.880000,79900
2020-05-20,16.360001,16.639999,15.390000,15.510000,15.510000,55800
2020-05-21,15.510000,15.772000,14.895000,15.230000,15.230000,31000
2020-05-22,15.620000,15.620000,14.650000,14.940000,14.940000,62100
2020-05-26,15.720000,16.188000,14.830000,15.310000,15.310000,97300
2020-05-27,15.760000,15.870000,14.830000,15.740000,15.740000,89100
2020-05-28,16.000000,16.000000,14.800000,14.940000,14.940000,69600
2020-05-29,14.810000,15.000000,14.180000,14.590000,14.590000,58600
2020-06-01,14.420000,15.000000,14.380000,14.390000,14.390000,68400
2020-06-02,14.540000,14.990000,14.214000,14.590000,14.590000,48200
2020-06-03,14.820000,15.770000,14.754000,15.350000,15.350000,75100
2020-06-04,15.410000,16.400000,15.410000,16.240000,16.240000,72400
2020-06-05,16.959999,19.879999,16.650000,19.219999,19.219999,160700
2020-06-08,19.219999,19.219999,17.330000,17.879999,17.879999,101100
2020-06-09,17.500000,17.820000,16.840000,17.299999,17.299999,45500
2020-06-10,17.299999,17.870001,15.680000,16.100000,16.100000,63000
2020-06-11,15.690000,15.950000,14.470000,14.470000,14.470000,269400
2020-06-12,15.910000,16.459999,15.010000,16.070000,16.070000,89700
2020-06-15,15.310000,16.980000,14.893000,16.600000,16.600000,71900
2020-06-16,18.150000,18.150000,16.570000,17.090000,17.090000,61300
2020-06-17,16.959999,17.267000,16.000000,16.299999,16.299999,36200
2020-06-18,15.980000,16.639999,15.980000,16.500000,16.500000,32300
2020-06-19,16.700001,16.750000,15.700000,16.010000,16.010000,45800
2020-06-22,15.740000,15.970000,15.480000,15.500000,15.500000,42200
2020-06-23,15.770000,15.980000,15.680000,15.750000,15.750000,37100
2020-06-24,15.600000,15.746000,14.965000,15.520000,15.520000,57800
2020-06-25,15.200000,15.810000,14.990000,15.810000,15.810000,70300
2020-06-26,15.520000,15.602000,14.000000,14.020000,14.020000,168200
2020-06-29,14.130000,14.600000,13.690000,13.870000,13.870000,61900
2020-06-30,13.870000,14.760000,13.700000,14.280000,14.280000,46000
2020-07-01,14.280000,14.950000,13.800000,14.270000,14.270000,68700
2020-07-02,14.720000,14.745000,13.560000,13.610000,13.610000,48200
2020-07-06,14.120000,14.930000,13.846000,14.490000,14.490000,45600
2020-07-07,14.260000,14.620000,13.170000,13.390000,13.390000,65900
2020-07-08,13.390000,13.905000,13.220000,13.690000,13.690000,48600
2020-07-09,13.640000,13.800000,12.700000,12.890000,12.890000,75300
2020-07-10,12.600000,12.687000,12.050000,12.100000,12.100000,101500
2020-07-13,12.200000,12.730000,11.980000,12.000000,12.000000,88500
2020-07-14,11.980000,12.114000,10.680000,11.100000,11.100000,185100
2020-07-15,10.690000,12.750000,10.670000,12.580000,12.580000,180100
2020-07-16,12.300000,12.630000,12.020000,12.190000,12.190000,74700
2020-07-17,12.240000,12.580000,11.990000,12.170000,12.170000,57200
2020-07-20,12.160000,12.352000,11.620000,11.650000,11.650000,53100
2020-07-21,11.770000,12.100000,11.380000,11.510000,11.510000,67000
2020-07-22,11.490000,11.620000,11.100000,11.220000,11.220000,54200
2020-07-23,11.200000,11.380000,10.910000,11.000000,11.000000,50900