Date,Open,High,Low,Close,Adj Close,Volume
2017-11-06,9.680000,9.680000,9.630000,9.630000,9.630000,32600
2017-11-07,9.630000,9.630000,9.630000,9.630000,9.630000,0
2017-11-08,9.600000,9.650000,9.600000,9.650000,9.650000,7000
2017-11-09,9.610000,9.610000,9.610000,9.610000,9.610000,340600
2017-11-10,9.620000,9.620000,9.600000,9.600000,9.600000,748300
2017-11-13,9.610000,9.610000,9.600000,9.600000,9.600000,129500
2017-11-14,9.600000,9.600000,9.600000,9.600000,9.600000,0
2017-11-15,9.610000,9.610000,9.610000,9.610000,9.610000,20000
2017-11-16,9.610000,9.610000,9.610000,9.610000,9.610000,5000
2017-11-17,9.610000,9.610000,9.610000,9.610000,9.610000,30000
2017-11-20,9.610000,9.610000,9.610000,9.610000,9.610000,6300
2017-11-21,9.650000,9.650000,9.650000,9.650000,9.650000,600
2017-11-22,9.650000,9.650000,9.650000,9.650000,9.650000,0
2017-11-24,9.650000,9.650000,9.650000,9.650000,9.650000,0
2017-11-27,9.650000,9.650000,9.650000,9.650000,9.650000,0
2017-11-28,9.650000,9.650000,9.650000,9.650000,9.650000,0
2017-11-29,9.650000,9.650000,9.650000,9.650000,9.650000,0
2017-11-30,9.620000,9.650000,9.620000,9.650000,9.650000,300
2017-12-01,9.650000,9.650000,9.650000,9.650000,9.650000,0
2017-12-04,9.600000,9.650000,9.600000,9.650000,9.650000,16900
2017-12-05,9.635000,9.650000,9.619000,9.650000,9.650000,2200
2017-12-06,9.650000,9.650000,9.630000,9.630000,9.630000,756400
2017-12-07,9.630000,9.630000,9.630000,9.630000,9.630000,620000
2017-12-08,9.660000,9.660000,9.660000,9.660000,9.660000,200
2017-12-11,9.610000,9.660000,9.590000,9.620000,9.620000,24400
2017-12-12,9.620000,9.620000,9.620000,9.620000,9.620000,0
2017-12-13,9.620000,9.620000,9.600000,9.600000,9.600000,17100
2017-12-14,9.600000,9.600000,9.600000,9.600000,9.600000,0
2017-12-15,9.650000,9.650000,9.620000,9.650000,9.650000,35900
2017-12-18,9.650000,9.650000,9.650000,9.650000,9.650000,0
2017-12-19,9.620000,9.630000,9.600000,9.610000,9.610000,20700
2017-12-20,9.620000,9.620000,9.620000,9.620000,9.620000,16300
2017-12-21,9.630000,9.630000,9.620000,9.620000,9.620000,5400
2017-12-22,9.620000,9.620000,9.620000,9.620000,9.620000,0
2017-12-26,9.620000,9.620000,9.620000,9.620000,9.620000,0
2017-12-27,9.650000,9.650000,9.590000,9.590000,9.590000,1900
2017-12-28,9.590000,9.590000,9.590000,9.590000,9.590000,0
2017-12-29,9.620000,9.650000,9.620000,9.650000,9.650000,5300
2018-01-02,9.630000,9.670000,9.630000,9.630000,9.630000,251200
2018-01-03,9.630000,9.630000,9.630000,9.630000,9.630000,87500
2018-01-04,9.670000,9.670000,9.630000,9.630000,9.630000,51600
2018-01-05,9.670000,9.670000,9.670000,9.670000,9.670000,1800
2018-01-08,9.670000,9.670000,9.630000,9.650000,9.650000,110800
2018-01-09,9.640000,9.640000,9.640000,9.640000,9.640000,600
2018-01-10,9.650000,9.670000,9.640000,9.640000,9.640000,153300
2018-01-11,9.670000,9.670000,9.630000,9.660000,9.660000,1490200
2018-01-12,9.670000,9.670000,9.620000,9.660000,9.660000,101000
2018-01-16,9.650000,9.650000,9.650000,9.650000,9.650000,300
2018-01-17,9.670000,9.670000,9.650000,9.650000,9.650000,30600
2018-01-18,9.650000,9.650000,9.650000,9.650000,9.650000,600
2018-01-19,9.670000,9.680000,9.660000,9.660000,9.660000,27700
2018-01-22,9.670000,9.670000,9.670000,9.670000,9.670000,3600
2018-01-23,9.670000,9.670000,9.670000,9.670000,9.670000,14100
2018-01-24,9.660000,9.660000,9.660000,9.660000,9.660000,200
2018-01-25,9.630000,9.630000,9.620000,9.620000,9.620000,87000
2018-01-26,9.640000,9.640000,9.640000,9.640000,9.640000,9200
2018-01-29,9.640000,9.640000,9.637000,9.640000,9.640000,49900
2018-01-30,9.640000,9.640000,9.640000,9.640000,9.640000,24000
2018-01-31,9.640000,9.640000,9.640000,9.640000,9.640000,260300
2018-02-01,9.670000,9.680000,9.670000,9.680000,9.680000,15500
2018-02-02,9.680000,9.690000,9.670000,9.690000,9.690000,87700
2018-02-05,9.690000,9.710000,9.690000,9.710000,9.710000,218200
2018-02-06,9.700000,9.720000,9.684000,9.700000,9.700000,1073600
2018-02-07,9.710000,9.710000,9.690000,9.690000,9.690000,162000
2018-02-08,9.700000,9.700000,9.700000,9.700000,9.700000,100
2018-02-09,9.680000,9.690000,9.650000,9.690000,9.690000,6400
2018-02-12,9.700000,9.700000,9.650000,9.650000,9.650000,1500
2018-02-13,9.650000,9.650000,9.650000,9.650000,9.650000,0
2018-02-14,9.700000,9.700000,9.689000,9.700000,9.700000,42700
2018-02-15,9.700000,9.740000,9.700000,9.730000,9.730000,487800
2018-02-16,9.710000,9.730000,9.700000,9.730000,9.730000,6300
2018-02-20,9.710000,9.730000,9.710000,9.730000,9.730000,3000
2018-02-21,9.720000,9.730000,9.710000,9.730000,9.730000,17300
2018-02-22,9.740000,9.740000,9.740000,9.740000,9.740000,300
2018-02-23,9.740000,9.740000,9.740000,9.740000,9.740000,0
2018-02-26,9.720000,9.750000,9.720000,9.750000,9.750000,926200
2018-02-27,9.740000,9.780000,9.650000,9.760000,9.760000,10800
2018-02-28,9.780000,9.780000,9.710000,9.760000,9.760000,800
2018-03-01,9.780000,9.780000,9.750000,9.750000,9.750000,500
2018-03-02,9.708000,9.770000,9.708000,9.770000,9.770000,2900
2018-03-05,9.770000,9.770000,9.770000,9.770000,9.770000,0
2018-03-06,9.780000,9.780000,9.750000,9.750000,9.750000,1300
2018-03-07,9.730000,9.770000,9.730000,9.770000,9.770000,520600
2018-03-08,9.770000,9.780000,9.770000,9.770000,9.770000,15700
2018-03-09,9.700000,9.700000,9.700000,9.700000,9.700000,200000
2018-03-12,9.700000,9.700000,9.700000,9.700000,9.700000,0
2018-03-13,9.770000,9.790000,9.770000,9.790000,9.790000,1400
2018-03-14,9.790000,9.790000,9.790000,9.790000,9.790000,0
2018-03-15,9.690000,9.790000,9.680000,9.790000,9.790000,105100
2018-03-16,9.790000,9.790000,9.790000,9.790000,9.790000,0
2018-03-19,9.700000,9.770000,9.700000,9.760000,9.760000,72300
2018-03-20,9.790000,9.790000,9.760000,9.790000,9.790000,1000
2018-03-21,9.790000,9.790000,9.790000,9.790000,9.790000,0
2018-03-22,9.650000,9.780000,9.650000,9.780000,9.780000,2100
2018-03-23,9.780000,9.780000,9.780000,9.780000,9.780000,0
2018-03-26,9.800000,9.800000,9.720000,9.750000,9.750000,251900
2018-03-27,9.770000,9.800000,9.730000,9.780000,9.780000,320400
2018-03-28,9.780000,9.780000,9.780000,9.780000,9.780000,0
2018-03-29,9.800000,9.800000,9.730000,9.740000,9.740000,1000
2018-04-02,9.740000,9.740000,9.740000,9.740000,9.740000,0
2018-04-03,9.820000,9.820000,9.740000,9.750000,9.750000,2800
2018-04-04,9.700000,9.700000,9.700000,9.700000,9.700000,3900
2018-04-05,9.820000,9.820000,9.700000,9.700000,9.700000,5300
2018-04-06,9.700000,9.790000,9.700000,9.790000,9.790000,2300
2018-04-09,9.790000,9.790000,9.790000,9.790000,9.790000,0
2018-04-10,9.790000,9.790000,9.790000,9.790000,9.790000,0
2018-04-11,9.700000,9.800000,9.700000,9.800000,9.800000,400
2018-04-12,9.750000,9.750000,9.710000,9.740000,9.740000,79600
2018-04-13,9.770000,9.810000,9.750000,9.810000,9.810000,400
2018-04-16,9.820000,9.820000,9.770000,9.770000,9.770000,5700
2018-04-17,9.770000,9.770000,9.770000,9.770000,9.770000,0
2018-04-18,9.770000,9.770000,9.770000,9.770000,9.770000,0
2018-04-19,9.770000,9.770000,9.770000,9.770000,9.770000,0
2018-04-20,9.770000,9.770000,9.770000,9.770000,9.770000,0
2018-04-23,9.770000,9.770000,9.770000,9.770000,9.770000,0
2018-04-24,9.770000,9.770000,9.770000,9.770000,9.770000,0
2018-04-25,9.720000,9.720000,9.720000,9.720000,9.720000,1400
2018-04-26,9.720000,9.720000,9.720000,9.720000,9.720000,0
2018-04-27,9.720000,9.720000,9.720000,9.720000,9.720000,0
2018-04-30,9.750000,9.750000,9.750000,9.750000,9.750000,77300
2018-05-01,9.750000,9.750000,9.750000,9.750000,9.750000,0
2018-05-02,9.750000,9.750000,9.750000,9.750000,9.750000,0
2018-05-03,9.750000,9.750000,9.750000,9.750000,9.750000,0
2018-05-04,9.750000,9.750000,9.750000,9.750000,9.750000,0
2018-05-07,9.721000,9.721000,9.720000,9.720000,9.720000,200
2018-05-08,9.740000,9.780000,9.720000,9.740000,9.740000,150200
2018-05-09,9.740000,9.780000,9.740000,9.780000,9.780000,103800
2018-05-10,9.740000,9.740000,9.740000,9.740000,9.740000,100000
2018-05-11,9.740000,9.740000,9.740000,9.740000,9.740000,0
2018-05-14,9.780000,9.790000,9.780000,9.790000,9.790000,800
2018-05-15,9.740000,9.740000,9.740000,9.740000,9.740000,178600
2018-05-16,9.790000,9.790000,9.780000,9.785000,9.785000,4000
2018-05-17,9.785000,9.785000,9.785000,9.785000,9.785000,0
2018-05-18,9.785000,9.785000,9.785000,9.785000,9.785000,0
2018-05-21,9.785000,9.785000,9.785000,9.785000,9.785000,0
2018-05-22,9.780000,9.820000,9.780000,9.800000,9.800000,18100
2018-05-23,9.800000,9.800000,9.800000,9.800000,9.800000,0
2018-05-24,9.830000,9.870000,9.800000,9.840000,9.840000,317400
2018-05-25,9.860000,9.860000,9.830000,9.830000,9.830000,19200
2018-05-29,9.830000,9.830000,9.820000,9.820000,9.820000,45900
2018-05-30,9.820000,9.820000,9.820000,9.820000,9.820000,600
2018-05-31,9.830000,9.836000,9.820000,9.820000,9.820000,22300
2018-06-01,9.860000,9.860000,9.830000,9.850000,9.850000,26600
2018-06-04,9.850000,9.850000,9.850000,9.850000,9.850000,0
2018-06-05,9.850000,9.850000,9.850000,9.850000,9.850000,0
2018-06-06,9.850000,9.850000,9.850000,9.850000,9.850000,100
2018-06-07,9.850000,9.850000,9.850000,9.850000,9.850000,0
2018-06-08,9.850000,9.850000,9.850000,9.850000,9.850000,0
2018-06-11,9.870000,9.890000,9.850000,9.890000,9.890000,107200
2018-06-12,9.900000,9.900000,9.875000,9.900000,9.900000,5500
2018-06-13,9.900000,9.900000,9.870000,9.870000,9.870000,4300
2018-06-14,9.900000,9.900000,9.890000,9.890000,9.890000,265600
2018-06-15,9.860000,9.900000,9.860000,9.900000,9.900000,201500
2018-06-18,9.890000,9.900000,9.890000,9.900000,9.900000,500
2018-06-19,9.890000,9.900000,9.890000,9.900000,9.900000,700
2018-06-20,9.910000,9.910000,9.900000,9.910000,9.910000,1900
2018-06-21,9.890000,9.920000,9.890000,9.920000,9.920000,3400
2018-06-22,9.890000,9.920000,9.890000,9.920000,9.920000,2200
2018-06-25,9.880000,9.890000,9.860000,9.890000,9.890000,30500
2018-06-26,9.860000,9.890000,9.850000,9.890000,9.890000,19900
2018-06-27,9.890000,9.890000,9.890000,9.890000,9.890000,300
2018-06-28,9.870000,9.870000,9.870000,9.870000,9.870000,11600
2018-06-29,9.860000,9.890000,9.850000,9.890000,9.890000,35900
2018-07-02,9.890000,9.890000,9.890000,9.890000,9.890000,0
2018-07-03,9.890000,9.890000,9.850000,9.890000,9.890000,53200
2018-07-05,9.890000,9.890000,9.890000,9.890000,9.890000,700
2018-07-06,9.870000,9.880000,9.870000,9.880000,9.880000,3000
2018-07-09,9.880000,9.880000,9.880000,9.880000,9.880000,0
2018-07-10,9.880000,9.880000,9.880000,9.880000,9.880000,0
2018-07-11,9.880000,9.880000,9.880000,9.880000,9.880000,0
2018-07-12,9.880000,9.880000,9.880000,9.880000,9.880000,0
2018-07-13,9.880000,9.880000,9.880000,9.880000,9.880000,0
2018-07-16,9.880000,9.880000,9.880000,9.880000,9.880000,0
2018-07-17,9.880000,9.880000,9.880000,9.880000,9.880000,100
2018-07-18,9.875000,9.880000,9.875000,9.880000,9.880000,29100
2018-07-19,9.880000,9.880000,9.880000,9.880000,9.880000,13000
2018-07-20,9.860000,9.900000,9.860000,9.900000,9.900000,175000
2018-07-23,9.900000,9.900000,9.895000,9.895000,9.895000,6100
2018-07-24,9.890000,11.000000,9.890000,10.090000,10.090000,16600
2018-07-25,9.950000,10.070000,9.950000,10.030000,10.030000,16600
2018-07-26,10.030000,10.030000,9.950000,9.950000,9.950000,755500
2018-07-27,9.950000,9.950000,9.950000,9.950000,9.950000,8500
2018-07-30,9.990000,9.990000,9.950000,9.950000,9.950000,6800
2018-07-31,9.950000,9.955000,9.930000,9.950000,9.950000,351100
2018-08-01,9.960000,9.960000,9.960000,9.960000,9.960000,4600
2018-08-02,9.950000,9.970000,9.950000,9.950000,9.950000,5300
2018-08-03,10.015000,10.015000,9.950000,9.950000,9.950000,20900
2018-08-06,9.960000,9.965000,9.930000,9.950000,9.950000,182300
2018-08-07,9.950000,9.960000,9.940000,9.940000,9.940000,22600
2018-08-08,9.940000,9.940000,9.940000,9.940000,9.940000,1200
2018-08-09,9.950000,9.950000,9.940000,9.940000,9.940000,1100
2018-08-10,9.940000,9.940000,9.920000,9.940000,9.940000,1500
2018-08-13,9.930000,9.930000,9.850000,9.930000,9.930000,9000
2018-08-14,9.900000,9.970000,9.900000,9.970000,9.970000,1100
2018-08-15,9.970000,9.970000,9.970000,9.970000,9.970000,0
2018-08-16,9.970000,9.970000,9.970000,9.970000,9.970000,0
2018-08-17,9.970000,9.970000,9.970000,9.970000,9.970000,100
2018-08-20,9.970000,9.970000,9.960000,9.960000,9.960000,2100
2018-08-21,9.960000,9.960000,9.960000,9.960000,9.960000,0
2018-08-22,9.960000,9.960000,9.960000,9.960000,9.960000,0
2018-08-23,9.980000,9.980000,9.950000,9.950000,9.950000,13500
2018-08-24,9.970000,9.970000,9.970000,9.970000,9.970000,500
2018-08-27,9.970000,9.970000,9.970000,9.970000,9.970000,900
2018-08-28,9.970000,9.970000,9.970000,9.970000,9.970000,0
2018-08-29,9.970000,9.970000,9.970000,9.970000,9.970000,0
2018-08-30,9.970000,9.993000,9.970000,9.990000,9.990000,6500
2018-08-31,9.990000,9.990000,9.990000,9.990000,9.990000,2000
2018-09-04,9.990000,10.000000,9.990000,9.990000,9.990000,28900
2018-09-05,9.990000,9.990000,9.990000,9.990000,9.990000,25200
2018-09-06,9.990000,9.990000,9.990000,9.990000,9.990000,0
2018-09-07,9.990000,9.990000,9.990000,9.990000,9.990000,0
2018-09-10,10.070000,10.070000,10.070000,10.070000,10.070000,500
2018-09-11,10.020000,10.070000,10.000000,10.050000,10.050000,5600
2018-09-12,10.000000,10.050000,9.905000,10.050000,10.050000,7000
2018-09-13,10.050000,10.050000,10.050000,10.050000,10.050000,1000
2018-09-14,10.030000,10.030000,10.030000,10.030000,10.030000,900
2018-09-17,9.920000,10.050000,9.920000,10.050000,10.050000,200
2018-09-18,9.990000,10.050000,9.990000,10.040000,10.040000,1200
2018-09-19,10.070000,11.000000,10.070000,11.000000,11.000000,3800
2018-09-20,10.050000,10.050000,10.030000,10.050000,10.050000,2900
2018-09-21,10.080000,10.080000,9.910000,9.910000,9.910000,3500
2018-09-24,10.010000,10.230000,9.900000,9.950000,9.950000,7200
2018-09-25,10.100000,10.890000,9.950000,9.950000,9.950000,1200
2018-09-26,10.080000,10.080000,10.070000,10.070000,10.070000,200
2018-09-27,10.050000,10.050000,10.030000,10.050000,10.050000,3300
2018-09-28,10.060000,10.080000,10.060000,10.080000,10.080000,700
2018-10-01,10.080000,10.080000,10.080000,10.080000,10.080000,0
2018-10-02,10.080000,10.080000,10.080000,10.080000,10.080000,0
2018-10-03,10.050000,10.100000,9.920000,10.100000,10.100000,155900
2018-10-04,10.070000,10.100000,10.070000,10.100000,10.100000,253300
2018-10-05,10.100000,10.100000,10.100000,10.100000,10.100000,0
2018-10-08,10.100000,10.100000,10.100000,10.100000,10.100000,0
2018-10-09,10.100000,10.100000,10.100000,10.100000,10.100000,0
2018-10-10,10.070000,10.070000,10.040000,10.070000,10.070000,94800
2018-10-11,10.070000,10.070000,10.070000,10.070000,10.070000,4900
2018-10-12,10.050000,10.070000,10.050000,10.070000,10.070000,400
2018-10-15,10.070000,10.070000,10.050000,10.050000,10.050000,2400
2018-10-16,10.100000,10.100000,10.050000,10.070000,10.070000,500
2018-10-17,10.050000,10.085000,10.050000,10.050000,10.050000,1500
2018-10-18,10.040000,10.080000,10.040000,10.080000,10.080000,157500
2018-10-19,10.080000,10.088000,10.060000,10.080000,10.080000,9500
2018-10-22,10.080000,10.080000,10.080000,10.080000,10.080000,6800
2018-10-23,10.080000,10.080000,10.080000,10.080000,10.080000,0
2018-10-24,10.060000,10.060000,10.060000,10.060000,10.060000,1500
2018-10-25,10.080000,10.100000,10.070000,10.080000,10.080000,12200
2018-10-26,10.070000,10.080000,10.070000,10.080000,10.080000,2200
2018-10-29,10.050000,10.050000,10.030000,10.030000,10.030000,27300
2018-10-30,10.030000,10.030000,10.030000,10.030000,10.030000,5600
2018-10-31,10.080000,10.080000,9.990000,10.030000,10.030000,1444000
2018-11-01,10.050000,10.070000,10.050000,10.070000,10.070000,200
2018-11-02,10.070000,10.070000,10.070000,10.070000,10.070000,0
2018-11-05,10.070000,10.070000,10.070000,10.070000,10.070000,0
2018-11-06,10.070000,10.090000,10.070000,10.090000,10.090000,200
2018-11-07,10.070000,10.080000,10.050000,10.053000,10.053000,2329800
2018-11-08,10.060000,10.080000,10.050000,10.070000,10.070000,79600
2018-11-09,10.060000,10.070000,10.060000,10.070000,10.070000,139100
2018-11-12,10.047000,10.100000,10.040000,10.040000,10.040000,230600
2018-11-13,10.040000,10.050000,9.900000,9.900000,9.900000,4200
2018-11-14,10.100000,10.100000,10.100000,10.100000,10.100000,1300
2018-11-15,10.070000,10.070000,10.070000,10.070000,10.070000,60200
2018-11-16,10.060000,10.070000,10.060000,10.070000,10.070000,4300
2018-11-19,10.070000,10.070000,10.070000,10.070000,10.070000,0
2018-11-20,10.070000,10.070000,10.070000,10.070000,10.070000,0
2018-11-21,10.070000,10.070000,10.060000,10.060000,10.060000,10200
2018-11-23,10.060000,10.060000,10.060000,10.060000,10.060000,0
2018-11-26,10.071000,10.071000,9.900000,9.900000,9.900000,33100
2018-11-27,10.060000,10.070000,10.060000,10.070000,10.070000,15600
2018-11-28,10.100000,10.100000,10.060000,10.060000,10.060000,1200
2018-11-29,10.100000,10.100000,10.080000,10.080000,10.080000,2300
2018-11-30,10.110000,10.110000,10.090000,10.100000,10.100000,3200
2018-12-03,10.060000,10.120000,10.050000,10.080000,10.080000,67100
2018-12-04,10.080000,10.080000,10.080000,10.080000,10.080000,100
2018-12-06,10.080000,10.080000,10.080000,10.080000,10.080000,0
2018-12-07,10.080000,10.080000,10.080000,10.080000,10.080000,0
2018-12-10,10.020000,10.060000,10.020000,10.060000,10.060000,4500
2018-12-11,10.065000,10.065000,10.065000,10.065000,10.065000,100
2018-12-12,10.120000,10.120000,10.060000,10.060000,10.060000,247100
2018-12-13,10.053000,10.148000,10.053000,10.148000,10.148000,1300
2018-12-14,10.090000,10.150000,10.070000,10.130000,10.130000,68700
2018-12-17,10.100000,10.110000,10.030000,10.110000,10.110000,108200
2018-12-18,10.080000,10.110000,10.070000,10.100000,10.100000,126800
2018-12-19,10.120000,10.120000,10.080000,10.080000,10.080000,1600
2018-12-20,10.100000,10.140000,10.050000,10.140000,10.140000,25500
2018-12-21,10.133000,10.140000,9.850000,9.970000,9.970000,58000
2018-12-24,10.150000,10.150000,10.050000,10.050000,10.050000,700
2018-12-26,10.140000,10.140000,10.050000,10.050000,10.050000,300
2018-12-27,10.120000,10.140000,10.050000,10.110000,10.110000,241800
2018-12-28,10.110000,10.110000,10.110000,10.110000,10.110000,65000
2018-12-31,10.130000,10.130000,10.060000,10.100000,10.100000,13200
2019-01-02,10.125000,10.140000,10.120000,10.135000,10.135000,5600
2019-01-03,10.130000,10.170000,10.130000,10.150000,10.150000,208400
2019-01-04,10.130000,10.150000,10.110000,10.150000,10.150000,2400
2019-01-07,10.110000,10.110000,10.110000,10.110000,10.110000,100
2019-01-08,10.110000,10.120000,10.110000,10.120000,10.120000,7200
2019-01-09,10.130000,10.180000,10.110000,10.180000,10.180000,22500
2019-01-10,10.110000,10.110000,10.110000,10.110000,10.110000,200
2019-01-11,10.180000,10.190000,10.110000,10.110000,10.110000,10600
2019-01-14,10.120000,10.200000,10.120000,10.130000,10.130000,1200
2019-01-15,10.180000,10.200000,10.180000,10.200000,10.200000,800
2019-01-16,10.200000,10.210000,10.155000,10.170000,10.170000,11700
2019-01-17,10.200000,10.200000,10.200000,10.200000,10.200000,1200
2019-01-18,10.200000,10.200000,10.200000,10.200000,10.200000,100
2019-01-22,10.170000,10.220000,10.170000,10.220000,10.220000,251400
2019-01-23,10.220000,10.220000,10.220000,10.220000,10.220000,250000
2019-01-24,10.230000,10.230000,10.230000,10.230000,10.230000,100
2019-01-25,10.230000,10.230000,10.230000,10.230000,10.230000,5000
2019-01-28,10.230000,10.230000,10.225000,10.225000,10.225000,375200
2019-01-29,10.225000,10.225000,10.225000,10.225000,10.225000,0
2019-01-30,10.230000,10.230000,10.220000,10.220000,10.220000,25100
2019-01-31,10.220000,10.230000,10.220000,10.220000,10.220000,136600
2019-02-01,10.230000,10.250000,10.220000,10.230000,10.230000,129800
2019-02-04,10.270000,10.270000,10.220000,10.220000,10.220000,400
2019-02-05,10.220000,10.220000,10.220000,10.220000,10.220000,0
2019-02-06,10.250000,10.280000,10.250000,10.280000,10.280000,9700
2019-02-07,10.280000,10.280000,10.280000,10.280000,10.280000,0
2019-02-08,10.280000,10.280000,10.280000,10.280000,10.280000,100
2019-02-11,10.263000,10.270000,10.250000,10.252000,10.252000,2300
2019-02-12,10.270000,10.270000,10.245000,10.245000,10.245000,2800
2019-02-13,10.245000,10.245000,10.245000,10.245000,10.245000,0
2019-02-14,10.245000,10.245000,10.245000,10.245000,10.245000,0
2019-02-15,10.270000,10.270000,10.260000,10.270000,10.270000,11500
2019-02-19,10.260000,10.260000,10.260000,10.260000,10.260000,500
2019-02-20,10.240000,10.250000,10.240000,10.245000,10.245000,11400
2019-02-21,10.245000,10.245000,10.245000,10.245000,10.245000,100
2019-02-22,10.245000,10.245000,10.245000,10.245000,10.245000,0
2019-02-25,10.245000,10.245000,10.245000,10.245000,10.245000,0
2019-02-26,10.240000,10.240000,10.240000,10.240000,10.240000,25000
2019-02-27,10.240000,10.240000,10.240000,10.240000,10.240000,1000
2019-02-28,10.240000,10.240000,10.240000,10.240000,10.240000,100
2019-03-01,10.240000,10.240000,10.240000,10.240000,10.240000,100
2019-03-04,10.240000,10.240000,10.240000,10.240000,10.240000,100
2019-03-05,10.240000,10.240000,10.240000,10.240000,10.240000,100
2019-03-06,10.240000,10.240000,10.240000,10.240000,10.240000,0
2019-03-07,10.240000,10.240000,10.240000,10.240000,10.240000,0
2019-03-08,10.240000,10.240000,10.240000,10.240000,10.240000,0
2019-03-11,10.280000,10.290000,10.240000,10.290000,10.290000,5000
2019-03-12,10.290000,10.290000,10.240000,10.290000,10.290000,4200
2019-03-13,10.240000,10.300000,10.240000,10.300000,10.300000,4100
2019-03-14,10.300000,10.310000,10.290000,10.310000,10.310000,253600
2019-03-15,10.320000,10.340000,10.300000,10.340000,10.340000,18400
2019-03-18,10.340000,10.340000,10.340000,10.340000,10.340000,100
2019-03-19,10.340000,10.340000,10.280000,10.280000,10.280000,5600
2019-03-20,10.280000,10.280000,10.280000,10.280000,10.280000,75900
2019-03-21,10.284000,10.290000,10.280000,10.280000,10.280000,31000
2019-03-22,10.280000,10.300000,10.280000,10.300000,10.300000,35400
2019-03-25,10.316000,10.330000,10.290000,10.330000,10.330000,3000
2019-03-26,10.300000,10.330000,10.280000,10.330000,10.330000,14500
2019-03-27,10.250000,10.250000,7.650000,7.660000,7.660000,26500
2019-03-28,7.970000,8.742000,7.750000,7.760000,7.760000,3500
2019-03-29,7.145000,7.800000,7.050000,7.183000,7.183000,16300
2019-04-01,9.010000,10.380000,9.010000,10.340000,10.340000,50900
2019-04-02,10.350000,10.350000,10.300000,10.325000,10.325000,658300
2019-04-03,10.350000,10.350000,10.310000,10.325000,10.325000,122500
2019-04-04,10.330000,10.330000,10.320000,10.320000,10.320000,28300
2019-04-05,10.340000,10.360000,10.320000,10.320000,10.320000,26300
2019-04-08,10.335000,10.340000,10.320000,10.320000,10.320000,227800
2019-04-09,10.320000,10.325000,10.320000,10.323000,10.323000,131300
2019-04-10,10.320000,10.340000,10.310000,10.320000,10.320000,224700
2019-04-11,10.320000,10.322000,10.310000,10.310000,10.310000,31100
2019-04-12,10.310000,10.312000,10.300000,10.310000,10.310000,17800
2019-04-15,10.320000,10.320000,10.310000,10.310000,10.310000,53500
2019-04-16,10.310000,10.330000,10.300000,10.310000,10.310000,119900
2019-04-17,10.300000,10.400000,9.864000,10.400000,10.400000,86900
2019-04-18,10.313000,10.400000,10.310000,10.365000,10.365000,28900
2019-04-22,10.300000,10.300000,9.150000,9.150000,9.150000,7500
2019-04-23,9.000000,9.030000,8.200000,8.390000,8.390000,15700
2019-04-24,8.414000,9.100000,8.414000,8.510000,8.510000,3400
2019-04-25,8.620000,8.620000,8.580000,8.580000,8.580000,3200
2019-04-26,8.610000,8.960000,8.570000,8.780000,8.780000,10700
2019-04-29,8.960000,9.625000,8.730000,8.730000,8.730000,9600
2019-04-30,8.300000,8.300000,4.565000,4.990000,4.990000,507800
2019-05-01,3.650000,3.650000,2.750000,2.810000,2.810000,708600
2019-05-02,3.190000,3.190000,2.750000,2.835000,2.835000,122400
2019-05-03,2.780000,3.999000,2.600000,3.360000,3.360000,1347300
2019-05-06,3.220000,4.200000,3.090000,3.700000,3.700000,1414000
2019-05-07,3.510000,3.690000,3.250000,3.440000,3.440000,270100
2019-05-08,3.430000,3.580000,3.011000,3.160000,3.160000,369100
2019-05-09,3.090000,3.090000,2.740000,2.940000,2.940000,188700
2019-05-10,2.859000,3.300000,2.800000,3.290000,3.290000,331000
2019-05-13,3.250000,3.290000,3.021000,3.190000,3.190000,143700
2019-05-14,3.200000,3.250000,2.920000,3.250000,3.250000,140800
2019-05-15,3.300000,3.300000,3.060000,3.190000,3.190000,124000
2019-05-16,3.130000,3.200000,3.050000,3.080000,3.080000,121100
2019-05-17,3.082000,3.140000,2.750000,2.840000,2.840000,151600
2019-05-20,2.840000,2.980000,2.750000,2.750000,2.750000,84000
2019-05-21,2.690000,3.200000,2.300000,3.200000,3.200000,297100
2019-05-22,2.890000,2.890000,2.610000,2.700000,2.700000,93100
2019-05-23,2.570000,3.000000,2.550000,2.740000,2.740000,62800
2019-05-24,2.870000,2.910000,2.400000,2.710000,2.710000,88400
2019-05-28,2.695000,2.940000,2.680000,2.690000,2.690000,26100
2019-05-29,2.750000,3.150000,2.550000,2.850000,2.850000,399100
2019-05-30,2.820000,2.930000,2.520000,2.530000,2.530000,89300
2019-05-31,2.530000,2.580000,2.400000,2.400000,2.400000,87600
2019-06-03,2.380000,2.394000,2.050000,2.160000,2.160000,169000
2019-06-04,2.200000,2.430000,2.160000,2.210000,2.210000,128100
2019-06-05,2.320000,2.415000,2.100000,2.240000,2.240000,45900
2019-06-06,2.122000,2.200000,2.000000,2.124000,2.124000,70500
2019-06-07,2.100000,2.339000,2.098000,2.100000,2.100000,39000
2019-06-10,2.100000,2.210000,2.042000,2.150000,2.150000,38700
2019-06-11,2.180000,2.180000,2.060000,2.080000,2.080000,85700
2019-06-12,2.300000,2.300000,2.010000,2.010000,2.010000,53100
2019-06-13,2.020000,2.110000,2.011000,2.040000,2.040000,29400
2019-06-14,2.030000,2.230000,2.000000,2.198000,2.198000,29700
2019-06-17,2.176000,2.180000,2.104000,2.104000,2.104000,23100
2019-06-18,2.200000,2.310000,2.200000,2.200000,2.200000,53100
2019-06-19,2.300000,2.628000,2.200000,2.400000,2.400000,177600
2019-06-20,2.481000,2.481000,2.200000,2.200000,2.200000,71500
2019-06-21,2.420000,2.420000,2.200000,2.230000,2.230000,101800
2019-06-24,2.300000,2.330000,2.200000,2.232000,2.232000,30100
2019-06-25,2.210000,2.350000,2.120000,2.150000,2.150000,60000
2019-06-26,2.220000,2.284000,2.130000,2.180000,2.180000,128400
2019-06-27,2.180000,2.188000,2.017000,2.060000,2.060000,82600
2019-06-28,2.130000,2.261000,2.103000,2.200000,2.200000,56600
2019-07-01,2.260000,2.271000,2.070000,2.120000,2.120000,72200
2019-07-02,2.170000,2.206000,2.010000,2.010000,2.010000,65000
2019-07-03,2.100000,2.150000,2.020000,2.050000,2.050000,25400
2019-07-05,2.050000,2.099000,1.950000,2.020000,2.020000,81400
2019-07-08,2.010000,2.034000,1.950000,2.010000,2.010000,23000
2019-07-09,2.020000,2.050000,1.960000,1.980000,1.980000,44100
2019-07-10,1.980000,2.000000,1.881000,1.950000,1.950000,40300
2019-07-11,1.953000,1.960000,1.790000,1.830000,1.830000,93500
2019-07-12,1.810000,1.875000,1.720000,1.740000,1.740000,50000
2019-07-15,1.780000,1.848000,1.701000,1.800000,1.800000,18800
2019-07-16,1.840000,1.840000,1.600000,1.640000,1.640000,45800
2019-07-17,1.750000,1.769000,1.650000,1.660000,1.660000,20400
2019-07-18,1.660000,1.670000,1.420000,1.463000,1.463000,109000
2019-07-19,1.470000,1.650000,1.410000,1.505000,1.505000,80500
2019-07-22,1.510000,1.540000,1.450000,1.470000,1.470000,36700
2019-07-23,1.480000,1.790000,1.370000,1.720000,1.720000,298300
2019-07-24,1.720000,1.720000,1.450000,1.490000,1.490000,87400
2019-07-25,1.490000,1.560000,1.490000,1.500000,1.500000,34200
2019-07-26,1.550000,1.550000,1.480000,1.520000,1.520000,25100
2019-07-29,1.490000,1.530000,1.480000,1.487000,1.487000,29300
2019-07-30,1.490000,1.530000,1.455000,1.515000,1.515000,24700
2019-07-31,1.490000,1.800000,1.490000,1.640000,1.640000,90800
2019-08-01,1.669000,1.720000,1.600000,1.630000,1.630000,24200
2019-08-02,1.600000,1.720000,1.600000,1.650000,1.650000,19700
2019-08-05,1.640000,1.645000,1.600000,1.600000,1.600000,8900
2019-08-06,1.620000,1.675000,1.470000,1.560000,1.560000,34700
2019-08-07,1.536000,1.570000,1.459000,1.530000,1.530000,52400
2019-08-08,1.483000,1.590000,1.483000,1.500000,1.500000,15800
2019-08-09,1.460000,1.523000,1.372000,1.400000,1.400000,40500
2019-08-12,1.380000,1.470000,1.060000,1.280000,1.280000,55300
2019-08-13,1.290000,1.470000,1.290000,1.370000,1.370000,25100
2019-08-14,1.380000,1.390000,1.260000,1.390000,1.390000,14200
2019-08-15,1.410000,1.881000,1.340000,1.881000,1.881000,76800
2019-08-16,1.880000,1.990000,1.800000,1.860000,1.860000,40500
2019-08-19,1.715000,1.800000,1.600000,1.800000,1.800000,48700
2019-08-20,1.710000,1.925000,1.710000,1.850000,1.850000,26100
2019-08-21,1.911000,1.911000,1.770000,1.832000,1.832000,12700
2019-08-22,1.710000,1.940000,1.710000,1.800000,1.800000,51900
2019-08-23,1.690000,1.844000,1.690000,1.810000,1.810000,23000
2019-08-26,1.900000,1.900000,1.750000,1.750000,1.750000,1200
2019-08-27,1.770000,2.110000,1.770000,1.974000,1.974000,61400
2019-08-28,1.990000,2.000000,1.940000,1.980000,1.980000,24300
2019-08-29,1.990000,2.070000,1.880000,1.900000,1.900000,26200
2019-08-30,1.960000,2.045000,1.810000,1.860000,1.860000,16700
2019-09-03,1.840000,1.880000,1.800000,1.880000,1.880000,11100
2019-09-04,1.920000,1.982000,1.829000,1.830000,1.830000,5200
2019-09-05,1.886000,1.910000,1.800000,1.800000,1.800000,3900
2019-09-06,1.809000,1.921000,1.800000,1.880000,1.880000,22200
2019-09-09,1.900000,1.980000,1.890000,1.960000,1.960000,9400
2019-09-10,1.990000,2.310000,1.940000,2.030000,2.030000,64100
2019-09-11,2.040000,2.212000,1.970000,2.021000,2.021000,23600
2019-09-12,2.000000,2.088000,1.950000,1.950000,1.950000,52600
2019-09-13,1.950000,1.950000,1.920000,1.950000,1.950000,3500
2019-09-16,1.930000,2.080000,1.929000,1.960000,1.960000,16400
2019-09-17,2.140000,2.140000,2.020000,2.030000,2.030000,12100
2019-09-18,2.000000,2.030000,1.905000,1.950000,1.950000,10200
2019-09-19,2.060000,2.090000,1.900000,2.060000,2.060000,38000
2019-09-20,2.070000,2.250000,2.070000,2.140000,2.140000,94500
2019-09-23,2.190000,2.250000,2.070000,2.160000,2.160000,30500
2019-09-24,2.140000,2.165000,2.000000,2.010000,2.010000,29700
2019-09-25,2.120000,2.168000,1.900000,1.930000,1.930000,31800
2019-09-26,1.930000,2.000000,1.860000,1.920000,1.920000,23800
2019-09-27,1.914000,1.960000,1.710000,1.744000,1.744000,21700
2019-09-30,1.711000,1.830000,1.711000,1.800000,1.800000,5400
2019-10-01,1.774000,1.800000,1.720000,1.800000,1.800000,12600
2019-10-02,1.770000,1.770000,1.590000,1.600000,1.600000,25000
2019-10-03,1.620000,1.740000,1.620000,1.630000,1.630000,19000
2019-10-04,2.010000,2.010000,1.710000,1.760000,1.760000,10200
2019-10-07,1.809000,1.809000,1.750000,1.750000,1.750000,6800
2019-10-08,1.790000,1.790000,1.580000,1.620000,1.620000,36200
2019-10-09,1.620000,1.620000,1.620000,1.620000,1.620000,100
2019-10-10,1.680000,1.680000,1.630000,1.640000,1.640000,6800
2019-10-11,1.709000,1.709000,1.640000,1.656000,1.656000,1300
2019-10-14,1.660000,1.720000,1.588000,1.720000,1.720000,11800
2019-10-15,1.615000,1.680000,1.615000,1.660000,1.660000,5300
2019-10-16,1.620000,1.810000,1.550000,1.740000,1.740000,91600
2019-10-17,1.780000,1.870000,1.750000,1.750000,1.750000,10100
2019-10-18,1.790000,1.790000,1.630000,1.630000,1.630000,36200
2019-10-21,1.730000,1.730000,1.600000,1.670000,1.670000,5900
2019-10-22,1.613000,1.630000,1.590000,1.630000,1.630000,6100
2019-10-23,1.715000,1.715000,1.689000,1.689000,1.689000,1600
2019-10-24,1.740000,1.785000,1.720000,1.730000,1.730000,11500
2019-10-25,1.730000,1.730000,1.730000,1.730000,1.730000,600
2019-10-28,1.652000,1.672000,1.510000,1.510000,1.510000,6500
2019-10-29,1.530000,1.710000,1.500000,1.570000,1.570000,13000
2019-10-30,1.595000,1.640000,1.548000,1.640000,1.640000,1700
2019-10-31,1.640000,1.640000,1.320000,1.400000,1.400000,31200
2019-11-01,1.400000,1.550000,1.400000,1.519000,1.519000,7600
2019-11-04,1.600000,1.600000,1.475000,1.550000,1.550000,3600
2019-11-05,1.571000,1.571000,1.510000,1.510000,1.510000,3300
2019-11-06,1.520000,1.590000,1.390000,1.390000,1.390000,10800
2019-11-07,1.480000,1.550000,1.410000,1.410000,1.410000,10500
2019-11-08,1.500000,1.500000,1.460000,1.470000,1.470000,8300
2019-11-11,1.433000,1.489000,1.367000,1.489000,1.489000,5300
2019-11-12,1.500000,1.500000,1.380000,1.490000,1.490000,4800
2019-11-13,1.423000,1.500000,1.423000,1.437000,1.437000,30700
2019-11-14,1.490000,1.490000,1.440000,1.440000,1.440000,3400
2019-11-15,1.468000,1.500000,1.420000,1.466000,1.466000,3600
2019-11-18,1.460000,1.460000,1.330000,1.440000,1.440000,8000
2019-11-19,1.420000,1.484000,1.365000,1.484000,1.484000,4900
2019-11-20,1.450000,1.645000,1.363000,1.500000,1.500000,24100
2019-11-21,1.600000,1.650000,1.510000,1.550000,1.550000,8500
2019-11-22,1.430000,1.550000,1.390000,1.400000,1.400000,45400
2019-11-25,1.440000,1.460000,1.350000,1.400000,1.400000,18500
2019-11-26,1.500000,1.600000,1.367000,1.540000,1.540000,51300
2019-11-27,1.580000,1.580000,1.390000,1.400000,1.400000,44800
2019-11-29,1.450000,1.500000,1.406000,1.435000,1.435000,3100
2019-12-02,1.370000,1.440000,1.360000,1.435000,1.435000,8200
2019-12-03,1.360000,1.416000,1.360000,1.370000,1.370000,3100
2019-12-04,1.340000,1.410000,1.340000,1.360000,1.360000,11800
2019-12-05,1.340000,1.390000,1.256000,1.275000,1.275000,12500
2019-12-06,1.310000,1.317000,1.310000,1.317000,1.317000,400
2019-12-09,1.317000,1.317000,1.317000,1.317000,1.317000,0
2019-12-10,1.310000,1.389000,1.190000,1.315000,1.315000,25900
2019-12-11,1.260000,1.270000,1.084000,1.220000,1.220000,6700
2019-12-12,1.220000,1.278000,1.160000,1.160000,1.160000,9200
2019-12-13,1.300000,1.336000,1.200000,1.200000,1.200000,13200
2019-12-16,1.190000,1.340000,1.080000,1.148000,1.148000,20500
2019-12-17,1.190000,2.090000,1.150000,1.220000,1.220000,984900
2019-12-18,1.350000,1.480000,1.195000,1.280000,1.280000,120100
2019-12-19,1.470000,1.470000,1.210000,1.310000,1.310000,72000
2019-12-20,1.350000,1.440000,1.310000,1.330000,1.330000,104400
2019-12-23,1.330000,1.400000,1.330000,1.350000,1.350000,25800
2019-12-24,1.300000,1.351000,1.270000,1.333000,1.333000,14100
2019-12-26,1.331000,1.371000,1.280000,1.320000,1.320000,31800
2019-12-27,1.310000,1.322000,1.300000,1.300000,1.300000,5200
2019-12-30,1.390000,1.780000,1.390000,1.570000,1.570000,231200
2019-12-31,1.650000,1.900000,1.650000,1.870000,1.870000,194600
2020-01-02,1.880000,1.880000,1.250000,1.350000,1.350000,582900
2020-01-03,1.390000,1.390000,1.300000,1.318000,1.318000,78100
2020-01-06,1.330000,1.337000,1.300000,1.300000,1.300000,48600
2020-01-07,1.307000,1.323000,1.240000,1.250000,1.250000,36000
2020-01-08,1.286000,1.374000,1.210000,1.250000,1.250000,71900
2020-01-09,1.260000,1.299000,1.230000,1.250000,1.250000,35700
2020-01-10,1.265000,1.310000,1.250000,1.300000,1.300000,14500
2020-01-13,1.270000,1.340000,1.240000,1.260000,1.260000,21300
2020-01-14,1.296000,1.300000,1.263000,1.270000,1.270000,16500
2020-01-15,1.310000,1.310000,1.250000,1.270000,1.270000,23700
2020-01-16,1.280000,1.280000,1.260000,1.264000,1.264000,5600
2020-01-17,1.240000,1.267000,1.240000,1.240000,1.240000,17800
2020-01-21,1.240000,1.280000,1.180000,1.200000,1.200000,73300
2020-01-22,1.200000,1.240000,1.160000,1.170000,1.170000,39600
2020-01-23,1.180000,1.230000,1.180000,1.210000,1.210000,13600
2020-01-24,1.188000,1.230000,1.188000,1.190000,1.190000,5600
2020-01-27,1.155000,1.172000,1.130000,1.150000,1.150000,14400
2020-01-28,1.161000,1.200000,1.150000,1.180000,1.180000,15300
2020-01-29,1.170000,1.220000,1.150000,1.150000,1.150000,12300
2020-01-30,1.173000,1.200000,1.130000,1.140000,1.140000,11200
2020-01-31,1.190000,1.190000,1.140000,1.140000,1.140000,12600
2020-02-03,1.100000,1.204000,1.100000,1.140000,1.140000,12100
2020-02-04,1.155000,1.185000,1.070000,1.070000,1.070000,38700
2020-02-05,1.155000,1.170000,1.100000,1.170000,1.170000,44800
2020-02-06,1.190000,1.190000,1.150000,1.170000,1.170000,6000
2020-02-07,1.151000,1.180000,1.130000,1.136000,1.136000,5600
2020-02-10,1.151000,1.151000,1.151000,1.151000,1.151000,1400
2020-02-11,1.130000,1.170000,1.127000,1.127000,1.127000,4700
2020-02-12,1.110000,1.130000,1.050000,1.050000,1.050000,39400
2020-02-13,1.152000,1.152000,1.070000,1.118000,1.118000,11100
2020-02-14,1.153000,1.153000,1.120000,1.120000,1.120000,1200
2020-02-18,1.170000,1.176000,1.100000,1.150000,1.150000,6100
2020-02-19,1.150000,1.170000,1.100000,1.170000,1.170000,36400
2020-02-20,1.123000,1.130000,1.110000,1.130000,1.130000,2600
2020-02-21,1.090000,1.180000,1.080000,1.141000,1.141000,21000
2020-02-24,1.170000,1.170000,1.080000,1.091000,1.091000,9700
2020-02-25,1.103000,1.150000,1.067000,1.070000,1.070000,9700
2020-02-26,1.100000,1.170000,1.050000,1.050000,1.050000,16500
2020-02-27,1.050000,1.060000,1.050000,1.050000,1.050000,10900
2020-02-28,1.010000,1.130000,1.000000,1.050000,1.050000,22900
2020-03-02,1.033000,1.100000,1.022000,1.068000,1.068000,24200
2020-03-03,1.080000,1.080000,1.040000,1.060000,1.060000,3200
2020-03-04,1.044000,1.110000,1.044000,1.110000,1.110000,11500
2020-03-05,1.066000,1.107000,1.066000,1.095000,1.095000,6000
2020-03-06,1.110000,1.120000,1.054000,1.079000,1.079000,8800
2020-03-09,1.010000,1.050000,0.905000,0.920000,0.920000,30500
2020-03-10,1.080000,1.110000,0.960000,0.960000,0.960000,46500
2020-03-11,0.980000,0.989000,0.877000,0.950000,0.950000,11600
2020-03-12,0.900000,0.900000,0.630000,0.800000,0.800000,39100
2020-03-13,0.815000,0.929000,0.750000,0.797000,0.797000,11000
2020-03-16,0.653000,0.729000,0.530000,0.679000,0.679000,25600
2020-03-17,0.560000,0.699000,0.529000,0.550000,0.550000,47300
2020-03-18,0.651000,0.651000,0.481000,0.481000,0.481000,17000
2020-03-19,0.470000,0.568000,0.410000,0.555000,0.555000,41300
2020-03-20,0.620000,0.770000,0.620000,0.750000,0.750000,46100
2020-03-23,0.750000,0.750000,0.674000,0.674000,0.674000,2600
2020-03-24,0.870000,0.978000,0.745000,0.900000,0.900000,9300
2020-03-25,0.900000,0.900000,0.800000,0.895000,0.895000,16500
2020-03-26,0.895000,0.950000,0.885000,0.936000,0.936000,14300
2020-03-27,0.854000,0.900000,0.750000,0.880000,0.880000,4100
2020-03-30,0.890000,0.920000,0.750000,0.860000,0.860000,6400
2020-03-31,0.860000,0.879000,0.860000,0.860000,0.860000,22700
2020-04-01,0.780000,0.901000,0.780000,0.890000,0.890000,2100
2020-04-02,0.883000,0.886000,0.883000,0.886000,0.886000,1400
2020-04-03,0.840000,0.880000,0.830000,0.830000,0.830000,3900
2020-04-06,0.850000,0.995000,0.824000,0.970000,0.970000,38600
2020-04-07,1.015000,1.050000,0.940000,1.000000,1.000000,8900
2020-04-08,0.910000,1.006000,0.902000,0.995000,0.995000,6800
2020-04-09,1.080000,1.080000,0.980000,1.020000,1.020000,8800
2020-04-13,1.050000,1.050000,0.939000,0.951000,0.951000,3900
2020-04-14,0.941000,1.075000,0.940000,1.050000,1.050000,12900
2020-04-15,1.050000,1.050000,0.952000,0.958000,0.958000,14800
2020-04-16,0.958000,1.040000,0.950000,0.963000,0.963000,5600
2020-04-17,0.960000,1.030000,0.955000,0.955000,0.955000,4300
2020-04-20,0.950000,1.000000,0.950000,0.950000,0.950000,14700
2020-04-21,0.950000,0.950000,0.910000,0.910000,0.910000,5400
2020-04-22,1.000000,1.030000,0.800000,0.856000,0.856000,14000
2020-04-23,0.920000,0.923000,0.800000,0.900000,0.900000,4800
2020-04-24,0.767000,0.900000,0.767000,0.880000,0.880000,4100
2020-04-27,0.872000,0.872000,0.780000,0.830000,0.830000,20100
2020-04-28,0.834000,0.944000,0.830000,0.830000,0.830000,12700
2020-04-29,0.911000,0.911000,0.750000,0.879000,0.879000,8400
2020-04-30,0.898000,1.360000,0.898000,1.040000,1.040000,531100
2020-05-01,0.988000,1.040000,0.900000,0.905000,0.905000,89100
2020-05-04,0.950000,0.952000,0.814000,0.891000,0.891000,84400
2020-05-05,0.926000,1.150000,0.900000,1.010000,1.010000,1003500
2020-05-06,0.934000,0.995000,0.900000,0.921000,0.921000,127800
2020-05-07,1.070000,1.090000,0.950000,1.005000,1.005000,270300
2020-05-08,1.000000,1.035000,0.950000,1.000000,1.000000,84700
2020-05-11,0.990000,1.040000,0.950000,1.040000,1.040000,122600
2020-05-12,1.150000,1.200000,1.100000,1.110000,1.110000,278800
2020-05-13,1.170000,1.170000,0.990000,0.999000,0.999000,64600
2020-05-14,1.030000,1.030000,0.945000,0.972000,0.972000,68500
2020-05-15,0.930000,0.930000,0.750000,0.812000,0.812000,190800
2020-05-18,0.737000,0.855000,0.737000,0.804000,0.804000,97500
2020-05-19,0.850000,0.850000,0.770000,0.797000,0.797000,34800
2020-05-20,0.780000,0.990000,0.751000,0.885000,0.885000,512700
2020-05-21,0.982000,0.982000,0.850000,0.860000,0.860000,74100
2020-05-22,0.840000,0.900000,0.817000,0.840000,0.840000,35400
2020-05-26,0.838000,0.880000,0.801000,0.826000,0.826000,37300
2020-05-27,0.830000,0.899000,0.830000,0.840000,0.840000,34800
2020-05-28,0.830000,0.881000,0.776000,0.820000,0.820000,55900
2020-05-29,0.830000,0.842000,0.762000,0.790000,0.790000,29100
2020-06-01,0.790000,0.833000,0.790000,0.795000,0.795000,16400
2020-06-02,0.800000,0.874000,0.800000,0.826000,0.826000,26100
2020-06-03,0.800000,0.827000,0.770000,0.790000,0.790000,27500
2020-06-04,0.809000,0.860000,0.780000,0.850000,0.850000,40500
2020-06-05,0.850000,0.880000,0.821000,0.850000,0.850000,29200
2020-06-08,0.850000,0.900000,0.820000,0.878000,0.878000,32200
2020-06-09,0.880000,1.170000,0.880000,1.010000,1.010000,629500
2020-06-10,1.080000,1.290000,0.990000,1.090000,1.090000,546000
2020-06-11,1.010000,1.010000,0.832000,0.900000,0.900000,94600
2020-06-12,1.070000,1.280000,0.900000,0.970000,0.970000,643600
2020-06-15,0.890000,1.000000,0.831000,0.890000,0.890000,89100
2020-06-16,0.911000,1.000000,0.891000,0.985000,0.985000,62500
2020-06-17,0.980000,0.985000,0.910000,0.910000,0.910000,50200
2020-06-18,0.890000,0.950000,0.890000,0.900000,0.900000,26200
2020-06-19,0.890000,0.950000,0.854000,0.870000,0.870000,38800
2020-06-22,0.900000,0.900000,0.830000,0.850000,0.850000,36200
2020-06-23,0.860000,0.873000,0.813000,0.860000,0.860000,30300
2020-06-24,0.830000,0.880000,0.808000,0.820000,0.820000,15800
2020-06-25,0.812000,0.861000,0.770000,0.780000,0.780000,61000
2020-06-26,0.806000,0.840000,0.769000,0.795000,0.795000,28900
2020-06-29,0.775000,0.880000,0.775000,0.869000,0.869000,223200
2020-06-30,0.910000,0.910000,0.800000,0.860000,0.860000,138300
2020-07-01,0.858000,0.880000,0.820000,0.850000,0.850000,32700
2020-07-02,0.825000,0.871000,0.780000,0.807000,0.807000,40700
2020-07-06,0.800000,0.840000,0.790000,0.812000,0.812000,40200
2020-07-07,0.822000,0.990000,0.822000,0.943000,0.943000,329000
2020-07-08,0.920000,1.280000,0.910000,1.061000,1.061000,2896600
2020-07-09,0.980000,0.990000,0.855000,0.855000,0.855000,275500
2020-07-10,0.888000,0.920000,0.834000,0.834000,0.834000,89400
2020-07-13,0.825000,0.850000,0.805000,0.806000,0.806000,62100
2020-07-14,0.800000,0.840000,0.780000,0.836000,0.836000,72900
2020-07-15,0.860000,0.874000,0.810000,0.830000,0.830000,35900
2020-07-16,0.790000,0.880000,0.790000,0.840000,0.840000,36000
2020-07-17,0.835000,0.850000,0.815000,0.843000,0.843000,14200
2020-07-20,0.820000,0.856000,0.820000,0.843000,0.843000,18200
2020-07-21,0.900000,0.900000,0.821000,0.865000,0.865000,118300
2020-07-22,0.910000,0.990000,0.871000,0.956000,0.956000,137300
2020-07-23,0.962000,0.962000,0.900000,0.920000,0.920000,73400
2020-07-24,0.880000,0.966000,0.850000,0.921000,0.921000,22300
2020-07-27,0.910000,0.948000,0.910000,0.940000,0.940000,10100
2020-07-28,0.934000,0.965000,0.910000,0.920000,0.920000,41900
2020-07-29,0.911000,1.320000,0.911000,1.080000,1.080000,944400
2020-07-30,1.080000,1.280000,0.960000,1.080000,1.080000,667500
2020-07-31,1.110000,1.131000,0.985000,1.004000,1.004000,220500
2020-08-03,1.040000,1.055000,0.962000,1.020000,1.020000,52200
2020-08-04,1.000000,1.030000,0.970000,1.019000,1.019000,48800
2020-08-05,1.020000,1.050000,0.975000,1.035000,1.035000,70300
2020-08-06,1.020000,1.080000,1.010000,1.030000,1.030000,122300
2020-08-07,1.040000,1.070000,1.000000,1.010000,1.010000,47400
2020-08-10,1.040000,1.060000,0.960000,1.050000,1.050000,65500
2020-08-11,1.030000,1.050000,1.010000,1.030000,1.030000,38800
2020-08-12,1.030000,1.050000,1.010000,1.030000,1.030000,20200