Date,Open,High,Low,Close,Adj Close,Volume
2017-12-08,11.750000,11.930000,11.500000,11.750000,11.167082,5072500
2017-12-11,11.990000,12.300000,11.880000,12.060000,11.461702,839800
2017-12-12,12.010000,12.250000,11.750000,11.820000,11.233609,593500
2017-12-13,11.830000,12.110000,11.750000,12.010000,11.414184,274200
2017-12-14,12.020000,12.200000,11.970000,12.000000,11.404679,290400
2017-12-15,12.000000,12.100000,11.890000,11.920000,11.328648,71300
2017-12-18,11.960000,12.610000,11.960000,12.060000,11.461702,69800
2017-12-19,12.180000,12.250000,12.060000,12.090000,11.490213,69200
2017-12-20,12.130000,12.670000,12.130000,12.250000,11.642276,196500
2017-12-21,12.230000,12.320000,12.230000,12.260000,11.651782,242500
2017-12-22,12.250000,12.535000,12.050000,12.060000,11.461702,213900
2017-12-26,12.180000,12.400000,11.980000,12.100000,11.499719,178900
2017-12-27,12.080000,12.470000,12.047000,12.240000,11.632772,134200
2017-12-28,12.240000,12.485000,11.900000,11.990000,11.395175,148900
2017-12-29,11.960000,12.140000,11.920000,12.040000,11.442695,84100
2018-01-02,11.920000,12.279000,11.900000,12.180000,11.575749,280100
2018-01-03,12.130000,12.300000,12.020000,12.160000,11.556743,158400
2018-01-04,12.290000,12.290000,11.950000,12.060000,11.461702,238500
2018-01-05,12.040000,12.150000,11.810000,11.990000,11.395175,74500
2018-01-08,12.070000,12.160000,11.920000,12.000000,11.404679,138500
2018-01-09,12.000000,12.090000,11.850000,11.960000,11.366664,130700
2018-01-10,12.000000,12.300000,12.000000,12.200000,11.594756,133000
2018-01-11,12.220000,12.540000,12.220000,12.390000,11.775332,291000
2018-01-12,12.450000,12.900000,12.230000,12.360000,11.746818,477200
2018-01-16,12.420000,12.520000,12.300000,12.330000,11.718307,249700
2018-01-17,12.400000,12.680000,12.360000,12.550000,11.927392,104500
2018-01-18,12.670000,12.670000,12.360000,12.490000,11.870370,82200
2018-01-19,12.400000,12.750000,12.200000,12.500000,11.879875,126700
2018-01-22,12.560000,13.340000,12.301000,12.750000,12.117472,167700
2018-01-23,12.650000,12.990000,12.620000,12.790000,12.155487,143400
2018-01-24,12.800000,12.900000,12.580000,12.580000,11.955905,118200
2018-01-25,12.660000,12.950000,12.570000,12.770000,12.136479,154300
2018-01-26,12.850000,13.155000,12.485000,12.920000,12.279038,353200
2018-01-29,12.920000,13.140000,12.550000,12.980000,12.336061,150800
2018-01-30,12.940000,13.000000,12.750000,12.950000,12.307550,112700
2018-01-31,12.950000,12.955000,12.645000,12.800000,12.164991,111800
2018-02-01,12.830000,12.970000,12.610000,12.890000,12.250526,213300
2018-02-02,12.910000,12.920000,12.480000,12.790000,12.169649,165000
2018-02-05,12.800000,12.990000,12.600000,12.650000,12.036440,150600
2018-02-06,12.540000,12.840000,12.510000,12.760000,12.141105,171900
2018-02-07,12.770000,13.080000,12.510000,12.980000,12.350433,91300
2018-02-08,12.990000,13.000000,12.690000,12.790000,12.169649,49900
2018-02-09,12.860000,12.970000,12.500000,12.800000,12.179165,178900
2018-02-12,12.870000,12.975000,12.610000,12.930000,12.302858,61000
2018-02-13,12.950000,12.985000,12.790000,12.850000,12.226739,66800
2018-02-14,12.780000,13.090000,12.640000,12.900000,12.274315,70300
2018-02-15,12.960000,12.960000,12.610000,12.660000,12.045955,54900
2018-02-16,12.620000,13.335000,12.530000,12.820000,12.198194,86200
2018-02-20,12.780000,13.130000,12.550000,12.810000,12.188680,54700
2018-02-21,12.790000,13.600000,12.550000,13.500000,12.845212,181100
2018-02-22,13.510000,13.580000,12.825000,13.030000,12.398006,38100
2018-02-23,13.060000,13.480000,12.730000,13.140000,12.502674,40500
2018-02-26,13.240000,13.401000,13.065000,13.130000,12.493159,126000
2018-02-27,13.250000,13.250000,12.850000,12.940000,12.312373,50900
2018-02-28,13.040000,13.370000,12.680000,12.790000,12.169649,65900
2018-03-01,12.850000,13.270000,12.690000,12.920000,12.293344,74600
2018-03-02,12.830000,13.340000,12.820000,13.120000,12.483644,67400
2018-03-05,13.090000,13.190000,12.900000,13.150000,12.512187,69100
2018-03-06,13.200000,13.250000,12.875000,13.240000,12.597823,95800
2018-03-07,13.200000,13.200000,12.900000,13.100000,12.464614,94700
2018-03-08,13.140000,13.200000,12.900000,13.150000,12.512187,41900
2018-03-09,13.200000,13.200000,12.570000,12.810000,12.188680,291600
2018-03-12,12.810000,13.160000,12.670000,13.050000,12.417039,218800
2018-03-13,13.030000,13.225000,12.300000,12.410000,11.808080,192600
2018-03-14,12.450000,12.690000,12.400000,12.550000,11.941288,195700
2018-03-15,12.570000,12.930000,12.570000,12.810000,12.188680,180600
2018-03-16,12.780000,12.980000,12.630000,12.830000,12.207710,1821700
2018-03-19,12.790000,12.930000,12.650000,12.690000,12.074500,241800
2018-03-20,12.720000,12.970000,12.670000,12.850000,12.226739,104300
2018-03-21,12.820000,13.130000,12.820000,13.000000,12.369464,77200
2018-03-22,12.880000,13.008000,12.780000,12.850000,12.226739,89800
2018-03-23,12.840000,12.840000,12.290000,12.290000,11.693900,93500
2018-03-26,12.490000,12.490000,12.010000,12.180000,11.589236,127400
2018-03-27,12.210000,12.210000,11.810000,11.830000,11.256214,75800
2018-03-28,11.760000,12.000000,11.610000,11.910000,11.332332,57100
2018-03-29,11.920000,12.010000,11.630000,12.010000,11.427482,104300
2018-04-02,11.980000,12.120000,11.550000,11.810000,11.237182,125300
2018-04-03,11.920000,12.200000,11.770000,12.170000,11.579720,119700
2018-04-04,12.080000,12.130000,11.730000,12.090000,11.503601,118800
2018-04-05,12.180000,12.310000,11.870000,12.220000,11.627297,43000
2018-04-06,12.140000,12.160000,11.735000,11.860000,11.284757,70000
2018-04-09,11.940000,12.010000,11.480000,11.490000,10.932703,105400
2018-04-10,11.630000,11.729000,11.080000,11.470000,10.913672,150400
2018-04-11,11.440000,11.680000,11.020000,11.440000,10.885127,155800
2018-04-12,11.520000,11.750000,11.450000,11.730000,11.161061,41600
2018-04-13,11.770000,11.770000,11.560000,11.700000,11.132518,61800
2018-04-16,11.750000,11.880000,11.580000,11.840000,11.265727,38400
2018-04-17,11.890000,12.110000,11.890000,11.960000,11.379908,119700
2018-04-18,12.030000,12.040000,11.600000,11.630000,11.065913,92400
2018-04-19,11.580000,12.140000,11.580000,12.090000,11.503601,107500
2018-04-20,12.000000,12.040000,11.740000,11.930000,11.351362,115800
2018-04-23,11.940000,11.996000,11.620000,11.760000,11.189607,68200
2018-04-24,11.780000,12.030000,11.450000,11.540000,10.980276,100600
2018-04-25,11.740000,11.740000,11.510000,11.540000,10.980276,23600
2018-04-26,11.610000,11.780000,11.480000,11.710000,11.142032,43400
2018-04-27,11.700000,12.020000,11.462000,12.000000,11.417967,198800
2018-04-30,12.100000,12.550000,11.990000,12.460000,11.855656,117000
2018-05-01,12.460000,12.570000,11.920000,12.530000,11.922261,117600
2018-05-02,12.550000,12.670000,12.056000,12.650000,12.036440,28800
2018-05-03,12.580000,12.680000,12.464000,12.600000,11.988867,33200
2018-05-04,12.460000,12.750000,12.460000,12.650000,12.092101,38100
2018-05-07,12.710000,12.740000,12.390000,12.600000,12.044306,24700
2018-05-08,12.590000,12.740000,12.540000,12.700000,12.139896,19500
2018-05-09,12.760000,12.960000,12.720000,12.940000,12.369311,41600
2018-05-10,13.000000,13.160000,12.945000,12.990000,12.417107,193400
2018-05-11,13.040000,13.050000,12.790000,12.850000,12.283281,22500
2018-05-14,12.840000,12.840000,11.970000,12.050000,11.518563,70200
2018-05-15,12.010000,12.620000,12.010000,12.400000,11.853126,107000
2018-05-16,12.390000,12.810000,12.370000,12.790000,12.225927,78300
2018-05-17,12.770000,12.990000,12.720000,12.920000,12.350193,26100
2018-05-18,12.990000,13.030000,12.720000,12.750000,12.187692,38100
2018-05-21,12.720000,12.850000,12.680000,12.770000,12.206809,36300
2018-05-22,12.800000,12.867000,12.710000,12.710000,12.149455,33900
2018-05-23,12.690000,12.780000,12.570000,12.690000,12.130337,63600
2018-05-24,12.710000,12.710000,12.380000,12.430000,11.881804,37500
2018-05-25,12.410000,12.440000,12.240000,12.350000,11.805334,109900
2018-05-29,12.300000,12.330000,12.020000,12.140000,11.604594,107800
2018-05-30,12.140000,12.335000,12.140000,12.210000,11.671507,47500
2018-05-31,12.210000,12.290000,12.040000,12.250000,11.709742,253300
2018-06-01,12.360000,12.610000,12.280000,12.550000,11.996511,25900
2018-06-04,12.550000,12.840000,12.550000,12.680000,12.120779,64900
2018-06-05,12.650000,12.770000,12.650000,12.700000,12.139896,69900
2018-06-06,12.840000,12.979000,12.800000,12.800000,12.235487,33900
2018-06-07,12.750000,12.810000,12.480000,12.610000,12.053864,52200
2018-06-08,12.640000,12.850000,12.640000,12.750000,12.187692,90400
2018-06-11,12.700000,13.064000,12.700000,12.790000,12.225927,158200
2018-06-12,12.780000,12.940000,12.750000,12.810000,12.245047,45400
2018-06-13,12.790000,12.850000,12.740000,12.750000,12.187692,61700
2018-06-14,12.750000,12.810000,12.280000,12.550000,11.996511,210100
2018-06-15,12.510000,12.790000,12.330000,12.440000,11.891362,144300
2018-06-18,12.420000,12.670000,12.300000,12.460000,11.910481,33700
2018-06-19,12.390000,12.430000,12.200000,12.380000,11.834009,35400
2018-06-20,12.430000,12.440000,12.240000,12.440000,11.891362,39400
2018-06-21,12.430000,12.675000,12.250000,12.450000,11.900922,93100
2018-06-22,12.500000,12.500000,11.910000,12.320000,11.776655,307800
2018-06-25,12.290000,12.365000,12.000000,12.300000,11.757538,61700
2018-06-26,12.280000,12.400000,12.220000,12.290000,11.747980,56700
2018-06-27,12.210000,12.278000,11.940000,11.950000,11.422975,47800
2018-06-28,11.910000,11.950000,11.670000,11.690000,11.174439,48700
2018-06-29,11.690000,11.700000,11.410000,11.505000,10.997598,65900
2018-07-02,11.500000,11.620000,11.230000,11.620000,11.107529,57700
2018-07-03,11.560000,11.590000,11.470000,11.510000,11.002378,21800
2018-07-05,11.560000,11.680000,11.380000,11.670000,11.155322,29800
2018-07-06,11.640000,11.810000,11.560000,11.800000,11.279589,46900
2018-07-09,11.750000,12.010000,11.710000,11.930000,11.403855,103600
2018-07-10,11.950000,11.960000,11.700000,11.910000,11.384737,40400
2018-07-11,11.850000,11.910000,11.770000,11.800000,11.279589,25700
2018-07-12,11.800000,12.020000,11.570000,11.810000,11.289148,76100
2018-07-13,11.810000,11.900000,11.480000,11.530000,11.021496,43100
2018-07-16,11.650000,11.650000,11.496000,11.530000,11.021496,15800
2018-07-17,11.560000,11.570000,11.430000,11.470000,10.964142,21800
2018-07-18,11.400000,11.870000,11.395000,11.510000,11.002378,102800
2018-07-19,11.460000,11.530000,11.412000,11.470000,10.964142,40500
2018-07-20,11.430000,11.570000,11.420000,11.440000,10.935466,27400
2018-07-23,11.390000,11.510000,11.320000,11.470000,10.964142,38800
2018-07-24,11.450000,11.500000,11.320000,11.340000,10.839876,35500
2018-07-25,11.300000,11.380000,11.060000,11.090000,10.600904,60000
2018-07-26,10.990000,11.250000,10.990000,11.250000,10.753847,149300
2018-07-27,10.810000,11.200000,10.700000,10.760000,10.285456,189000
2018-07-30,10.750000,10.975000,10.710000,10.800000,10.323691,60700
2018-07-31,10.840000,10.920000,10.700000,10.880000,10.400164,134700
2018-08-01,10.870000,10.870000,10.650000,10.690000,10.218543,348400
2018-08-02,10.690000,11.030000,10.690000,10.990000,10.505312,160400
2018-08-03,10.850000,10.950000,10.650000,10.650000,10.234318,36200
2018-08-06,10.715000,10.780000,10.630000,10.680000,10.263146,123700
2018-08-07,10.720000,10.720000,10.550000,10.580000,10.167050,194500
2018-08-08,10.580000,10.680000,10.490000,10.610000,10.195879,202400
2018-08-09,10.620000,10.710000,10.560000,10.640000,10.224709,71300
2018-08-10,10.620000,10.640000,10.550000,10.610000,10.195879,42300
2018-08-13,10.570000,10.850000,10.510000,10.800000,10.378465,129800
2018-08-14,10.880000,10.980000,10.828000,10.970000,10.541829,79700
2018-08-15,10.860000,11.010000,10.860000,11.000000,10.570658,131600
2018-08-16,11.110000,11.110000,10.830000,10.860000,10.436122,35000
2018-08-17,10.880000,11.000000,10.810000,10.950000,10.522610,30200
2018-08-20,10.950000,10.980000,10.850000,10.940000,10.512999,41300
2018-08-21,10.880000,11.280000,10.880000,11.110000,10.676364,57200
2018-08-22,11.080000,11.150000,11.040000,11.140000,10.705194,13900
2018-08-23,11.010000,11.150000,10.930000,11.050000,10.618707,101900
2018-08-24,11.100000,11.100000,10.960000,10.990000,10.561049,19300
2018-08-27,11.040000,11.085000,10.920000,10.970000,10.541829,46500
2018-08-28,11.040000,11.150000,10.980000,11.120000,10.685974,56300
2018-08-29,11.030000,11.240000,11.030000,11.150000,10.714804,56200
2018-08-30,11.170000,11.480000,11.000000,11.360000,10.916606,145500
2018-08-31,11.310000,11.450000,11.290000,11.400000,10.955044,87400
2018-09-04,11.480000,11.690000,11.360000,11.650000,11.195287,77100
2018-09-05,11.610000,11.720000,11.510000,11.690000,11.233726,60700
2018-09-06,11.770000,11.830000,11.530000,11.810000,11.349043,60100
2018-09-07,11.790000,11.965000,11.620000,11.950000,11.483579,116700
2018-09-10,11.990000,12.310000,11.640000,12.300000,11.819918,291400
2018-09-11,12.290000,12.465000,12.120000,12.220000,11.743040,149900
2018-09-12,12.190000,12.190000,11.620000,11.670000,11.214507,111500
2018-09-13,11.800000,11.900000,11.280000,11.360000,10.916606,68900
2018-09-14,11.380000,11.530000,11.310000,11.450000,11.003094,28900
2018-09-17,11.755000,11.755000,11.160000,11.180000,10.743631,73200
2018-09-18,11.340000,11.380000,11.100000,11.150000,10.714804,72300
2018-09-19,11.300000,11.370000,11.170000,11.270000,10.830119,61200
2018-09-20,11.250000,11.730000,10.950000,11.560000,11.108800,342100
2018-09-21,11.560000,11.720000,11.240000,11.240000,10.801289,603300
2018-09-24,11.200000,11.260000,10.750000,10.980000,10.551437,139800
2018-09-25,11.010000,11.130000,10.810000,10.900000,10.474560,81400
2018-09-26,10.890000,11.110000,10.830000,10.890000,10.464951,78400
2018-09-27,10.880000,10.930000,10.800000,10.920000,10.493781,47600
2018-09-28,10.890000,11.020000,10.820000,10.880000,10.455341,71600
2018-10-01,11.010000,11.060000,10.800000,10.880000,10.455341,79900
2018-10-02,10.910000,10.950000,10.780000,10.910000,10.484171,58000
2018-10-03,10.920000,11.080000,10.800000,11.030000,10.599486,45100
2018-10-04,11.110000,11.130000,10.890000,10.890000,10.464951,20600
2018-10-05,10.900000,10.930000,10.680000,10.820000,10.397682,28400
2018-10-08,10.820000,11.000000,10.780000,10.920000,10.493781,27600
2018-10-09,10.930000,11.030000,10.690000,10.760000,10.340025,43900
2018-10-10,10.750000,10.910000,10.550000,10.550000,10.138221,119300
2018-10-11,10.510000,10.603000,10.240000,10.250000,9.849931,71400
2018-10-12,10.380000,10.380000,9.900000,9.930000,9.542421,170800
2018-10-15,9.930000,10.080000,9.750000,10.020000,9.628907,117200
2018-10-16,10.070000,10.180000,9.800000,10.160000,9.763445,62300
2018-10-17,10.140000,10.260000,9.990000,10.140000,9.744225,45100
2018-10-18,10.130000,10.140000,9.820000,9.850000,9.465543,41500
2018-10-19,9.840000,9.920000,9.640000,9.810000,9.427105,87700
2018-10-22,9.840000,9.840000,9.510000,9.550000,9.177253,30200
2018-10-23,9.430000,9.790000,9.410000,9.700000,9.321398,50000
2018-10-24,9.740000,9.780000,9.290000,9.300000,8.937011,131900
2018-10-25,9.300000,9.450000,9.230000,9.300000,8.937011,227900
2018-10-26,9.760000,10.220000,9.325000,9.810000,9.427105,188500
2018-10-29,9.900000,10.075000,9.680000,10.020000,9.628907,27800
2018-10-30,9.867000,10.020000,9.760000,9.870000,9.484763,36200
2018-10-31,9.990000,9.990000,9.590000,9.670000,9.292569,36100
2018-11-01,9.680000,9.700000,9.600000,9.700000,9.321398,28800
2018-11-02,9.670000,9.750000,9.540000,9.570000,9.251792,83200
2018-11-05,9.550000,9.650000,9.470000,9.510000,9.193788,41600
2018-11-06,9.560000,9.600000,9.420000,9.490000,9.174453,24500
2018-11-07,9.530000,9.843000,9.440000,9.730000,9.406472,24000
2018-11-08,9.550000,9.805000,9.450000,9.720000,9.396805,96600
2018-11-09,9.670000,9.850000,9.630000,9.670000,9.348467,22400
2018-11-12,9.680000,9.880000,9.580000,9.820000,9.493479,51300
2018-11-13,9.850000,10.110000,9.750000,9.890000,9.561152,30800
2018-11-14,9.960000,9.990000,9.660000,9.690000,9.367802,20900
2018-11-15,9.660000,9.910000,9.630000,9.860000,9.532148,22700
2018-11-16,9.830000,9.890000,9.680000,9.770000,9.445143,19300
2018-11-19,9.770000,10.090000,9.770000,9.840000,9.512815,13200
2018-11-20,9.780000,10.110000,9.570000,10.020000,9.686830,43400
2018-11-21,10.100000,10.100000,9.780000,9.820000,9.493479,16400
2018-11-23,9.850000,9.850000,9.620000,9.730000,9.406472,14000
2018-11-26,10.040000,10.860000,10.040000,10.560000,10.208875,163800
2018-11-27,10.780000,10.780000,10.425000,10.490000,10.141201,116200
2018-11-28,10.720000,10.720000,10.320000,10.490000,10.141201,71000
2018-11-29,10.540000,10.670000,10.460000,10.490000,10.141201,77200
2018-11-30,10.490000,10.525000,10.400000,10.400000,10.054193,103000
2018-12-03,10.510000,10.600000,10.350000,10.410000,10.063861,132900
2018-12-04,10.460000,10.490000,9.800000,9.880000,9.551484,91700
2018-12-06,9.950000,10.650000,9.823000,10.040000,9.706164,266700
2018-12-07,10.060000,10.205000,9.770000,9.800000,9.474145,87700
2018-12-10,9.810000,9.950000,9.600000,9.800000,9.474145,81100
2018-12-11,9.880000,9.880000,9.360000,9.390000,9.077778,62500
2018-12-12,9.510000,9.510000,9.120000,9.150000,8.845757,75700
2018-12-13,9.220000,9.300000,8.959000,8.990000,8.691076,101900
2018-12-14,9.000000,9.080000,8.890000,8.940000,8.642740,69200
2018-12-17,9.200000,9.410000,9.010000,9.020000,8.720080,201100
2018-12-18,9.080000,9.145000,8.900000,8.920000,8.623405,161300
2018-12-19,8.920000,9.000000,8.230000,8.300000,8.024021,167300
2018-12-20,8.270000,8.430000,8.240000,8.340000,8.062690,141000
2018-12-21,8.250000,8.424000,7.990000,8.090000,7.821002,361400
2018-12-24,8.010000,8.270000,7.960000,8.120000,7.850005,97300
2018-12-26,8.210000,8.450000,7.920000,8.440000,8.159363,128600
2018-12-27,8.400000,8.620000,8.150000,8.410000,8.130363,103200
2018-12-28,8.450000,8.990000,8.450000,8.920000,8.623405,119900
2018-12-31,8.970000,9.140000,8.710000,9.020000,8.720080,91500
2019-01-02,8.930000,9.300000,8.900000,9.180000,8.874762,112700
2019-01-03,9.110000,9.360000,9.050000,9.210000,8.903763,58000
2019-01-04,9.220000,9.600000,9.210000,9.510000,9.193788,55300
2019-01-07,9.480000,9.600000,9.395000,9.600000,9.280794,33100
2019-01-08,9.680000,9.760000,9.550000,9.680000,9.358135,63700
2019-01-09,9.730000,9.810000,9.650000,9.720000,9.396805,29400
2019-01-10,9.660000,9.730000,9.555000,9.660000,9.338799,34000
2019-01-11,9.610000,9.810000,9.550000,9.720000,9.396805,38900
2019-01-14,9.670000,9.800000,9.610000,9.610000,9.290462,22500
2019-01-15,9.640000,9.720000,9.500000,9.500000,9.184119,79300
2019-01-16,9.500000,9.780000,9.500000,9.660000,9.338799,194500
2019-01-17,9.630000,9.860000,9.630000,9.760000,9.435474,50400
2019-01-18,9.760000,9.970000,9.760000,9.960000,9.628825,42000
2019-01-22,9.890000,10.075000,9.620000,9.720000,9.396805,67300
2019-01-23,9.820000,9.820000,9.500000,9.580000,9.261459,57500
2019-01-24,9.770000,9.790000,9.500000,9.790000,9.464478,132600
2019-01-25,9.840000,10.285000,9.800000,10.010000,9.677162,158600
2019-01-28,10.260000,10.260000,9.900000,9.970000,9.638493,24100
2019-01-29,9.210000,9.990000,9.210000,9.560000,9.242126,64400
2019-01-30,9.450000,9.550000,9.400000,9.480000,9.164784,74300
2019-01-31,9.470000,9.500000,9.250000,9.450000,9.135782,48100
2019-02-01,9.540000,9.540000,9.430000,9.510000,9.193788,22000
2019-02-04,9.550000,9.720000,9.480000,9.720000,9.396805,29500
2019-02-05,9.700000,9.710000,9.620000,9.690000,9.367802,42300
2019-02-06,9.680000,9.870000,9.680000,9.810000,9.483812,59100
2019-02-07,9.790000,9.900000,9.690000,9.750000,9.481867,23600
2019-02-08,9.690000,9.850000,9.660000,9.720000,9.452691,42200
2019-02-11,9.720000,9.920000,9.720000,9.900000,9.627742,76800
2019-02-12,9.970000,10.250000,9.900000,10.160000,9.880590,47700
2019-02-13,10.387000,10.400000,10.200000,10.370000,10.084816,30300
2019-02-14,10.370000,10.470000,10.300000,10.410000,10.123715,120300
2019-02-15,10.460000,10.600000,10.370000,10.420000,10.133441,63400
2019-02-19,10.400000,10.600000,10.380000,10.550000,10.259867,52600
2019-02-20,10.540000,10.600000,10.524000,10.590000,10.298766,32100
2019-02-21,10.600000,10.650000,10.430000,10.600000,10.308491,22800
2019-02-22,10.610000,10.690000,10.600000,10.650000,10.357115,36000
2019-02-25,10.700000,10.930000,10.680000,10.720000,10.425190,66900
2019-02-26,10.613000,10.740000,10.570000,10.570000,10.279316,68600
2019-02-27,10.560000,10.700000,10.300000,10.400000,10.113990,36200
2019-02-28,10.480000,10.620000,10.400000,10.460000,10.172341,43700
2019-03-01,10.370000,10.610000,10.370000,10.470000,10.182065,65800
2019-03-04,10.480000,10.480000,10.210000,10.320000,10.036192,116100
2019-03-05,10.340000,10.480000,10.300000,10.420000,10.133441,39800
2019-03-06,10.370000,10.420000,10.200000,10.260000,9.977841,83100
2019-03-07,10.190000,10.280000,10.020000,10.170000,9.890315,41900
2019-03-08,10.120000,10.260000,10.050000,10.070000,9.793065,262200
2019-03-11,10.060000,10.245000,10.060000,10.090000,9.812516,83000
2019-03-12,10.090000,10.160000,10.070000,10.110000,9.831965,70700
2019-03-13,10.110000,10.270000,10.070000,10.100000,9.822242,176200
2019-03-14,10.100000,10.280000,10.050000,10.230000,9.948666,72500
2019-03-15,10.230000,10.420000,10.200000,10.360000,10.075091,179200
2019-03-18,10.360000,10.500000,10.360000,10.420000,10.133441,20400
2019-03-19,10.440000,10.450000,10.220000,10.220000,9.938942,15400
2019-03-20,10.200000,10.330000,10.035000,10.130000,9.851417,40300
2019-03-21,10.070000,10.140000,9.950000,10.000000,9.724992,288700
2019-03-22,9.680000,9.992000,9.630000,9.740000,9.472141,175200
2019-03-25,9.780000,9.960000,9.670000,9.880000,9.608292,50000
2019-03-26,9.950000,10.020000,9.865000,9.980000,9.705541,70800
2019-03-27,9.940000,10.010000,9.900000,9.970000,9.695816,60100
2019-03-28,9.950000,10.000000,9.880000,9.990000,9.715266,55300
2019-03-29,9.990000,10.140000,9.910000,10.100000,9.822242,134200
2019-04-01,10.170000,10.430000,10.170000,10.390000,10.104266,128800
2019-04-02,10.350000,10.480000,10.320000,10.450000,10.162617,28000
2019-04-03,10.550000,10.690000,10.505000,10.570000,10.279316,27400
2019-04-04,10.580000,10.690000,10.490000,10.620000,10.327940,46200
2019-04-05,10.630000,10.780000,10.630000,10.760000,10.464090,18200
2019-04-08,10.730000,10.840000,10.720000,10.780000,10.483541,21300
2019-04-09,10.770000,10.780000,10.570000,10.570000,10.279316,39700
2019-04-10,10.580000,10.790000,10.580000,10.780000,10.483541,25100
2019-04-11,10.820000,10.855000,10.685000,10.690000,10.396016,21700
2019-04-12,10.760000,10.829000,10.620000,10.720000,10.425190,25500
2019-04-15,10.650000,10.690000,10.475000,10.600000,10.308491,63900
2019-04-16,10.630000,10.810000,10.620000,10.790000,10.493266,16000
2019-04-17,10.820000,10.920000,10.740000,10.780000,10.483541,18300
2019-04-18,10.700000,10.780000,10.580000,10.640000,10.347391,29700
2019-04-22,10.630000,10.720000,10.470000,10.510000,10.220966,14400
2019-04-23,10.550000,10.770000,10.520000,10.580000,10.289041,74700
2019-04-24,10.540000,10.790000,10.530000,10.750000,10.454366,30000
2019-04-25,10.670000,10.670000,10.240000,10.540000,10.250141,16700
2019-04-26,10.540000,10.680000,10.540000,10.570000,10.279316,18800
2019-04-29,10.570000,10.740000,10.491000,10.710000,10.415465,39700
2019-04-30,10.910000,11.000000,10.530000,10.530000,10.240415,171800
2019-05-01,10.560000,10.560000,9.745000,10.440000,10.152891,166200
2019-05-02,10.470000,10.605000,10.380000,10.480000,10.191791,41400
2019-05-03,10.560000,10.590000,10.370000,10.500000,10.211242,101900
2019-05-06,10.380000,10.550000,9.750000,10.350000,10.065366,300000
2019-05-07,10.300000,10.480000,10.300000,10.400000,10.113990,111900
2019-05-08,10.350000,10.690000,10.310000,10.390000,10.160933,56500
2019-05-09,10.340000,10.410000,10.300000,10.400000,10.170711,56500
2019-05-10,10.150000,10.400000,10.150000,10.370000,10.141374,76600
2019-05-13,10.210000,10.420000,10.210000,10.320000,10.092476,55900
2019-05-14,10.350000,10.400000,10.270000,10.270000,10.043579,43100
2019-05-15,10.210000,10.315000,10.190000,10.200000,9.975121,56600
2019-05-16,10.210000,10.310000,10.120000,10.150000,9.926223,82700
2019-05-17,10.100000,10.380000,10.100000,10.140000,9.916445,55300
2019-05-20,10.130000,10.370000,10.110000,10.240000,10.014239,58100
2019-05-21,10.300000,10.300000,10.190000,10.200000,9.975121,60000
2019-05-22,10.160000,10.305000,10.065000,10.100000,9.877326,52300
2019-05-23,10.040000,10.390000,9.920000,10.010000,9.789310,85100
2019-05-24,10.050000,10.290000,10.020000,10.140000,9.916445,93800
2019-05-28,10.150000,10.400000,10.090000,10.130000,9.906666,86800
2019-05-29,10.050000,10.160000,10.050000,10.110000,9.887105,52000
2019-05-30,10.130000,10.220000,10.000000,10.050000,9.828429,132300
2019-05-31,9.970000,10.160000,9.940000,9.950000,9.730634,66600
2019-06-03,9.960000,10.250000,9.930000,10.170000,9.945783,80700
2019-06-04,10.120000,10.330000,10.120000,10.280000,10.053357,142900
2019-06-05,10.270000,10.330000,10.200000,10.260000,10.033799,51200
2019-06-06,10.250000,10.330000,10.150000,10.270000,10.043579,43900
2019-06-07,10.280000,10.370000,10.205000,10.350000,10.121815,58700
2019-06-10,10.340000,10.550000,10.200000,10.240000,10.014239,99700
2019-06-11,10.240000,10.370000,10.235000,10.300000,10.072917,196600
2019-06-12,10.300000,10.550000,10.270000,10.390000,10.160933,173200
2019-06-13,10.430000,10.490000,10.330000,10.420000,10.190271,83400
2019-06-14,10.290000,10.620000,10.290000,10.590000,10.356524,37900
2019-06-17,10.250000,10.590000,10.250000,10.430000,10.200051,17400
2019-06-18,10.450000,10.630000,10.390000,10.490000,10.258727,42300
2019-06-19,10.490000,10.610000,10.320000,10.350000,10.121815,86000
2019-06-20,10.410000,10.430000,10.200000,10.250000,10.024019,67200
2019-06-21,10.230000,10.559000,10.230000,10.390000,10.160933,111200
2019-06-24,10.230000,10.540000,10.230000,10.330000,10.102256,85700
2019-06-25,10.350000,10.520000,10.300000,10.480000,10.248947,77600
2019-06-26,10.490000,10.580000,10.340000,10.350000,10.121815,105000
2019-06-27,10.780000,10.780000,10.500000,10.760000,10.522776,247100
2019-06-28,10.830000,11.140000,10.790000,10.890000,10.649909,407000
2019-07-01,11.000000,11.130000,10.920000,11.070000,10.825941,95100
2019-07-02,11.030000,11.150000,10.969000,11.050000,10.806382,52800
2019-07-03,11.100000,11.260000,11.040000,11.070000,10.825941,51700
2019-07-05,11.050000,11.340000,11.050000,11.270000,11.021531,56400
2019-07-08,11.240000,11.240000,11.070000,11.150000,10.904177,32000
2019-07-09,11.090000,11.220000,11.090000,11.210000,10.962853,23600
2019-07-10,11.210000,11.350000,11.090000,11.140000,10.894398,96000
2019-07-11,11.100000,11.170000,10.970000,11.020000,10.777042,40500
2019-07-12,11.030000,11.240000,11.000000,11.200000,10.953074,43300
2019-07-15,11.120000,11.140000,11.030000,11.110000,10.865059,45900
2019-07-16,11.100000,11.100000,10.930000,10.960000,10.718366,36600
2019-07-17,10.880000,10.890000,10.730000,10.740000,10.503216,28700
2019-07-18,10.740000,10.820000,10.680000,10.820000,10.581453,42900
2019-07-19,10.760000,10.935000,10.760000,10.890000,10.649909,31800
2019-07-22,10.890000,10.890000,10.800000,10.840000,10.601011,20600
2019-07-23,10.860000,10.940000,10.610000,10.930000,10.689027,26600
2019-07-24,10.890000,11.150000,10.830000,11.110000,10.865059,22700
2019-07-25,11.110000,11.180000,10.980000,11.010000,10.767264,25000
2019-07-26,10.980000,11.270000,10.980000,11.210000,10.962853,42700
2019-07-29,11.200000,11.250000,11.080000,11.110000,10.865059,25300
2019-07-30,11.020000,11.530000,11.020000,11.280000,11.031311,47900
2019-07-31,11.240000,11.300000,11.090000,11.160000,10.913956,48500
2019-08-01,11.120000,11.250000,10.890000,10.890000,10.649909,42100
2019-08-02,10.900000,11.020000,10.720000,10.720000,10.483657,19000
2019-08-05,10.590000,10.620000,10.270000,10.370000,10.141374,41700
2019-08-06,10.370000,10.505000,10.250000,10.450000,10.219610,23300
2019-08-07,10.230000,10.390000,10.230000,10.320000,10.148805,30300
2019-08-08,10.330000,10.610000,10.330000,10.540000,10.365154,31400
2019-08-09,10.520000,10.660000,10.450000,10.470000,10.296315,21400
2019-08-12,10.380000,10.560000,10.380000,10.530000,10.355320,28400
2019-08-13,10.500000,10.640000,10.470000,10.510000,10.335653,11100
2019-08-14,10.390000,10.460000,10.300000,10.330000,10.158639,28900
2019-08-15,10.345000,10.350000,10.190000,10.200000,10.030795,43200
2019-08-16,10.260000,10.770000,10.260000,10.770000,10.591339,64000
2019-08-19,10.890000,10.890000,10.630000,10.650000,10.473330,23800
2019-08-20,10.630000,10.800000,10.580000,10.700000,10.522500,34800
2019-08-21,10.652000,10.750000,10.600000,10.630000,10.453662,14600
2019-08-22,10.660000,10.700000,10.600000,10.600000,10.424160,11600
2019-08-23,10.700000,10.700000,10.460000,10.460000,10.286482,67900
2019-08-26,10.570000,10.660000,10.540000,10.650000,10.473330,25800
2019-08-27,10.710000,10.710000,10.420000,10.430000,10.256980,50200
2019-08-28,10.465000,10.710000,10.465000,10.530000,10.355320,28300
2019-08-29,10.620000,10.685000,10.500000,10.530000,10.355320,46600
2019-08-30,10.500000,10.500000,10.420000,10.460000,10.286482,31000
2019-09-03,10.380000,10.475000,10.250000,10.320000,10.148805,47300
2019-09-04,10.420000,10.490000,10.230000,10.390000,10.217644,105700
2019-09-05,10.560000,10.810000,10.510000,10.630000,10.453662,35300
2019-09-06,10.640000,10.680000,10.580000,10.620000,10.443828,17000
2019-09-09,10.710000,10.905000,10.550000,10.800000,10.620842,37500
2019-09-10,10.850000,11.120000,10.680000,11.040000,10.856860,30000
2019-09-11,11.090000,11.350000,11.070000,11.300000,11.112548,24000
2019-09-12,11.280000,11.620000,11.050000,11.520000,11.328898,44600
2019-09-13,11.640000,11.640000,11.540000,11.550000,11.358400,33200
2019-09-16,11.500000,11.620000,11.370000,11.410000,11.220722,19600
2019-09-17,11.330000,11.415000,11.110000,11.290000,11.102714,16200
2019-09-18,11.320000,11.545000,11.190000,11.430000,11.240392,26700
2019-09-19,11.490000,11.550000,11.260000,11.310000,11.122382,28000
2019-09-20,11.270000,11.440000,11.190000,11.420000,11.230557,115500
2019-09-23,11.320000,11.550000,11.230000,11.490000,11.299396,23800
2019-09-24,11.400000,11.400000,11.250000,11.390000,11.201054,61500
2019-09-25,11.420000,11.550000,11.235000,11.470000,11.279728,24900
2019-09-26,11.400000,11.490000,11.330000,11.350000,11.161718,16500
2019-09-27,11.430000,11.460000,11.200000,11.200000,11.014206,24700
2019-09-30,11.200000,11.460000,11.110000,11.330000,11.142050,23400
2019-10-01,11.450000,11.490000,11.030000,11.090000,10.906031,29300
2019-10-02,11.020000,11.150000,10.910000,10.930000,10.748685,18500
2019-10-03,10.840000,11.000000,10.750000,10.850000,10.670012,18500
2019-10-04,10.940000,10.940000,10.750000,10.780000,10.601173,13800
2019-10-07,10.750000,10.830000,10.720000,10.780000,10.601173,34300
2019-10-08,10.650000,10.840000,10.620000,10.780000,10.601173,19000
2019-10-09,10.770000,10.930000,10.760000,10.820000,10.640511,13000
2019-10-10,10.890000,10.950000,10.730000,10.790000,10.611008,14900
2019-10-11,10.940000,11.240000,10.940000,11.060000,10.876530,25900
2019-10-14,11.090000,11.200000,10.820000,10.900000,10.719182,7900
2019-10-15,10.920000,11.120000,10.880000,11.000000,10.817524,21000
2019-10-16,11.020000,11.050000,10.980000,11.020000,10.837192,12200
2019-10-17,11.020000,11.020000,10.760000,11.020000,10.837192,30100
2019-10-18,10.930000,11.060000,10.930000,10.960000,10.778188,24400
2019-10-21,11.000000,11.140000,10.910000,11.110000,10.925699,22300
2019-10-22,11.030000,11.230000,11.030000,11.090000,10.906031,9900
2019-10-23,10.880000,11.000000,10.870000,11.000000,10.817524,11000
2019-10-24,11.090000,11.190000,11.090000,11.140000,10.955202,16000
2019-10-25,11.080000,11.580000,11.080000,11.450000,11.260058,14200
2019-10-28,11.450000,11.960000,11.450000,11.890000,11.692760,17600
2019-10-29,11.830000,11.990000,11.760000,11.790000,11.594419,22500
2019-10-30,11.730000,11.730000,11.590000,11.650000,11.456741,21500
2019-10-31,11.550000,11.620000,11.460000,11.570000,11.378067,22200
2019-11-01,11.710000,11.770000,11.262000,11.660000,11.524347,13100
2019-11-04,11.730000,11.825000,11.610000,11.730000,11.593533,15500
2019-11-05,11.710000,11.840000,11.610000,11.790000,11.652834,21200
2019-11-06,11.750000,11.990000,11.690000,11.840000,11.702253,18900
2019-11-07,11.950000,11.980000,11.530000,11.830000,11.692369,49900
2019-11-08,11.803000,11.970000,11.760000,11.770000,11.633067,26900
2019-11-11,11.770000,11.950000,11.720000,11.800000,11.662719,31000
2019-11-12,11.800000,11.800000,11.730000,11.760000,11.623184,16100
2019-11-13,11.640000,11.800000,11.640000,11.690000,11.553998,10700
2019-11-14,11.710000,11.900000,11.630000,11.720000,11.583649,14400
2019-11-15,11.800000,11.957000,11.630000,11.680000,11.544114,10800
2019-11-18,11.600000,11.730000,11.550000,11.650000,11.514462,17300
2019-11-19,11.610000,11.850000,11.610000,11.650000,11.514462,15800
2019-11-20,11.620000,11.830000,11.620000,11.630000,11.494696,25200
2019-11-21,11.620000,11.655000,11.520000,11.530000,11.395860,9800
2019-11-22,11.610000,11.630000,11.450000,11.450000,11.316790,8700
2019-11-25,11.355000,11.605000,11.205000,11.540000,11.405743,28500
2019-11-26,11.550000,11.600000,11.440000,11.560000,11.425510,15200
2019-11-27,11.530000,11.640000,11.500000,11.610000,11.474928,11500
2019-11-29,11.610000,11.670000,11.480000,11.560000,11.425510,5100
2019-12-02,11.520000,11.520000,11.180000,11.370000,11.237721,14800
2019-12-03,11.065000,11.310000,11.065000,11.240000,11.109233,10900
2019-12-04,11.330000,11.450000,11.230000,11.250000,11.119117,13200
2019-12-05,11.300000,11.385000,11.220000,11.230000,11.099349,13500
2019-12-06,11.480000,11.490000,11.240000,11.240000,11.109233,55800
2019-12-09,11.170000,11.360000,11.100000,11.100000,10.970862,39000
2019-12-10,11.000000,11.230000,11.000000,11.100000,10.970862,31300
2019-12-11,11.160000,11.480000,11.040000,11.450000,11.316790,30000
2019-12-12,11.490000,11.680000,11.230000,11.500000,11.366208,40900
2019-12-13,11.210000,11.540000,11.210000,11.500000,11.366208,33600
2019-12-16,11.480000,11.500000,11.350000,11.350000,11.217955,21100
2019-12-17,11.347000,11.530000,11.347000,11.430000,11.297023,17300
2019-12-18,11.500000,11.500000,11.430000,11.430000,11.297023,25100
2019-12-19,11.420000,11.540000,11.420000,11.490000,11.356324,160700
2019-12-20,11.490000,11.710000,11.440000,11.440000,11.306907,175200
2019-12-23,11.460000,11.700000,11.430000,11.670000,11.534231,27100
2019-12-24,11.580000,11.740000,11.580000,11.660000,11.524347,3800
2019-12-26,11.620000,11.790000,11.480000,11.500000,11.366208,22500
2019-12-27,11.490000,11.560000,11.460000,11.540000,11.405743,38000
2019-12-30,11.700000,11.700000,11.360000,11.510000,11.376093,24900
2019-12-31,11.510000,11.640000,11.470000,11.530000,11.395860,27700
2020-01-02,11.520000,11.640000,11.420000,11.620000,11.484813,22700
2020-01-03,11.540000,11.780000,11.350000,11.610000,11.474928,22500
2020-01-06,11.540000,11.780000,11.510000,11.690000,11.553998,15300
2020-01-07,11.630000,11.660000,11.510000,11.580000,11.445277,8800
2020-01-08,11.550000,11.750000,11.550000,11.660000,11.524347,15200
2020-01-09,11.690000,11.690000,11.580000,11.610000,11.474928,7600
2020-01-10,11.060000,11.710000,11.060000,11.700000,11.563881,29800
2020-01-13,11.680000,11.790000,11.650000,11.790000,11.652834,28700
2020-01-14,11.720000,11.790000,11.665000,11.750000,11.613300,31200
2020-01-15,11.690000,11.760000,11.500000,11.540000,11.405743,123500
2020-01-16,11.590000,11.770000,11.590000,11.760000,11.623184,27300
2020-01-17,11.790000,11.790000,11.364000,11.500000,11.366208,24300
2020-01-21,11.420000,11.620000,11.420000,11.600000,11.465046,38800
2020-01-22,11.600000,11.820000,11.555000,11.780000,11.642951,19800
2020-01-23,11.750000,11.850000,11.720000,11.840000,11.702253,25400
2020-01-24,11.790000,11.815000,11.680000,11.740000,11.603415,37400
2020-01-27,11.460000,11.720000,11.460000,11.680000,11.544114,15100
2020-01-28,11.820000,11.840000,11.550000,11.730000,11.593533,27500
2020-01-29,11.360000,11.580000,10.780000,10.780000,10.654585,30000
2020-01-30,10.790000,10.790000,10.460000,10.700000,10.575515,34500
2020-01-31,10.610000,10.790000,10.290000,10.310000,10.190053,40100
2020-02-03,10.280000,11.110000,10.280000,11.060000,10.931328,43000
2020-02-04,11.200000,11.200000,10.820000,10.850000,10.723771,8100
2020-02-05,10.930000,11.020000,10.860000,10.970000,10.842375,17000
2020-02-06,10.960000,10.990000,10.820000,10.910000,10.840387,51800
2020-02-07,10.790000,10.940000,10.790000,10.920000,10.850324,22400
2020-02-10,10.850000,11.010000,10.850000,11.010000,10.939750,10200
2020-02-11,10.940000,11.200000,10.910000,10.910000,10.840387,8300
2020-02-12,10.920000,11.020000,10.900000,10.990000,10.919877,12600
2020-02-13,10.960000,11.000000,10.960000,10.980000,10.909941,5800
2020-02-14,10.900000,11.010000,10.790000,10.860000,10.790706,47100
2020-02-18,10.800000,10.960000,10.760000,10.840000,10.770834,31100
2020-02-19,10.940000,11.010000,10.880000,10.930000,10.860260,19800
2020-02-20,10.870000,10.990000,10.850000,10.900000,10.830451,5800
2020-02-21,10.930000,10.930000,10.730000,10.870000,10.800643,24600
2020-02-24,10.650000,10.720000,10.630000,10.660000,10.591983,31500
2020-02-25,10.630000,10.630000,10.500000,10.620000,10.552238,48400
2020-02-26,10.690000,10.790000,10.630000,10.740000,10.671472,36100
2020-02-27,10.490000,10.785000,10.430000,10.460000,10.393259,60700
2020-02-28,10.020000,10.460000,10.020000,10.430000,10.363450,128000
2020-03-02,10.400000,10.730000,10.360000,10.700000,10.631727,38900
2020-03-03,10.610000,10.750000,10.210000,10.250000,10.184599,90000
2020-03-04,10.500000,10.550000,10.160000,10.210000,10.144854,139900
2020-03-05,10.070000,10.240000,9.960000,10.010000,9.946130,133400
2020-03-06,9.770000,10.130000,9.770000,10.120000,10.055429,62400
2020-03-09,9.850000,9.900000,9.340000,9.470000,9.409575,147900
2020-03-10,9.690000,9.710000,8.915000,9.210000,9.151235,341100
2020-03-11,9.050000,9.050000,8.590000,8.620000,8.564999,231300
2020-03-12,8.330000,8.620000,8.040000,8.070000,8.018508,312200
2020-03-13,8.200000,9.910000,8.200000,8.610000,8.555062,109500
2020-03-16,8.700000,8.850000,8.160000,8.180000,8.127807,586600
2020-03-17,8.300000,8.910000,8.260000,8.860000,8.803468,168400
2020-03-18,8.550000,8.850000,7.770000,7.790000,7.740295,130900
2020-03-19,7.780000,8.320000,7.670000,8.090000,8.038381,138300
2020-03-20,8.000000,8.270000,7.220000,7.530000,7.481954,180500
2020-03-23,7.390000,7.990000,6.760000,7.850000,7.799912,541400
2020-03-24,8.100000,8.650000,8.100000,8.620000,8.564999,101300
2020-03-25,8.680000,9.300000,8.225000,8.920000,8.863085,94700
2020-03-26,7.370000,9.310000,7.370000,9.190000,9.131362,119100
2020-03-27,9.110000,9.110000,8.450000,8.590000,8.535191,83100
2020-03-30,8.700000,8.960000,7.830000,8.960000,8.902830,493300
2020-03-31,8.810000,9.673000,8.810000,9.170000,9.111490,199200
2020-04-01,8.880000,9.560000,8.220000,8.260000,8.207296,209600
2020-04-02,8.210000,9.320000,8.210000,9.260000,9.200915,169700
2020-04-03,9.360000,9.540000,8.580000,8.960000,8.902830,164300
2020-04-06,9.320000,9.320000,8.410000,8.750000,8.694170,413500
2020-04-07,8.950000,9.210000,8.690000,8.750000,8.694170,107600
2020-04-08,8.840000,9.480000,8.780000,9.360000,9.300277,109000
2020-04-09,9.550000,10.685000,9.550000,10.530000,10.462811,108400
2020-04-13,10.590000,10.590000,9.180000,9.270000,9.210852,233900
2020-04-14,9.360000,9.922000,9.060000,9.160000,9.101553,87800
2020-04-15,8.730000,9.020000,8.470000,8.500000,8.445765,101700
2020-04-16,8.510000,8.780000,8.140000,8.650000,8.594808,153200
2020-04-17,8.850000,9.730000,8.850000,9.680000,9.618236,155900
2020-04-20,9.350000,9.860000,9.240000,9.450000,9.389703,235300
2020-04-21,9.080000,9.540000,9.080000,9.440000,9.379766,97300
2020-04-22,9.570000,9.720000,9.330000,9.410000,9.349958,92800
2020-04-23,9.410000,9.840000,9.410000,9.670000,9.608299,114100
2020-04-24,9.670000,9.940000,9.450000,9.710000,9.648045,103300
2020-04-27,9.790000,10.080000,9.550000,9.950000,9.886513,273800
2020-04-28,10.240000,10.650000,10.010000,10.520000,10.452876,132400
2020-04-29,10.890000,11.270000,10.660000,11.020000,10.949686,168600
2020-04-30,10.580000,10.930000,9.870000,10.760000,10.691345,99600
2020-05-01,10.450000,10.650000,10.320000,10.570000,10.502557,85100
2020-05-04,10.430000,10.430000,9.520000,9.620000,9.558619,166400
2020-05-05,10.100000,10.640000,8.960000,9.010000,8.952511,141900
2020-05-06,9.120000,9.400000,8.920000,9.200000,9.141298,119900
2020-05-07,9.210000,9.500000,8.970000,9.210000,9.151235,126900
2020-05-08,9.420000,9.530000,9.080000,9.490000,9.429448,123900
2020-05-11,9.280000,9.500000,8.980000,9.300000,9.240661,166200
2020-05-12,9.340000,9.410000,8.960000,9.090000,9.032001,128900
2020-05-13,8.910000,8.910000,8.340000,8.690000,8.690000,118100
2020-05-14,8.430000,8.620000,7.980000,8.540000,8.540000,121600
2020-05-15,8.590000,8.870000,8.340000,8.770000,8.770000,117500
2020-05-18,9.180000,9.780000,9.030000,9.680000,9.680000,122200
2020-05-19,9.600000,9.600000,8.520000,9.240000,9.240000,73200
2020-05-20,9.300000,9.850000,9.150000,9.700000,9.700000,127600
2020-05-21,9.600000,10.090000,9.070000,9.940000,9.940000,138200
2020-05-22,9.990000,10.230000,9.600000,10.170000,10.170000,146800
2020-05-26,10.670000,11.100000,10.490000,10.570000,10.570000,255000
2020-05-27,10.850000,11.240000,10.650000,11.150000,11.150000,181200
2020-05-28,11.340000,11.340000,10.520000,10.540000,10.540000,87800
2020-05-29,10.390000,10.530000,10.110000,10.280000,10.280000,116200
2020-06-01,10.350000,10.420000,10.050000,10.110000,10.110000,80900
2020-06-02,10.210000,10.240000,9.780000,9.930000,9.930000,47900
2020-06-03,10.140000,10.510000,9.920000,10.260000,10.260000,73600
2020-06-04,10.140000,10.460000,10.050000,10.400000,10.400000,68400
2020-06-05,10.970000,11.180000,10.800000,11.010000,11.010000,96800
2020-06-08,11.000000,11.190000,10.780000,11.000000,11.000000,98500
2020-06-09,10.760000,11.240000,10.580000,11.010000,11.010000,74600
2020-06-10,10.880000,10.930000,10.340000,10.370000,10.370000,49100
2020-06-11,9.830000,9.970000,9.300000,9.330000,9.330000,83600
2020-06-12,9.280000,9.660000,9.280000,9.630000,9.630000,84600
2020-06-15,9.250000,9.595000,9.090000,9.500000,9.500000,76300
2020-06-16,9.910000,9.930000,9.480000,9.740000,9.740000,60300
2020-06-17,9.750000,9.750000,9.200000,9.260000,9.260000,52200
2020-06-18,9.120000,9.340000,9.115000,9.190000,9.190000,37000
2020-06-19,9.220000,9.220000,8.640000,9.180000,9.180000,206800
2020-06-22,9.030000,9.140000,8.840000,9.100000,9.100000,88500
2020-06-23,9.200000,9.270000,9.060000,9.100000,9.100000,43900
2020-06-24,8.930000,9.120000,8.740000,8.810000,8.810000,74100
2020-06-25,8.800000,9.320000,8.680000,9.310000,9.310000,91400
2020-06-26,9.140000,9.790000,8.830000,9.650000,9.650000,422000
2020-06-29,9.880000,9.880000,9.560000,9.650000,9.650000,129900
2020-06-30,9.620000,10.100000,9.620000,10.000000,10.000000,84700
2020-07-01,9.990000,10.030000,9.480000,9.480000,9.480000,34300
2020-07-02,9.740000,9.830000,9.380000,9.430000,9.430000,47900
2020-07-06,9.650000,9.760000,9.330000,9.450000,9.450000,33900
2020-07-07,9.360000,9.750000,9.060000,9.090000,9.090000,49700
2020-07-08,9.050000,9.180000,8.790000,9.070000,9.070000,53200
2020-07-09,8.980000,9.040000,8.700000,8.850000,8.850000,39300