Date,Open,High,Low,Close,Adj Close,Volume
2015-07-02,44.009998,56.099998,44.009998,49.610001,49.610001,750900
2015-07-06,49.490002,50.119999,46.639999,50.000000,50.000000,799700
2015-07-07,49.860001,50.445000,46.349998,46.910000,46.910000,426800
2015-07-08,45.919998,46.974998,44.290001,44.634998,44.634998,801500
2015-07-09,44.419998,45.020000,42.716000,43.060001,43.060001,648600
2015-07-10,41.610001,45.169998,41.599998,44.450001,44.450001,848600
2015-07-13,43.959999,48.029999,43.240002,47.830002,47.830002,693800
2015-07-14,47.730000,47.730000,45.180000,46.110001,46.110001,377800
2015-07-15,45.750000,45.939999,45.000000,45.779999,45.779999,211400
2015-07-16,45.810001,46.139999,45.330002,45.849998,45.849998,324300
2015-07-17,46.020000,50.189999,45.689999,49.610001,49.610001,300000
2015-07-20,49.770000,49.770000,47.810001,48.389999,48.389999,187200
2015-07-21,48.590000,48.619999,47.130001,47.349998,47.349998,149000
2015-07-22,47.570000,48.650002,46.779999,47.080002,47.080002,223600
2015-07-23,47.000000,47.150002,46.500000,46.590000,46.590000,95200
2015-07-24,46.540001,47.000000,45.090000,45.099998,45.099998,173100
2015-07-27,44.900002,45.299999,43.500000,43.759998,43.759998,200500
2015-07-28,44.060001,45.049999,42.400002,43.889999,43.889999,254800
2015-07-29,43.910000,44.310001,42.720001,43.060001,43.060001,140400
2015-07-30,42.759998,45.040001,42.759998,43.380001,43.380001,88100
2015-07-31,43.029999,45.000000,42.529999,42.759998,42.759998,231300
2015-08-03,43.599998,44.459000,42.320000,42.549999,42.549999,106900
2015-08-04,42.549999,43.090000,42.410000,42.959999,42.959999,203900
2015-08-05,43.060001,44.000000,42.560001,42.720001,42.720001,302200
2015-08-06,42.700001,42.700001,41.060001,41.580002,41.580002,194500
2015-08-07,41.560001,41.709999,39.540001,40.060001,40.060001,204400
2015-08-10,40.279999,40.435001,39.720001,40.119999,40.119999,309700
2015-08-11,40.000000,40.389999,39.250000,39.540001,39.540001,440400
2015-08-12,39.529999,39.625000,38.740002,38.900002,38.900002,361400
2015-08-13,38.910000,39.040001,38.500000,38.930000,38.930000,396700
2015-08-14,38.939999,39.630001,38.730000,39.310001,39.310001,104400
2015-08-17,39.250000,39.730000,38.970001,39.040001,39.040001,283000
2015-08-18,39.020000,39.230000,38.700001,38.880001,38.880001,205800
2015-08-19,38.450001,38.730000,38.049999,38.189999,38.189999,173900
2015-08-20,38.000000,38.040001,36.990002,37.060001,37.060001,149000
2015-08-21,36.680000,37.160000,36.450001,36.700001,36.700001,121800
2015-08-24,34.959999,36.590000,33.820000,35.139999,35.139999,171200
2015-08-25,36.080002,36.080002,33.150002,33.630001,33.630001,267600
2015-08-26,34.360001,34.360001,33.134998,33.500000,33.500000,144900
2015-08-27,33.619999,34.630001,33.619999,34.549999,34.549999,159000
2015-08-28,34.340000,35.150002,34.340000,34.919998,34.919998,104600
2015-08-31,34.910000,34.990002,34.099998,34.369999,34.369999,86100
2015-09-01,33.470001,34.330002,32.150002,32.250000,32.250000,147500
2015-09-02,33.020000,33.020000,32.130001,32.549999,32.549999,76400
2015-09-03,32.430000,33.580002,32.380001,33.000000,33.000000,41300
2015-09-04,32.610001,32.740002,31.934999,32.610001,32.610001,113700
2015-09-08,33.200001,35.200001,33.200001,34.910000,34.910000,116700
2015-09-09,35.230000,36.310001,35.080002,35.709999,35.709999,63500
2015-09-10,35.650002,38.650002,35.650002,38.369999,38.369999,104100
2015-09-11,38.000000,39.209999,37.869999,38.770000,38.770000,238800
2015-09-14,38.770000,39.250000,36.360001,36.599998,36.599998,91800
2015-09-15,36.410000,37.014999,36.299999,36.939999,36.939999,74300
2015-09-16,37.029999,37.080002,36.060001,36.490002,36.490002,66800
2015-09-17,36.549999,37.209999,36.500000,36.939999,36.939999,117700
2015-09-18,35.790001,36.650002,35.790001,36.330002,36.330002,268100
2015-09-21,36.570000,36.750000,35.820000,36.060001,36.060001,104500
2015-09-22,35.570000,35.619999,34.369999,34.439999,34.439999,83200
2015-09-23,34.500000,34.500000,33.950001,34.150002,34.150002,52000
2015-09-24,33.799999,35.044998,33.180000,34.860001,34.860001,160300
2015-09-25,34.669998,35.360001,34.439999,35.090000,35.090000,100000
2015-09-28,34.939999,35.049999,33.570000,33.750000,33.750000,64900
2015-09-29,33.689999,34.040001,33.520000,33.680000,33.680000,77500
2015-09-30,34.000000,34.000000,33.139999,33.689999,33.689999,78400
2015-10-01,33.820000,34.209999,33.650002,33.980000,33.980000,81500
2015-10-02,33.660000,34.970001,33.660000,34.939999,34.939999,53700
2015-10-05,35.180000,36.200001,35.180000,36.060001,36.060001,76400
2015-10-06,36.020000,36.630001,36.020000,36.520000,36.520000,41100
2015-10-07,36.639999,37.310001,36.400002,36.480000,36.480000,132100
2015-10-08,36.500000,36.799999,35.270000,35.610001,35.610001,54900
2015-10-09,35.630001,35.959999,35.009998,35.740002,35.740002,125500
2015-10-12,35.799999,36.290001,34.849998,35.000000,35.000000,100500
2015-10-13,34.650002,34.869999,33.820000,34.630001,34.630001,225700
2015-10-14,34.700001,35.830002,34.340000,34.950001,34.950001,72400
2015-10-15,34.919998,35.340000,34.099998,34.730000,34.730000,33900
2015-10-16,34.779999,34.970001,33.759998,34.340000,34.340000,119500
2015-10-19,34.220001,36.130001,34.220001,34.430000,34.430000,312100
2015-10-20,34.349998,34.759998,33.029999,33.779999,33.779999,59200
2015-10-21,33.910000,33.910000,32.820000,33.000000,33.000000,177500
2015-10-22,33.090000,38.099998,32.279999,37.540001,37.540001,709300
2015-10-23,37.689999,42.189999,37.340000,40.959999,40.959999,243600
2015-10-26,40.779999,41.020000,38.400002,38.880001,38.880001,119600
2015-10-27,39.000000,39.000000,37.660000,38.570000,38.570000,127600
2015-10-28,38.919998,40.049999,38.703999,39.509998,39.509998,34500
2015-10-29,39.369999,39.639999,38.730000,38.959999,38.959999,34900
2015-10-30,38.860001,39.389999,37.080002,38.619999,38.619999,69300
2015-11-02,38.790001,38.990002,38.160000,38.340000,38.340000,33800
2015-11-03,38.119999,38.660000,38.000000,38.520000,38.520000,78800
2015-11-04,38.639999,39.490002,37.119999,37.189999,37.189999,97800
2015-11-05,37.189999,37.500000,36.240002,36.610001,36.610001,46500
2015-11-06,36.500000,38.209999,35.990002,37.419998,37.419998,59900
2015-11-09,37.830002,37.830002,36.619999,37.169998,37.169998,42800
2015-11-10,37.340000,38.189999,37.000000,37.369999,37.369999,91900
2015-11-11,37.669998,38.209999,36.369999,36.970001,36.970001,60000
2015-11-12,36.500000,36.950001,35.880001,36.040001,36.040001,55100
2015-11-13,35.860001,36.610001,35.320000,36.410000,36.410000,94500
2015-11-16,36.410000,38.419998,35.580002,38.000000,38.000000,88800
2015-11-17,38.430000,38.860001,36.700001,36.990002,36.990002,113800
2015-11-18,37.130001,37.480000,36.430000,37.340000,37.340000,116500
2015-11-19,37.259998,38.070000,36.849998,37.869999,37.869999,57900
2015-11-20,38.279999,38.279999,37.310001,37.810001,37.810001,54300
2015-11-23,37.730000,37.840000,36.130001,36.970001,36.970001,117100
2015-11-24,36.720001,37.590000,35.009998,36.040001,36.040001,157100
2015-11-25,36.160000,38.180000,36.029999,36.450001,36.450001,265400
2015-11-27,36.360001,36.950001,35.709999,36.490002,36.490002,36900
2015-11-30,36.450001,37.639999,36.450001,37.549999,37.549999,144400
2015-12-01,37.709999,39.419998,37.455002,38.990002,38.990002,241100
2015-12-02,39.000000,41.000000,39.000000,40.770000,40.770000,151700
2015-12-03,41.040001,41.080002,39.400002,39.549999,39.549999,148200
2015-12-04,39.450001,39.450001,37.939999,38.560001,38.560001,55800
2015-12-07,38.459999,39.200001,37.320000,37.720001,37.720001,105400
2015-12-08,37.220001,37.580002,36.830002,37.389999,37.389999,112100
2015-12-09,37.220001,37.820000,37.180000,37.450001,37.450001,114600
2015-12-10,37.340000,37.889999,37.049999,37.340000,37.340000,209100
2015-12-11,36.950001,37.299999,36.750000,36.849998,36.849998,98400
2015-12-14,36.799999,36.910000,35.259998,35.869999,35.869999,262200
2015-12-15,35.669998,36.520000,35.180000,36.380001,36.380001,146000
2015-12-16,36.919998,37.930000,36.400002,37.410000,37.410000,144200
2015-12-17,37.160000,37.540001,36.970001,37.360001,37.360001,122200
2015-12-18,37.150002,38.540001,36.009998,38.080002,38.080002,741900
2015-12-21,38.590000,39.430000,38.490002,39.349998,39.349998,155700
2015-12-22,39.250000,40.730000,39.130001,40.669998,40.669998,119800
2015-12-23,40.750000,40.889999,40.009998,40.090000,40.090000,92400
2015-12-24,40.619999,40.619999,40.000000,40.220001,40.220001,25900
2015-12-28,40.110001,40.330002,39.369999,39.990002,39.990002,38200
2015-12-29,40.139999,40.509998,39.349998,40.369999,40.369999,91000
2015-12-30,40.259998,40.889999,40.174999,40.360001,40.360001,30100
2015-12-31,40.340000,41.900002,40.139999,41.369999,41.369999,76400
2016-01-04,40.820000,41.139999,38.930000,39.099998,39.099998,127900
2016-01-05,39.189999,39.570000,37.919998,38.900002,38.900002,98700
2016-01-06,38.330002,39.000000,37.560001,38.730000,38.730000,23300
2016-01-07,38.099998,38.529999,37.410000,37.750000,37.750000,82400
2016-01-08,37.849998,38.230000,37.340000,37.889999,37.889999,71600
2016-01-11,37.840000,38.310001,37.400002,37.869999,37.869999,95400
2016-01-12,38.209999,38.209999,37.279999,37.740002,37.740002,153900
2016-01-13,37.860001,38.299999,37.000000,37.099998,37.099998,72100
2016-01-14,37.139999,38.380001,36.689999,37.520000,37.520000,67500
2016-01-15,36.540001,36.740002,34.610001,35.340000,35.340000,124900
2016-01-19,35.830002,36.070000,35.099998,35.910000,35.910000,91700
2016-01-20,35.270000,35.270000,33.233002,33.840000,33.840000,390300
2016-01-21,33.939999,34.230999,32.919998,33.380001,33.380001,183400
2016-01-22,33.880001,34.330002,33.320000,34.070000,34.070000,99400
2016-01-25,33.930000,34.310001,32.790001,33.840000,33.840000,147900
2016-01-26,34.040001,34.299999,32.529999,34.250000,34.250000,103800
2016-01-27,34.200001,34.680000,33.709999,33.880001,33.880001,127500
2016-01-28,34.099998,34.410000,33.200001,33.650002,33.650002,106900
2016-01-29,33.840000,35.240002,30.965000,35.200001,35.200001,54500
2016-02-01,35.049999,36.259998,34.119999,36.070000,36.070000,59900
2016-02-02,35.650002,36.040001,34.000000,35.869999,35.869999,106100
2016-02-03,36.009998,36.009998,34.709999,35.580002,35.580002,53900
2016-02-04,35.450001,37.150002,33.939999,36.540001,36.540001,59700
2016-02-05,36.450001,36.490002,35.209999,36.029999,36.029999,55300
2016-02-08,35.520000,36.000000,33.259998,33.750000,33.750000,77900
2016-02-09,33.160000,34.450001,32.040001,32.500000,32.500000,71500
2016-02-10,32.740002,33.130001,32.419998,32.799999,32.799999,40600
2016-02-11,32.380001,32.689999,31.920000,32.270000,32.270000,36600
2016-02-12,32.480000,32.480000,32.049999,32.180000,32.180000,65700
2016-02-16,32.689999,33.380001,32.200001,33.160000,33.160000,136200
2016-02-17,33.230000,34.270000,32.099998,33.990002,33.990002,132800
2016-02-18,34.400002,34.590000,33.380001,33.459999,33.459999,45800
2016-02-19,33.340000,33.340000,32.505001,32.669998,32.669998,90300
2016-02-22,33.080002,33.619999,32.599998,33.549999,33.549999,97600
2016-02-23,33.480000,33.790001,32.165001,32.770000,32.770000,58200
2016-02-24,32.279999,32.529999,31.320000,32.009998,32.009998,159600
2016-02-25,32.290001,32.570000,31.719999,32.380001,32.380001,91600
2016-02-26,32.570000,33.349998,32.215000,33.150002,33.150002,52300
2016-02-29,33.330002,34.029999,32.400002,33.950001,33.950001,87400
2016-03-01,34.209999,35.009998,33.650002,34.560001,34.560001,37300
2016-03-02,34.570000,35.220001,34.200001,35.049999,35.049999,28500
2016-03-03,35.020000,35.470001,34.360001,35.310001,35.310001,75500
2016-03-04,35.439999,35.599998,34.049999,34.610001,34.610001,61300
2016-03-07,34.330002,34.880001,33.500000,34.270000,34.270000,65800
2016-03-08,34.090000,34.529999,33.509998,33.770000,33.770000,37500
2016-03-09,33.639999,34.150002,33.330002,33.869999,33.869999,42400
2016-03-10,34.040001,34.310001,33.476002,33.709999,33.709999,48100
2016-03-11,34.119999,34.689999,33.610001,34.189999,34.189999,60100
2016-03-14,34.189999,34.400002,33.980000,34.070000,34.070000,32200
2016-03-15,33.880001,34.160000,33.389999,33.599998,33.599998,52900
2016-03-16,33.400002,34.669998,33.400002,34.490002,34.490002,31700
2016-03-17,34.689999,35.549999,34.630001,35.180000,35.180000,61700
2016-03-18,35.070000,35.654999,34.900002,34.950001,34.950001,80100
2016-03-21,34.759998,35.389999,34.759998,35.189999,35.189999,30500
2016-03-22,34.810001,35.490002,34.130001,35.180000,35.180000,24800
2016-03-23,34.980000,35.525002,34.930000,35.250000,35.250000,48200
2016-03-24,35.040001,35.320000,34.910000,35.220001,35.220001,52400
2016-03-28,35.389999,35.450001,34.889999,35.220001,35.220001,18500
2016-03-29,35.200001,36.000000,35.029999,35.599998,35.599998,15700
2016-03-30,35.950001,36.119999,34.555000,35.650002,35.650002,58800
2016-03-31,35.634998,35.700001,34.730000,35.060001,35.060001,45700
2016-04-01,34.720001,35.009998,34.720001,34.939999,34.939999,47900
2016-04-04,34.930000,34.930000,33.999001,34.200001,34.200001,20700
2016-04-05,33.840000,33.919998,33.500000,33.673000,33.673000,20300
2016-04-06,33.560001,33.919998,33.459999,33.549999,33.549999,38800
2016-04-07,33.349998,33.970001,33.180000,33.849998,33.849998,66500
2016-04-08,34.259998,34.480000,33.490002,34.250000,34.250000,140700
2016-04-11,34.389999,34.630001,33.970001,34.189999,34.189999,25200
2016-04-12,34.139999,34.724998,34.139999,34.570000,34.570000,41900
2016-04-13,34.750000,35.209999,34.720001,34.720001,34.720001,36900
2016-04-14,34.709999,35.200001,33.680000,34.669998,34.669998,117800
2016-04-15,34.700001,35.000000,33.849998,34.630001,34.630001,254100
2016-04-18,34.700001,35.259998,34.700001,34.910000,34.910000,316200
2016-04-19,34.959999,35.310001,34.000000,34.299999,34.299999,103800
2016-04-20,34.160000,35.639999,34.049999,34.849998,34.849998,115300
2016-04-21,34.720001,35.980000,34.650002,35.939999,35.939999,79000
2016-04-22,35.889999,36.700001,35.630001,36.430000,36.430000,74000
2016-04-25,36.310001,36.660000,36.070000,36.580002,36.580002,28300
2016-04-26,36.570000,37.259998,36.250000,36.950001,36.950001,68300
2016-04-27,36.830002,38.279999,36.830002,37.980000,37.980000,60900
2016-04-28,37.720001,38.900002,37.470001,38.470001,38.470001,127000
2016-04-29,38.430000,38.820000,37.119999,37.529999,37.529999,60200
2016-05-02,37.660000,37.709999,37.279999,37.639999,37.639999,18200
2016-05-03,37.430000,37.819000,37.049999,37.189999,37.189999,45700
2016-05-04,37.000000,37.500000,36.660000,37.279999,37.279999,25300
2016-05-05,37.340000,38.020000,37.150002,37.369999,37.369999,36300
2016-05-06,37.340000,38.139999,36.869999,38.000000,38.000000,95000
2016-05-09,38.000000,39.209999,37.650002,38.799999,38.799999,111400
2016-05-10,39.099998,39.599998,37.959999,39.340000,39.340000,65300
2016-05-11,39.290001,40.049999,38.939999,39.450001,39.450001,107800
2016-05-12,39.639999,40.150002,39.599998,39.950001,39.950001,38600
2016-05-13,39.980000,40.099998,39.169998,39.570000,39.570000,77600
2016-05-16,39.500000,40.080002,39.470001,40.060001,40.060001,283400
2016-05-17,40.009998,42.630001,39.880001,40.790001,40.790001,422500
2016-05-18,40.400002,41.145000,39.430000,40.439999,40.439999,156800
2016-05-19,40.090000,40.509998,39.450001,39.740002,39.740002,159300
2016-05-20,40.130001,40.419998,39.790001,39.910000,39.910000,35000
2016-05-23,39.959999,40.220001,39.790001,39.790001,39.790001,57700
2016-05-24,39.990002,40.619999,39.849998,40.500000,40.500000,122200
2016-05-25,40.619999,41.000000,40.540001,40.660000,40.660000,61700
2016-05-26,40.790001,40.820000,39.540001,40.630001,40.630001,106300
2016-05-27,40.590000,41.290001,40.590000,41.110001,41.110001,24000
2016-05-31,41.320000,41.369999,40.700001,41.080002,41.080002,80800
2016-06-01,40.849998,41.700001,40.689999,41.169998,41.169998,153300
2016-06-02,40.820000,42.029999,38.759998,39.220001,39.220001,930200
2016-06-03,39.000000,39.848999,36.930000,37.040001,37.040001,413800
2016-06-06,37.259998,37.259998,36.400002,36.790001,36.790001,63400
2016-06-07,36.590000,37.439999,36.590000,37.330002,37.330002,168200
2016-06-08,37.270000,37.630001,37.160000,37.500000,37.500000,177200
2016-06-09,37.500000,37.639999,36.860001,37.290001,37.290001,49600
2016-06-10,37.040001,37.189999,36.590000,37.040001,37.040001,54500
2016-06-13,37.000000,37.000000,36.020000,36.599998,36.599998,88200
2016-06-14,36.570000,36.680000,36.150002,36.599998,36.599998,88700
2016-06-15,36.650002,37.000000,36.610001,36.810001,36.810001,71700
2016-06-16,36.779999,37.020000,36.419998,36.939999,36.939999,132600
2016-06-17,36.849998,37.040001,36.430000,36.889999,36.889999,162600
2016-06-20,37.290001,37.730000,35.560001,35.680000,35.680000,147200
2016-06-21,35.650002,35.900002,33.730000,34.810001,34.810001,1619300
2016-06-22,34.689999,34.770000,33.029999,33.119999,33.119999,640800
2016-06-23,33.349998,34.419998,32.125000,34.200001,34.200001,1002100
2016-06-24,32.570000,33.825001,32.250000,33.439999,33.439999,1215400
2016-06-27,33.110001,33.349998,32.450001,32.950001,32.950001,1629500
2016-06-28,33.400002,33.860001,32.040001,32.060001,32.060001,1455700
2016-06-29,32.450001,32.779999,32.099998,32.459999,32.459999,754800
2016-06-30,32.580002,33.060001,31.889999,32.259998,32.259998,862500
2016-07-01,31.980000,33.220001,31.750000,33.099998,33.099998,619700
2016-07-05,32.529999,32.779999,31.870001,31.990000,31.990000,3391700
2016-07-06,31.469999,33.299999,30.350000,33.180000,33.180000,2814800
2016-07-07,32.869999,34.830002,32.820000,34.080002,34.080002,1480500
2016-07-08,33.630001,35.400002,33.330002,35.270000,35.270000,1051500
2016-07-11,34.990002,35.020000,33.330002,34.500000,34.500000,1279800
2016-07-12,34.450001,34.779999,34.180000,34.240002,34.240002,738300
2016-07-13,34.380001,34.439999,33.290001,33.369999,33.369999,914400
2016-07-14,33.860001,34.230000,33.389999,34.000000,34.000000,1265900
2016-07-15,34.040001,34.779999,33.580002,34.000000,34.000000,478900
2016-07-18,33.860001,34.639999,33.549999,34.459999,34.459999,425500
2016-07-19,34.450001,34.750000,34.349998,34.730000,34.730000,537700
2016-07-20,34.480000,35.799999,34.380001,35.619999,35.619999,513300
2016-07-21,35.810001,36.380001,35.630001,36.150002,36.150002,669300
2016-07-22,36.180000,36.570000,36.009998,36.270000,36.270000,362200
2016-07-25,36.099998,36.290001,35.480000,35.570000,35.570000,294800
2016-07-26,35.320000,36.150002,35.180000,35.950001,35.950001,268600
2016-07-27,35.799999,36.000000,35.169998,35.230000,35.230000,861700
2016-07-28,34.880001,35.119999,34.619999,34.790001,34.790001,431900
2016-07-29,34.840000,35.070000,34.320000,34.349998,34.349998,283000
2016-08-01,34.230000,35.294998,33.990002,34.849998,34.849998,264600
2016-08-02,34.990002,35.049999,34.450001,34.639999,34.639999,619500
2016-08-03,34.669998,35.360001,34.509998,35.169998,35.169998,286800
2016-08-04,34.950001,35.230000,34.610001,34.880001,34.880001,137500
2016-08-05,33.980000,35.223000,32.230000,32.459999,32.459999,1121700
2016-08-08,32.209999,32.740002,28.761000,29.190001,29.190001,1321200
2016-08-09,29.990000,30.110001,29.330000,29.639999,29.639999,1123400
2016-08-10,29.610001,29.719999,28.459999,29.320000,29.320000,682300
2016-08-11,29.330000,29.650000,29.000000,29.370001,29.370001,390100
2016-08-12,29.370001,29.750000,28.940001,28.969999,28.969999,330300
2016-08-15,29.190001,30.129999,28.910000,29.200001,29.200001,312200
2016-08-16,29.400000,29.690001,29.209999,29.280001,29.280001,407400
2016-08-17,29.350000,29.590000,28.440001,28.549999,28.549999,765700
2016-08-18,28.670000,28.770000,27.620001,27.719999,27.719999,736300
2016-08-19,27.530001,27.780001,27.230000,27.290001,27.290001,475600
2016-08-22,27.230000,27.990000,26.750000,27.900000,27.900000,689200
2016-08-23,28.059999,28.250000,27.190001,27.200001,27.200001,495500
2016-08-24,27.240000,27.790001,26.440001,26.540001,26.540001,708400
2016-08-25,26.600000,27.200001,26.480000,27.110001,27.110001,602000
2016-08-26,27.040001,27.180000,26.684999,26.809999,26.809999,454900
2016-08-29,26.920000,27.590000,26.910000,27.570000,27.570000,291700
2016-08-30,27.709999,27.860001,27.440001,27.750000,27.750000,276400
2016-08-31,27.830000,28.240000,27.459999,28.129999,28.129999,386400
2016-09-01,28.010000,28.440001,27.670000,27.860001,27.860001,247400
2016-09-02,28.000000,28.549999,27.809999,28.440001,28.440001,287500
2016-09-06,28.500000,29.139999,28.370001,28.930000,28.930000,830300
2016-09-07,28.950001,29.350000,28.700001,29.309999,29.309999,680300
2016-09-08,29.209999,29.471001,28.809999,29.209999,29.209999,804100
2016-09-09,28.990000,29.190001,28.629999,29.080000,29.080000,533400
2016-09-12,28.980000,29.370001,28.709999,29.299999,29.299999,242800
2016-09-13,29.030001,29.230000,28.480000,28.860001,28.860001,327200
2016-09-14,28.740000,29.290001,28.650000,28.900000,28.900000,223100
2016-09-15,28.799999,29.379999,28.709999,29.260000,29.260000,152600
2016-09-16,29.090000,29.389999,28.190001,28.639999,28.639999,1088200
2016-09-19,28.709999,29.230000,28.629999,28.900000,28.900000,192600
2016-09-20,28.889999,29.219999,28.320000,28.910000,28.910000,104400
2016-09-21,28.850000,29.305000,28.430000,28.610001,28.610001,239100
2016-09-22,28.559999,28.909000,28.440001,28.459999,28.459999,251600
2016-09-23,28.340000,28.480000,27.990000,28.240000,28.240000,352000
2016-09-26,28.059999,28.180000,27.580000,28.049999,28.049999,376800
2016-09-27,28.120001,28.240000,27.715000,27.760000,27.760000,360600
2016-09-28,27.809999,28.090000,27.709999,28.090000,28.090000,247100
2016-09-29,27.940001,28.209999,27.750000,27.820000,27.820000,300700
2016-09-30,27.750000,28.120001,27.540001,27.590000,27.590000,373700
2016-10-03,27.450001,28.094999,27.450001,28.059999,28.059999,274100
2016-10-04,28.180000,28.420000,28.020000,28.240000,28.240000,445200
2016-10-05,28.379999,28.680000,28.219999,28.379999,28.379999,271800
2016-10-06,28.330000,28.330000,27.850000,27.950001,27.950001,409100
2016-10-07,27.980000,28.180000,27.930000,28.030001,28.030001,438000
2016-10-10,28.070000,28.129999,28.020000,28.070000,28.070000,101000
2016-10-11,28.049999,28.180000,27.889999,27.910000,27.910000,299600
2016-10-12,28.020000,28.129999,27.780001,27.990000,27.990000,179400
2016-10-13,27.950001,28.180000,27.690001,27.860001,27.860001,170000
2016-10-14,27.879999,28.110001,27.639999,27.709999,27.709999,139900
2016-10-17,27.719999,27.809999,27.559999,27.660000,27.660000,244200
2016-10-18,27.889999,27.950001,27.680000,27.719999,27.719999,110600
2016-10-19,27.660000,27.985001,27.500000,27.920000,27.920000,150100
2016-10-20,27.879999,27.889999,27.450001,27.590000,27.590000,73300
2016-10-21,27.360001,27.799999,27.320000,27.620001,27.620001,112800
2016-10-24,27.590000,27.820000,27.400000,27.549999,27.549999,159500
2016-10-25,27.420000,27.680000,27.170000,27.270000,27.270000,226100
2016-10-26,27.190001,27.280001,26.690001,27.040001,27.040001,244700
2016-10-27,27.129999,27.150000,26.600000,26.840000,26.840000,115000
2016-10-28,26.920000,27.410000,26.740000,27.160000,27.160000,441200
2016-10-31,27.150000,27.770000,26.975000,27.639999,27.639999,322100
2016-11-01,27.670000,27.809999,27.170000,27.400000,27.400000,189400
2016-11-02,27.260000,27.730000,26.950001,27.049999,27.049999,214600
2016-11-03,27.049999,27.370001,26.440001,26.520000,26.520000,286200
2016-11-04,26.450001,26.450001,19.100000,19.100000,19.100000,3912500
2016-11-07,19.510000,20.260000,19.510000,19.910000,19.910000,1486700
2016-11-08,19.910000,20.469999,19.900000,20.270000,20.270000,1067000
2016-11-09,20.129999,20.590000,19.990000,20.420000,20.420000,717700
2016-11-10,20.389999,20.740000,20.020000,20.200001,20.200001,778000
2016-11-11,20.200001,20.260000,19.860001,20.209999,20.209999,614400
2016-11-14,20.309999,20.730000,20.160000,20.360001,20.360001,487600
2016-11-15,20.450001,20.500000,20.030001,20.170000,20.170000,197100
2016-11-16,20.209999,20.250000,19.900000,20.090000,20.090000,191200
2016-11-17,20.000000,20.290001,19.930000,20.200001,20.200001,387600
2016-11-18,20.180000,21.139999,20.170000,20.980000,20.980000,294400
2016-11-21,21.030001,22.010000,21.030001,21.850000,21.850000,453000
2016-11-22,22.010000,22.084999,21.639999,21.690001,21.690001,411400
2016-11-23,21.709999,21.980000,21.332001,21.950001,21.950001,159400
2016-11-25,21.900000,22.590000,21.709999,22.549999,22.549999,112500
2016-11-28,22.459999,22.660000,22.219999,22.480000,22.480000,285500
2016-11-29,22.549999,22.900000,22.090000,22.100000,22.100000,251100
2016-11-30,22.100000,22.400000,21.549999,21.580000,21.580000,435800
2016-12-01,21.490000,21.639999,20.870001,21.020000,21.020000,564600
2016-12-02,20.940001,21.190001,20.629999,21.090000,21.090000,550800
2016-12-05,21.170000,21.379999,20.965000,21.330000,21.330000,441800
2016-12-06,21.309999,21.600000,20.870001,21.020000,21.020000,378100
2016-12-07,20.930000,21.320000,20.790001,21.180000,21.180000,1328900
2016-12-08,21.240000,21.410000,20.780001,21.150000,21.150000,1020900
2016-12-09,21.209999,21.465000,20.650000,20.850000,20.850000,317800
2016-12-12,20.670000,20.900000,20.030001,20.150000,20.150000,513500
2016-12-13,20.200001,21.820000,20.030001,21.680000,21.680000,981800
2016-12-14,21.559999,22.370001,21.525999,22.150000,22.150000,345300
2016-12-15,22.180000,22.469999,21.799999,22.040001,22.040001,410000
2016-12-16,21.980000,22.240000,21.910000,22.059999,22.059999,1349800
2016-12-19,22.040001,22.290001,21.799999,22.200001,22.200001,550500
2016-12-20,22.250000,22.480000,21.799999,21.950001,21.950001,288000
2016-12-21,21.870001,22.309999,21.790001,22.299999,22.299999,429600
2016-12-22,22.370001,22.660000,22.040001,22.450001,22.450001,580400
2016-12-23,22.440001,22.950001,22.270000,22.660000,22.660000,147400
2016-12-27,22.760000,23.150000,22.540001,22.650000,22.650000,291700
2016-12-28,22.670000,22.670000,22.309999,22.600000,22.600000,276400
2016-12-29,22.600000,22.799999,22.160000,22.260000,22.260000,221700
2016-12-30,22.230000,22.230000,21.760000,21.959999,21.959999,264100
2017-01-03,22.100000,23.549999,22.100000,23.309999,23.309999,417800
2017-01-04,23.270000,23.620001,23.090000,23.590000,23.590000,300900
2017-01-05,23.549999,23.855000,23.469999,23.620001,23.620001,225000
2017-01-06,23.719999,23.850000,23.139999,23.350000,23.350000,268200
2017-01-09,23.400000,23.400000,22.930000,22.959999,22.959999,159800
2017-01-10,22.910000,22.910000,22.520000,22.530001,22.530001,115600
2017-01-11,22.549999,22.575001,21.940001,22.180000,22.180000,180100
2017-01-12,22.150000,22.420000,21.860001,22.379999,22.379999,189400
2017-01-13,22.430000,22.809999,22.400000,22.650000,22.650000,133900
2017-01-17,22.660000,23.070000,22.650000,22.930000,22.930000,183900
2017-01-18,23.040001,23.040001,22.340000,22.510000,22.510000,232200
2017-01-19,22.469999,22.530001,22.190001,22.510000,22.510000,146100
2017-01-20,22.680000,22.910000,22.299999,22.590000,22.590000,160700
2017-01-23,22.610001,22.719999,22.389999,22.639999,22.639999,177300
2017-01-24,22.660000,23.070000,22.510000,22.719999,22.719999,223000
2017-01-25,22.809999,23.160000,22.700001,23.100000,23.100000,249100
2017-01-26,23.100000,23.570000,23.100000,23.360001,23.360001,378700
2017-01-27,23.440001,23.865000,23.135000,23.350000,23.350000,614800
2017-01-30,23.280001,23.559999,22.690001,23.080000,23.080000,377900
2017-01-31,23.070000,23.190001,22.730000,23.020000,23.020000,319900
2017-02-01,23.100000,23.320000,22.610001,22.900000,22.900000,182800
2017-02-02,22.790001,22.920000,22.590000,22.900000,22.900000,192900
2017-02-03,23.020000,23.610001,23.020000,23.540001,23.540001,177500
2017-02-06,23.440001,23.559999,23.280001,23.320000,23.320000,158800
2017-02-07,23.340000,23.370001,22.680000,23.010000,23.010000,189900
2017-02-08,22.980000,22.980000,22.490000,22.549999,22.549999,134400
2017-02-09,22.549999,22.770000,22.190001,22.660000,22.660000,226900
2017-02-10,22.760000,23.240000,22.600000,23.200001,23.200001,131500
2017-02-13,23.309999,23.330000,22.580000,22.620001,22.620001,121800
2017-02-14,22.670000,22.850000,22.301001,22.480000,22.480000,287700
2017-02-15,22.360001,22.510000,22.080000,22.290001,22.290001,501600
2017-02-16,23.580000,25.950001,23.000000,25.889999,25.889999,1464000
2017-02-17,25.809999,26.900000,25.280001,26.730000,26.730000,777900
2017-02-21,26.629999,28.110001,26.500000,27.350000,27.350000,709300
2017-02-22,27.350000,27.459999,26.450001,26.500000,26.500000,264600
2017-02-23,26.440001,26.620001,25.730000,26.129999,26.129999,443700
2017-02-24,26.059999,26.200001,25.180000,25.309999,25.309999,298000
2017-02-27,25.200001,25.510000,24.990000,25.180000,25.180000,345300
2017-02-28,25.080000,25.120001,24.309999,24.450001,24.450001,322800
2017-03-01,24.500000,24.620001,23.709999,24.370001,24.370001,299200
2017-03-02,24.350000,24.350000,23.440001,23.480000,23.480000,291000
2017-03-03,23.400000,23.770000,23.090000,23.450001,23.450001,191400
2017-03-06,23.629999,24.180000,23.190001,24.049999,24.049999,388700
2017-03-07,24.080000,24.260000,23.475000,23.639999,23.639999,267300
2017-03-08,23.600000,23.645000,23.000000,23.030001,23.030001,346900
2017-03-09,23.090000,23.190001,22.650000,22.860001,22.860001,364900
2017-03-10,22.990000,23.004999,22.580000,22.639999,22.639999,304400
2017-03-13,22.559999,22.750000,22.299999,22.389999,22.389999,216800
2017-03-14,22.280001,22.280001,21.809999,22.070000,22.070000,340500
2017-03-15,22.150000,22.600000,22.139999,22.480000,22.480000,345600
2017-03-16,22.549999,22.995001,22.480000,22.690001,22.690001,184800
2017-03-17,22.809999,22.809999,22.429001,22.690001,22.690001,417400
2017-03-20,22.740000,22.740000,22.280001,22.410000,22.410000,196300
2017-03-21,22.420000,22.559999,21.940001,22.000000,22.000000,267100
2017-03-22,22.000000,22.090000,21.410000,21.639999,21.639999,353900
2017-03-23,21.670000,21.719999,21.370001,21.510000,21.510000,463900
2017-03-24,21.510000,21.809999,21.205000,21.440001,21.440001,437300
2017-03-27,21.240000,21.670000,21.100000,21.610001,21.610001,411500
2017-03-28,21.610001,22.120001,21.430000,22.020000,22.020000,330600
2017-03-29,21.969999,22.879999,21.820000,22.799999,22.799999,443300
2017-03-30,22.770000,22.879999,22.320000,22.580000,22.580000,233900
2017-03-31,22.490000,22.490000,21.770000,22.240000,22.240000,353700
2017-04-03,22.240000,22.290001,21.700001,22.090000,22.090000,289500
2017-04-04,22.059999,22.530001,21.889999,22.370001,22.370001,253800
2017-04-05,22.450001,22.830000,22.450001,22.650000,22.650000,226300
2017-04-06,22.650000,23.180000,22.469999,22.940001,22.940001,249400
2017-04-07,23.000000,23.209999,22.430000,22.469999,22.469999,169700
2017-04-10,22.520000,22.940001,22.520000,22.799999,22.799999,84100
2017-04-11,22.830000,22.889999,22.440001,22.639999,22.639999,152600
2017-04-12,22.639999,22.760000,22.270000,22.620001,22.620001,233200
2017-04-13,22.590000,22.590000,22.240000,22.340000,22.340000,111100
2017-04-17,22.400000,22.670000,22.240000,22.450001,22.450001,200700
2017-04-18,22.350000,23.000000,21.790001,21.860001,21.860001,171800
2017-04-19,22.000000,22.250000,21.740000,21.820000,21.820000,120000
2017-04-20,22.000000,22.180000,21.770000,21.959999,21.959999,139800
2017-04-21,22.020000,22.020000,21.680000,21.790001,21.790001,181800
2017-04-24,22.100000,22.170000,21.559999,21.660000,21.660000,178100
2017-04-25,21.670000,21.900000,21.459999,21.530001,21.530001,262200
2017-04-26,21.610001,21.940001,21.500000,21.840000,21.840000,188100
2017-04-27,21.920000,21.920000,21.400000,21.620001,21.620001,292500
2017-04-28,21.639999,21.700001,21.395000,21.469999,21.469999,313200
2017-05-01,21.480000,21.799999,21.299999,21.430000,21.430000,190900
2017-05-02,21.469999,21.620001,21.049999,21.340000,21.340000,308100
2017-05-03,21.350000,21.490000,21.160000,21.400000,21.400000,504000
2017-05-04,21.379999,21.410000,20.139999,20.240000,20.240000,743400
2017-05-05,20.290001,20.760000,20.250000,20.730000,20.730000,475800
2017-05-08,20.680000,22.254999,19.650000,22.070000,22.070000,912700
2017-05-09,22.090000,22.100000,21.270000,21.660000,21.660000,630900
2017-05-10,21.559999,21.719999,21.120001,21.500000,21.500000,603200
2017-05-11,21.500000,21.639999,20.820000,21.290001,21.290001,599900
2017-05-12,21.340000,21.405001,20.320000,21.030001,21.030001,360500
2017-05-15,21.000000,21.730000,20.980000,21.480000,21.480000,206500
2017-05-16,21.590000,21.830000,21.280001,21.350000,21.350000,261100
2017-05-17,21.190001,21.400000,20.209999,20.240000,20.240000,434800
2017-05-18,20.240000,20.340000,19.799999,20.200001,20.200001,345300
2017-05-19,20.200001,20.820000,20.070000,20.510000,20.510000,514100
2017-05-22,20.530001,21.389999,20.510000,21.340000,21.340000,312500
2017-05-23,21.330000,21.850000,21.230000,21.340000,21.340000,261900
2017-05-24,21.340000,21.459999,20.990000,21.150000,21.150000,148000
2017-05-25,21.170000,21.430000,20.900000,21.000000,21.000000,256400
2017-05-26,21.059999,21.309999,20.830000,21.160000,21.160000,243100
2017-05-30,21.180000,21.190001,20.959000,21.010000,21.010000,124400
2017-05-31,21.040001,21.309999,20.780001,21.110001,21.110001,739300
2017-06-01,21.129999,22.150000,21.100000,21.980000,21.980000,268800
2017-06-02,21.990000,22.040001,21.511000,21.969999,21.969999,155600
2017-06-05,21.799999,22.080000,21.719999,21.959999,21.959999,174100
2017-06-06,21.920000,21.920000,21.540001,21.540001,21.540001,161600
2017-06-07,21.600000,21.600000,20.750000,21.030001,21.030001,141500
2017-06-08,20.969999,21.080000,20.730000,20.940001,20.940001,122600
2017-06-09,21.030001,21.030001,20.370001,20.400000,20.400000,217300
2017-06-12,20.309999,21.000000,20.100000,20.389999,20.389999,173000
2017-06-13,20.420000,20.770000,20.260000,20.480000,20.480000,190300
2017-06-14,20.620001,20.684999,19.910000,20.080000,20.080000,492900
2017-06-15,19.950001,20.129999,19.799999,20.110001,20.110001,104200
2017-06-16,19.889999,20.520000,19.790001,20.299999,20.299999,371600
2017-06-19,20.410000,20.639999,20.290001,20.590000,20.590000,114700
2017-06-20,20.490000,20.490000,19.879999,20.080000,20.080000,165500
2017-06-21,20.280001,20.760000,20.190001,20.709999,20.709999,158400
2017-06-22,20.770000,20.940001,20.500000,20.540001,20.540001,140100
2017-06-23,20.469999,20.860001,20.129999,20.719999,20.719999,158300
2017-06-26,20.790001,21.400000,20.610001,21.219999,21.219999,488500
2017-06-27,21.139999,21.580000,21.080000,21.290001,21.290001,241500
2017-06-28,21.360001,21.559999,21.030001,21.510000,21.510000,219100
2017-06-29,21.469999,21.830000,21.200001,21.480000,21.480000,210300
2017-06-30,21.639999,21.860001,21.389999,21.770000,21.770000,252500
2017-07-03,21.860001,22.240000,21.770000,22.100000,22.100000,261000
2017-07-05,22.090000,22.250000,21.709999,22.100000,22.100000,206500
2017-07-06,21.990000,22.250000,21.924999,22.049999,22.049999,303400
2017-07-07,22.100000,22.389999,22.010000,22.299999,22.299999,223900
2017-07-10,22.950001,25.740000,22.950001,24.490000,24.490000,1262600
2017-07-11,24.480000,25.020000,24.110001,24.980000,24.980000,413800
2017-07-12,25.230000,25.400000,24.580000,24.700001,24.700001,533400
2017-07-13,25.500000,26.400000,25.299999,25.790001,25.790001,1249300
2017-07-14,25.920000,26.160000,25.660999,26.110001,26.110001,300600
2017-07-17,26.100000,26.670000,26.100000,26.170000,26.170000,283400
2017-07-18,26.160000,26.160000,25.790001,25.910000,25.910000,257500
2017-07-19,25.940001,26.143000,25.389999,25.389999,25.389999,284300
2017-07-20,25.500000,25.969999,25.280001,25.299999,25.299999,241200
2017-07-21,25.260000,25.559999,24.860001,25.350000,25.350000,356600
2017-07-24,25.270000,25.610001,24.830000,24.850000,24.850000,437500
2017-07-25,24.900000,25.209999,24.770000,24.959999,24.959999,162800
2017-07-26,24.990000,25.580000,24.580000,25.440001,25.440001,341900
2017-07-27,25.309999,25.805000,25.010000,25.260000,25.260000,166300
2017-07-28,25.150000,25.580000,24.955000,25.530001,25.530001,199800
2017-07-31,25.530001,25.830000,25.049999,25.719999,25.719999,208500
2017-08-01,25.910000,25.959999,25.620001,25.820000,25.820000,234500
2017-08-02,25.879999,26.250000,25.565001,26.030001,26.030001,191500
2017-08-03,26.100000,26.320000,25.930000,26.299999,26.299999,220700
2017-08-04,26.320000,26.490000,26.070000,26.340000,26.340000,316200
2017-08-07,26.370001,26.610001,26.139999,26.290001,26.290001,295700
2017-08-08,26.270000,27.850000,26.150000,26.610001,26.610001,660900
2017-08-09,26.540001,26.889999,26.200001,26.700001,26.700001,528200
2017-08-10,26.250000,26.760000,26.150000,26.549999,26.549999,480600
2017-08-11,26.480000,27.129999,26.469999,26.990000,26.990000,360400
2017-08-14,27.180000,27.250000,26.510000,26.549999,26.549999,236200
2017-08-15,26.540001,26.629999,25.980000,26.080000,26.080000,212900
2017-08-16,26.219999,26.320000,25.799999,26.219999,26.219999,152300
2017-08-17,26.180000,26.410000,25.927000,26.020000,26.020000,384800
2017-08-18,26.010000,26.350000,25.760000,26.250000,26.250000,108100
2017-08-21,26.200001,26.350000,25.700001,25.910000,25.910000,159800
2017-08-22,25.930000,26.200001,25.860001,25.920000,25.920000,81600
2017-08-23,25.809999,26.059999,25.750000,25.799999,25.799999,105400
2017-08-24,25.780001,26.087999,25.670000,25.840000,25.840000,242500
2017-08-25,25.920000,26.049999,25.670000,25.990000,25.990000,104700
2017-08-28,25.930000,26.040001,25.570000,25.709999,25.709999,130000
2017-08-29,25.610001,26.059999,25.469999,25.980000,25.980000,113400
2017-08-30,25.930000,26.275000,25.760000,26.150000,26.150000,103400
2017-08-31,26.139999,26.270000,25.950001,26.010000,26.010000,153600
2017-09-01,26.110001,26.503000,26.080000,26.410000,26.410000,168700
2017-09-05,26.360001,26.415001,25.160000,25.209999,25.209999,320700
2017-09-06,25.280001,25.615000,25.160000,25.500000,25.500000,326300
2017-09-07,25.500000,25.738001,25.305000,25.459999,25.459999,195000
2017-09-08,25.450001,25.580000,25.150000,25.520000,25.520000,137600
2017-09-11,25.629999,26.084999,25.590000,25.620001,25.620001,395300
2017-09-12,25.670000,25.690001,25.030001,25.430000,25.430000,279900
2017-09-13,25.420000,25.709999,25.309999,25.639999,25.639999,226600
2017-09-14,25.510000,25.680000,25.400000,25.459999,25.459999,376000
2017-09-15,25.450001,25.450001,24.860001,24.969999,24.969999,695700
2017-09-18,25.049999,25.100000,24.420000,24.430000,24.430000,389900
2017-09-19,24.420000,24.551001,24.160000,24.219999,24.219999,527100
2017-09-20,24.250000,24.459999,23.820000,23.910000,23.910000,373000
2017-09-21,23.920000,23.920000,23.559999,23.590000,23.590000,186100
2017-09-22,23.469999,23.760000,23.448999,23.750000,23.750000,199400
2017-09-25,23.610001,23.610001,23.170000,23.459999,23.459999,216700
2017-09-26,23.459999,24.070000,23.290001,23.830000,23.830000,221700
2017-09-27,23.270000,23.850000,23.270000,23.520000,23.520000,347100
2017-09-28,23.389999,23.559000,22.950001,23.309999,23.309999,396900
2017-09-29,23.469999,23.920000,23.150000,23.760000,23.760000,237900
2017-10-02,24.549999,25.320000,24.250000,25.049999,25.049999,623300
2017-10-03,24.980000,25.760000,24.980000,25.620001,25.620001,373600
2017-10-04,25.610001,25.770000,25.420000,25.530001,25.530001,254300
2017-10-05,25.520000,25.775000,25.260000,25.360001,25.360001,298100
2017-10-06,25.150000,25.150000,24.450001,24.660000,24.660000,303400
2017-10-09,24.309999,24.590000,23.889999,23.940001,23.940001,365100
2017-10-10,24.000000,24.290001,23.750000,24.260000,24.260000,220800
2017-10-11,24.170000,24.250000,23.420000,23.629999,23.629999,201200
2017-10-12,23.540001,23.540001,23.059999,23.180000,23.180000,134300
2017-10-13,23.230000,23.410000,22.930000,23.330000,23.330000,371200
2017-10-16,23.340000,23.490000,22.709999,22.770000,22.770000,510000
2017-10-17,22.750000,22.850000,21.740000,21.910000,21.910000,470700
2017-10-18,22.010000,22.090000,21.549999,21.790001,21.790001,421500
2017-10-19,21.740000,21.910000,21.030001,21.290001,21.290001,514900
2017-10-20,21.459999,22.049999,21.309999,21.990000,21.990000,305500
2017-10-23,21.900000,22.320000,21.735001,21.830000,21.830000,305300
2017-10-24,21.830000,21.980000,21.170000,21.510000,21.510000,369600
2017-10-25,21.500000,21.840000,21.184999,21.730000,21.730000,223800
2017-10-26,21.709999,21.750000,21.080000,21.230000,21.230000,256300
2017-10-27,21.330000,21.500000,20.930000,21.200001,21.200001,622700
2017-10-30,21.160000,21.549999,20.940001,21.209999,21.209999,306300
2017-10-31,21.299999,21.730000,21.170000,21.719999,21.719999,352500
2017-11-01,22.100000,23.049999,21.549999,22.610001,22.610001,1130000
2017-11-02,22.000000,23.780001,21.680000,22.440001,22.440001,1036700
2017-11-03,22.450001,22.450001,21.559999,22.010000,22.010000,678100
2017-11-06,21.120001,22.020000,21.120001,21.889999,21.889999,695500
2017-11-07,21.840000,21.910000,21.680000,21.870001,21.870001,515700
2017-11-08,21.930000,22.340000,21.780001,22.160000,22.160000,255100
2017-11-09,21.990000,22.330000,21.660000,22.190001,22.190001,169700
2017-11-10,22.120001,22.920000,22.030001,22.160000,22.160000,366600
2017-11-13,22.190001,22.260000,21.690001,21.959999,21.959999,206300
2017-11-14,22.049999,22.650000,21.879999,22.040001,22.040001,375500
2017-11-15,21.990000,22.430000,21.870001,22.170000,22.170000,267400
2017-11-16,22.120001,22.150000,21.629999,21.799999,21.799999,657500
2017-11-17,21.809999,22.040001,21.400000,21.420000,21.420000,268800
2017-11-20,21.459999,21.860001,21.440001,21.809999,21.809999,162800
2017-11-21,21.830000,21.900000,21.330000,21.549999,21.549999,155300
2017-11-22,21.510000,21.740000,21.080000,21.559999,21.559999,236500
2017-11-24,21.559999,21.750000,21.490000,21.650000,21.650000,88900
2017-11-27,21.639999,21.639999,20.969999,21.080000,21.080000,119900
2017-11-28,21.070000,21.459999,20.910000,21.410000,21.410000,165400
2017-11-29,21.370001,22.020000,21.370001,21.719999,21.719999,355500
2017-11-30,21.650000,21.799999,20.690001,20.799999,20.799999,551100
2017-12-01,20.730000,21.570000,20.730000,21.510000,21.510000,393300
2017-12-04,21.510000,21.650000,20.790001,21.040001,21.040001,351900
2017-12-05,21.080000,21.340000,20.860001,21.270000,21.270000,192700
2017-12-06,21.230000,21.570000,20.950001,21.520000,21.520000,330300
2017-12-07,21.469999,21.469999,20.969999,21.309999,21.309999,222800
2017-12-08,21.420000,21.430000,20.870001,21.160000,21.160000,231300
2017-12-11,21.120001,21.719999,21.120001,21.540001,21.540001,231800
2017-12-12,21.520000,21.700001,21.290001,21.570000,21.570000,262600
2017-12-13,21.660000,21.920000,21.379999,21.600000,21.600000,422700
2017-12-14,21.700001,21.830000,21.370001,21.660000,21.660000,265400
2017-12-15,21.620001,21.809999,21.219999,21.700001,21.700001,653500
2017-12-18,21.840000,22.370001,21.840000,22.170000,22.170000,413300
2017-12-19,22.180000,22.290001,21.750000,21.889999,21.889999,458800
2017-12-20,21.900000,21.950001,21.219999,21.889999,21.889999,246400
2017-12-21,21.840000,22.040001,21.809999,21.889999,21.889999,388100
2017-12-22,21.820000,21.969999,21.000000,21.049999,21.049999,265300
2017-12-26,21.200001,21.709999,21.020000,21.389999,21.389999,306600
2017-12-27,21.290001,21.450001,20.680000,20.709999,20.709999,212500
2017-12-28,20.790001,20.790001,20.049999,20.459999,20.459999,582500
2017-12-29,20.500000,20.610001,19.969999,20.150000,20.150000,1683700
2018-01-02,20.430000,21.790001,20.090000,21.580000,21.580000,194900
2018-01-03,16.930000,16.930000,16.930000,16.930000,16.930000,444200
2018-01-04,21.780001,22.219999,21.250000,21.379999,21.379999,130500
2018-01-05,21.360001,21.670000,21.010000,21.090000,21.090000,169100
2018-01-08,21.090000,21.620001,21.010000,21.370001,21.370001,241400
2018-01-09,21.350000,21.420000,21.059999,21.059999,21.059999,122500
2018-01-10,20.980000,21.030001,20.570000,20.879999,20.879999,122600
2018-01-11,20.959999,21.080000,20.670000,20.870001,20.870001,91700
2018-01-12,20.980000,21.219999,20.580000,21.160000,21.160000,259100
2018-01-16,21.219999,21.389999,21.037001,21.120001,21.120001,92900
2018-01-17,21.110001,21.190001,20.969999,21.059999,21.059999,81600
2018-01-18,20.910000,21.469999,20.719999,21.340000,21.340000,72000
2018-01-19,21.200001,21.434999,21.139999,21.170000,21.170000,56700
2018-01-22,21.200001,21.540001,21.080000,21.180000,21.180000,138500
2018-01-23,21.059999,21.540001,21.000000,21.450001,21.450001,257400
2018-01-24,21.559999,22.870001,21.559999,22.730000,22.730000,411700
2018-01-25,22.820000,23.840000,22.820000,23.549999,23.549999,536200
2018-01-26,23.540001,24.000000,22.870001,23.320000,23.320000,305400
2018-01-29,23.370001,23.870001,23.120001,23.480000,23.480000,83900
2018-01-30,23.280001,23.670000,22.860001,22.879999,22.879999,142600
2018-01-31,22.900000,23.150000,22.440001,22.450001,22.450001,430900
2018-02-01,22.400000,22.620001,22.030001,22.500000,22.500000,125500
2018-02-02,22.500000,23.254999,22.180000,22.299999,22.299999,342100
2018-02-05,22.379999,22.730000,21.570000,21.730000,21.730000,133100
2018-02-06,21.320000,22.190001,21.299999,22.020000,22.020000,119000
2018-02-07,22.010000,22.209999,21.795000,21.959999,21.959999,157600
2018-02-08,22.110001,22.270000,20.879999,20.889999,20.889999,138700
2018-02-09,21.209999,21.985001,20.549999,21.809999,21.809999,289400
2018-02-12,21.870001,22.540001,21.750000,22.180000,22.180000,145800
2018-02-13,22.230000,22.400000,21.980000,22.209999,22.209999,110600
2018-02-14,22.230000,23.400000,22.094999,23.139999,23.139999,323800
2018-02-15,22.809999,23.780001,21.370001,23.430000,23.430000,499900
2018-02-16,23.440001,23.660000,22.760000,23.430000,23.430000,305400
2018-02-20,23.299999,23.299999,22.090000,23.000000,23.000000,342400
2018-02-21,23.100000,23.420000,22.870001,23.110001,23.110001,180100
2018-02-22,23.170000,23.440001,22.510000,22.790001,22.790001,190900
2018-02-23,22.850000,23.030001,22.559999,22.580000,22.580000,341200
2018-02-26,22.719999,22.719999,21.090000,21.450001,21.450001,583000
2018-02-27,21.299999,21.950001,21.030001,21.059999,21.059999,147100
2018-02-28,21.049999,21.070000,20.360001,20.700001,20.700001,457300
2018-03-01,20.790001,20.790001,20.170000,20.480000,20.480000,209100
2018-03-02,20.400000,20.525000,20.209999,20.500000,20.500000,180300
2018-03-05,20.370001,21.420000,20.295000,21.370001,21.370001,175200
2018-03-06,21.459999,21.709999,21.160000,21.309999,21.309999,238300
2018-03-07,21.150000,21.430000,20.980000,21.270000,21.270000,79000
2018-03-08,21.250000,21.410000,21.049999,21.309999,21.309999,73700
2018-03-09,21.360001,21.410000,20.870001,21.330000,21.330000,103800
2018-03-12,21.360001,22.000000,21.360001,21.570000,21.570000,175200
2018-03-13,21.620001,21.700001,21.309999,21.450001,21.450001,101500
2018-03-14,21.540001,21.670000,21.299999,21.629999,21.629999,95500
2018-03-15,21.700001,21.719999,21.308001,21.590000,21.590000,106300
2018-03-16,21.660000,21.660000,21.150000,21.350000,21.350000,242500
2018-03-19,21.219999,21.379999,21.010000,21.219999,21.219999,177500
2018-03-20,21.209999,21.370001,20.799999,21.070000,21.070000,95100
2018-03-21,21.059999,21.580000,20.969999,21.389999,21.389999,244800
2018-03-22,21.219999,21.480000,20.469999,20.590000,20.590000,179600
2018-03-23,20.600000,20.600000,20.469999,20.510000,20.510000,67800
2018-03-26,20.709999,20.920000,20.414000,20.889999,20.889999,107100
2018-03-27,20.980000,21.340000,20.639999,20.920000,20.920000,324900
2018-03-28,20.889999,20.889999,19.610001,19.660000,19.660000,175600
2018-03-29,19.709999,20.049999,19.000000,19.450001,19.450001,298500
2018-04-02,19.370001,19.990000,19.370001,19.750000,19.750000,142200
2018-04-03,20.700001,20.700001,19.450001,19.600000,19.600000,142300
2018-04-04,19.410000,20.160000,19.350000,19.879999,19.879999,98600
2018-04-05,20.000000,20.299999,19.790001,20.139999,20.139999,65000
2018-04-06,20.040001,20.330000,19.950001,20.200001,20.200001,72300
2018-04-09,20.340000,20.459999,19.559999,19.580000,19.580000,112900
2018-04-10,19.709999,19.870001,19.549999,19.580000,19.580000,234300
2018-04-11,19.530001,19.940001,19.530001,19.549999,19.549999,124500
2018-04-12,19.620001,19.660000,19.150000,19.170000,19.170000,223500
2018-04-13,19.240000,19.520000,19.180000,19.340000,19.340000,96900
2018-04-16,19.360001,19.490000,19.180000,19.370001,19.370001,213700
2018-04-17,19.459999,20.270000,19.370001,20.230000,20.230000,73300
2018-04-18,20.299999,20.430000,20.170000,20.190001,20.190001,121800
2018-04-19,20.150000,20.160000,19.809999,19.860001,19.860001,160900
2018-04-20,19.950001,20.209999,19.740000,19.809999,19.809999,78100
2018-04-23,19.820000,19.959000,19.660000,19.740000,19.740000,139000
2018-04-24,19.730000,19.809999,19.440001,19.500000,19.500000,137600
2018-04-25,19.450001,19.870001,19.299999,19.790001,19.790001,87500
2018-04-26,19.790001,20.160000,19.480000,19.490000,19.490000,188300
2018-04-27,19.580000,19.639999,18.760000,18.780001,18.780001,192100
2018-04-30,18.770000,18.959999,18.270000,18.400000,18.400000,325500
2018-05-01,18.520000,18.719999,18.260000,18.629999,18.629999,156700
2018-05-02,18.580000,19.780001,18.580000,19.719999,19.719999,209500
2018-05-03,19.680000,19.920000,19.389999,19.860001,19.860001,170100
2018-05-04,19.850000,20.549999,19.850000,20.480000,20.480000,89500
2018-05-07,20.490000,21.129999,20.430000,20.860001,20.860001,140100
2018-05-08,20.850000,20.969999,20.510000,20.770000,20.770000,125600
2018-05-09,20.700001,22.023001,20.420000,21.280001,21.280001,182500
2018-05-10,21.240000,21.680000,19.690001,21.490000,21.490000,106200
2018-05-11,21.480000,21.790001,21.270000,21.450001,21.450001,189200
2018-05-14,21.370001,21.840000,21.219999,21.700001,21.700001,111800
2018-05-15,21.520000,21.520000,20.600000,20.770000,20.770000,199400
2018-05-16,20.799999,21.360001,20.700001,20.730000,20.730000,187100
2018-05-17,20.730000,21.370001,20.730000,21.180000,21.180000,187900
2018-05-18,21.160000,21.400000,21.010000,21.320000,21.320000,137700
2018-05-21,21.400000,21.740000,21.190001,21.600000,21.600000,156000
2018-05-22,21.680000,21.830000,21.420000,21.700001,21.700001,136100
2018-05-23,21.600000,22.230000,21.500000,22.190001,22.190001,351300
2018-05-24,22.290001,22.290001,21.820000,22.020000,22.020000,96900
2018-05-25,21.950001,22.209999,21.690001,21.780001,21.780001,142400
2018-05-29,21.660000,22.120001,21.590000,21.900000,21.900000,93500
2018-05-30,21.930000,22.180000,21.650000,21.750000,21.750000,210200
2018-05-31,21.780001,22.334999,21.400000,21.670000,21.670000,440300
2018-06-01,21.610001,21.610001,21.020000,21.070000,21.070000,244700
2018-06-04,21.120001,21.540001,21.040001,21.510000,21.510000,134500
2018-06-05,21.459999,21.980000,20.900000,21.610001,21.610001,151300
2018-06-06,21.600000,22.150000,21.440001,21.990000,21.990000,327200
2018-06-07,22.129999,22.240000,22.000000,22.100000,22.100000,96400
2018-06-08,22.049999,22.160000,21.850000,21.950001,21.950001,79700
2018-06-11,21.950001,22.100000,21.730000,21.730000,21.730000,138000
2018-06-12,21.719999,22.270000,21.524000,21.770000,21.770000,196200
2018-06-13,21.879999,21.959999,21.420000,21.540001,21.540001,142600
2018-06-14,21.620001,21.879999,21.620001,21.740000,21.740000,175500
2018-06-15,21.680000,21.799999,21.350000,21.420000,21.420000,257400
2018-06-18,21.400000,21.530001,21.059999,21.250000,21.250000,252400
2018-06-19,21.070000,21.180000,20.915001,20.940001,20.940001,254500
2018-06-20,21.070000,21.070000,20.160000,20.230000,20.230000,670100
2018-06-21,20.209999,20.379999,19.230000,19.610001,19.610001,448000
2018-06-22,19.730000,19.879999,19.410000,19.790001,19.790001,5520700
2018-06-25,19.590000,20.040001,19.480000,19.540001,19.540001,300800
2018-06-26,19.549999,20.010000,19.230000,19.910000,19.910000,154900
2018-06-27,19.870001,20.700001,19.870001,20.290001,20.290001,338600
2018-06-28,20.150000,20.250000,19.049999,19.500000,19.500000,763700
2018-06-29,19.510000,19.840000,19.110001,19.120001,19.120001,697400
2018-07-02,19.059999,19.389999,18.610001,19.379999,19.379999,290200
2018-07-03,19.410000,19.837999,19.379999,19.459999,19.459999,196000
2018-07-05,19.520000,19.889999,19.450001,19.580000,19.580000,347600
2018-07-06,19.490000,20.450001,19.438000,20.340000,20.340000,389300
2018-07-09,20.290001,20.690001,19.740000,20.379999,20.379999,233500
2018-07-10,20.370001,20.670000,20.240000,20.480000,20.480000,262800
2018-07-11,20.340000,20.610001,20.125000,20.459999,20.459999,223100
2018-07-12,20.400000,20.730000,20.260000,20.379999,20.379999,236700
2018-07-13,20.510000,20.900000,20.320000,20.480000,20.480000,213900
2018-07-16,20.549999,20.870001,20.375000,20.660000,20.660000,180600
2018-07-17,20.510000,20.730000,20.299999,20.309999,20.309999,182300
2018-07-18,20.230000,20.350000,19.500000,19.520000,19.520000,174700
2018-07-19,19.389999,19.549999,19.200001,19.219999,19.219999,234100
2018-07-20,19.250000,19.520000,18.820000,19.490000,19.490000,178600
2018-07-23,19.410000,19.639999,19.170000,19.320000,19.320000,121700
2018-07-24,19.320000,19.389999,18.580000,18.610001,18.610001,329600
2018-07-25,18.620001,18.959999,18.309999,18.879999,18.879999,226600
2018-07-26,18.870001,19.250000,18.554001,18.870001,18.870001,167300
2018-07-27,18.799999,19.160000,18.690001,18.700001,18.700001,206200
2018-07-30,18.719999,19.084999,18.600000,18.620001,18.620001,281400
2018-07-31,18.690001,19.270000,18.690001,19.080000,19.080000,378100
2018-08-01,19.030001,19.233999,18.719999,18.730000,18.730000,119700
2018-08-02,18.639999,18.930000,18.500000,18.580000,18.580000,149400
2018-08-03,18.629999,18.980000,18.580000,18.680000,18.680000,99600
2018-08-06,18.760000,19.049999,18.760000,18.830000,18.830000,94400
2018-08-07,18.910000,19.170000,18.719999,19.080000,19.080000,145400
2018-08-08,19.040001,19.320000,18.790001,19.299999,19.299999,157900
2018-08-09,18.000000,19.620001,18.000000,18.860001,18.860001,252600
2018-08-10,18.820000,18.969999,18.385000,18.540001,18.540001,270600
2018-08-13,18.520000,18.690001,18.270000,18.490000,18.490000,380500
2018-08-14,18.490000,18.700001,18.320000,18.629999,18.629999,198200
2018-08-15,18.549999,18.590000,18.080000,18.379999,18.379999,213200
2018-08-16,18.440001,18.680000,18.200001,18.559999,18.559999,197300
2018-08-17,18.480000,18.510000,17.910000,17.959999,17.959999,244100
2018-08-20,18.000000,18.020000,17.370001,17.500000,17.500000,249200
2018-08-21,17.500000,18.309999,17.389999,18.020000,18.020000,225800
2018-08-22,18.000000,18.200001,17.860001,17.940001,17.940001,127300
2018-08-23,17.910000,18.100000,17.760000,18.010000,18.010000,141000
2018-08-24,18.200001,18.400000,18.000000,18.290001,18.290001,180800
2018-08-27,18.459999,18.959999,18.370001,18.510000,18.510000,255200
2018-08-28,18.629999,19.340000,18.629999,19.260000,19.260000,287400
2018-08-29,19.270000,19.969999,19.110001,19.959999,19.959999,378000
2018-08-30,19.959999,20.020000,19.375000,19.760000,19.760000,307500
2018-08-31,19.680000,19.870001,19.280001,19.709999,19.709999,296100
2018-09-04,19.629999,19.870001,19.309999,19.809999,19.809999,125500
2018-09-05,19.850000,20.270000,19.680000,20.139999,20.139999,143800
2018-09-06,20.160000,20.389999,20.080999,20.230000,20.230000,179300
2018-09-07,20.200001,20.455000,20.120001,20.200001,20.200001,139000
2018-09-10,20.190001,20.370001,19.990000,20.270000,20.270000,188000
2018-09-11,20.150000,20.520000,20.010000,20.070000,20.070000,214300
2018-09-12,20.010000,20.590000,20.010000,20.480000,20.480000,294700
2018-09-13,20.570000,21.020000,20.540001,20.780001,20.780001,177500
2018-09-14,20.770000,20.870001,20.250000,20.260000,20.260000,153700
2018-09-17,20.260000,20.645000,20.120001,20.410000,20.410000,150100
2018-09-18,20.490000,20.790001,20.364000,20.780001,20.780001,231000
2018-09-19,20.799999,21.639999,20.250999,21.450001,21.450001,285100
2018-09-20,21.580000,21.700001,21.410000,21.620001,21.620001,254300
2018-09-21,21.600000,21.900000,21.469999,21.750000,21.750000,819400
2018-09-24,21.600000,21.790001,21.400000,21.770000,21.770000,265700
2018-09-25,21.719999,21.820000,21.540001,21.540001,21.540001,153100
2018-09-26,21.510000,21.750000,21.340000,21.370001,21.370001,177700
2018-09-27,21.420000,21.570000,21.120001,21.180000,21.180000,177800
2018-09-28,21.100000,21.535999,20.530001,20.840000,20.840000,236700
2018-10-01,20.990000,21.459999,20.820000,21.120001,21.120001,266800
2018-10-02,21.180000,22.150000,21.030001,21.870001,21.870001,238700
2018-10-03,21.959999,22.200001,21.709999,21.889999,21.889999,232000
2018-10-04,21.889999,21.889999,21.507000,21.610001,21.610001,157500
2018-10-05,21.540001,21.850000,21.209999,21.520000,21.520000,134800
2018-10-08,21.520000,21.940001,21.360001,21.860001,21.860001,213100
2018-10-09,21.830000,22.000000,21.570000,21.600000,21.600000,179400
2018-10-10,21.610001,21.639999,20.250000,20.280001,20.280001,271400
2018-10-11,20.230000,20.504999,19.660000,19.690001,19.690001,260000
2018-10-12,19.990000,20.090000,19.719999,20.020000,20.020000,297600
2018-10-15,20.070000,20.129999,19.680000,19.750000,19.750000,301600
2018-10-16,19.930000,20.020000,19.400999,19.770000,19.770000,347800
2018-10-17,19.920000,19.930000,19.389999,19.389999,19.389999,241800
2018-10-18,19.379999,19.480000,18.879999,18.889999,18.889999,211100
2018-10-19,18.889999,19.330000,18.730000,18.740000,18.740000,294800
2018-10-22,18.840000,19.190001,18.299999,18.370001,18.370001,206800
2018-10-23,18.309999,18.330000,17.920000,18.070000,18.070000,264500
2018-10-24,18.110001,18.110001,17.225000,17.290001,17.290001,368600
2018-10-25,17.530001,17.620001,17.309999,17.420000,17.420000,337700
2018-10-26,17.150000,17.520000,16.882000,17.180000,17.180000,192500
2018-10-29,17.440001,17.719999,17.180000,17.290001,17.290001,211800
2018-10-30,17.280001,17.639999,17.280001,17.570000,17.570000,150800
2018-10-31,17.790001,18.120001,17.770000,17.980000,17.980000,229300
2018-11-01,18.100000,18.559999,18.070000,18.150000,18.150000,380900
2018-11-02,18.260000,18.570000,18.260000,18.350000,18.350000,216600
2018-11-05,18.350000,18.719999,18.200001,18.620001,18.620001,303800
2018-11-06,18.709999,19.129999,18.530001,18.590000,18.590000,182200
2018-11-07,18.709999,19.219999,18.639999,19.160000,19.160000,273400
2018-11-08,18.559999,20.010000,18.559999,19.750000,19.750000,742200
2018-11-09,19.620001,19.670000,19.180000,19.389999,19.389999,423100
2018-11-12,19.400000,19.400000,18.500000,18.549999,18.549999,175800
2018-11-13,18.760000,18.850000,17.940001,17.969999,17.969999,290300
2018-11-14,18.230000,18.370001,17.861000,17.940001,17.940001,138400
2018-11-15,17.910000,18.090000,17.709999,18.049999,18.049999,149100
2018-11-16,17.910000,18.170000,17.910000,18.150000,18.150000,154600
2018-11-19,18.059999,18.240000,17.840000,17.889999,17.889999,137500
2018-11-20,17.700001,17.850000,17.100000,17.580000,17.580000,156100
2018-11-21,17.680000,17.840000,17.590000,17.670000,17.670000,112000
2018-11-23,17.459999,17.820000,17.299999,17.559999,17.559999,110200
2018-11-26,17.770000,18.270000,17.770000,18.059999,18.059999,430100
2018-11-27,18.010000,18.139999,17.879999,17.980000,17.980000,1686900
2018-11-28,17.980000,18.090000,17.980000,18.030001,18.030001,1228200
2018-11-29,17.990000,18.350000,17.969999,18.280001,18.280001,1939000
2018-11-30,18.280001,18.350000,18.190001,18.250000,18.250000,906800
2018-12-03,18.500000,18.500000,18.209999,18.299999,18.299999,593200
2018-12-04,18.280001,18.400000,17.549999,17.605000,17.605000,1231500
2018-12-06,17.360001,17.360001,16.719999,16.980000,16.980000,398000
2018-12-07,17.010000,17.379999,16.719999,16.900000,16.900000,276200
2018-12-10,16.910000,17.250000,16.299999,17.170000,17.170000,290000
2018-12-11,17.370001,17.370001,16.350000,16.840000,16.840000,575700
2018-12-12,17.030001,17.299999,16.900000,17.120001,17.120001,951900
2018-12-13,17.170000,17.230000,16.209999,16.299999,16.299999,219100
2018-12-14,16.180000,16.340000,16.070000,16.330000,16.330000,246100
2018-12-17,16.320000,16.570000,15.810000,15.990000,15.990000,468700
2018-12-18,16.000000,16.379999,15.890000,16.280001,16.280001,439700
2018-12-19,16.280001,16.420000,15.390000,15.580000,15.580000,268500
2018-12-20,15.580000,15.710000,14.990000,15.030000,15.030000,656300
2018-12-21,15.060000,15.355000,14.520000,14.680000,14.680000,816800
2018-12-24,14.690000,14.690000,14.070000,14.130000,14.130000,282500
2018-12-26,14.240000,14.570000,13.960000,14.510000,14.510000,1067500
2018-12-27,14.420000,14.585000,13.987000,14.520000,14.520000,437900
2018-12-28,14.580000,14.880000,14.270000,14.360000,14.360000,222800
2018-12-31,14.430000,14.870000,14.090000,14.480000,14.480000,237800
2019-01-02,14.280000,15.190000,14.280000,15.120000,15.120000,188000
2019-01-03,15.000000,15.450000,14.750000,15.100000,15.100000,175200
2019-01-04,15.310000,16.059999,14.950000,15.800000,15.800000,269600
2019-01-07,15.810000,16.420000,15.620000,16.270000,16.270000,195200
2019-01-08,16.440001,16.740000,16.200001,16.520000,16.520000,191900
2019-01-09,16.600000,16.884001,16.450001,16.809999,16.809999,253000
2019-01-10,16.690001,17.000000,16.430000,16.690001,16.690001,161000
2019-01-11,16.520000,16.830000,16.430000,16.629999,16.629999,172000
2019-01-14,16.440001,17.360001,16.440001,16.900000,16.900000,342700
2019-01-15,16.850000,16.850000,15.800000,15.830000,15.830000,829800
2019-01-16,15.770000,16.450001,15.610000,16.270000,16.270000,772000
2019-01-17,16.070000,16.540001,16.020000,16.340000,16.340000,307100
2019-01-18,16.330000,16.620001,16.170000,16.430000,16.430000,253200
2019-01-22,16.150000,16.650000,15.215000,15.260000,15.260000,730300
2019-01-23,15.600000,16.490000,15.600000,16.330000,16.330000,530700
2019-01-24,16.309999,16.469999,16.059999,16.139999,16.139999,418500
2019-01-25,16.250000,16.385000,16.100000,16.170000,16.170000,516200
2019-01-28,16.030001,16.290001,15.784000,16.100000,16.100000,761300
2019-01-29,16.230000,16.360001,15.980000,16.150000,16.150000,419300
2019-01-30,16.250000,16.250000,15.790000,15.980000,15.980000,330200
2019-01-31,16.100000,17.440001,16.100000,17.434999,17.434999,458000
2019-02-01,17.600000,17.820000,17.459999,17.570000,17.570000,567500
2019-02-04,18.000000,18.850000,17.889999,18.190001,18.190001,967000
2019-02-05,18.370001,18.690001,18.320000,18.410000,18.410000,586000
2019-02-06,18.500000,18.600000,18.260000,18.389999,18.389999,269600
2019-02-07,18.320000,18.440001,17.950001,18.320000,18.320000,472400
2019-02-08,18.230000,18.299999,18.040001,18.150000,18.150000,342100
2019-02-11,18.340000,18.490000,18.150000,18.270000,18.270000,353800
2019-02-12,18.629999,18.920000,18.340000,18.500000,18.500000,551700
2019-02-13,18.820000,18.827000,18.309999,18.510000,18.510000,351400
2019-02-14,18.490000,18.660000,18.280001,18.430000,18.430000,251700
2019-02-15,18.500000,19.075001,18.330000,18.850000,18.850000,268000
2019-02-19,18.950001,19.044001,18.450001,18.490000,18.490000,529000
2019-02-20,18.500000,18.770000,18.280001,18.680000,18.680000,409600
2019-02-21,18.530001,18.990000,18.200001,18.920000,18.920000,554700
2019-02-22,19.120001,19.370001,18.900000,19.070000,19.070000,384100
2019-02-25,19.250000,19.350000,18.950001,19.010000,19.010000,898900
2019-02-26,18.950001,19.260000,18.730000,19.120001,19.120001,667800
2019-02-27,19.120001,19.350000,18.780001,18.980000,18.980000,347400
2019-02-28,19.129999,19.760000,18.889999,19.620001,19.620001,595000
2019-03-01,19.700001,20.240000,19.570000,20.219999,20.219999,399700
2019-03-04,20.299999,20.480000,19.799999,20.030001,20.030001,280000
2019-03-05,20.010000,20.299999,19.805000,19.830000,19.830000,326600
2019-03-06,19.889999,20.049999,19.830000,19.920000,19.920000,260300
2019-03-07,19.889999,20.000000,19.680000,19.709999,19.709999,333900
2019-03-08,19.490000,19.740000,19.388000,19.590000,19.590000,289400
2019-03-11,19.730000,20.000000,19.600000,19.959999,19.959999,238600
2019-03-12,20.000000,20.030001,19.770000,19.820000,19.820000,235500
2019-03-13,19.910000,20.000000,19.590000,19.799999,19.799999,276000
2019-03-14,19.740000,19.860001,19.594999,19.750000,19.750000,128200
2019-03-15,19.809999,20.000000,19.809999,20.000000,20.000000,412900
2019-03-18,20.000000,20.540001,20.000000,20.480000,20.480000,268600
2019-03-19,20.540001,20.670000,20.080000,20.260000,20.260000,279100
2019-03-20,20.240000,20.365000,19.931999,20.020000,20.020000,285800
2019-03-21,20.000000,20.440001,20.000000,20.379999,20.379999,185500
2019-03-22,20.230000,20.323000,19.541000,19.680000,19.680000,250700
2019-03-25,19.580000,19.990000,19.341000,19.580000,19.580000,204700
2019-03-26,19.690001,19.921000,19.299999,19.340000,19.340000,231400
2019-03-27,19.330000,19.400000,18.950001,19.160000,19.160000,328800
2019-03-28,19.100000,19.250000,18.969999,19.170000,19.170000,175900
2019-03-29,19.250000,19.410000,18.870001,19.340000,19.340000,285100
2019-04-01,19.520000,20.049999,19.500000,19.910000,19.910000,173600
2019-04-02,19.860001,20.180000,19.799999,20.070000,20.070000,594200
2019-04-03,20.209999,20.559999,20.129999,20.190001,20.190001,175300
2019-04-04,20.400000,21.260000,20.180000,21.240000,21.240000,275100
2019-04-05,21.340000,21.895000,21.059999,21.250000,21.250000,522600
2019-04-08,21.209999,21.209999,20.680000,20.860001,20.860001,222600
2019-04-09,20.780001,20.930000,20.620001,20.639999,20.639999,595400
2019-04-10,20.680000,21.299999,20.660000,21.209999,21.209999,389000
2019-04-11,21.160000,21.205999,20.629999,20.709999,20.709999,173500
2019-04-12,20.719999,21.030001,20.530001,20.870001,20.870001,117900
2019-04-15,20.940001,21.055000,20.520000,20.980000,20.980000,161400
2019-04-16,21.110001,21.110001,20.520000,20.620001,20.620001,167200
2019-04-17,20.740000,20.910000,20.400000,20.430000,20.430000,168800
2019-04-18,20.430000,20.760000,20.243000,20.680000,20.680000,147200
2019-04-22,20.670000,20.809999,20.219999,20.430000,20.430000,116300
2019-04-23,20.459999,20.850000,20.299999,20.660000,20.660000,235400
2019-04-24,20.660000,20.760000,20.320000,20.650000,20.650000,291600
2019-04-25,20.730000,20.799999,20.170000,20.290001,20.290001,269500
2019-04-26,20.350000,20.700001,20.150000,20.559999,20.559999,483300
2019-04-29,20.600000,21.000000,20.540001,20.870001,20.870001,141800
2019-04-30,20.900000,20.980000,20.410000,20.930000,20.930000,873300
2019-05-01,21.000000,21.240000,20.730000,20.760000,20.760000,135100
2019-05-02,20.750000,20.860001,20.540001,20.799999,20.799999,120600
2019-05-03,20.690001,21.540001,20.690001,21.540001,21.540001,155000
2019-05-06,21.090000,21.629999,21.010000,21.500000,21.500000,132900
2019-05-07,21.590000,21.600000,21.010000,21.270000,21.270000,280000
2019-05-08,21.010000,21.010000,19.160000,19.680000,19.680000,547700
2019-05-09,19.559999,19.690001,18.820000,19.100000,19.100000,279000
2019-05-10,19.160000,19.180000,18.530001,19.139999,19.139999,831900
2019-05-13,18.840000,18.840000,18.090000,18.120001,18.120001,241300
2019-05-14,18.160000,18.410000,17.740000,17.850000,17.850000,248100
2019-05-15,17.889999,18.590000,17.620001,18.490000,18.490000,203600
2019-05-16,18.290001,18.629999,18.110001,18.200001,18.200001,336900
2019-05-17,18.110001,18.290001,17.940001,18.020000,18.020000,120000
2019-05-20,17.900000,18.004999,17.660000,17.969999,17.969999,188800
2019-05-21,18.020000,18.280001,17.940001,18.000000,18.000000,432000
2019-05-22,17.990000,17.990000,17.620001,17.770000,17.770000,420800
2019-05-23,17.600000,17.709999,17.250000,17.389999,17.389999,185900
2019-05-24,17.469999,17.590000,17.341000,17.400000,17.400000,103900
2019-05-28,17.520000,17.709999,17.410000,17.639999,17.639999,219600
2019-05-29,17.650000,17.709999,17.230000,17.260000,17.260000,244600
2019-05-30,17.330000,17.500000,16.900000,17.040001,17.040001,254300
2019-05-31,16.780001,17.059999,16.730000,17.049999,17.049999,296000
2019-06-03,17.040001,17.230000,16.680000,16.980000,16.980000,179700
2019-06-04,17.139999,17.350000,17.080000,17.200001,17.200001,208200
2019-06-05,17.270000,17.469999,17.150000,17.290001,17.290001,236700
2019-06-06,17.180000,17.889999,17.180000,17.740000,17.740000,299600
2019-06-07,17.809999,17.822001,17.530001,17.530001,17.530001,233300
2019-06-10,17.510000,17.910000,17.510000,17.770000,17.770000,159500
2019-06-11,17.860001,17.889999,17.620001,17.780001,17.780001,233600
2019-06-12,17.690001,18.045000,17.660000,17.920000,17.920000,106500
2019-06-13,17.990000,18.290001,17.920000,18.290001,18.290001,145900
2019-06-14,18.280001,18.360001,18.080000,18.080000,18.080000,153600
2019-06-17,18.020000,18.430000,17.879999,18.410000,18.410000,119500
2019-06-18,18.379999,18.840000,18.330000,18.370001,18.370001,200200
2019-06-19,18.370001,18.540001,18.340000,18.520000,18.520000,88400
2019-06-20,18.549999,18.910000,18.548000,18.870001,18.870001,117800
2019-06-21,18.809999,19.010000,18.680000,18.790001,18.790001,337500
2019-06-24,18.700001,18.940001,18.520000,18.590000,18.590000,116700
2019-06-25,18.549999,18.600000,18.080000,18.080000,18.080000,246100
2019-06-26,16.799999,17.360001,16.770000,17.200001,17.200001,372800
2019-06-27,17.180000,17.370001,16.940001,17.280001,17.280001,345700
2019-06-28,17.270000,17.320000,16.950001,17.230000,17.230000,684100
2019-07-01,17.540001,17.830000,17.270000,17.320000,17.320000,239600
2019-07-02,17.290001,17.309999,16.889999,17.129999,17.129999,189400
2019-07-03,17.270000,17.480000,17.180000,17.440001,17.440001,65700
2019-07-05,17.459999,17.830000,17.420000,17.450001,17.450001,186500
2019-07-08,17.450001,17.459999,16.780001,16.860001,16.860001,257300
2019-07-09,16.850000,16.879999,16.559999,16.879999,16.879999,235300
2019-07-10,16.950001,17.129999,16.860001,16.870001,16.870001,167000
2019-07-11,16.910000,17.030001,16.830000,16.900000,16.900000,174800
2019-07-12,17.000000,17.160000,16.920000,17.049999,17.049999,172700
2019-07-15,17.150000,17.150000,16.799999,17.000000,17.000000,249800
2019-07-16,16.910000,17.160000,16.889999,16.980000,16.980000,129900
2019-07-17,16.900000,17.139999,16.719999,16.959999,16.959999,169100
2019-07-18,16.920000,16.990000,16.662001,16.809999,16.809999,146300
2019-07-19,16.799999,16.900000,16.490000,16.520000,16.520000,186200
2019-07-22,16.520000,16.870001,16.299999,16.469999,16.469999,266000
2019-07-23,16.559999,16.690001,16.230000,16.309999,16.309999,130400
2019-07-24,16.240000,16.500000,16.100000,16.379999,16.379999,152400
2019-07-25,16.610001,16.980000,16.400000,16.490000,16.490000,301900
2019-07-26,16.480000,16.760000,16.290001,16.680000,16.680000,200000
2019-07-29,16.690001,16.840000,16.379999,16.450001,16.450001,196900
2019-07-30,16.420000,16.799999,16.247000,16.670000,16.670000,230300
2019-07-31,16.610001,16.799999,16.280001,16.389999,16.389999,341700
2019-08-01,16.389999,16.459999,15.840000,15.840000,15.840000,297900
2019-08-02,15.710000,15.790000,15.369000,15.560000,15.560000,293800
2019-08-05,15.350000,15.360000,14.890000,15.220000,15.220000,438400
2019-08-06,15.170000,15.620000,15.170000,15.580000,15.580000,251300
2019-08-07,15.750000,16.750000,15.750000,16.500000,16.500000,426200
2019-08-08,16.620001,17.219999,16.600000,16.990000,16.990000,229700
2019-08-09,16.850000,16.920000,16.469999,16.540001,16.540001,173400
2019-08-12,16.370001,16.605000,16.070000,16.100000,16.100000,171600
2019-08-13,16.010000,16.559999,16.000000,16.370001,16.370001,148600
2019-08-14,16.180000,16.299999,15.580000,15.590000,15.590000,283300
2019-08-15,15.510000,15.620000,15.280000,15.480000,15.480000,205900
2019-08-16,15.500000,16.040001,15.430000,15.910000,15.910000,202600
2019-08-19,16.150000,16.315001,15.950000,16.280001,16.280001,159500
2019-08-20,16.299999,16.309999,16.030001,16.240000,16.240000,181200
2019-08-21,16.280001,16.389999,16.059999,16.209999,16.209999,128100
2019-08-22,16.309999,16.740000,16.290001,16.670000,16.670000,211600
2019-08-23,16.530001,16.660000,15.290000,15.310000,15.310000,389200
2019-08-26,15.490000,16.049999,15.430000,16.020000,16.020000,172400
2019-08-27,16.090000,16.110001,15.500000,15.510000,15.510000,168100
2019-08-28,15.420000,15.810000,15.400000,15.710000,15.710000,111300
2019-08-29,15.950000,16.360001,15.810000,16.219999,16.219999,130800
2019-08-30,16.260000,16.480000,16.250000,16.420000,16.420000,166000
2019-09-03,16.389999,16.440001,16.090000,16.389999,16.389999,227200
2019-09-04,16.500000,16.629999,16.299999,16.430000,16.430000,103700
2019-09-05,16.650000,16.959999,16.440001,16.469999,16.469999,260900
2019-09-06,16.549999,16.702999,16.430000,16.580000,16.580000,169600
2019-09-09,16.670000,17.389999,16.590000,17.379999,17.379999,165000
2019-09-10,17.240000,17.660000,17.139999,17.580000,17.580000,178400
2019-09-11,17.670000,18.559999,17.555000,18.510000,18.510000,253200
2019-09-12,18.639999,18.830000,18.330000,18.490000,18.490000,249300
2019-09-13,18.540001,18.770000,18.379999,18.530001,18.530001,174300
2019-09-16,18.440001,18.900000,18.260000,18.700001,18.700001,165600
2019-09-17,18.670000,18.670000,18.240000,18.459999,18.459999,107000
2019-09-18,18.420000,18.610001,18.360001,18.510000,18.510000,129000
2019-09-19,18.530001,18.790001,18.445999,18.480000,18.480000,147600
2019-09-20,18.450001,18.469999,17.870001,17.990000,17.990000,416200
2019-09-23,17.830000,18.260000,17.830000,18.100000,18.100000,115200
2019-09-24,18.100000,18.157000,17.570000,17.590000,17.590000,286800
2019-09-25,17.570000,17.760000,17.430000,17.440001,17.440001,159900
2019-09-26,17.360001,17.400000,16.959999,17.160000,17.160000,173600
2019-09-27,17.250000,17.430000,17.040001,17.160000,17.160000,212000
2019-09-30,17.080000,17.260000,16.959999,17.070000,17.070000,247600
2019-10-01,17.170000,17.309999,16.639999,16.660000,16.660000,143100
2019-10-02,16.510000,16.780001,16.351000,16.760000,16.760000,150800
2019-10-03,16.730000,16.900000,16.580000,16.770000,16.770000,80500
2019-10-04,16.820000,17.030001,16.820000,16.969999,16.969999,130100
2019-10-07,16.830000,17.170000,16.730000,16.930000,16.930000,112100
2019-10-08,16.840000,16.900000,16.434999,16.650000,16.650000,113300
2019-10-09,16.680000,17.660000,16.680000,17.160000,17.160000,275400
2019-10-10,17.150000,17.334999,17.094000,17.260000,17.260000,165900
2019-10-11,17.530001,18.080000,17.360001,17.780001,17.780001,253200
2019-10-14,17.680000,17.809999,17.520000,17.805000,17.805000,96500
2019-10-15,17.860001,18.010000,17.770000,17.995001,17.995001,129300
2019-10-16,17.940001,18.180000,17.889999,18.120001,18.120001,145300
2019-10-17,18.570000,18.639999,18.230000,18.459999,18.459999,267000
2019-10-18,18.389999,18.555000,18.170000,18.530001,18.530001,221600
2019-10-21,18.620001,19.170000,18.620001,18.920000,18.920000,242400
2019-10-22,18.959999,19.299999,18.780001,18.959999,18.959999,214100
2019-10-23,19.040001,19.077999,18.820000,19.010000,19.010000,215500
2019-10-24,19.139999,19.139999,18.660000,18.780001,18.780001,193300
2019-10-25,18.799999,18.990000,18.600000,18.610001,18.610001,123400
2019-10-28,18.799999,18.870001,18.580000,18.790001,18.790001,168800
2019-10-29,18.709999,19.120001,18.709999,18.950001,18.950001,163900
2019-10-30,18.940001,18.950001,18.679001,18.700001,18.700001,158800
2019-10-31,18.600000,18.709999,18.330000,18.690001,18.690001,161900
2019-11-01,18.870001,19.280001,18.679001,19.280001,19.280001,137200
2019-11-04,19.370001,19.530001,19.280001,19.450001,19.450001,152200
2019-11-05,19.570000,19.770000,19.355000,19.520000,19.520000,233400
2019-11-06,19.430000,19.430000,18.370001,19.379999,19.379999,790700
2019-11-07,19.580000,19.580000,18.440001,18.490000,18.490000,223800
2019-11-08,18.450001,18.570000,18.139999,18.209999,18.209999,172500
2019-11-11,18.459999,18.990000,18.230000,18.889999,18.889999,199700
2019-11-12,18.910000,18.989000,18.510000,18.559999,18.559999,211100
2019-11-13,18.510000,18.745001,18.450001,18.635000,18.635000,148300
2019-11-14,18.639999,18.775000,18.375000,18.469999,18.469999,100900
2019-11-15,18.610001,18.610001,18.090000,18.100000,18.100000,183500
2019-11-18,18.139999,18.139999,17.670000,17.780001,17.780001,174000
2019-11-19,17.879999,18.090000,17.690001,17.690001,17.690001,186200
2019-11-20,17.549999,17.809999,17.430000,17.629999,17.629999,233700
2019-11-21,17.709999,18.020000,17.440001,17.740000,17.740000,290100
2019-11-22,17.850000,18.020000,17.809999,17.900000,17.900000,150500
2019-11-25,17.879999,18.120001,17.879999,17.950001,17.950001,189000
2019-11-26,17.860001,18.059999,17.690001,17.930000,17.930000,228800
2019-11-27,17.730000,17.940001,17.340000,17.389999,17.389999,222300
2019-11-29,17.290001,17.940001,17.180000,17.799999,17.799999,114500
2019-12-02,17.420000,17.549999,17.090000,17.180000,17.180000,233100
2019-12-03,17.000000,17.010000,16.629999,16.709999,16.709999,234100
2019-12-04,16.780001,17.070000,16.760000,16.860001,16.860001,165400
2019-12-05,16.910000,17.260000,16.850000,17.080000,17.080000,180200
2019-12-06,17.240000,17.360001,17.139999,17.150000,17.150000,122000
2019-12-09,17.170000,17.309999,17.080000,17.129999,17.129999,95900
2019-12-10,17.000000,17.180000,16.879999,17.180000,17.180000,223400
2019-12-11,17.129999,17.370001,17.100000,17.240000,17.240000,131700
2019-12-12,17.309999,17.719999,17.260000,17.570000,17.570000,120800
2019-12-13,17.549999,17.790001,17.400000,17.650000,17.650000,139800
2019-12-16,17.709999,18.100000,17.690001,18.100000,18.100000,168000
2019-12-17,18.100000,18.209999,18.059999,18.139999,18.139999,162500
2019-12-18,18.120001,18.549999,18.120001,18.450001,18.450001,165600
2019-12-19,18.469999,18.870001,18.367001,18.820000,18.820000,129400
2019-12-20,18.850000,19.510000,18.820999,19.410000,19.410000,490200
2019-12-23,19.350000,19.610001,19.267000,19.590000,19.590000,112800
2019-12-24,19.660000,19.690001,19.462000,19.620001,19.620001,48100
2019-12-26,19.690001,19.830000,19.554001,19.700001,19.700001,79000
2019-12-27,19.680000,19.910000,19.379999,19.500000,19.500000,173500
2019-12-30,19.620001,19.639999,19.200001,19.240000,19.240000,216200
2019-12-31,19.209999,19.430000,19.010000,19.299999,19.299999,233600
2020-01-02,19.480000,19.570000,19.320000,19.549999,19.549999,90600
2020-01-03,19.270000,19.750000,19.270000,19.480000,19.480000,250300
2020-01-06,19.400000,19.690001,19.289000,19.610001,19.610001,99700
2020-01-07,19.590000,19.660000,19.389999,19.400000,19.400000,142400
2020-01-08,19.450001,19.600000,18.889999,18.990000,18.990000,119400
2020-01-09,19.219999,19.219999,18.780001,19.059999,19.059999,157300
2020-01-10,18.980000,19.059999,18.680000,18.780001,18.780001,131800
2020-01-13,18.780001,18.855000,18.441000,18.799999,18.799999,126800
2020-01-14,18.740000,18.865000,18.540001,18.610001,18.610001,128200
2020-01-15,18.639999,19.049999,18.570000,19.049999,19.049999,120700
2020-01-16,19.049999,19.340000,18.940001,19.129999,19.129999,82700
2020-01-17,19.280001,19.309999,18.750000,18.770000,18.770000,120800
2020-01-21,18.660000,18.750000,18.565001,18.590000,18.590000,147900
2020-01-22,18.620001,18.820000,18.290001,18.370001,18.370001,179000
2020-01-23,18.260000,18.349001,18.020000,18.120001,18.120001,146000
2020-01-24,18.090000,18.090000,17.740000,17.860001,17.860001,119200
2020-01-27,17.559999,17.930000,17.549999,17.590000,17.590000,126700
2020-01-28,17.639999,17.799999,17.270000,17.280001,17.280001,146700
2020-01-29,17.280001,17.389999,16.940001,17.280001,17.280001,244400
2020-01-30,17.180000,17.469999,17.030001,17.440001,17.440001,155000
2020-01-31,17.299999,17.334999,16.660000,16.680000,16.680000,188100
2020-02-03,16.680000,17.080000,16.680000,16.959999,16.959999,160000
2020-02-04,17.180000,17.180000,16.740000,16.780001,16.780001,137000
2020-02-05,16.870001,17.129999,16.830000,16.959999,16.959999,154000
2020-02-06,17.059999,17.379999,17.030001,17.309999,17.309999,139800
2020-02-07,17.309999,17.309999,16.920000,17.170000,17.170000,182400
2020-02-10,17.110001,17.160000,16.927000,17.160000,17.160000,80600
2020-02-11,17.309999,17.379999,17.040001,17.209999,17.209999,109600
2020-02-12,17.400000,17.549999,16.990000,17.370001,17.370001,138400
2020-02-13,17.370001,17.400000,17.090000,17.110001,17.110001,94900
2020-02-14,17.040001,17.180000,16.930000,17.080000,17.080000,93600
2020-02-18,17.080000,17.250000,16.920000,17.209999,17.209999,61700
2020-02-19,17.270000,17.610001,17.200001,17.434999,17.434999,107900
2020-02-20,17.629999,19.090000,17.629999,18.980000,18.980000,278500
2020-02-21,19.020000,19.040001,18.510000,18.725000,18.725000,216800
2020-02-24,18.160000,18.410000,17.930000,18.070000,18.070000,147000
2020-02-25,18.080000,18.090000,17.459999,17.490000,17.490000,162200
2020-02-26,17.629999,17.660000,16.920000,16.940001,16.940001,140000
2020-02-27,16.520000,17.260000,16.059999,16.100000,16.100000,210700
2020-02-28,15.490000,15.790000,14.730000,15.150000,15.150000,660900
2020-03-02,15.270000,15.580000,15.000000,15.400000,15.400000,336500
2020-03-03,15.400000,15.600000,14.840000,14.940000,14.940000,410900
2020-03-04,15.050000,15.250000,14.860000,14.940000,14.940000,293800
2020-03-05,14.710000,14.970000,14.300000,14.390000,14.390000,328900
2020-03-06,14.020000,14.850000,13.990000,14.810000,14.810000,306700
2020-03-09,13.980000,14.147000,13.040000,13.180000,13.180000,311200
2020-03-10,13.880000,14.000000,12.600000,12.960000,12.960000,431200
2020-03-11,12.600000,12.851000,11.740000,11.870000,11.870000,254100
2020-03-12,11.420000,11.480000,9.710000,9.820000,9.820000,700800
2020-03-13,10.140000,10.490000,9.550000,10.420000,10.420000,538800
2020-03-16,9.870000,9.889000,8.630000,8.670000,8.670000,469800
2020-03-17,9.120000,11.220000,8.596000,11.130000,11.130000,583000
2020-03-18,10.350000,10.790000,8.830000,9.030000,9.030000,616400
2020-03-19,9.060000,10.175000,8.890000,9.800000,9.800000,422400
2020-03-20,9.900000,9.930000,9.100000,9.410000,9.410000,403100
2020-03-23,9.640000,10.300000,8.980000,10.220000,10.220000,572900
2020-03-24,11.010000,11.650000,10.580000,11.260000,11.260000,289100
2020-03-25,11.230000,11.689000,10.950000,11.130000,11.130000,254700
2020-03-26,11.340000,12.270000,10.980000,12.220000,12.220000,301200
2020-03-27,11.740000,12.160000,11.060000,11.090000,11.090000,250700
2020-03-30,11.150000,11.300000,10.520000,10.640000,10.640000,305000
2020-03-31,10.450000,10.960000,10.287000,10.520000,10.520000,389100
2020-04-01,10.050000,10.270000,9.600000,9.730000,9.730000,440600
2020-04-02,9.760000,10.280000,9.700000,10.070000,10.070000,363900
2020-04-03,9.990000,10.060000,9.235000,9.550000,9.550000,340300
2020-04-06,10.160000,10.360000,9.842000,10.320000,10.320000,759500
2020-04-07,10.630000,11.190000,10.340000,10.540000,10.540000,322700
2020-04-08,10.740000,11.220000,10.440000,10.920000,10.920000,342400
2020-04-09,11.330000,12.000000,11.270000,11.640000,11.640000,370000
2020-04-13,11.430000,11.500000,10.900000,11.440000,11.440000,317300
2020-04-14,11.850000,11.870000,11.240000,11.500000,11.500000,327700
2020-04-15,11.070000,11.090000,10.530000,10.700000,10.700000,508600
2020-04-16,10.680000,10.790000,10.250000,10.530000,10.530000,433700
2020-04-17,11.020000,11.450000,10.950000,11.220000,11.220000,228600
2020-04-20,10.910000,11.210000,10.620000,10.850000,10.850000,367700
2020-04-21,10.330000,10.580000,10.270000,10.390000,10.390000,370000
2020-04-22,10.700000,10.700000,10.140000,10.140000,10.140000,324300
2020-04-23,10.220000,10.820000,10.160000,10.390000,10.390000,440700
2020-04-24,10.430000,10.670000,10.100000,10.510000,10.510000,263000
2020-04-27,10.790000,10.820000,10.570000,10.710000,10.710000,251700
2020-04-28,10.980000,11.000000,10.460000,10.690000,10.690000,302000
2020-04-29,11.200000,11.620000,10.950000,11.430000,11.430000,302000
2020-04-30,11.300000,11.300000,10.660000,10.700000,10.700000,365900
2020-05-01,10.310000,10.560000,10.210000,10.530000,10.530000,275600
2020-05-04,10.400000,10.430000,10.090000,10.430000,10.430000,358400
2020-05-05,10.770000,10.790000,9.960000,10.000000,10.000000,432400
2020-05-06,10.100000,10.490000,9.470000,9.510000,9.510000,434100
2020-05-07,9.650000,9.840000,9.520000,9.550000,9.550000,325600
2020-05-08,9.950000,10.050000,9.590000,9.950000,9.950000,242500
2020-05-11,9.860000,9.960000,9.520000,9.630000,9.630000,260400
2020-05-12,9.640000,9.705000,9.290000,9.300000,9.300000,286000
2020-05-13,9.200000,9.220000,8.420000,8.670000,8.670000,469100
2020-05-14,8.490000,9.170000,8.210000,9.110000,9.110000,382000
2020-05-15,9.120000,9.245000,8.980000,9.080000,9.080000,209100
2020-05-18,9.520000,9.870000,9.510000,9.710000,9.710000,327900
2020-05-19,9.650000,9.750000,9.080000,9.100000,9.100000,258300
2020-05-20,9.240000,9.590000,9.180000,9.575000,9.575000,290700
2020-05-21,9.520000,9.610000,9.270000,9.280000,9.280000,232300
2020-05-22,9.310000,9.530000,9.030000,9.530000,9.530000,162600
2020-05-26,9.840000,10.229000,9.800000,10.110000,10.110000,260900
2020-05-27,10.420000,10.480000,10.020000,10.280000,10.280000,388300
2020-05-28,10.450000,10.450000,9.990000,10.050000,10.050000,238500
2020-05-29,9.890000,10.090000,9.540000,9.970000,9.970000,402600
2020-06-01,10.000000,10.350000,9.945000,10.240000,10.240000,327100
2020-06-02,10.340000,10.345000,9.970000,10.110000,10.110000,221100
2020-06-03,10.290000,10.460000,10.180000,10.280000,10.280000,345700
2020-06-04,10.270000,10.490000,10.140000,10.370000,10.370000,324400
2020-06-05,10.800000,11.570000,10.645000,11.340000,11.340000,441400
2020-06-08,11.660000,12.260000,11.600000,12.170000,12.170000,345400
2020-06-09,12.230000,12.230000,11.332000,11.520000,11.520000,271200
2020-06-10,11.530000,11.540000,11.070000,11.200000,11.200000,263800
2020-06-11,10.670000,10.870000,10.100000,10.120000,10.120000,314000
2020-06-12,10.620000,10.770000,10.310000,10.740000,10.740000,224900
2020-06-15,10.340000,10.750000,10.250000,10.720000,10.720000,201200
2020-06-16,11.210000,11.270000,10.654000,10.720000,10.720000,329300
2020-06-17,10.790000,10.870000,10.180000,10.180000,10.180000,130200
2020-06-18,10.030000,10.476000,10.000000,10.350000,10.350000,280800
2020-06-19,10.550000,10.550000,10.140000,10.200000,10.200000,365200
2020-06-22,10.170000,10.210000,9.978000,10.100000,10.100000,183100
2020-06-23,10.370000,10.370000,10.010000,10.200000,10.200000,163900
2020-06-24,10.020000,10.055000,9.395000,9.640000,9.640000,515600
2020-06-25,9.580000,9.760000,9.380000,9.760000,9.760000,306600
2020-06-26,9.770000,9.770000,9.200000,9.270000,9.270000,436000
2020-06-29,9.430000,9.590000,9.260000,9.570000,9.570000,200200
2020-06-30,9.490000,9.750000,9.370000,9.720000,9.720000,199800
2020-07-01,9.710000,10.040000,9.710000,9.830000,9.830000,137300
2020-07-02,10.060000,10.170000,9.390000,9.430000,9.430000,200200
2020-07-06,9.430000,10.450000,9.430000,10.430000,10.430000,424500
2020-07-07,10.290000,10.290000,9.430000,9.460000,9.460000,343100
2020-07-08,9.460000,9.810000,9.420000,9.810000,9.810000,173000
2020-07-09,9.810000,9.850000,9.510000,9.560000,9.560000,203200
2020-07-10,9.560000,9.960000,9.510000,9.920000,9.920000,155100
2020-07-13,10.000000,10.000000,9.600000,9.600000,9.600000,221500
2020-07-14,9.690000,9.750000,9.315000,9.440000,9.440000,205800
2020-07-15,9.630000,9.880000,9.600000,9.690000,9.690000,442100
2020-07-16,9.660000,9.660000,9.469000,9.580000,9.580000,169200
2020-07-17,9.540000,9.940000,9.520000,9.860000,9.860000,132700
2020-07-20,9.800000,9.900000,9.600000,9.680000,9.680000,108800
2020-07-21,9.760000,9.980000,9.560000,9.590000,9.590000,167600
2020-07-22,9.550000,9.855000,9.510000,9.740000,9.740000,111200
2020-07-23,9.690000,9.725000,9.510000,9.620000,9.620000,104700
2020-07-24,9.620000,9.660000,9.310000,9.370000,9.370000,148600
2020-07-27,9.350000,9.405000,9.120000,9.310000,9.310000,101100
2020-07-28,9.220000,9.510000,9.220000,9.310000,9.310000,104900
2020-07-29,9.320000,9.530000,9.200000,9.520000,9.520000,137000
2020-07-30,9.400000,10.060000,9.400000,10.040000,10.040000,186600
2020-07-31,10.010000,10.590000,9.980000,10.280000,10.280000,308900
2020-08-03,10.190000,10.400000,9.810000,10.330000,10.330000,250500
2020-08-04,10.330000,10.740000,10.230000,10.280000,10.280000,155200
2020-08-05,10.400000,10.525000,10.280000,10.440000,10.440000,137000
2020-08-06,10.060000,10.190000,9.010000,9.260000,9.260000,638200
2020-08-07,9.300000,9.520000,9.040000,9.420000,9.420000,652900
2020-08-10,9.410000,10.130000,9.410000,10.000000,10.000000,270000
2020-08-11,10.200000,10.440000,10.010000,10.080000,10.080000,200900
2020-08-12,10.210000,10.530000,10.210000,10.320000,10.320000,133900