Date,Open,High,Low,Close,Adj Close,Volume
2015-06-23,38.000000,38.000000,38.000000,38.000000,38.000000,100
2015-06-24,38.000000,38.000000,38.000000,38.000000,38.000000,0
2015-06-25,38.000000,38.000000,38.000000,38.000000,38.000000,0
2015-06-26,38.000000,38.000000,38.000000,38.000000,38.000000,0
2015-06-29,38.000000,38.000000,38.000000,38.000000,38.000000,0
2015-06-30,38.000000,38.000000,38.000000,38.000000,38.000000,0
2015-07-01,69.889999,69.889999,69.889999,69.889999,69.889999,200
2015-07-02,46.259998,55.000000,46.259998,48.099998,48.099998,2130900
2015-07-06,47.450001,49.369999,45.500000,47.340000,47.340000,700700
2015-07-07,46.610001,47.450001,45.000000,45.060001,45.060001,673800
2015-07-08,45.439999,45.500000,42.830002,43.450001,43.450001,1106100
2015-07-09,43.009998,43.619999,41.230000,41.880001,41.880001,1016200
2015-07-10,41.250000,43.720001,40.590000,43.049999,43.049999,1322400
2015-07-13,42.610001,46.430000,42.150002,46.240002,46.240002,1247100
2015-07-14,45.549999,46.220001,44.040001,45.349998,45.349998,610800
2015-07-15,45.369999,45.630001,44.759998,45.340000,45.340000,429700
2015-07-16,45.360001,45.910000,45.060001,45.549999,45.549999,756300
2015-07-17,45.540001,49.400002,45.279999,48.900002,48.900002,635700
2015-07-20,48.840000,48.990002,47.650002,48.130001,48.130001,222700
2015-07-21,48.610001,48.610001,47.000000,47.049999,47.049999,278700
2015-07-22,47.220001,47.959999,46.169998,46.750000,46.750000,241100
2015-07-23,46.709999,46.779999,46.060001,46.430000,46.430000,225900
2015-07-24,46.799999,46.799999,45.270000,45.459999,45.459999,479900
2015-07-27,45.259998,45.590000,43.849998,44.099998,44.099998,238100
2015-07-28,44.000000,45.570000,43.000000,43.930000,43.930000,196000
2015-07-29,43.459999,44.639999,42.599998,42.820000,42.820000,215000
2015-07-30,43.009998,44.820000,43.000000,43.299999,43.299999,69900
2015-07-31,43.430000,43.750000,42.500000,42.549999,42.549999,296900
2015-08-03,42.419998,44.150002,42.139999,42.529999,42.529999,290900
2015-08-04,42.619999,43.330002,42.389999,43.189999,43.189999,256400
2015-08-05,43.610001,44.410000,42.599998,43.200001,43.200001,468400
2015-08-06,42.709999,43.000000,42.200001,42.509998,42.509998,296300
2015-08-07,42.459999,42.520000,41.279999,41.720001,41.720001,198100
2015-08-10,41.980000,41.980000,41.169998,41.490002,41.490002,226100
2015-08-11,41.310001,41.619999,40.349998,40.490002,40.490002,211200
2015-08-12,40.400002,40.869999,39.430000,39.500000,39.500000,382900
2015-08-13,39.520000,39.520000,38.900002,38.959999,38.959999,351700
2015-08-14,38.900002,39.480000,38.880001,39.090000,39.090000,186400
2015-08-17,38.799999,39.230000,38.490002,38.660000,38.660000,215300
2015-08-18,38.599998,38.709999,38.029999,38.320000,38.320000,239900
2015-08-19,37.639999,38.200001,37.220001,37.320000,37.320000,162600
2015-08-20,36.669998,37.230000,36.669998,37.020000,37.020000,152600
2015-08-21,37.000000,37.509998,36.279999,36.400002,36.400002,166700
2015-08-24,34.919998,36.090000,33.540001,34.610001,34.610001,247000
2015-08-25,35.020000,35.240002,33.400002,33.700001,33.700001,306600
2015-08-26,33.860001,34.060001,32.599998,32.799999,32.799999,370900
2015-08-27,33.049999,34.189999,33.049999,33.820000,33.820000,266400
2015-08-28,34.000000,34.310001,33.880001,34.060001,34.060001,95800
2015-08-31,34.060001,34.200001,33.240002,33.250000,33.250000,193700
2015-09-01,33.000000,33.490002,32.110001,32.250000,32.250000,206200
2015-09-02,32.470001,32.689999,32.090000,32.520000,32.520000,93200
2015-09-03,32.680000,33.279999,32.500000,32.830002,32.830002,202300
2015-09-04,32.400002,32.830002,32.000000,32.689999,32.689999,177000
2015-09-08,33.680000,35.150002,33.000000,34.720001,34.720001,260000
2015-09-09,35.139999,36.110001,34.889999,35.570000,35.570000,243600
2015-09-10,35.560001,38.630001,35.560001,38.389999,38.389999,355200
2015-09-11,38.040001,39.959999,38.040001,39.619999,39.619999,433800
2015-09-14,39.380001,39.790001,36.540001,36.770000,36.770000,230000
2015-09-15,36.910000,37.150002,36.599998,36.990002,36.990002,132200
2015-09-16,36.900002,37.290001,35.840000,36.450001,36.450001,111400
2015-09-17,36.639999,37.580002,36.439999,37.380001,37.380001,244000
2015-09-18,37.000000,37.299999,36.209999,36.470001,36.470001,281300
2015-09-21,36.869999,37.000000,35.770000,36.310001,36.310001,69600
2015-09-22,35.990002,36.990002,34.500000,34.549999,34.549999,98000
2015-09-23,34.529999,34.709999,34.080002,34.220001,34.220001,62700
2015-09-24,33.919998,34.900002,33.200001,34.639999,34.639999,113600
2015-09-25,34.110001,35.049999,34.110001,34.950001,34.950001,84500
2015-09-28,35.000000,35.000000,33.549999,34.080002,34.080002,66900
2015-09-29,34.000000,34.325001,33.790001,34.119999,34.119999,95100
2015-09-30,34.349998,34.360001,33.549999,34.240002,34.240002,120300
2015-10-01,34.290001,34.560001,34.000000,34.310001,34.310001,75000
2015-10-02,34.360001,35.320000,34.060001,35.169998,35.169998,56400
2015-10-05,35.389999,36.610001,35.389999,36.270000,36.270000,114500
2015-10-06,36.180000,37.080002,35.990002,36.799999,36.799999,88000
2015-10-07,36.840000,37.700001,36.709999,36.900002,36.900002,180300
2015-10-08,36.959999,37.119999,35.759998,36.080002,36.080002,92400
2015-10-09,36.099998,36.279999,35.410000,35.959999,35.959999,48000
2015-10-12,35.980000,36.459999,35.320000,35.500000,35.500000,41600
2015-10-13,35.070000,35.369999,34.400002,34.930000,34.930000,188100
2015-10-14,34.959999,36.000000,34.470001,34.970001,34.970001,106600
2015-10-15,35.099998,35.480000,34.290001,34.980000,34.980000,73400
2015-10-16,35.090000,35.310001,34.099998,34.919998,34.919998,148000
2015-10-19,34.980000,36.645000,34.896000,35.029999,35.029999,139600
2015-10-20,35.200001,35.560001,33.689999,34.639999,34.639999,73700
2015-10-21,34.939999,34.939999,33.630001,33.830002,33.830002,76600
2015-10-22,33.990002,38.500000,33.029999,37.639999,37.639999,1135200
2015-10-23,38.119999,42.299999,37.720001,40.950001,40.950001,255700
2015-10-26,40.950001,41.340000,38.540001,38.930000,38.930000,136800
2015-10-27,38.799999,39.125000,37.959999,38.689999,38.689999,122900
2015-10-28,38.919998,40.230000,38.919998,39.750000,39.750000,45500
2015-10-29,39.540001,39.810001,39.110001,39.240002,39.240002,78700
2015-10-30,39.160000,39.669998,37.549999,38.660000,38.660000,69700
2015-11-02,38.779999,38.959999,38.270000,38.500000,38.500000,116600
2015-11-03,38.299999,38.490002,38.000000,38.250000,38.250000,124100
2015-11-04,38.349998,38.660000,37.000000,37.080002,37.080002,193700
2015-11-05,37.110001,37.279999,36.000000,36.299999,36.299999,165400
2015-11-06,36.430000,38.160000,36.020000,37.049999,37.049999,303300
2015-11-09,37.099998,37.099998,36.340000,36.820000,36.820000,117600
2015-11-10,36.779999,37.910000,36.700001,36.860001,36.860001,62300
2015-11-11,36.810001,37.029999,36.007000,36.549999,36.549999,230500
2015-11-12,36.290001,36.450001,35.450001,35.549999,35.549999,203700
2015-11-13,35.310001,36.380001,34.689999,36.049999,36.049999,83100
2015-11-16,36.130001,40.700001,35.230000,38.040001,38.040001,384000
2015-11-17,38.250000,38.810001,36.240002,37.250000,37.250000,365400
2015-11-18,37.349998,37.755001,36.500000,37.740002,37.740002,386300
2015-11-19,37.619999,38.639999,37.029999,38.290001,38.290001,259600
2015-11-20,38.689999,38.689999,37.900002,38.270000,38.270000,139700
2015-11-23,38.250000,38.250000,36.509998,37.730000,37.730000,384200
2015-11-24,37.520000,38.250000,35.560001,36.849998,36.849998,450500
2015-11-25,37.009998,38.980000,36.680000,37.779999,37.779999,427900
2015-11-27,37.770000,38.529999,36.000000,38.160000,38.160000,53600
2015-11-30,38.160000,39.250000,38.160000,39.220001,39.220001,338300
2015-12-01,39.240002,40.889999,38.950001,40.450001,40.450001,379400
2015-12-02,40.419998,42.189999,40.029999,42.020000,42.020000,246800
2015-12-03,42.110001,42.345001,40.669998,40.790001,40.790001,286200
2015-12-04,40.689999,40.689999,39.250000,39.740002,39.740002,112500
2015-12-07,39.750000,39.820000,38.529999,38.919998,38.919998,157400
2015-12-08,38.570000,38.849998,38.160000,38.619999,38.619999,214600
2015-12-09,38.619999,39.090000,38.549999,38.720001,38.720001,138400
2015-12-10,38.680000,39.169998,38.439999,38.889999,38.889999,137000
2015-12-11,38.439999,39.150002,38.320000,38.630001,38.630001,275700
2015-12-14,38.599998,38.599998,36.880001,37.540001,37.540001,421400
2015-12-15,37.750000,38.080002,37.410000,37.939999,37.939999,271200
2015-12-16,38.240002,39.529999,37.939999,39.049999,39.049999,151500
2015-12-17,39.270000,39.270000,38.540001,39.000000,39.000000,327800
2015-12-18,39.000000,40.689999,38.439999,40.119999,40.119999,1713700
2015-12-21,40.389999,41.369999,40.360001,41.099998,41.099998,258700
2015-12-22,41.299999,42.279999,41.080002,42.279999,42.279999,90300
2015-12-23,42.279999,42.490002,41.630001,42.020000,42.020000,166100
2015-12-24,41.860001,42.349998,41.689999,41.740002,41.740002,27500
2015-12-28,41.599998,41.950001,41.060001,41.520000,41.520000,141400
2015-12-29,41.660000,42.009998,40.910000,42.000000,42.000000,396900
2015-12-30,41.970001,42.590000,41.720001,42.060001,42.060001,126200
2015-12-31,42.000000,43.660000,42.000000,43.000000,43.000000,137400
2016-01-04,42.110001,42.735001,40.840000,41.299999,41.299999,188900
2016-01-05,41.380001,41.380001,39.860001,40.680000,40.680000,261900
2016-01-06,40.040001,40.980000,39.931000,40.689999,40.689999,92400
2016-01-07,39.740002,40.430000,39.465000,39.779999,39.779999,279900
2016-01-08,39.959999,40.220001,39.250000,39.830002,39.830002,224700
2016-01-11,40.330002,40.330002,39.480000,39.810001,39.810001,253600
2016-01-12,40.169998,40.330002,39.610001,40.090000,40.090000,227400
2016-01-13,40.029999,40.320000,39.240002,39.529999,39.529999,165600
2016-01-14,39.630001,40.919998,38.439999,39.889999,39.889999,185300
2016-01-15,38.900002,39.060001,36.880001,37.660000,37.660000,401700
2016-01-19,37.990002,38.459999,37.485001,38.189999,38.189999,194800
2016-01-20,37.340000,37.720001,36.070000,36.509998,36.509998,444200
2016-01-21,36.500000,36.910000,35.389999,35.799999,35.799999,175900
2016-01-22,36.389999,36.860001,35.759998,36.389999,36.389999,95800
2016-01-25,36.259998,36.259998,35.009998,35.799999,35.799999,249700
2016-01-26,36.130001,36.130001,34.299999,36.009998,36.009998,152900
2016-01-27,35.970001,36.480000,35.330002,35.410000,35.410000,77000
2016-01-28,35.669998,35.730000,34.945000,35.349998,35.349998,64500
2016-01-29,35.257000,36.930000,35.257000,36.849998,36.849998,100800
2016-02-01,36.599998,37.889999,35.520000,37.610001,37.610001,59100
2016-02-02,37.230000,37.669998,35.924999,37.419998,37.419998,104900
2016-02-03,37.540001,37.540001,35.895000,37.200001,37.200001,66800
2016-02-04,37.090000,39.090000,35.755001,38.529999,38.529999,100800
2016-02-05,38.270000,38.270000,36.855000,38.209999,38.209999,384000
2016-02-08,37.669998,37.669998,35.220001,35.959999,35.959999,254000
2016-02-09,35.380001,36.450001,34.029999,34.290001,34.290001,364400
2016-02-10,34.560001,35.070000,34.251999,34.730000,34.730000,73100
2016-02-11,34.230000,34.709999,33.840000,34.220001,34.220001,101300
2016-02-12,34.509998,34.660000,34.270000,34.529999,34.529999,61900
2016-02-16,34.990002,35.770000,34.669998,35.540001,35.540001,79300
2016-02-17,35.900002,36.630001,35.099998,36.310001,36.310001,109300
2016-02-18,36.400002,36.459999,35.680000,35.980000,35.980000,96200
2016-02-19,35.750000,35.959999,34.770000,35.080002,35.080002,109400
2016-02-22,35.470001,36.279999,35.389999,36.049999,36.049999,122300
2016-02-23,35.830002,36.180000,35.279999,35.410000,35.410000,80600
2016-02-24,34.950001,35.049999,33.980000,34.630001,34.630001,142900
2016-02-25,34.590000,35.139999,34.130001,35.020000,35.020000,121800
2016-02-26,35.130001,36.049999,34.889999,35.980000,35.980000,183100
2016-02-29,35.919998,36.750000,35.919998,36.689999,36.689999,74800
2016-03-01,36.900002,37.660000,36.720001,37.230000,37.230000,86100
2016-03-02,36.990002,37.709999,36.820000,37.540001,37.540001,20500
2016-03-03,37.549999,38.240002,37.060001,38.110001,38.110001,83900
2016-03-04,38.230000,38.470001,36.820000,37.220001,37.220001,53500
2016-03-07,36.980000,37.560001,36.950001,37.169998,37.169998,43400
2016-03-08,37.000000,37.220001,36.009998,36.340000,36.340000,141300
2016-03-09,36.669998,36.790001,36.259998,36.540001,36.540001,24500
2016-03-10,36.779999,37.273998,36.320000,36.570000,36.570000,46700
2016-03-11,36.939999,37.450001,36.389999,36.599998,36.599998,55800
2016-03-14,36.549999,37.060001,36.500000,36.650002,36.650002,27600
2016-03-15,36.349998,36.680000,36.009998,36.310001,36.310001,75300
2016-03-16,36.709999,37.340000,36.709999,37.160000,37.160000,25000
2016-03-17,37.060001,38.000000,37.060001,37.580002,37.580002,68300
2016-03-18,37.610001,38.040001,37.110001,37.360001,37.360001,84500
2016-03-21,37.090000,37.930000,37.090000,37.650002,37.650002,29300
2016-03-22,37.400002,38.099998,37.230000,37.619999,37.619999,25100
2016-03-23,37.450001,38.099998,37.389999,38.020000,38.020000,56400
2016-03-24,37.740002,38.040001,37.014999,37.750000,37.750000,59200
2016-03-28,37.709999,38.130001,37.380001,37.820000,37.820000,43100
2016-03-29,37.750000,38.820000,37.590000,38.290001,38.290001,57100
2016-03-30,38.380001,39.404999,37.910000,38.380001,38.380001,77600
2016-03-31,38.310001,38.380001,37.470001,37.880001,37.880001,76300
2016-04-01,37.630001,38.330002,37.529999,37.639999,37.639999,113200
2016-04-04,37.709999,37.709999,36.500000,36.919998,36.919998,100100
2016-04-05,36.630001,36.770000,36.150002,36.599998,36.599998,141800
2016-04-06,36.480000,36.720001,36.209999,36.369999,36.369999,257100
2016-04-07,36.209999,36.959999,36.070000,36.750000,36.750000,141900
2016-04-08,36.959999,37.320000,36.369999,37.060001,37.060001,130000
2016-04-11,36.900002,37.580002,36.689999,37.150002,37.150002,39200
2016-04-12,37.040001,37.860001,36.849998,37.740002,37.740002,53500
2016-04-13,37.849998,38.320000,37.650002,37.970001,37.970001,37800
2016-04-14,37.840000,38.400002,37.040001,37.779999,37.779999,133200
2016-04-15,37.750000,38.189999,37.250000,37.910000,37.910000,119800
2016-04-18,37.590000,38.389999,37.590000,37.810001,37.810001,134600
2016-04-19,38.000000,38.480000,37.029999,37.119999,37.119999,348800
2016-04-20,37.049999,39.000000,36.830002,37.740002,37.740002,228700
2016-04-21,37.740002,39.200001,37.430000,39.029999,39.029999,184200
2016-04-22,38.959999,39.770000,38.869999,39.410000,39.410000,149200
2016-04-25,39.130001,39.820000,38.900002,39.500000,39.500000,77700
2016-04-26,39.410000,39.959999,39.279999,39.639999,39.639999,209200
2016-04-27,39.650002,41.209999,39.380001,40.740002,40.740002,84200
2016-04-28,40.410000,41.880001,40.349998,41.570000,41.570000,308300
2016-04-29,41.470001,41.630001,40.161999,40.610001,40.610001,109600
2016-05-02,40.689999,41.445000,40.380001,40.549999,40.549999,71900
2016-05-03,40.410000,42.185001,39.730000,39.889999,39.889999,91900
2016-05-04,39.779999,40.310001,39.320000,39.990002,39.990002,114500
2016-05-05,40.869999,40.869999,39.790001,39.990002,39.990002,73000
2016-05-06,39.970001,40.669998,39.520000,40.180000,40.180000,130600
2016-05-09,40.060001,41.750000,39.930000,40.950001,40.950001,86400
2016-05-10,40.869999,41.849998,40.049999,41.700001,41.700001,127700
2016-05-11,41.430000,42.500000,41.005001,41.669998,41.669998,134600
2016-05-12,42.150002,43.483002,41.840000,42.259998,42.259998,67300
2016-05-13,42.500000,42.500000,41.439999,41.970001,41.970001,164200
2016-05-16,41.980000,42.360001,41.695000,42.020000,42.020000,236900
2016-05-17,41.919998,44.950001,41.270000,42.790001,42.790001,345200
2016-05-18,42.500000,43.040001,40.605000,42.509998,42.509998,268200
2016-05-19,42.200001,42.980000,41.349998,41.820000,41.820000,690200
2016-05-20,41.720001,42.365002,41.430000,41.810001,41.810001,76300
2016-05-23,41.790001,42.130001,41.660000,41.759998,41.759998,62400
2016-05-24,41.790001,42.805000,41.610001,42.299999,42.299999,81000
2016-05-25,42.470001,42.900002,42.169998,42.540001,42.540001,50300
2016-05-26,42.459999,42.705002,41.169998,42.240002,42.240002,106800
2016-05-27,42.240002,42.985001,42.150002,42.980000,42.980000,30600
2016-05-31,42.880001,42.939999,42.380001,42.709999,42.709999,124900
2016-06-01,42.430000,43.380001,41.540001,42.700001,42.700001,106600
2016-06-02,42.700001,43.490002,40.160000,40.410000,40.410000,732300
2016-06-03,40.340000,41.740002,37.610001,37.840000,37.840000,884300
2016-06-06,37.849998,38.150002,37.250000,37.610001,37.610001,258800
2016-06-07,37.680000,38.009998,37.610001,37.860001,37.860001,163500
2016-06-08,38.000000,38.490002,37.830002,37.939999,37.939999,284800
2016-06-09,37.810001,38.349998,37.450001,38.209999,38.209999,360500
2016-06-10,38.049999,38.110001,37.389999,38.029999,38.029999,309400
2016-06-13,37.759998,37.955002,36.590000,37.209999,37.209999,193300
2016-06-14,36.950001,37.400002,36.750000,37.369999,37.369999,353200
2016-06-15,37.369999,37.720001,37.174999,37.380001,37.380001,213400
2016-06-16,37.029999,37.509998,36.820000,37.480000,37.480000,252400
2016-06-17,37.330002,37.669998,36.849998,37.410000,37.410000,219700
2016-06-20,37.660000,37.994999,36.150002,36.349998,36.349998,407500
2016-06-21,36.410000,36.520000,34.709999,35.400002,35.400002,2791400
2016-06-22,35.630001,35.799999,34.029999,34.400002,34.400002,1316600
2016-06-23,34.619999,35.830002,33.430000,35.735001,35.735001,1290500
2016-06-24,34.470001,34.860001,33.669998,33.869999,33.869999,1219300
2016-06-27,34.080002,34.174999,32.389999,32.709999,32.709999,1051500
2016-06-28,33.540001,33.820000,31.900000,32.070000,32.070000,1390300
2016-06-29,32.619999,33.660000,32.299999,32.779999,32.779999,1345800
2016-06-30,32.950001,33.779999,32.090000,32.490002,32.490002,2559400
2016-07-01,32.500000,33.000000,31.920000,32.889999,32.889999,2949000
2016-07-05,32.759998,32.810001,32.000000,32.060001,32.060001,5463800
2016-07-06,32.099998,33.110001,30.940001,33.099998,33.099998,3682300
2016-07-07,32.919998,34.919998,32.799999,34.650002,34.650002,2942400
2016-07-08,34.560001,35.730000,34.419998,35.700001,35.700001,904200
2016-07-11,36.009998,36.009998,35.040001,35.340000,35.340000,1269300
2016-07-12,35.730000,36.000000,34.935001,35.020000,35.020000,1370600
2016-07-13,35.060001,35.060001,34.290001,34.490002,34.490002,1688000
2016-07-14,34.990002,35.200001,34.500000,34.730000,34.730000,1406100
2016-07-15,34.570000,34.820000,34.380001,34.709999,34.709999,1336900
2016-07-18,34.410000,34.980000,34.139999,34.799999,34.799999,3331100
2016-07-19,34.959999,35.000000,34.790001,34.900002,34.900002,1226700
2016-07-20,34.650002,36.029999,34.500000,35.889999,35.889999,2396600
2016-07-21,35.730000,36.770000,35.520000,36.669998,36.669998,922500
2016-07-22,36.110001,36.900002,36.110001,36.660000,36.660000,374300
2016-07-25,36.480000,36.730000,35.990002,36.000000,36.000000,645100
2016-07-26,35.990002,36.520000,35.560001,36.299999,36.299999,485600
2016-07-27,36.459999,36.459999,35.400002,35.480000,35.480000,737300
2016-07-28,35.580002,35.580002,34.950001,35.220001,35.220001,679100
2016-07-29,35.240002,35.240002,34.810001,35.000000,35.000000,571900
2016-08-01,34.849998,35.660000,34.685001,35.240002,35.240002,746500
2016-08-02,35.230000,35.389999,34.840000,34.950001,34.950001,611800
2016-08-03,34.799999,35.680000,34.799999,35.509998,35.509998,635000
2016-08-04,35.570000,35.570000,35.099998,35.380001,35.380001,231300
2016-08-05,35.310001,35.639999,32.889999,33.139999,33.139999,2405100
2016-08-08,33.360001,33.439999,28.809999,29.240000,29.240000,4995700
2016-08-09,30.160000,30.270000,29.430000,29.719999,29.719999,2169900
2016-08-10,29.719999,29.870001,28.389999,29.459999,29.459999,2592600
2016-08-11,29.500000,29.840000,29.190001,29.780001,29.780001,1129600
2016-08-12,29.879999,30.209999,29.459999,29.510000,29.510000,1202100
2016-08-15,29.520000,30.879999,29.370001,29.709999,29.709999,1326500
2016-08-16,29.770000,30.049999,29.330000,29.920000,29.920000,854700
2016-08-17,29.920000,30.090000,29.230000,29.469999,29.469999,1303500
2016-08-18,29.580000,29.670000,28.459999,28.459999,28.459999,1389200
2016-08-19,28.360001,28.680000,27.820000,28.000000,28.000000,1669600
2016-08-22,27.940001,28.469999,27.181000,28.420000,28.420000,2157200
2016-08-23,28.400000,28.740000,27.580000,27.650000,27.650000,778800
2016-08-24,27.530001,27.700001,27.004999,27.230000,27.230000,1033300
2016-08-25,27.250000,27.850000,27.180000,27.830000,27.830000,817300
2016-08-26,27.840000,27.959999,27.375000,27.520000,27.520000,647900
2016-08-29,27.500000,28.070000,27.250000,27.959999,27.959999,709100
2016-08-30,27.950001,28.290001,27.889999,28.090000,28.090000,616700
2016-08-31,28.080000,28.705000,27.900000,28.559999,28.559999,978300
2016-09-01,28.480000,28.820000,28.100000,28.280001,28.280001,708400
2016-09-02,28.299999,29.010000,28.209999,28.990000,28.990000,646000
2016-09-06,29.110001,29.450001,28.830000,29.260000,29.260000,779800
2016-09-07,29.120001,29.889999,28.969999,29.850000,29.850000,879300
2016-09-08,30.010000,30.020000,29.320000,29.809999,29.809999,1144100
2016-09-09,29.730000,29.730000,29.150000,29.379999,29.379999,880600
2016-09-12,29.400000,29.790001,29.120001,29.680000,29.680000,793300
2016-09-13,29.410000,29.735001,28.943001,29.209999,29.209999,769400
2016-09-14,29.209999,29.770000,29.139999,29.389999,29.389999,930000
2016-09-15,29.469999,29.870001,29.219999,29.809999,29.809999,540100
2016-09-16,29.510000,29.940001,28.889999,29.170000,29.170000,2433300
2016-09-19,29.290001,29.870001,29.209999,29.590000,29.590000,523700
2016-09-20,29.660000,29.870001,29.490000,29.520000,29.520000,244300
2016-09-21,29.459999,29.889999,28.850000,29.020000,29.020000,711500
2016-09-22,29.059999,29.370001,28.855000,28.889999,28.889999,506800
2016-09-23,28.549999,28.910000,28.344999,28.670000,28.670000,629100
2016-09-26,28.459999,28.610001,28.059999,28.400000,28.400000,689700
2016-09-27,28.500000,28.535000,28.165001,28.280001,28.280001,486000
2016-09-28,28.400000,28.459999,28.120001,28.440001,28.440001,487200
2016-09-29,28.320000,28.549999,28.150000,28.240000,28.240000,373800
2016-09-30,28.330000,28.495001,28.000000,28.049999,28.049999,1218400
2016-10-03,28.020000,28.500000,28.000000,28.360001,28.360001,722200
2016-10-04,28.400000,28.770000,28.340000,28.580000,28.580000,485500
2016-10-05,28.700001,28.990000,28.617001,28.740000,28.740000,667700
2016-10-06,28.629999,28.760000,28.280001,28.299999,28.299999,264000
2016-10-07,28.260000,28.450001,28.170000,28.280001,28.280001,927700
2016-10-10,28.459999,28.480000,28.290001,28.389999,28.389999,241200
2016-10-11,28.379999,28.410000,28.110001,28.170000,28.170000,282800
2016-10-12,28.170000,28.350000,28.010000,28.230000,28.230000,214900
2016-10-13,28.110001,28.400000,27.920000,28.080000,28.080000,1176300
2016-10-14,28.219999,28.400000,27.770000,27.879999,27.879999,383400
2016-10-17,27.750000,28.070000,27.730000,27.770000,27.770000,390200
2016-10-18,27.980000,28.150000,27.840000,27.879999,27.879999,392700
2016-10-19,28.020000,28.080000,27.600000,27.990000,27.990000,528300
2016-10-20,27.860001,28.010000,27.549999,27.700001,27.700001,307900
2016-10-21,27.709999,27.875000,27.480000,27.660000,27.660000,287400
2016-10-24,27.760000,27.965000,27.459999,27.549999,27.549999,442200
2016-10-25,27.629999,27.730000,27.240000,27.280001,27.280001,556300
2016-10-26,27.299999,27.370001,26.600000,26.910000,26.910000,1220500
2016-10-27,27.070000,27.320000,26.540001,26.870001,26.870001,606900
2016-10-28,26.780001,27.379999,26.730000,26.990000,26.990000,431300
2016-10-31,27.040001,27.750000,26.940001,27.639999,27.639999,656500
2016-11-01,27.780001,27.802999,27.059999,27.370001,27.370001,552300
2016-11-02,27.250000,27.770000,26.809999,26.980000,26.980000,1084000
2016-11-03,27.120001,27.302999,26.440001,26.490000,26.490000,907000
2016-11-04,26.440001,26.440001,19.330000,19.370001,19.370001,10139300
2016-11-07,19.760000,20.340000,19.695000,19.920000,19.920000,2729400
2016-11-08,19.930000,20.430000,19.809999,20.180000,20.180000,1936000
2016-11-09,20.290001,20.430000,19.870001,20.250000,20.250000,1221500
2016-11-10,20.250000,20.500000,19.650000,19.910000,19.910000,1634900
2016-11-11,19.959999,19.990000,19.445000,19.780001,19.780001,971900
2016-11-14,19.809999,20.195000,19.730000,19.879999,19.879999,1127600
2016-11-15,20.049999,20.049999,19.590000,19.629999,19.629999,779500
2016-11-16,19.610001,19.780001,19.400000,19.570000,19.570000,1028400
2016-11-17,19.520000,19.799999,19.450001,19.709999,19.709999,1167500
2016-11-18,19.760000,20.645000,19.680000,20.469999,20.469999,1329200
2016-11-21,20.620001,21.530001,20.510000,21.379999,21.379999,1295100
2016-11-22,21.389999,21.530001,21.120001,21.240000,21.240000,732100
2016-11-23,21.170000,21.600000,20.910000,21.510000,21.510000,355000
2016-11-25,21.490000,21.980000,21.150000,21.940001,21.940001,298400
2016-11-28,21.980000,22.110001,21.690001,21.940001,21.940001,675700
2016-11-29,21.870001,22.340000,21.459999,21.520000,21.520000,805200
2016-11-30,21.490000,22.190001,20.959999,21.170000,21.170000,849800
2016-12-01,21.180000,21.510000,20.521000,20.620001,20.620001,924100
2016-12-02,20.650000,20.830000,20.129999,20.370001,20.370001,925400
2016-12-05,20.370001,20.750000,20.299999,20.549999,20.549999,818300
2016-12-06,20.520000,20.879999,20.193001,20.340000,20.340000,718900
2016-12-07,20.240000,20.610001,20.150000,20.440001,20.440001,920100
2016-12-08,20.500000,20.754999,20.205000,20.370001,20.370001,804100
2016-12-09,20.280001,20.719999,20.000000,20.190001,20.190001,927200
2016-12-12,20.200001,20.309999,19.620001,19.670000,19.670000,946300
2016-12-13,19.740000,21.110001,19.650000,20.830000,20.830000,6242400
2016-12-14,20.709999,21.740000,20.709999,21.480000,21.480000,1726200
2016-12-15,21.500000,21.760000,21.090000,21.360001,21.360001,840500
2016-12-16,21.440001,21.540001,21.049999,21.240000,21.240000,2832000
2016-12-19,21.250000,21.415001,21.025999,21.395000,21.395000,967500
2016-12-20,21.379999,21.660000,21.070000,21.209999,21.209999,561700
2016-12-21,21.250000,21.540001,21.059999,21.520000,21.520000,724700
2016-12-22,21.469999,21.799999,21.370001,21.590000,21.590000,793300
2016-12-23,21.520000,22.100000,21.520000,21.740000,21.740000,649600
2016-12-27,21.730000,22.299999,21.690001,21.730000,21.730000,582300
2016-12-28,21.830000,21.840000,21.420000,21.680000,21.680000,570800
2016-12-29,21.620001,21.950001,21.350000,21.379999,21.379999,374300
2016-12-30,21.350000,21.350000,20.770000,21.170000,21.170000,571500
2017-01-03,21.320000,22.780001,21.320000,22.450001,22.450001,1015900
2017-01-04,22.480000,22.780001,22.290001,22.709999,22.709999,720000
2017-01-05,22.620001,22.969999,22.620001,22.730000,22.730000,424200
2017-01-06,22.820000,23.160000,22.270000,22.500000,22.500000,978300
2017-01-09,22.410000,22.520000,22.070000,22.100000,22.100000,680000
2017-01-10,22.059999,22.150000,21.680000,21.719999,21.719999,392300
2017-01-11,21.670000,21.750000,21.120001,21.330000,21.330000,594200
2017-01-12,21.340000,21.559999,21.084999,21.549999,21.549999,393100
2017-01-13,21.610001,21.990000,21.490000,21.850000,21.850000,402900
2017-01-17,21.889999,22.260000,21.889999,22.180000,22.180000,507400
2017-01-18,22.290001,22.309999,21.645000,21.900000,21.900000,588400
2017-01-19,21.830000,21.879999,21.559999,21.870001,21.870001,354200
2017-01-20,22.000000,22.230000,21.639999,21.840000,21.840000,340900
2017-01-23,21.809999,21.900000,21.600000,21.889999,21.889999,351400
2017-01-24,21.959999,22.240000,21.790001,21.969999,21.969999,534400
2017-01-25,22.020000,22.389999,22.000000,22.360001,22.360001,665600
2017-01-26,22.309999,22.860001,22.309999,22.750000,22.750000,834400
2017-01-27,22.850000,23.230000,22.549999,22.840000,22.840000,830800
2017-01-30,22.730000,22.980000,22.139999,22.400000,22.400000,1319600
2017-01-31,22.260000,22.370001,21.969999,22.320000,22.320000,831000
2017-02-01,22.400000,22.700001,21.930000,22.150000,22.150000,535800
2017-02-02,22.150000,22.219999,21.830000,22.059999,22.059999,809800
2017-02-03,22.200001,22.790001,22.200001,22.760000,22.760000,403300
2017-02-06,22.670000,22.809999,22.580000,22.690001,22.690001,230400
2017-02-07,22.650000,22.760000,22.070000,22.420000,22.420000,369800
2017-02-08,22.340000,22.400000,21.860001,21.879999,21.879999,275400
2017-02-09,21.950001,22.059999,21.469999,22.000000,22.000000,343200
2017-02-10,22.100000,22.570000,21.910000,22.459999,22.459999,307800
2017-02-13,22.580000,22.700001,21.870001,21.950001,21.950001,393700
2017-02-14,22.000000,22.190001,21.700001,21.850000,21.850000,620600
2017-02-15,21.750000,21.910000,21.610001,21.830000,21.830000,1108400
2017-02-16,22.120001,25.549999,22.100000,25.500000,25.500000,3073300
2017-02-17,25.549999,26.660000,24.950001,26.540001,26.540001,1238400
2017-02-21,26.510000,27.820000,26.500000,27.200001,27.200001,1444700
2017-02-22,27.240000,27.320000,26.340000,26.370001,26.370001,506000
2017-02-23,26.520000,26.549999,25.700001,26.070000,26.070000,649200
2017-02-24,26.139999,26.170000,25.129999,25.270000,25.270000,596700
2017-02-27,25.160000,25.379999,24.980000,25.190001,25.190001,521700
2017-02-28,25.090000,25.090000,24.490000,24.590000,24.590000,674300
2017-03-01,24.809999,24.809999,23.910000,24.510000,24.510000,753700
2017-03-02,24.420000,24.420000,23.500000,23.590000,23.590000,675400
2017-03-03,23.549999,23.709999,23.320000,23.520000,23.520000,547100
2017-03-06,23.650000,24.290001,23.270000,24.230000,24.230000,1044300
2017-03-07,23.850000,24.490000,23.580000,23.809999,23.809999,601900
2017-03-08,23.910000,23.910000,22.980000,23.059999,23.059999,1344500
2017-03-09,23.150000,23.299999,22.785000,23.030001,23.030001,965000
2017-03-10,23.150000,23.320000,22.850000,22.900000,22.900000,1197100
2017-03-13,22.820000,23.110001,22.629999,22.790001,22.790001,541500
2017-03-14,22.639999,22.799999,22.110001,22.580000,22.580000,1080000
2017-03-15,22.660000,23.205000,22.469999,23.150000,23.150000,1361200
2017-03-16,23.110001,23.549999,23.110001,23.320000,23.320000,712000
2017-03-17,23.450001,23.500000,22.950001,23.250000,23.250000,696400
2017-03-20,23.180000,23.280001,22.889999,23.090000,23.090000,475400
2017-03-21,23.100000,23.120001,22.680000,22.740000,22.740000,714100
2017-03-22,22.750000,22.764999,22.250000,22.490000,22.490000,1089400
2017-03-23,22.500000,22.549999,22.139999,22.370001,22.370001,843200
2017-03-24,22.450001,22.580000,22.120001,22.250000,22.250000,765600
2017-03-27,22.090000,22.559999,21.969999,22.510000,22.510000,680600
2017-03-28,22.480000,23.049999,22.200001,22.809999,22.809999,651300
2017-03-29,22.750000,23.690001,22.590000,23.629999,23.629999,940100
2017-03-30,23.690001,23.730000,23.190001,23.400000,23.400000,668000
2017-03-31,23.309999,23.320000,22.670000,23.040001,23.040001,642000
2017-04-03,23.049999,23.150000,22.540001,23.000000,23.000000,864600
2017-04-04,22.930000,23.440001,22.920000,23.290001,23.290001,505800
2017-04-05,23.290001,23.760000,23.150000,23.559999,23.559999,833400
2017-04-06,23.559999,24.040001,23.530001,23.785000,23.785000,468500
2017-04-07,23.860001,23.930000,23.330000,23.389999,23.389999,380200
2017-04-10,23.480000,23.799999,23.450001,23.629999,23.629999,283500
2017-04-11,23.570000,23.855000,23.270000,23.469999,23.469999,563300
2017-04-12,23.389999,23.750000,23.110001,23.540001,23.540001,1295600
2017-04-13,23.590000,23.590000,23.090000,23.250000,23.250000,507200
2017-04-17,23.290001,23.469999,22.990000,23.200001,23.200001,756700
2017-04-18,23.059999,23.150000,22.459999,22.540001,22.540001,512900
2017-04-19,22.709999,22.930000,22.455000,22.520000,22.520000,490700
2017-04-20,22.590000,22.830000,22.445000,22.610001,22.610001,516100
2017-04-21,22.590000,22.672001,22.325001,22.389999,22.389999,589600
2017-04-24,22.549999,22.730000,22.309999,22.420000,22.420000,704100
2017-04-25,22.500000,22.620001,22.350000,22.370001,22.370001,584800
2017-04-26,22.309999,22.510000,22.250000,22.410000,22.410000,839300
2017-04-27,22.400000,22.400000,21.940001,22.110001,22.110001,696800
2017-04-28,22.139999,22.139999,21.799999,21.840000,21.840000,976000
2017-05-01,21.920000,22.200001,21.690001,21.840000,21.840000,868400
2017-05-02,21.840000,22.059999,21.485001,21.709999,21.709999,1215700
2017-05-03,21.719999,21.790001,21.430000,21.549999,21.549999,862500
2017-05-04,21.480000,21.660000,20.389999,20.500000,20.500000,2159800
2017-05-05,20.650000,21.180000,20.559999,21.139999,21.139999,1069300
2017-05-08,21.200001,22.660000,19.969999,22.400000,22.400000,1863900
2017-05-09,22.379999,22.420000,21.410000,21.520000,21.520000,1001100
2017-05-10,21.430000,21.450001,21.020000,21.070000,21.070000,907100
2017-05-11,20.969999,21.160000,20.410000,20.590000,20.590000,1290100
2017-05-12,20.670000,20.719999,19.660000,20.500000,20.500000,2110700
2017-05-15,20.580000,21.264999,20.459999,21.100000,21.100000,716200
2017-05-16,21.150000,21.495001,21.062000,21.150000,21.150000,918300
2017-05-17,20.980000,21.230000,20.160000,20.330000,20.330000,1309600
2017-05-18,20.309999,20.420000,19.870001,20.030001,20.030001,818600
2017-05-19,19.870001,20.670000,19.820000,19.930000,19.930000,1322900
2017-05-22,19.980000,20.950001,19.920000,20.879999,20.879999,947200
2017-05-23,20.889999,21.309999,20.700001,20.959999,20.959999,1336100
2017-05-24,20.990000,21.110001,20.590000,20.730000,20.730000,694200
2017-05-25,20.760000,21.110001,20.590000,20.770000,20.770000,640000
2017-05-26,20.799999,21.150000,20.400000,20.559999,20.559999,805300
2017-05-30,20.549999,20.730000,20.430000,20.500000,20.500000,1300600
2017-05-31,20.549999,21.030001,20.350000,20.959999,20.959999,6794700
2017-06-01,21.010000,21.700001,20.950001,21.490000,21.490000,1464400
2017-06-02,21.520000,21.600000,21.379999,21.469999,21.469999,720500
2017-06-05,21.350000,21.930000,21.260000,21.690001,21.690001,1087200
2017-06-06,21.650000,21.650000,21.350000,21.370001,21.370001,744600
2017-06-07,21.309999,21.400000,20.590000,20.879999,20.879999,531600
2017-06-08,20.860001,20.969999,20.280001,20.600000,20.600000,1368500
2017-06-09,20.570000,20.799999,20.070000,20.100000,20.100000,1047800
2017-06-12,20.020000,20.580000,19.660000,19.920000,19.920000,1310800
2017-06-13,19.969999,20.330000,19.760000,19.980000,19.980000,1085900
2017-06-14,20.070000,20.160000,19.740000,19.950001,19.950001,1003700
2017-06-15,19.809999,19.920000,19.610001,19.860001,19.860001,444100
2017-06-16,19.799999,20.260000,19.740000,20.150000,20.150000,881500
2017-06-19,20.250000,20.420000,20.070000,20.330000,20.330000,272200
2017-06-20,20.209999,20.469999,19.580000,19.809999,19.809999,459300
2017-06-21,19.870001,20.334999,19.870001,20.250000,20.250000,594700
2017-06-22,20.299999,20.510000,20.190001,20.290001,20.290001,655700
2017-06-23,20.340000,20.670000,19.850000,20.549999,20.549999,584500
2017-06-26,20.709999,20.920000,20.410000,20.750000,20.750000,841600
2017-06-27,20.670000,21.080000,20.549999,20.889999,20.889999,429100
2017-06-28,20.910000,21.226999,20.530001,21.049999,21.049999,725900
2017-06-29,21.120001,21.370001,20.760000,21.010000,21.010000,504900
2017-06-30,21.090000,21.490000,20.910000,21.410000,21.410000,864900
2017-07-03,21.500000,21.753000,21.370001,21.620001,21.620001,400900
2017-07-05,21.629999,21.799999,21.270000,21.610001,21.610001,567800
2017-07-06,21.490000,21.760000,21.430000,21.590000,21.590000,595200
2017-07-07,21.590000,21.850000,21.480000,21.760000,21.760000,798500
2017-07-10,22.600000,25.370001,22.600000,24.200001,24.200001,3216600
2017-07-11,24.200001,24.844999,23.834999,24.830000,24.830000,884300
2017-07-12,25.059999,25.190001,24.330000,24.650000,24.650000,1403700
2017-07-13,25.309999,26.190001,25.309999,25.700001,25.700001,1742000
2017-07-14,26.030001,26.065001,25.459999,26.030001,26.030001,538000
2017-07-17,26.129999,26.480000,26.059999,26.129999,26.129999,725100
2017-07-18,26.129999,26.129999,25.709999,25.879999,25.879999,1163800
2017-07-19,25.980000,26.040001,25.430000,25.459999,25.459999,599400
2017-07-20,25.600000,25.969999,25.370001,25.410000,25.410000,584700
2017-07-21,25.510000,25.709999,24.971001,25.500000,25.500000,695200
2017-07-24,25.500000,25.809999,25.070000,25.139999,25.139999,851800
2017-07-25,25.129999,25.389999,25.020000,25.129999,25.129999,511200
2017-07-26,25.200001,25.549999,24.850000,25.459999,25.459999,402400
2017-07-27,25.719999,25.771000,25.090000,25.469999,25.469999,398200
2017-07-28,25.350000,25.590000,25.270000,25.490000,25.490000,433700
2017-07-31,25.480000,25.790001,25.200001,25.520000,25.520000,624400
2017-08-01,25.549999,25.770000,25.389999,25.600000,25.600000,534000
2017-08-02,25.670000,25.889999,25.230000,25.700001,25.700001,576900
2017-08-03,25.650000,25.879999,25.520000,25.770000,25.770000,697500
2017-08-04,25.870001,25.940001,25.540001,25.790001,25.790001,576100
2017-08-07,25.920000,26.230000,25.680000,25.750000,25.750000,1109400
2017-08-08,25.719999,27.530001,25.580000,26.430000,26.430000,2067300
2017-08-09,26.309999,26.700001,25.861000,26.530001,26.530001,690300
2017-08-10,26.170000,26.780001,26.010000,26.610001,26.610001,696300
2017-08-11,26.610001,26.990000,26.520000,26.820000,26.820000,680100
2017-08-14,26.930000,27.120001,26.330000,26.360001,26.360001,661500
2017-08-15,26.350000,26.580000,25.770000,25.820000,25.820000,639200
2017-08-16,25.820000,26.209999,25.490000,26.030001,26.030001,453400
2017-08-17,25.920000,26.200001,25.770000,25.790001,25.790001,503000
2017-08-18,25.719999,26.059999,25.510000,26.010000,26.010000,437500
2017-08-21,25.980000,26.160000,25.559999,25.760000,25.760000,409200
2017-08-22,25.889999,26.000000,25.559999,25.670000,25.670000,404600
2017-08-23,25.559999,25.820000,25.455000,25.500000,25.500000,436900
2017-08-24,25.459999,25.709999,25.350000,25.500000,25.500000,625500
2017-08-25,25.650000,25.660000,25.260000,25.650000,25.650000,373500
2017-08-28,25.719999,25.719999,25.250000,25.480000,25.480000,355200
2017-08-29,25.379999,25.830000,25.250000,25.580000,25.580000,454200
2017-08-30,25.530001,25.930000,25.350000,25.780001,25.780001,491400
2017-08-31,25.799999,25.980000,25.740000,25.790001,25.790001,518700
2017-09-01,25.740000,26.240000,25.740000,25.940001,25.940001,403700
2017-09-05,25.969999,26.000000,24.990000,25.040001,25.040001,506100
2017-09-06,25.049999,25.510000,25.010000,25.450001,25.450001,602600
2017-09-07,25.559999,25.750000,25.010000,25.219999,25.219999,501300
2017-09-08,25.200001,25.360001,24.840000,25.309999,25.309999,339900
2017-09-11,25.410000,25.750000,25.170000,25.219999,25.219999,317700
2017-09-12,25.360001,25.379999,24.830000,25.129999,25.129999,375800
2017-09-13,25.160000,25.370001,25.110001,25.264999,25.264999,388100
2017-09-14,25.139999,25.250000,24.900000,24.930000,24.930000,569000
2017-09-15,24.930000,25.000000,24.389999,24.490000,24.490000,1148100
2017-09-18,24.540001,24.540001,23.980000,24.000000,24.000000,803800
2017-09-19,23.969999,24.309999,23.820000,24.120001,24.120001,1149400
2017-09-20,24.059999,24.360001,23.590000,23.650000,23.650000,612800
2017-09-21,23.639999,23.650000,23.219999,23.250000,23.250000,816200
2017-09-22,23.209999,23.459999,23.209999,23.290001,23.290001,594800
2017-09-25,23.190001,23.309999,22.870001,23.139999,23.139999,583600
2017-09-26,23.120001,23.830000,23.040001,23.600000,23.600000,547700
2017-09-27,23.590000,23.740000,23.160000,23.309999,23.309999,840500
2017-09-28,23.139999,23.430000,22.629999,22.889999,22.889999,895400
2017-09-29,22.870001,23.549999,22.777000,23.299999,23.299999,795800
2017-10-02,24.500000,25.145000,23.879999,24.690001,24.690001,2088900
2017-10-03,24.740000,25.620001,24.740000,25.540001,25.540001,867700
2017-10-04,25.500000,25.610001,25.283001,25.360001,25.360001,540500
2017-10-05,25.510000,25.700001,25.100000,25.160000,25.160000,559400
2017-10-06,25.139999,25.480000,24.219999,24.510000,24.510000,883300
2017-10-09,24.440001,24.590000,23.600000,23.650000,23.650000,1199400
2017-10-10,23.500000,24.010000,23.350000,23.969999,23.969999,1362900
2017-10-11,23.959999,24.100000,23.150000,23.430000,23.430000,899000
2017-10-12,23.400000,23.540001,22.809999,22.930000,22.930000,1846500
2017-10-13,23.100000,23.320000,22.770000,23.230000,23.230000,901900
2017-10-16,23.280001,23.440001,22.860001,22.879999,22.879999,823300
2017-10-17,22.830000,22.920000,21.889999,22.200001,22.200001,938300
2017-10-18,22.190001,22.280001,21.799999,22.020000,22.020000,715600
2017-10-19,21.799999,22.110001,21.120001,21.309999,21.309999,1072900
2017-10-20,21.440001,22.139999,21.320000,22.040001,22.040001,561500
2017-10-23,22.030001,22.520000,21.730000,21.860001,21.860001,776900
2017-10-24,21.840000,22.000000,21.260000,21.660000,21.660000,1066500
2017-10-25,21.549999,21.870001,21.190001,21.740000,21.740000,828500
2017-10-26,21.799999,21.799999,21.059999,21.200001,21.200001,883900
2017-10-27,21.170000,21.420000,21.040001,21.350000,21.350000,710000
2017-10-30,21.379999,21.629999,21.120001,21.490000,21.490000,543300
2017-10-31,21.559999,22.020000,21.200001,22.000000,22.000000,777900
2017-11-01,22.150000,23.190001,21.860001,22.730000,22.730000,1755200
2017-11-02,21.750000,24.020000,21.450001,22.559999,22.559999,1819200
2017-11-03,22.459999,22.459999,21.559999,21.910000,21.910000,1014700
2017-11-06,21.709999,22.120001,21.570000,21.969999,21.969999,744400
2017-11-07,21.969999,21.985001,21.660000,21.760000,21.760000,726000
2017-11-08,21.799999,22.209999,21.620001,21.959999,21.959999,673700
2017-11-09,21.790001,22.295000,21.719999,22.170000,22.170000,514300
2017-11-10,22.139999,22.850000,22.103001,22.219999,22.219999,563300
2017-11-13,22.250000,22.270000,21.709999,21.780001,21.780001,595000
2017-11-14,21.799999,22.559999,21.730000,22.059999,22.059999,661700
2017-11-15,22.049999,22.540001,21.980000,22.240000,22.240000,670700
2017-11-16,22.219999,22.240000,21.739000,21.920000,21.920000,415400
2017-11-17,21.940001,22.190001,21.559999,21.620001,21.620001,1576400
2017-11-20,21.580000,21.959999,21.500000,21.750000,21.750000,611400
2017-11-21,21.780001,21.809999,21.350000,21.570000,21.570000,538900
2017-11-22,21.549999,21.910000,21.264999,21.719999,21.719999,272500
2017-11-24,21.709999,21.924999,21.570000,21.680000,21.680000,284000
2017-11-27,21.690001,21.722000,21.010000,21.209999,21.209999,438500
2017-11-28,21.200001,21.420000,20.920000,21.299999,21.299999,469200
2017-11-29,21.309999,21.980000,21.042000,21.469999,21.469999,689300
2017-11-30,21.420000,21.610001,20.680000,20.750000,20.750000,1035600
2017-12-01,20.750000,21.340000,20.740000,21.170000,21.170000,1026300
2017-12-04,21.160000,21.389999,20.620001,20.879999,20.879999,956100
2017-12-05,20.870001,21.219999,20.778999,21.090000,21.090000,444200
2017-12-06,21.110001,21.260000,20.850000,21.170000,21.170000,685200
2017-12-07,21.129999,21.139999,20.610001,21.020000,21.020000,493700
2017-12-08,21.150000,21.230000,20.590000,20.889999,20.889999,703500
2017-12-11,20.799999,21.430000,20.799999,21.260000,21.260000,586900
2017-12-12,21.250000,21.540001,21.020000,21.250000,21.250000,821600
2017-12-13,21.309999,21.611000,21.070000,21.280001,21.280001,574800
2017-12-14,21.320000,21.549999,21.120001,21.400000,21.400000,441800
2017-12-15,21.549999,21.590000,21.020000,21.379999,21.379999,976800
2017-12-18,21.510000,22.030001,21.500000,21.700001,21.700001,895400
2017-12-19,21.809999,21.940001,21.400000,21.549999,21.549999,928300
2017-12-20,21.540001,21.655001,20.889999,21.530001,21.530001,874400
2017-12-21,21.480000,21.670000,21.469999,21.580000,21.580000,776100
2017-12-22,21.500000,21.620001,20.860001,20.900000,20.900000,834200
2017-12-26,21.030001,21.459999,20.809999,21.230000,21.230000,577700
2017-12-27,21.170000,21.370001,20.469999,20.490000,20.490000,642400
2017-12-28,20.500000,20.570000,19.730000,20.260000,20.260000,2187500
2017-12-29,20.240000,20.290001,19.719999,19.889999,19.889999,4797300
2018-01-02,20.240000,21.450001,20.040001,21.389999,21.389999,1638400
2018-01-03,21.190001,22.040001,21.190001,21.660000,21.660000,567100
2018-01-04,21.580000,22.000000,21.000000,21.190001,21.190001,525200
2018-01-05,21.000000,21.379999,20.680000,20.690001,20.690001,459800
2018-01-08,20.860001,21.340000,20.750000,21.170000,21.170000,1779100
2018-01-09,21.160000,21.165001,20.760000,20.780001,20.780001,488400
2018-01-10,20.400000,20.780001,20.200001,20.680000,20.680000,533500
2018-01-11,20.629999,20.870001,20.500000,20.660000,20.660000,371400
2018-01-12,20.580000,21.000000,20.389999,20.950001,20.950001,505200
2018-01-16,20.990000,21.049999,20.799999,20.860001,20.860001,310200
2018-01-17,20.870001,20.990000,20.799999,20.850000,20.850000,317200
2018-01-18,20.790001,21.250000,20.520000,21.160000,21.160000,1587300
2018-01-19,21.209999,21.270000,20.969999,20.990000,20.990000,301900
2018-01-22,21.000000,21.365000,20.850000,20.900000,20.900000,344600
2018-01-23,21.000000,21.240000,20.730000,21.150000,21.150000,462600
2018-01-24,21.170000,22.809999,21.170000,22.740000,22.740000,635000
2018-01-25,22.549999,23.709999,22.549999,23.510000,23.510000,586000
2018-01-26,23.690001,23.920000,22.879999,23.320000,23.320000,710900
2018-01-29,23.490000,23.809999,23.110001,23.430000,23.430000,336600
2018-01-30,23.430000,23.600000,22.910000,23.010000,23.010000,744800
2018-01-31,23.170000,23.170000,22.639999,22.670000,22.670000,729300
2018-02-01,22.490000,22.780001,22.129999,22.580000,22.580000,1265000
2018-02-02,22.510000,23.309999,22.209999,22.250000,22.250000,473900
2018-02-05,22.129999,22.709999,21.480000,21.799999,21.799999,668100
2018-02-06,21.549999,22.150000,21.350000,22.010000,22.010000,552200
2018-02-07,22.090000,22.299999,21.709999,21.990000,21.990000,387400
2018-02-08,22.010000,22.299999,20.920000,20.940001,20.940001,317900
2018-02-09,21.180000,21.830000,20.480000,21.660000,21.660000,599000
2018-02-12,21.840000,22.459999,21.700001,22.190001,22.190001,247700
2018-02-13,22.160000,22.445000,21.980000,22.270000,22.270000,165800
2018-02-14,22.250000,23.379999,22.150000,22.990000,22.990000,580300
2018-02-15,22.010000,23.709999,21.270000,23.370001,23.370001,1052400
2018-02-16,23.100000,23.670000,22.770000,23.200001,23.200001,464100
2018-02-20,23.200001,23.200001,22.020000,23.090000,23.090000,648700
2018-02-21,23.030001,23.440001,22.900000,23.209999,23.209999,512400
2018-02-22,23.340000,23.420000,22.500000,22.889999,22.889999,779800
2018-02-23,22.990000,23.070000,22.549999,22.580000,22.580000,610900
2018-02-26,22.820000,22.820000,20.990000,21.290001,21.290001,1692500
2018-02-27,21.059999,21.790001,20.860001,20.879999,20.879999,682700
2018-02-28,21.000000,21.000000,20.254999,20.450001,20.450001,843200
2018-03-01,20.590000,20.590000,20.000000,20.230000,20.230000,820400
2018-03-02,20.340000,20.480000,19.990000,20.260000,20.260000,752300
2018-03-05,20.150000,21.270000,20.090000,21.139999,21.139999,1042700
2018-03-06,21.150000,21.530001,21.080000,21.260000,21.260000,285900
2018-03-07,21.150000,21.389999,20.915001,21.190001,21.190001,270300
2018-03-08,21.290001,21.360001,21.030001,21.209999,21.209999,214200
2018-03-09,21.200001,21.350000,20.700001,21.240000,21.240000,466500
2018-03-12,21.299999,21.916000,21.299999,21.459999,21.459999,376900
2018-03-13,21.510000,21.639999,21.209999,21.410000,21.410000,265600
2018-03-14,21.530001,21.620001,21.209999,21.500000,21.500000,408000
2018-03-15,21.549999,21.650000,21.170000,21.410000,21.410000,298600
2018-03-16,21.490000,21.490000,21.150000,21.250000,21.250000,325100
2018-03-19,21.200001,21.440001,20.889999,21.120001,21.120001,458500
2018-03-20,21.219999,21.260000,20.620001,20.830000,20.830000,492600
2018-03-21,20.889999,21.280001,20.690001,21.049999,21.049999,334500
2018-03-22,20.930000,21.180000,20.160000,20.309999,20.309999,558300
2018-03-23,20.379999,20.660000,20.160000,20.170000,20.170000,293000
2018-03-26,20.250000,20.620001,20.100000,20.540001,20.540001,208900
2018-03-27,20.639999,21.010000,20.350000,20.600000,20.600000,549200
2018-03-28,20.530001,20.594999,19.290001,19.299999,19.299999,698900
2018-03-29,19.290001,19.690001,18.650000,19.090000,19.090000,946800
2018-04-02,19.059999,19.780001,19.059999,19.400000,19.400000,460800
2018-04-03,19.610001,19.820000,19.100000,19.280001,19.280001,366100
2018-04-04,19.200001,19.809999,19.120001,19.520000,19.520000,221100
2018-04-05,19.590000,19.940001,19.415001,19.780001,19.780001,227700
2018-04-06,19.670000,19.959999,19.580000,19.840000,19.840000,234300
2018-04-09,19.850000,20.120001,19.200001,19.200001,19.200001,339900
2018-04-10,19.309999,19.475000,19.190001,19.270000,19.270000,407200
2018-04-11,19.230000,19.540001,19.219999,19.240000,19.240000,198800
2018-04-12,19.350000,19.350000,18.900000,18.910000,18.910000,555800
2018-04-13,18.920000,19.209999,18.910000,18.959999,18.959999,365200
2018-04-16,18.969999,19.110001,18.830000,18.990000,18.990000,364700
2018-04-17,19.100000,19.889999,19.000000,19.830000,19.830000,480900
2018-04-18,19.959999,20.070000,19.799999,19.910000,19.910000,315000
2018-04-19,19.809999,19.830000,19.469999,19.490000,19.490000,236900
2018-04-20,19.500000,19.650000,19.360001,19.389999,19.389999,206800
2018-04-23,19.350000,19.559999,19.350000,19.450001,19.450001,358800
2018-04-24,19.430000,19.559999,18.809999,19.190001,19.190001,268400
2018-04-25,19.080000,19.500000,18.940001,19.420000,19.420000,292400
2018-04-26,19.299999,19.820000,19.200001,19.230000,19.230000,199800
2018-04-27,19.290001,19.340000,18.420000,18.520000,18.520000,607800
2018-04-30,18.459999,18.750000,17.910000,18.059999,18.059999,651900
2018-05-01,18.000000,18.459999,17.900000,18.240000,18.240000,1293500
2018-05-02,18.330000,19.480000,18.330000,19.430000,19.430000,671900
2018-05-03,19.549999,19.610001,19.129999,19.580000,19.580000,595500
2018-05-04,19.450001,20.320000,19.450001,20.260000,20.260000,451800
2018-05-07,20.320000,20.930000,20.209999,20.559999,20.559999,555800
2018-05-08,20.500000,20.799999,20.250000,20.469999,20.469999,357600
2018-05-09,20.799999,21.780001,20.139999,21.059999,21.059999,631600
2018-05-10,21.040001,21.480000,20.780001,21.350000,21.350000,423600
2018-05-11,21.350000,21.510000,21.000000,21.180000,21.180000,456900
2018-05-14,21.150000,21.600000,21.000000,21.469999,21.469999,427900
2018-05-15,21.360001,21.360001,20.500000,20.730000,20.730000,361900
2018-05-16,20.719999,21.285000,20.709999,20.750000,20.750000,553700
2018-05-17,20.750000,21.360001,20.660000,21.170000,21.170000,671100
2018-05-18,21.160000,21.405001,21.040001,21.330000,21.330000,592400
2018-05-21,21.410000,21.730000,21.400000,21.559999,21.559999,283000
2018-05-22,21.450001,21.840000,21.344999,21.700001,21.700001,293300
2018-05-23,21.620001,22.240000,21.510000,22.230000,22.230000,586500
2018-05-24,22.219999,22.280001,21.850000,22.040001,22.040001,366400
2018-05-25,22.040001,22.280001,21.790001,21.809999,21.809999,229800
2018-05-29,21.790001,22.120001,21.580000,21.889999,21.889999,352700
2018-05-30,22.010000,22.250000,21.680000,21.750000,21.750000,472900
2018-05-31,21.670000,22.350000,21.400000,21.480000,21.480000,783300
2018-06-01,21.480000,21.520000,21.010000,21.049999,21.049999,609000
2018-06-04,21.219999,21.540001,21.030001,21.520000,21.520000,415600
2018-06-05,21.549999,22.000000,21.280001,21.610001,21.610001,612900
2018-06-06,21.570000,22.180000,21.250000,22.049999,22.049999,494400
2018-06-07,22.120001,22.309999,22.021999,22.100000,22.100000,345900
2018-06-08,21.980000,22.129999,21.850000,21.889999,21.889999,436900
2018-06-11,21.820000,22.049999,21.719999,21.740000,21.740000,549700
2018-06-12,21.799999,22.250000,21.590000,21.790001,21.790001,1175500
2018-06-13,21.799999,21.900000,21.290001,21.480000,21.480000,691800
2018-06-14,21.620001,21.815001,21.600000,21.700001,21.700001,620100
2018-06-15,21.629999,21.730000,21.320000,21.370001,21.370001,1088100
2018-06-18,21.240000,21.500000,21.100000,21.209999,21.209999,1486800
2018-06-19,21.180000,21.180000,20.809999,20.879999,20.879999,920400
2018-06-20,20.950001,21.090000,20.180000,20.240000,20.240000,1182700
2018-06-21,20.290001,20.290001,19.250000,19.610001,19.610001,1008200
2018-06-22,19.660000,19.870001,19.375000,19.770000,19.770000,14210900
2018-06-25,19.639999,19.969999,19.360001,19.389999,19.389999,1124000
2018-06-26,19.379999,19.809999,19.030001,19.719999,19.719999,910900
2018-06-27,19.690001,20.580000,19.590000,20.100000,20.100000,1360700
2018-06-28,20.000000,20.100000,18.760000,19.530001,19.530001,1718700
2018-06-29,19.570000,19.910000,19.209999,19.379999,19.379999,1248100
2018-07-02,19.219999,19.475000,18.690001,19.459999,19.459999,988600
2018-07-03,19.450001,20.049999,19.420000,19.580000,19.580000,505900
2018-07-05,19.500000,20.090000,19.500000,19.650000,19.650000,872500
2018-07-06,19.709999,20.500000,19.379999,20.480000,20.480000,824400
2018-07-09,20.490000,20.900000,19.940001,20.639999,20.639999,625600
2018-07-10,20.660000,20.870001,20.450001,20.650000,20.650000,612400
2018-07-11,20.500000,20.799999,20.299999,20.610001,20.610001,492100
2018-07-12,20.690001,20.930000,20.440001,20.540001,20.540001,475900
2018-07-13,20.540001,21.070000,20.379999,20.590000,20.590000,1353500
2018-07-16,20.549999,21.020000,20.549999,20.860001,20.860001,903500
2018-07-17,20.670000,20.889999,20.430000,20.440001,20.440001,744300
2018-07-18,20.370001,20.420000,19.629999,19.650000,19.650000,943300
2018-07-19,19.549999,19.709999,19.209999,19.230000,19.230000,704300
2018-07-20,19.190001,19.500000,18.790001,19.440001,19.440001,684200
2018-07-23,19.360001,19.639999,19.170000,19.290001,19.290001,371000
2018-07-24,19.180000,19.420000,18.620001,18.709999,18.709999,692600
2018-07-25,18.750000,19.040001,18.350000,19.020000,19.020000,778100
2018-07-26,19.059999,19.379999,18.980000,19.010000,19.010000,383000
2018-07-27,19.090000,19.280001,18.770000,18.820000,18.820000,460300
2018-07-30,18.850000,19.180000,18.780001,18.870001,18.870001,702700
2018-07-31,18.969999,19.459999,18.969999,19.360001,19.360001,642400
2018-08-01,19.320000,19.480000,18.980000,19.030001,19.030001,385700
2018-08-02,19.000000,19.139999,18.770000,18.870001,18.870001,340100
2018-08-03,19.000000,19.160000,18.770000,18.980000,18.980000,287800
2018-08-06,19.030001,19.360001,19.030001,19.070000,19.070000,224900
2018-08-07,19.110001,19.459999,18.969999,19.389999,19.389999,599900
2018-08-08,19.490000,19.590000,19.070000,19.540001,19.540001,777200
2018-08-09,19.020000,19.930000,18.430000,19.209999,19.209999,848800
2018-08-10,19.020000,19.180000,18.690001,18.889999,18.889999,679000
2018-08-13,18.889999,19.059999,18.580000,18.950001,18.950001,732400
2018-08-14,18.990000,19.100000,18.709999,18.860001,18.860001,789000
2018-08-15,18.850000,18.850000,18.280001,18.600000,18.600000,670200
2018-08-16,18.750000,19.004999,18.480000,18.719999,18.719999,907300
2018-08-17,18.670000,18.701000,18.120001,18.150000,18.150000,665400
2018-08-20,18.139999,18.250000,17.549999,17.670000,17.670000,592600
2018-08-21,17.690001,18.440001,17.690001,18.209999,18.209999,538000
2018-08-22,18.219999,18.420000,17.980000,18.030001,18.030001,440100
2018-08-23,18.040001,18.200001,17.879999,18.059999,18.059999,465200
2018-08-24,18.100000,18.459999,18.020000,18.270000,18.270000,400300
2018-08-27,18.440001,18.959999,18.334999,18.459999,18.459999,838600
2018-08-28,18.610001,19.260000,18.610001,19.139999,19.139999,639900
2018-08-29,19.219999,19.860001,19.070000,19.840000,19.840000,1093000
2018-08-30,19.760000,19.860001,19.200001,19.530001,19.530001,542300
2018-08-31,19.549999,19.690001,19.184999,19.629999,19.629999,853600
2018-09-04,19.530001,19.760000,19.080000,19.709999,19.709999,382400
2018-09-05,19.709999,20.160000,19.559999,19.969999,19.969999,455800
2018-09-06,19.959999,20.299000,19.920000,20.129999,20.129999,379300
2018-09-07,20.150000,20.340000,19.975000,20.020000,20.020000,273100
2018-09-10,20.049999,20.209999,19.860001,20.100000,20.100000,256800
2018-09-11,20.040001,20.430000,19.870001,19.969999,19.969999,291000
2018-09-12,19.980000,20.530001,19.980000,20.459999,20.459999,327200
2018-09-13,20.549999,21.000000,20.549999,20.760000,20.760000,336900
2018-09-14,20.770000,20.850000,20.254999,20.270000,20.270000,319900
2018-09-17,20.440001,20.660000,20.270000,20.450001,20.450001,372400
2018-09-18,20.500000,20.860001,20.420000,20.830000,20.830000,474300
2018-09-19,20.680000,21.700001,20.680000,21.480000,21.480000,648800
2018-09-20,21.639999,21.709999,21.355000,21.559999,21.559999,651900
2018-09-21,21.360001,21.799999,21.360001,21.549999,21.549999,1878000
2018-09-24,21.459999,21.635000,21.260000,21.480000,21.480000,381700
2018-09-25,21.400000,21.600000,21.360001,21.379999,21.379999,343300
2018-09-26,21.250000,21.559999,21.110001,21.139999,21.139999,438500
2018-09-27,21.110001,21.385000,20.889999,20.910000,20.910000,692800
2018-09-28,20.860001,20.860001,20.340000,20.629999,20.629999,708200
2018-10-01,20.750000,21.190001,20.480000,20.830000,20.830000,507400
2018-10-02,20.840000,21.809999,20.750000,21.549999,21.549999,693500
2018-10-03,21.600000,21.860001,21.360001,21.540001,21.540001,388500
2018-10-04,21.540001,21.540001,21.180000,21.270000,21.270000,236700
2018-10-05,21.020000,21.430000,20.870001,21.139999,21.139999,344000
2018-10-08,21.139999,21.500000,21.059999,21.480000,21.480000,311500
2018-10-09,21.420000,21.660000,21.200001,21.200001,21.200001,437200
2018-10-10,21.219999,21.299999,19.930000,19.990000,19.990000,541300
2018-10-11,19.980000,20.080000,19.299999,19.340000,19.340000,604500
2018-10-12,19.670000,19.700001,19.280001,19.600000,19.600000,696900
2018-10-15,19.530001,19.700001,19.309999,19.370001,19.370001,659100
2018-10-16,19.450001,19.735001,19.020000,19.490000,19.490000,774100
2018-10-17,19.610001,19.639999,19.180000,19.190001,19.190001,441700
2018-10-18,19.190001,19.230000,18.610001,18.670000,18.670000,559000
2018-10-19,18.590000,19.010000,18.480000,18.540001,18.540001,589000
2018-10-22,18.540001,18.790001,18.080000,18.190001,18.190001,506400
2018-10-23,17.900000,18.250000,17.709999,17.969999,17.969999,718800
2018-10-24,17.830000,17.940001,17.129999,17.270000,17.270000,838600
2018-10-25,17.440001,17.549999,17.280001,17.340000,17.340000,635900
2018-10-26,17.100000,17.469999,16.750000,17.209999,17.209999,625800
2018-10-29,17.370001,17.740000,17.190001,17.340000,17.340000,1099700
2018-10-30,17.330000,17.670000,17.240000,17.600000,17.600000,457800
2018-10-31,17.799999,18.160000,17.700001,18.010000,18.010000,780800
2018-11-01,18.150000,18.600000,18.150000,18.299999,18.299999,523000
2018-11-02,18.420000,18.670000,18.370001,18.379999,18.379999,985700
2018-11-05,18.389999,18.740000,18.309999,18.639999,18.639999,418500
2018-11-06,18.660000,19.170000,18.540001,18.610001,18.610001,445900
2018-11-07,18.719999,19.330000,18.709999,19.209999,19.209999,880000
2018-11-08,18.900000,19.930000,18.889999,19.750000,19.750000,1004200
2018-11-09,19.670000,19.670000,19.150000,19.330000,19.330000,597000
2018-11-12,19.170000,19.320000,18.440001,18.480000,18.480000,451400
2018-11-13,18.580000,18.709999,17.809999,17.850000,17.850000,697800
2018-11-14,18.040001,18.120001,17.770000,17.879999,17.879999,666100
2018-11-15,17.840000,18.049999,17.610001,18.000000,18.000000,947500
2018-11-16,17.900000,18.100000,17.780001,18.070000,18.070000,754700
2018-11-19,18.090000,18.200001,17.770000,17.820000,17.820000,656600
2018-11-20,17.650000,17.730000,16.990000,17.580000,17.580000,749200
2018-11-21,17.650000,17.820000,17.520000,17.600000,17.600000,318000
2018-11-23,17.450001,17.830000,17.450001,17.590000,17.590000,411100
2018-11-26,17.770000,18.240000,17.650000,18.070000,18.070000,812400
2018-11-27,17.990000,18.230000,17.790001,18.129999,18.129999,1995400
2018-11-28,18.139999,18.320000,18.040001,18.270000,18.270000,1725500
2018-11-29,18.180000,18.650000,18.180000,18.510000,18.510000,2293700
2018-11-30,18.469999,18.620001,18.302999,18.490000,18.490000,1192900
2018-12-03,18.709999,18.750000,18.450001,18.700001,18.700001,543900
2018-12-04,18.700001,18.790001,17.719999,17.799999,17.799999,1541400
2018-12-06,17.570000,17.879999,16.930000,17.190001,17.190001,807400
2018-12-07,17.240000,17.570000,16.910000,17.110001,17.110001,733000
2018-12-10,17.100000,17.440001,16.517000,17.330000,17.330000,755200
2018-12-11,17.610001,17.610001,16.540001,17.080000,17.080000,919300
2018-12-12,17.309999,17.629999,17.170000,17.389999,17.389999,1195200
2018-12-13,17.450001,17.490000,16.440001,16.549999,16.549999,688000
2018-12-14,16.299999,16.650000,16.280001,16.639999,16.639999,822100
2018-12-17,16.639999,16.879999,16.160000,16.299999,16.299999,890600
2018-12-18,16.440001,16.639999,16.270000,16.450001,16.450001,558900
2018-12-19,16.510000,16.695000,15.650000,15.810000,15.810000,479300
2018-12-20,15.790000,15.940000,15.100000,15.180000,15.180000,773500
2018-12-21,15.180000,15.500000,14.670000,14.730000,14.730000,909600
2018-12-24,14.520000,14.710000,14.060000,14.130000,14.130000,514600
2018-12-26,14.280000,14.610000,13.970000,14.610000,14.610000,742000
2018-12-27,14.490000,14.650000,13.957000,14.540000,14.540000,610500
2018-12-28,14.590000,14.930000,14.290000,14.360000,14.360000,447300
2018-12-31,14.420000,14.630000,14.091000,14.570000,14.570000,649900
2019-01-02,14.300000,15.180000,14.300000,15.120000,15.120000,295800
2019-01-03,15.050000,15.480000,14.700000,15.130000,15.130000,360200
2019-01-04,15.380000,16.100000,15.160000,15.860000,15.860000,434600
2019-01-07,15.860000,16.500000,15.670000,16.350000,16.350000,379700
2019-01-08,16.480000,16.850000,16.170000,16.680000,16.680000,521500
2019-01-09,16.740000,17.129999,16.590000,17.059999,17.059999,403500
2019-01-10,16.930000,17.230000,16.629999,16.940001,16.940001,342500
2019-01-11,16.809999,17.059999,16.670000,16.820000,16.820000,226900
2019-01-14,16.719999,17.540001,16.500000,16.980000,16.980000,447200
2019-01-15,16.959999,16.959999,15.770000,15.780000,15.780000,981400
2019-01-16,15.760000,16.430000,15.570000,16.270000,16.270000,1136000
2019-01-17,16.209999,16.510000,16.004999,16.320000,16.320000,470000
2019-01-18,16.320000,16.549999,16.150000,16.440001,16.440001,452300
2019-01-22,16.290001,16.510000,15.170000,15.230000,15.230000,1326200
2019-01-23,15.630000,16.559999,15.560000,16.490000,16.490000,631400
2019-01-24,16.480000,16.650000,16.240000,16.389999,16.389999,502600
2019-01-25,16.510000,16.670000,16.299999,16.410000,16.410000,441900
2019-01-28,16.270000,16.540001,16.190001,16.290001,16.290001,368800
2019-01-29,16.250000,16.549999,16.200001,16.400000,16.400000,295600
2019-01-30,16.410000,16.410000,16.059999,16.200001,16.200001,337400
2019-01-31,16.260000,17.610001,16.260000,17.480000,17.480000,528000
2019-02-01,17.549999,17.870001,17.469999,17.650000,17.650000,665100
2019-02-04,17.730000,18.830000,17.730000,18.270000,18.270000,495000
2019-02-05,18.270000,18.639999,18.270000,18.360001,18.360001,470300
2019-02-06,18.400000,18.580000,18.230000,18.350000,18.350000,278400
2019-02-07,18.139999,18.379999,17.860001,18.330000,18.330000,439800
2019-02-08,18.200001,18.320000,17.985001,18.150000,18.150000,263000
2019-02-11,18.160000,18.410000,18.049999,18.209999,18.209999,309200
2019-02-12,19.200001,19.200001,18.290001,18.430000,18.430000,385300
2019-02-13,18.480000,18.690001,18.209999,18.389999,18.389999,459800
2019-02-14,18.320000,18.540001,18.160000,18.330000,18.330000,304100
2019-02-15,18.370001,18.990000,18.205000,18.760000,18.760000,507300
2019-02-19,18.620001,18.920000,18.480000,18.500000,18.500000,402900
2019-02-20,18.510000,18.780001,18.305000,18.760000,18.760000,414500
2019-02-21,18.580000,19.070000,18.174999,18.850000,18.850000,548200
2019-02-22,18.879999,19.309999,18.840000,18.980000,18.980000,429800
2019-02-25,19.049999,19.270000,18.870001,18.930000,18.930000,516600
2019-02-26,18.910000,19.160000,18.629999,19.000000,19.000000,515300
2019-02-27,18.969999,19.160000,18.660000,18.820000,18.820000,238200
2019-02-28,18.889999,19.610001,18.760000,19.389999,19.389999,927300
2019-03-01,19.520000,20.070000,19.430000,20.040001,20.040001,771300
2019-03-04,20.040001,20.290001,19.590000,19.750000,19.750000,417000
2019-03-05,19.709999,20.100000,19.670000,19.680000,19.680000,267300
2019-03-06,19.700001,19.920000,19.700001,19.820000,19.820000,463400
2019-03-07,19.809999,19.900000,19.629999,19.690001,19.690001,395100
2019-03-08,19.400000,19.680000,19.360001,19.639999,19.639999,326900
2019-03-11,19.730000,20.020000,19.610001,19.959999,19.959999,587100
2019-03-12,19.990000,20.065001,19.815001,19.860001,19.860001,264000
2019-03-13,19.879999,19.990000,19.559999,19.740000,19.740000,355900
2019-03-14,19.680000,19.870001,19.559999,19.750000,19.750000,150600
2019-03-15,19.790001,20.000000,19.780001,20.000000,20.000000,758300
2019-03-18,19.950001,20.580000,19.950001,20.480000,20.480000,502000
2019-03-19,20.580000,20.760000,20.010000,20.150000,20.150000,213500
2019-03-20,20.120001,20.330000,19.889999,20.020000,20.020000,500800
2019-03-21,19.940001,20.400000,19.940001,20.320000,20.320000,269700
2019-03-22,20.170000,20.250000,19.500000,19.570000,19.570000,285800
2019-03-25,19.490000,19.980000,19.370001,19.480000,19.480000,271000
2019-03-26,19.520000,19.840000,19.280001,19.299999,19.299999,266800
2019-03-27,19.309999,19.480000,18.920000,19.240000,19.240000,287700
2019-03-28,19.230000,19.309999,19.010000,19.250000,19.250000,195100
2019-03-29,19.360001,19.510000,18.945000,19.450001,19.450001,595900
2019-04-01,19.480000,20.129999,19.480000,20.030001,20.030001,264200
2019-04-02,20.059999,20.280001,19.879999,20.150000,20.150000,223100
2019-04-03,20.330000,20.610001,20.110001,20.150000,20.150000,392800
2019-04-04,20.150000,21.200001,20.150000,21.180000,21.180000,487100
2019-04-05,21.100000,21.930000,21.049999,21.290001,21.290001,499200
2019-04-08,21.129999,21.129999,20.570000,20.750000,20.750000,465200
2019-04-09,20.719999,20.830000,20.469999,20.500000,20.500000,311200
2019-04-10,20.530001,21.160000,20.530001,21.040001,21.040001,419700
2019-04-11,20.980000,21.200001,20.480000,20.549999,20.549999,377600
2019-04-12,20.590000,20.860001,20.389999,20.719999,20.719999,274200
2019-04-15,20.719999,20.920000,20.410000,20.799999,20.799999,361700
2019-04-16,20.920000,20.969999,20.340000,20.480000,20.480000,447800
2019-04-17,20.520000,20.820000,20.190001,20.219999,20.219999,506900
2019-04-18,20.139999,20.590000,20.059999,20.469999,20.469999,275500
2019-04-22,20.320000,20.650000,20.059999,20.219999,20.219999,378400
2019-04-23,20.250000,20.709999,20.020000,20.520000,20.520000,405300
2019-04-24,20.430000,20.610001,20.190001,20.469999,20.469999,1123000
2019-04-25,20.400000,20.600000,20.030001,20.110001,20.110001,341400
2019-04-26,20.129999,20.580000,20.024000,20.440001,20.440001,329200
2019-04-29,20.530001,20.820000,20.400000,20.709999,20.709999,375600
2019-04-30,20.719999,20.860001,20.250000,20.840000,20.840000,625100
2019-05-01,20.879999,21.150000,20.530001,20.530001,20.530001,291200
2019-05-02,20.559999,20.680000,20.360001,20.650000,20.650000,350300
2019-05-03,20.590000,21.400000,20.510000,21.389999,21.389999,357600
2019-05-06,20.870001,21.549999,20.801001,21.420000,21.420000,299000
2019-05-07,21.330000,21.410000,20.959999,21.260000,21.260000,387000
2019-05-08,21.000000,21.000000,19.129999,19.719999,19.719999,914400
2019-05-09,19.700001,19.700001,18.820000,19.100000,19.100000,448600
2019-05-10,19.059999,19.209999,18.530001,19.129999,19.129999,478900
2019-05-13,18.700001,18.879999,18.040001,18.080000,18.080000,374000
2019-05-14,18.100000,18.190001,17.690001,17.750000,17.750000,391000
2019-05-15,17.740000,18.450001,17.600000,18.340000,18.340000,487100
2019-05-16,18.370001,18.520000,18.000000,18.049999,18.049999,247500
2019-05-17,17.870001,18.160000,17.799999,17.870001,17.870001,341200
2019-05-20,17.809999,17.940001,17.559999,17.889999,17.889999,489900
2019-05-21,18.000000,18.219999,17.940001,18.020000,18.020000,243400
2019-05-22,17.930000,17.969999,17.610001,17.809999,17.809999,173200
2019-05-23,17.510000,17.680000,17.219999,17.379999,17.379999,350500
2019-05-24,17.520000,17.580000,17.305000,17.350000,17.350000,173400
2019-05-28,17.370001,17.629999,17.370001,17.500000,17.500000,337900
2019-05-29,17.330000,17.629999,17.209999,17.240000,17.240000,351300
2019-05-30,17.280001,17.480000,16.920000,17.090000,17.090000,305700
2019-05-31,16.850000,17.190001,16.850000,17.190001,17.190001,502500
2019-06-03,17.129999,17.330000,16.790001,17.070000,17.070000,333800
2019-06-04,17.299999,17.410000,17.110001,17.200001,17.200001,577100
2019-06-05,17.219999,17.490000,17.170000,17.379999,17.379999,371000
2019-06-06,17.299999,18.000000,17.299999,17.860001,17.860001,456700
2019-06-07,17.889999,17.950001,17.670000,17.700001,17.700001,272400
2019-06-10,17.690001,18.049999,17.690001,17.889999,17.889999,232200
2019-06-11,17.980000,18.049999,17.770000,17.969999,17.969999,344700
2019-06-12,17.969999,18.209999,17.840000,18.139999,18.139999,251700
2019-06-13,18.230000,18.459999,18.090000,18.430000,18.430000,340400
2019-06-14,18.370001,18.495001,18.219999,18.230000,18.230000,231100
2019-06-17,18.180000,18.610001,18.090000,18.600000,18.600000,236700
2019-06-18,18.639999,19.020000,18.440001,18.490000,18.490000,392000
2019-06-19,18.490000,18.639999,18.450001,18.580000,18.580000,268900
2019-06-20,18.780001,18.980000,18.629999,18.950001,18.950001,261100
2019-06-21,18.860001,19.110001,18.799999,18.889999,18.889999,764200
2019-06-24,18.910000,19.100000,18.580000,18.650000,18.650000,477900
2019-06-25,18.690001,18.690001,18.150000,18.150000,18.150000,344300
2019-06-26,17.100000,17.379999,16.750000,17.200001,17.200001,4290700
2019-06-27,17.340000,17.500000,17.049999,17.350000,17.350000,2370200
2019-06-28,17.260000,17.459999,16.980000,17.190001,17.190001,1505800
2019-07-01,17.370001,17.719999,17.139999,17.209999,17.209999,1324700
2019-07-02,17.160000,17.270000,16.750000,17.080000,17.080000,1697800
2019-07-03,17.200001,17.430000,17.160000,17.400000,17.400000,586400
2019-07-05,17.420000,17.730000,17.190001,17.410000,17.410000,618100
2019-07-08,17.389999,17.480000,16.855000,16.950001,16.950001,619500
2019-07-09,16.889999,16.990000,16.629999,16.990000,16.990000,879500
2019-07-10,17.100000,17.230000,16.990000,17.010000,17.010000,601000
2019-07-11,17.010000,17.145000,16.980000,17.000000,17.000000,335800
2019-07-12,17.070000,17.295000,16.990000,17.160000,17.160000,496300
2019-07-15,17.200001,17.260000,16.809999,16.980000,16.980000,896100
2019-07-16,16.980000,17.200001,16.900000,16.930000,16.930000,469100
2019-07-17,16.950001,17.200001,16.700001,17.040001,17.040001,556600
2019-07-18,16.990000,17.070000,16.740000,16.889999,16.889999,699400
2019-07-19,16.820000,17.025999,16.610001,16.610001,16.610001,511800
2019-07-22,16.500000,16.950001,16.160000,16.540001,16.540001,2445700
2019-07-23,16.639999,16.790001,16.250000,16.400000,16.400000,2545600
2019-07-24,16.400000,16.584999,16.184999,16.430000,16.430000,2974100
2019-07-25,16.480000,17.049999,16.430000,16.670000,16.670000,2588900
2019-07-26,16.750000,16.930000,16.434999,16.870001,16.870001,2528700
2019-07-29,16.930000,16.980000,16.504999,16.610001,16.610001,885800
2019-07-30,16.570000,16.850000,16.379999,16.809999,16.809999,687200
2019-07-31,16.860001,16.950001,16.299999,16.400000,16.400000,1104400
2019-08-01,16.400000,16.510000,15.810000,15.830000,15.830000,899300
2019-08-02,15.720000,15.790000,15.320000,15.420000,15.420000,830700
2019-08-05,15.250000,15.255000,14.760000,15.220000,15.220000,1436000
2019-08-06,15.380000,15.670000,15.060000,15.650000,15.650000,1506000
2019-08-07,16.049999,16.830000,15.750000,16.600000,16.600000,1738000
2019-08-08,16.740000,17.299999,16.690001,17.049999,17.049999,664000
2019-08-09,16.920000,16.969999,16.520000,16.549999,16.549999,337700
2019-08-12,16.410000,16.610001,16.129999,16.180000,16.180000,593100
2019-08-13,16.120001,16.570000,16.120001,16.459999,16.459999,355500
2019-08-14,16.580000,16.580000,15.560000,15.580000,15.580000,650400
2019-08-15,15.630000,15.630000,15.300000,15.550000,15.550000,503300
2019-08-16,15.530000,16.059999,15.510000,15.980000,15.980000,781600
2019-08-19,16.270000,16.340000,15.990000,16.260000,16.260000,326400
2019-08-20,16.230000,16.280001,16.030001,16.139999,16.139999,527000
2019-08-21,16.330000,16.330000,16.000000,16.150000,16.150000,391000
2019-08-22,16.270000,16.680000,16.264999,16.610001,16.610001,649900
2019-08-23,16.490000,16.600000,15.270000,15.290000,15.290000,741200
2019-08-26,15.480000,15.940000,15.370000,15.920000,15.920000,245100
2019-08-27,16.070000,16.160000,15.407000,15.440000,15.440000,366900
2019-08-28,15.410000,15.740000,15.326000,15.690000,15.690000,215200
2019-08-29,15.910000,16.360001,15.900000,16.170000,16.170000,505700
2019-08-30,16.330000,16.555000,16.260000,16.490000,16.490000,506300
2019-09-03,16.500000,16.500000,16.080000,16.270000,16.270000,514100
2019-09-04,16.400000,16.570000,16.230000,16.360001,16.360001,261800
2019-09-05,16.600000,16.870001,16.360001,16.379999,16.379999,413700
2019-09-06,16.500000,16.570000,16.350000,16.490000,16.490000,396700
2019-09-09,16.500000,17.280001,16.480000,17.250000,17.250000,606200
2019-09-10,17.309999,17.530001,17.010000,17.469999,17.469999,426100
2019-09-11,17.600000,18.520000,17.410000,18.480000,18.480000,926500
2019-09-12,18.600000,18.709999,18.200001,18.320000,18.320000,1336800
2019-09-13,18.450001,18.620001,18.260000,18.400000,18.400000,620300
2019-09-16,18.370001,18.760000,18.240000,18.580000,18.580000,427800
2019-09-17,18.540001,18.540001,18.090000,18.299999,18.299999,778500
2019-09-18,18.360001,18.480000,18.150000,18.420000,18.420000,833500
2019-09-19,18.400000,18.670000,18.280001,18.290001,18.290001,316400
2019-09-20,18.250000,18.299999,17.830000,18.059999,18.059999,1077000
2019-09-23,17.950001,18.209999,17.879999,18.030001,18.030001,424600
2019-09-24,18.000000,18.070000,17.650000,17.770000,17.770000,507100
2019-09-25,17.700001,17.860001,17.570000,17.590000,17.590000,655100
2019-09-26,17.450001,17.600000,17.070000,17.309999,17.309999,391700
2019-09-27,17.370001,17.530001,17.209999,17.320000,17.320000,305600
2019-09-30,17.360001,17.469999,17.040001,17.094999,17.094999,616500
2019-10-01,17.230000,17.420000,16.639999,16.639999,16.639999,512400
2019-10-02,16.500000,16.690001,16.340000,16.680000,16.680000,361200
2019-10-03,16.709999,16.830000,16.500000,16.650000,16.650000,287100
2019-10-04,16.770000,16.920000,16.770000,16.889999,16.889999,444400
2019-10-07,16.830000,17.040001,16.660000,16.830000,16.830000,1190700
2019-10-08,16.700001,16.809999,16.350000,16.559999,16.559999,509100
2019-10-09,16.760000,17.570000,16.760000,17.100000,17.100000,1077500
2019-10-10,17.100000,17.235001,16.990000,17.160000,17.160000,1030100
2019-10-11,17.469999,17.920000,17.309999,17.639999,17.639999,969600
2019-10-14,17.540001,17.639999,17.370001,17.629999,17.629999,407100
2019-10-15,17.700001,17.860001,17.590000,17.820000,17.820000,421300
2019-10-16,17.850000,17.990000,17.785000,17.920000,17.920000,564900
2019-10-17,18.110001,18.430000,18.020000,18.219999,18.219999,670300
2019-10-18,18.110001,18.340000,17.959999,18.285000,18.285000,623800
2019-10-21,18.530001,18.910000,18.410000,18.680000,18.680000,551400
2019-10-22,18.559999,18.990000,18.530001,18.700001,18.700001,432900
2019-10-23,18.690001,18.850000,18.510000,18.809999,18.809999,529900
2019-10-24,18.889999,18.889999,18.410000,18.480000,18.480000,319500
2019-10-25,18.430000,18.684999,18.320000,18.340000,18.340000,278700
2019-10-28,18.320000,18.600000,18.320000,18.490000,18.490000,384000
2019-10-29,18.520000,18.840000,18.475000,18.690001,18.690001,647000
2019-10-30,18.700001,18.700001,18.440001,18.530001,18.530001,378900
2019-10-31,18.500000,18.629999,18.080000,18.410000,18.410000,447900
2019-11-01,18.559999,19.070000,18.559999,19.049999,19.049999,481900
2019-11-04,19.219999,19.309999,19.070000,19.270000,19.270000,322900
2019-11-05,19.309999,19.600000,19.150000,19.260000,19.260000,954300
2019-11-06,18.700001,19.139999,18.260000,19.080000,19.080000,1092500
2019-11-07,19.320000,19.320000,18.209999,18.280001,18.280001,653500
2019-11-08,18.150000,18.280001,17.920000,17.950001,17.950001,462700
2019-11-11,17.980000,18.680000,17.959999,18.629999,18.629999,940500
2019-11-12,18.629999,18.700001,18.299999,18.400000,18.400000,589700
2019-11-13,18.250000,18.559999,18.250000,18.500000,18.500000,455700
2019-11-14,18.370001,18.610001,18.200001,18.299999,18.299999,486700
2019-11-15,18.480000,18.480000,17.950001,18.030001,18.030001,492600
2019-11-18,17.969999,18.020000,17.549999,17.700001,17.700001,710500
2019-11-19,17.799999,18.010000,17.660000,17.700001,17.700001,362000
2019-11-20,17.469999,17.795000,17.465000,17.660000,17.660000,668100
2019-11-21,17.620001,18.080000,17.500000,17.830000,17.830000,547700
2019-11-22,17.969999,18.090000,17.879999,17.980000,17.980000,266600
2019-11-25,17.990000,18.209999,17.959999,18.040001,18.040001,377400
2019-11-26,18.020000,18.170000,17.820000,18.020000,18.020000,563500
2019-11-27,18.000000,18.075001,17.430000,17.480000,17.480000,953700
2019-11-29,17.410000,18.049999,17.190001,17.940001,17.940001,541100
2019-12-02,17.680000,17.680000,17.160000,17.230000,17.230000,613200
2019-12-03,17.020000,17.090000,16.680000,16.760000,16.760000,781500
2019-12-04,16.900000,17.150000,16.700001,16.940001,16.940001,801100
2019-12-05,17.010000,17.400000,16.840000,17.150000,17.150000,579100
2019-12-06,17.260000,17.440001,17.219999,17.280001,17.280001,448800
2019-12-09,17.160000,17.430000,17.160000,17.225000,17.225000,425200
2019-12-10,17.120001,17.230000,17.010000,17.160000,17.160000,458800
2019-12-11,17.139999,17.410000,17.115000,17.270000,17.270000,251200
2019-12-12,17.270000,17.760000,17.200001,17.610001,17.610001,442200
2019-12-13,17.490000,17.809999,17.420000,17.629999,17.629999,368900
2019-12-16,17.780001,18.080000,17.754999,18.049999,18.049999,451700
2019-12-17,18.020000,18.174999,18.000000,18.100000,18.100000,408500
2019-12-18,18.150000,18.620001,18.070000,18.500000,18.500000,510500
2019-12-19,18.440001,18.940001,18.389999,18.910000,18.910000,422800
2019-12-20,19.040001,19.459999,18.875000,19.420000,19.420000,1153200
2019-12-23,19.420000,19.600000,19.209999,19.530001,19.530001,372900
2019-12-24,19.520000,19.690001,19.400000,19.650000,19.650000,143700
2019-12-26,19.660000,19.830000,19.590000,19.740000,19.740000,243100
2019-12-27,19.820000,19.950001,19.440001,19.590000,19.590000,686400
2019-12-30,19.690001,19.719999,19.340000,19.420000,19.420000,459000
2019-12-31,19.430000,19.590000,19.330000,19.459999,19.459999,424600
2020-01-02,19.459999,19.740000,19.440001,19.719999,19.719999,281400
2020-01-03,19.500000,19.844999,19.350000,19.639999,19.639999,513100
2020-01-06,19.660000,19.840000,19.525000,19.740000,19.740000,440500
2020-01-07,19.600000,19.809999,19.559999,19.559999,19.559999,444800
2020-01-08,19.570000,19.750000,19.045000,19.150000,19.150000,1113400
2020-01-09,19.209999,19.370001,18.930000,19.254999,19.254999,776500
2020-01-10,19.180000,19.250000,18.860001,18.965000,18.965000,353400
2020-01-13,18.910000,18.980000,18.620001,18.959999,18.959999,282300
2020-01-14,18.799999,19.040001,18.680000,18.770000,18.770000,490500
2020-01-15,18.730000,19.170000,18.700001,19.160000,19.160000,473400
2020-01-16,19.280001,19.480000,19.080000,19.240000,19.240000,417200
2020-01-17,19.420000,19.420000,18.889999,18.920000,18.920000,279400
2020-01-21,18.770000,18.870001,18.580000,18.610001,18.610001,633200
2020-01-22,18.670000,18.670000,18.350000,18.410000,18.410000,317100
2020-01-23,18.290001,18.410000,18.120001,18.280001,18.280001,1451300
2020-01-24,18.240000,18.240000,17.905001,18.000000,18.000000,449200
2020-01-27,17.650000,18.139999,17.650000,17.770000,17.770000,415000
2020-01-28,17.790001,18.000000,17.459999,17.480000,17.480000,393300
2020-01-29,17.330000,17.510000,17.110001,17.420000,17.420000,558100
2020-01-30,17.270000,17.610001,17.250000,17.570000,17.570000,322300
2020-01-31,17.440001,17.490000,16.799999,16.850000,16.850000,568600
2020-02-03,16.930000,17.209999,16.840000,17.020000,17.020000,426700
2020-02-04,17.240000,17.240000,16.820000,16.900000,16.900000,572700
2020-02-05,17.170000,17.299999,17.000000,17.129999,17.129999,274300
2020-02-06,17.209999,17.450001,17.183001,17.360001,17.360001,353500
2020-02-07,17.320000,17.368999,16.950001,17.190001,17.190001,440300
2020-02-10,17.110001,17.160000,16.950001,17.139999,17.139999,266300
2020-02-11,17.309999,17.424999,17.020000,17.209999,17.209999,576100
2020-02-12,17.350000,17.575001,16.730000,17.410000,17.410000,785100
2020-02-13,17.330000,17.440001,17.129999,17.219999,17.219999,500500
2020-02-14,17.230000,17.280001,16.996000,17.150000,17.150000,223900
2020-02-18,17.070000,17.350000,16.959999,17.340000,17.340000,416800
2020-02-19,17.370001,17.709999,17.240000,17.530001,17.530001,666000
2020-02-20,18.620001,19.230000,17.715000,19.139999,19.139999,1155100
2020-02-21,19.170000,19.205000,18.610001,18.790001,18.790001,444300
2020-02-24,18.120001,18.360001,18.040001,18.230000,18.230000,552000
2020-02-25,18.200001,18.280001,17.570000,17.590000,17.590000,511300
2020-02-26,17.629999,17.820000,17.110001,17.170000,17.170000,508100
2020-02-27,16.830000,17.510000,16.230000,16.260000,16.260000,770100
2020-02-28,15.630000,15.900000,14.750000,15.190000,15.190000,3228600
2020-03-02,15.340000,15.750000,15.050000,15.420000,15.420000,1512300
2020-03-03,15.330000,15.560000,14.840000,15.000000,15.000000,1611600
2020-03-04,15.120000,15.255000,14.880000,14.920000,14.920000,1402000
2020-03-05,14.660000,15.010000,14.350000,14.520000,14.520000,853400
2020-03-06,14.200000,14.890000,14.100000,14.860000,14.860000,1189100
2020-03-09,14.260000,14.470000,13.090000,13.110000,13.110000,1392900
2020-03-10,13.830000,13.830000,12.620000,12.990000,12.990000,1350400
2020-03-11,12.560000,12.860000,11.860000,12.010000,12.010000,1184200
2020-03-12,11.190000,11.500000,9.810000,9.940000,9.940000,1666700
2020-03-13,10.540000,10.620000,9.610000,10.480000,10.480000,1689400
2020-03-16,10.450000,10.450000,8.635000,8.660000,8.660000,1349400
2020-03-17,8.930000,10.640000,8.530000,10.640000,10.640000,1527500
2020-03-18,9.830000,10.260000,8.770000,9.050000,9.050000,1094500
2020-03-19,8.990000,9.955000,8.870000,9.500000,9.500000,1226100
2020-03-20,9.580000,9.720000,8.980000,9.230000,9.230000,1376200
2020-03-23,9.630000,10.020000,8.710000,9.920000,9.920000,1064600
2020-03-24,10.770000,11.375000,10.310000,10.960000,10.960000,1314300
2020-03-25,10.900000,11.390000,10.630000,10.890000,10.890000,1226300
2020-03-26,11.080000,11.920000,9.870000,11.870000,11.870000,739900
2020-03-27,11.330000,11.910000,10.725000,10.800000,10.800000,978600
2020-03-30,10.870000,11.000000,10.205000,10.380000,10.380000,947400
2020-03-31,10.280000,10.670000,10.035000,10.260000,10.260000,875200
2020-04-01,10.000000,10.000000,9.330000,9.510000,9.510000,1576300
2020-04-02,9.390000,10.000000,9.390000,9.860000,9.860000,793900
2020-04-03,9.830000,9.900000,8.950000,9.270000,9.270000,702500
2020-04-06,9.750000,10.180000,9.740000,10.110000,10.110000,1423100
2020-04-07,10.470000,10.960000,10.170000,10.410000,10.410000,1588500
2020-04-08,10.710000,11.020000,10.250000,10.730000,10.730000,1109600
2020-04-09,11.230000,11.760000,11.040000,11.400000,11.400000,839800
2020-04-13,11.340000,11.340000,10.652000,11.080000,11.080000,967800
2020-04-14,11.440000,11.545000,10.950000,11.230000,11.230000,704300
2020-04-15,10.710000,10.950000,10.250000,10.390000,10.390000,884100
2020-04-16,10.400000,10.560000,9.930000,10.220000,10.220000,846100
2020-04-17,10.680000,11.140000,10.450000,10.950000,10.950000,772600
2020-04-20,10.640000,10.880000,10.280000,10.500000,10.500000,738100
2020-04-21,10.080000,10.395000,9.950000,10.070000,10.070000,1084100
2020-04-22,10.390000,10.390000,9.840000,9.850000,9.850000,725900
2020-04-23,9.900000,10.490000,9.850000,10.190000,10.190000,1099700
2020-04-24,10.210000,10.400000,9.830000,10.230000,10.230000,684700
2020-04-27,10.370000,10.490000,10.230000,10.380000,10.380000,930400
2020-04-28,10.730000,10.740000,10.150000,10.360000,10.360000,767600
2020-04-29,10.820000,11.270000,10.510000,11.080000,11.080000,1469500
2020-04-30,10.940000,11.165000,10.310000,10.340000,10.340000,882000
2020-05-01,10.280000,10.335000,9.890000,10.160000,10.160000,1165100
2020-05-04,9.980000,10.100000,9.780000,10.060000,10.060000,728700
2020-05-05,10.430000,10.450000,9.695000,9.760000,9.760000,1079800
2020-05-06,9.580000,9.800000,9.280000,9.320000,9.320000,1158800
2020-05-07,9.500000,9.660000,9.250000,9.320000,9.320000,949700
2020-05-08,9.710000,9.890000,9.410000,9.640000,9.640000,1515100
2020-05-11,9.430000,9.630000,9.220000,9.340000,9.340000,826000
2020-05-12,9.320000,9.380000,9.010000,9.020000,9.020000,741200
2020-05-13,8.910000,8.980000,8.200000,8.470000,8.470000,1147300
2020-05-14,8.240000,8.970000,8.020000,8.930000,8.930000,1480800
2020-05-15,8.910000,9.030000,8.780000,8.880000,8.880000,970800
2020-05-18,9.270000,9.630000,9.260000,9.470000,9.470000,1105700
2020-05-19,9.380000,9.505000,8.860000,8.880000,8.880000,580000
2020-05-20,9.040000,9.330000,8.930000,9.315000,9.315000,807400
2020-05-21,9.260000,9.330000,8.800000,8.940000,8.940000,2779800
2020-05-22,9.020000,9.210000,8.750000,9.190000,9.190000,1133800
2020-05-26,9.560000,9.910000,9.490000,9.755000,9.755000,2785900
2020-05-27,9.910000,10.000000,9.700000,9.885000,9.885000,2974400
2020-05-28,9.950000,10.095000,9.650000,9.710000,9.710000,1942000
2020-05-29,9.590000,9.770000,9.195000,9.600000,9.600000,1890600
2020-06-01,9.690000,9.950000,9.625000,9.860000,9.860000,1108400
2020-06-02,9.950000,9.965000,9.590000,9.710000,9.710000,659500
2020-06-03,9.880000,10.080000,9.700000,9.890000,9.890000,1650900
2020-06-04,9.800000,10.160000,9.750000,10.000000,10.000000,1256800
2020-06-05,10.440000,11.190000,10.350000,10.960000,10.960000,2994500
2020-06-08,11.250000,11.815000,11.170000,11.680000,11.680000,2182200
2020-06-09,11.430000,11.540000,10.890000,11.070000,11.070000,1023000
2020-06-10,11.020000,11.070000,10.640000,10.750000,10.750000,643900
2020-06-11,10.470000,10.475000,9.700000,9.710000,9.710000,1112300
2020-06-12,10.170000,10.370000,9.900000,10.320000,10.320000,967300
2020-06-15,9.810000,10.335000,9.810000,10.295000,10.295000,758000
2020-06-16,10.810000,10.843000,10.265000,10.320000,10.320000,1042300
2020-06-17,10.290000,10.330000,9.780000,9.780000,9.780000,518200
2020-06-18,9.680000,10.130000,9.620000,10.020000,10.020000,1321200
2020-06-19,10.020000,10.120000,9.820000,9.870000,9.870000,1689500
2020-06-22,9.870000,9.870000,9.680000,9.790000,9.790000,596300
2020-06-23,9.960000,9.980000,9.705000,9.940000,9.940000,1007400
2020-06-24,9.790000,9.790000,9.100000,9.340000,9.340000,1649000
2020-06-25,9.250000,9.440000,9.060000,9.440000,9.440000,865100
2020-06-26,9.310000,9.379000,8.900000,9.000000,9.000000,1812500
2020-06-29,9.170000,9.300000,8.970000,9.300000,9.300000,758200
2020-06-30,9.240000,9.480000,9.080000,9.440000,9.440000,784700
2020-07-01,9.460000,9.770000,9.405000,9.600000,9.600000,675400
2020-07-02,9.890000,9.920000,9.145000,9.170000,9.170000,928600
2020-07-06,9.380000,10.260000,9.280000,10.250000,10.250000,1690100
2020-07-07,10.130000,10.150000,9.220000,9.300000,9.300000,1342200
2020-07-08,9.310000,9.610000,9.230000,9.600000,9.600000,643800
2020-07-09,9.600000,9.760000,9.295000,9.360000,9.360000,677800
2020-07-10,9.350000,9.755000,9.270000,9.710000,9.710000,598200
2020-07-13,9.830000,9.900000,9.410000,9.430000,9.430000,1097400
2020-07-14,9.420000,9.540000,9.060000,9.220000,9.220000,1756600
2020-07-15,9.510000,9.650000,9.350000,9.490000,9.490000,1478000
2020-07-16,9.440000,9.450000,9.265000,9.390000,9.390000,531900
2020-07-17,9.350000,9.755000,9.270000,9.680000,9.680000,970900
2020-07-20,9.610000,9.670000,9.395000,9.500000,9.500000,1640600
2020-07-21,9.650000,9.790000,9.390000,9.420000,9.420000,774700
2020-07-22,9.340000,9.675000,9.280000,9.520000,9.520000,636100
2020-07-23,9.490000,9.500000,9.320000,9.440000,9.440000,812600
2020-07-24,9.430000,9.470000,9.135000,9.220000,9.220000,606600
2020-07-27,9.210000,9.290000,8.960000,9.140000,9.140000,546600
2020-07-28,9.080000,9.345000,9.080000,9.180000,9.180000,514800
2020-07-29,9.250000,9.460000,9.060000,9.450000,9.450000,656700
2020-07-30,9.290000,10.010000,9.290000,9.980000,9.980000,1175400
2020-07-31,9.880000,10.570000,9.780000,10.230000,10.230000,1609500
2020-08-03,10.270000,10.390000,9.750000,10.310000,10.310000,1175000
2020-08-04,10.310000,10.780000,10.010000,10.330000,10.330000,689700
2020-08-05,10.570000,10.600000,10.310000,10.470000,10.470000,502900
2020-08-06,10.170000,10.280000,8.850000,8.850000,8.850000,2297400
2020-08-07,8.930000,9.330000,8.800000,9.260000,9.260000,2303300
2020-08-10,9.280000,9.960000,9.280000,9.870000,9.870000,1350400
2020-08-11,9.990000,10.300000,9.855000,9.900000,9.900000,965900
2020-08-12,10.000000,10.380000,10.000000,10.190000,10.190000,769600