Date,Open,High,Low,Close,Adj Close,Volume
2020-01-17,11.030000,15.250000,11.010000,11.630000,11.630000,3672400
2020-01-21,11.000000,11.360000,10.180000,10.880000,10.880000,406700
2020-01-22,10.840000,11.200000,10.730000,11.000000,11.000000,214600
2020-01-23,11.000000,11.080000,10.400000,11.050000,11.050000,149600
2020-01-24,11.010000,11.100000,10.670000,11.100000,11.100000,98600
2020-01-27,10.830000,11.090000,10.560000,11.000000,11.000000,67500
2020-01-28,11.050000,11.200000,10.820000,11.120000,11.120000,60300
2020-01-29,11.150000,11.200000,10.620000,11.000000,11.000000,108900
2020-01-30,11.000000,11.030000,10.750000,11.000000,11.000000,47600
2020-01-31,11.000000,11.180000,10.805000,11.080000,11.080000,63800
2020-02-03,11.000000,11.020000,10.640000,11.000000,11.000000,102000
2020-02-04,11.060000,11.100000,10.900000,11.010000,11.010000,71700
2020-02-05,11.000000,11.040000,10.838000,11.000000,11.000000,47700
2020-02-06,10.850000,10.910000,10.500000,10.520000,10.520000,65200
2020-02-07,10.860000,11.900000,10.640000,11.100000,11.100000,257000
2020-02-10,11.050000,11.290000,10.730000,11.000000,11.000000,125200
2020-02-11,11.200000,11.500000,10.960000,11.000000,11.000000,147500
2020-02-12,11.100000,11.100000,10.800000,10.910000,10.910000,57700
2020-02-13,10.750000,10.878000,10.500000,10.600000,10.600000,51800
2020-02-14,10.770000,10.865000,10.160000,10.230000,10.230000,72900
2020-02-18,10.190000,10.600000,10.000000,10.110000,10.110000,129800
2020-02-19,10.120000,10.250000,9.637000,9.800000,9.800000,67300
2020-02-20,9.700000,9.990000,9.310000,9.880000,9.880000,82600
2020-02-21,9.691000,9.868000,9.500000,9.560000,9.560000,6700
2020-02-24,9.430000,9.430000,9.080000,9.120000,9.120000,50300
2020-02-25,9.120000,9.730000,9.120000,9.450000,9.450000,55900
2020-02-26,9.670000,9.670000,9.180000,9.220000,9.220000,52000
2020-02-27,9.200000,9.500000,9.100000,9.500000,9.500000,52900
2020-02-28,9.380000,9.380000,9.150000,9.290000,9.290000,41400
2020-03-02,9.440000,9.470000,9.080000,9.190000,9.190000,38800
2020-03-03,9.010000,9.400000,9.010000,9.310000,9.310000,45200
2020-03-04,9.400000,9.500000,9.100000,9.300000,9.300000,63300
2020-03-05,9.230000,9.300000,9.100000,9.100000,9.100000,53600
2020-03-06,9.160000,9.460000,9.070000,9.300000,9.300000,57000
2020-03-09,9.010000,9.010000,8.130000,8.240000,8.240000,46800
2020-03-10,8.816000,8.816000,8.310000,8.350000,8.350000,35000
2020-03-11,8.440000,8.960000,8.340000,8.800000,8.800000,101400
2020-03-12,8.500000,8.500000,6.150000,6.150000,6.150000,105900
2020-03-13,6.420000,6.593000,6.100000,6.200000,6.200000,102900
2020-03-16,6.280000,6.280000,6.000000,6.130000,6.130000,19300
2020-03-17,6.320000,6.370000,6.175000,6.310000,6.310000,32300
2020-03-18,6.050000,6.300000,5.760000,6.200000,6.200000,26500
2020-03-19,6.200000,6.250000,6.050000,6.250000,6.250000,10900
2020-03-20,6.310000,6.900000,6.000000,6.480000,6.480000,31500
2020-03-23,6.900000,6.900000,6.680000,6.900000,6.900000,11300
2020-03-24,7.000000,7.300000,6.480000,7.300000,7.300000,32900
2020-03-25,7.310000,8.500000,6.800000,7.650000,7.650000,31100
2020-03-26,7.980000,8.300000,7.610000,8.290000,8.290000,48500
2020-03-27,7.584000,8.040000,7.575000,7.840000,7.840000,27200
2020-03-30,8.000000,8.000000,6.900000,7.000000,7.000000,10900
2020-03-31,7.300000,7.300000,6.900000,7.000000,7.000000,28800
2020-04-01,6.990000,7.250000,6.920000,7.090000,7.090000,30500
2020-04-02,7.030000,7.500000,6.490000,7.190000,7.190000,39800
2020-04-03,7.300000,7.350000,6.000000,6.890000,6.890000,28500
2020-04-06,7.250000,7.300000,6.260000,6.660000,6.660000,12700
2020-04-07,6.850000,6.850000,6.000000,6.170000,6.170000,17000
2020-04-08,6.510000,6.540000,6.000000,6.220000,6.220000,18000
2020-04-09,6.220000,6.270000,5.838000,5.960000,5.960000,14700
2020-04-13,5.960000,6.200000,5.600000,5.870000,5.870000,17100
2020-04-14,5.990000,5.990000,5.470000,5.700000,5.700000,30300
2020-04-15,5.690000,5.700000,4.170000,4.660000,4.660000,115700
2020-04-16,4.660000,4.860000,4.200000,4.300000,4.300000,66600
2020-04-17,4.420000,5.180000,4.400000,4.800000,4.800000,58900
2020-04-20,4.920000,5.590000,4.920000,5.230000,5.230000,19600
2020-04-21,5.200000,5.220000,4.760000,4.910000,4.910000,11600
2020-04-22,5.150000,5.400000,5.110000,5.200000,5.200000,13000
2020-04-23,5.410000,5.410000,4.720000,5.070000,5.070000,9300
2020-04-24,4.620000,5.290000,4.620000,5.080000,5.080000,4800
2020-04-27,5.090000,5.340000,5.000000,5.230000,5.230000,10900
2020-04-28,5.306000,5.306000,5.030000,5.220000,5.220000,5100
2020-04-29,5.220000,5.520000,5.220000,5.380000,5.380000,14100
2020-04-30,5.265000,5.380000,5.180000,5.360000,5.360000,9300
2020-05-01,5.350000,5.360000,5.010000,5.020000,5.020000,6900
2020-05-04,5.190000,5.249000,5.125000,5.240000,5.240000,7200
2020-05-05,5.440000,5.470000,5.010000,5.010000,5.010000,11200
2020-05-06,5.050000,5.200000,4.700000,4.700000,4.700000,18000
2020-05-07,4.500000,4.879000,4.500000,4.650000,4.650000,26500
2020-05-08,4.880000,5.090000,4.600000,4.800000,4.800000,14400
2020-05-11,4.720000,4.950000,4.600000,4.850000,4.850000,13400
2020-05-12,4.774000,4.890000,4.600000,4.600000,4.600000,12800
2020-05-13,4.700000,4.800000,4.520000,4.520000,4.520000,12000
2020-05-14,4.600000,4.660000,4.320000,4.460000,4.460000,20900
2020-05-15,4.620000,4.850000,4.520000,4.540000,4.540000,8400
2020-05-18,4.790000,4.790000,4.560000,4.700000,4.700000,18000
2020-05-19,4.510000,4.800000,4.510000,4.750000,4.750000,13200
2020-05-20,4.750000,5.000000,4.605000,4.864000,4.864000,12600
2020-05-21,4.860000,4.860000,4.570000,4.750000,4.750000,5700
2020-05-22,4.590000,4.680000,4.230000,4.350000,4.350000,20500
2020-05-26,4.420000,4.640000,4.380000,4.400000,4.400000,34300
2020-05-27,4.440000,4.440000,4.160000,4.250000,4.250000,20300
2020-05-28,4.290000,4.290000,4.020000,4.160000,4.160000,28600
2020-05-29,4.100000,4.280000,4.100000,4.100000,4.100000,8900
2020-06-01,4.163000,4.190000,4.050000,4.050000,4.050000,9400
2020-06-02,4.050000,4.540000,4.050000,4.275000,4.275000,33400
2020-06-03,4.400000,4.520000,4.280000,4.440000,4.440000,22200
2020-06-04,4.480000,4.800000,4.480000,4.555000,4.555000,15800
2020-06-05,4.560000,4.780000,4.510000,4.610000,4.610000,17700
2020-06-08,4.610000,4.859000,4.610000,4.760000,4.760000,14500
2020-06-09,5.210000,6.450000,5.010000,5.860000,5.860000,143100
2020-06-10,5.870000,6.390000,5.270000,5.900000,5.900000,107500
2020-06-11,5.750000,5.750000,4.750000,5.130000,5.130000,70200
2020-06-12,5.170000,5.600000,5.170000,5.400000,5.400000,38300
2020-06-15,5.050000,5.360000,4.750000,5.260000,5.260000,14600
2020-06-16,5.300000,5.350000,5.040000,5.080000,5.080000,22400
2020-06-17,5.080000,5.670000,5.050000,5.280000,5.280000,63000
2020-06-18,5.350000,6.260000,5.260000,6.010000,6.010000,83900
2020-06-19,6.260000,6.260000,5.710000,5.980000,5.980000,35500
2020-06-22,6.040000,6.040000,5.580000,5.740000,5.740000,27800
2020-06-23,5.662000,5.686000,5.480000,5.480000,5.480000,20000
2020-06-24,5.570000,5.570000,5.450000,5.560000,5.560000,4100
2020-06-25,5.480000,5.823000,5.480000,5.560000,5.560000,2800
2020-06-26,5.560000,5.590000,5.280000,5.280000,5.280000,14700
2020-06-29,5.540000,5.540000,5.270000,5.355000,5.355000,10600
2020-06-30,5.360000,5.403000,5.360000,5.360000,5.360000,7500
2020-07-01,5.360000,5.437000,5.340000,5.360000,5.360000,5600
2020-07-02,5.330000,5.360000,5.280000,5.280000,5.280000,11500
2020-07-06,5.280000,5.730000,5.280000,5.620000,5.620000,32200
2020-07-07,5.930000,5.930000,5.505000,5.620000,5.620000,8600
2020-07-08,5.530000,5.885000,5.530000,5.800000,5.800000,38800
2020-07-09,5.700000,6.160000,5.700000,5.870000,5.870000,16700
2020-07-10,5.970000,5.970000,5.720000,5.930000,5.930000,31300
2020-07-13,6.100000,8.540000,6.100000,8.200000,8.200000,665200
2020-07-14,7.640000,7.640000,6.570000,6.910000,6.910000,180800
2020-07-15,6.870000,7.490000,6.850000,7.000000,7.000000,56100
2020-07-16,6.440000,7.070000,6.440000,7.070000,7.070000,27200
2020-07-17,7.550000,7.550000,6.900000,6.920000,6.920000,18800
2020-07-20,6.850000,7.070000,6.850000,7.070000,7.070000,14100
2020-07-21,7.000000,7.000000,6.630000,6.810000,6.810000,23800
2020-07-22,6.800000,6.800000,6.440000,6.440000,6.440000,15700
2020-07-23,6.500000,6.500000,6.150000,6.150000,6.150000,47000