Date,Open,High,Low,Close,Adj Close,Volume
2015-07-23,18.500000,19.450001,17.629999,19.070000,18.582561,2755700
2015-07-24,18.900000,20.350000,18.820000,19.260000,18.767704,386700
2015-07-27,19.320000,19.900000,19.250000,19.500000,19.001572,240700
2015-07-28,20.000000,20.260000,19.590000,19.799999,19.293900,90200
2015-07-29,20.049999,21.250000,20.049999,20.540001,20.014988,173300
2015-07-30,20.500000,20.549999,20.049999,20.150000,19.634956,114100
2015-07-31,20.139999,20.500000,20.059999,20.160000,19.644695,147600
2015-08-03,20.389999,20.500000,20.040001,20.170000,19.654446,158400
2015-08-04,20.000000,20.389999,19.680000,20.360001,19.839586,165300
2015-08-05,20.350000,20.990000,20.062000,20.650000,20.122177,133600
2015-08-06,20.500000,20.750000,20.500000,20.610001,20.083197,22500
2015-08-07,20.600000,20.600000,20.079000,20.209999,19.693422,19500
2015-08-10,20.440001,20.500000,19.590000,19.990000,19.479042,267200
2015-08-11,19.790001,20.468000,19.740000,20.139999,19.625206,68800
2015-08-12,20.000000,20.450001,19.788000,20.090000,19.576487,42200
2015-08-13,19.656000,20.400000,19.656000,19.920000,19.410830,26200
2015-08-14,20.250000,20.250000,18.809999,19.219999,18.728731,101900
2015-08-17,19.150000,20.049999,18.860001,19.520000,19.021063,107600
2015-08-18,19.600000,20.180000,19.549999,19.820000,19.313387,52100
2015-08-19,19.850000,20.000000,19.750000,19.850000,19.342619,96200
2015-08-20,19.910000,20.000000,19.440001,19.520000,19.021063,125100
2015-08-21,19.500000,19.760000,19.020000,19.110001,18.621542,91900
2015-08-24,18.330000,18.620001,18.002001,18.620001,18.144066,71500
2015-08-25,19.280001,19.459999,18.879999,19.150000,18.660515,38900
2015-08-26,19.459999,19.700001,19.000000,19.680000,19.176973,64500
2015-08-27,19.500000,20.209999,19.139999,19.500000,19.001572,40500
2015-08-28,19.500000,19.580000,18.940001,19.360001,18.865150,62000
2015-08-31,19.360001,19.500000,19.143999,19.270000,18.777445,86200
2015-09-01,19.100000,19.500000,19.100000,19.270000,18.777445,106800
2015-09-02,19.440001,19.450001,19.020000,19.250000,18.757959,127000
2015-09-03,19.330000,19.500000,19.129999,19.360001,18.865150,59900
2015-09-04,19.309999,19.330000,18.299999,18.780001,18.299973,319400
2015-09-08,19.150000,19.500000,18.950001,19.459999,18.962591,62300
2015-09-09,19.459999,19.459999,18.660000,18.900000,18.416906,74700
2015-09-10,19.010000,19.445000,18.450001,19.080000,18.592300,59700
2015-09-11,19.129999,19.170000,18.570000,19.139999,18.650770,63200
2015-09-14,19.070000,19.559999,18.940001,19.420000,18.923616,120200
2015-09-15,19.480000,19.700001,19.320000,19.700001,19.196455,65200
2015-09-16,19.719999,20.040001,19.670000,19.709999,19.206205,69500
2015-09-17,19.809999,19.900000,19.629999,19.700001,19.196455,67400
2015-09-18,19.700001,19.799999,19.250000,19.510000,19.011314,328400
2015-09-21,19.780001,19.860001,19.700001,19.770000,19.264668,50000
2015-09-22,19.700001,19.950001,19.610001,19.920000,19.410830,38600
2015-09-23,19.969999,20.150000,19.420000,19.889999,19.391335,34900
2015-09-24,19.780001,20.150000,19.540001,20.090000,19.586321,40800
2015-09-25,20.240000,20.240000,19.520000,19.799999,19.303591,57200
2015-09-28,19.660000,20.139999,19.660000,19.969999,19.469330,116900
2015-09-29,20.000000,20.139999,19.879999,20.010000,19.508327,87700
2015-09-30,20.000000,20.120001,19.500000,19.639999,19.147604,835500
2015-10-01,19.709999,19.900000,19.080000,19.340000,18.855120,176500
2015-10-02,19.219999,19.219999,18.680000,18.860001,18.387157,71200
2015-10-05,18.959999,19.080000,18.799999,19.000000,18.523651,47100
2015-10-06,19.110001,19.110001,18.490000,18.549999,18.084930,40900
2015-10-07,18.600000,18.730000,18.309999,18.580000,18.114180,110300
2015-10-08,18.510000,18.570000,18.160000,18.480000,18.016684,77800
2015-10-09,18.559999,19.500000,18.559999,19.299999,18.816126,134400
2015-10-12,19.299999,19.430000,18.990000,19.110001,18.630892,32200
2015-10-13,19.030001,19.209999,18.700001,18.740000,18.270168,33000
2015-10-14,18.809999,18.830000,18.360001,18.590000,18.123930,50600
2015-10-15,18.629999,18.879999,18.440001,18.549999,18.084930,75100
2015-10-16,18.629999,18.650000,18.020000,18.080000,17.626717,56500
2015-10-19,18.040001,18.150000,17.440001,17.480000,17.041754,130000
2015-10-20,17.320000,18.100000,17.260000,17.549999,17.110001,184700
2015-10-21,17.549999,17.700001,16.730000,16.910000,16.486044,268400
2015-10-22,17.000000,17.090000,15.700000,16.010000,15.608610,643900
2015-10-23,16.250000,16.500000,15.860000,16.420000,16.008329,74100
2015-10-26,16.250000,16.480000,16.080000,16.360001,15.949835,184900
2015-10-27,16.299999,16.379999,15.350000,15.480000,15.091898,291300
2015-10-28,15.670000,16.139999,15.220000,15.510000,15.121147,180300
2015-10-29,15.430000,15.480000,14.300000,14.410000,14.048726,232300
2015-10-30,14.520000,14.571000,14.070000,14.340000,13.980479,116400
2015-11-02,14.260000,14.990000,14.110000,14.930000,14.555688,105700
2015-11-03,14.990000,15.230000,14.930000,15.060000,14.682429,91500
2015-11-04,15.140000,15.310000,14.550000,14.800000,14.428946,242500
2015-11-05,14.770000,15.080000,14.250000,14.550000,14.185215,142000
2015-11-06,14.990000,15.080000,14.510000,14.610000,14.243711,169900
2015-11-09,14.610000,14.920000,14.120000,14.480000,14.116970,78900
2015-11-10,14.420000,14.550000,14.200000,14.510000,14.146217,80500
2015-11-11,14.690000,14.915000,14.240000,14.600000,14.233963,38800
2015-11-12,14.500000,14.590000,14.240000,14.400000,14.038974,70600
2015-11-13,14.270000,14.490000,14.040000,14.080000,13.726999,72200
2015-11-16,14.080000,14.610000,13.870000,14.430000,14.068224,93700
2015-11-17,14.360000,14.550000,14.140000,14.280000,13.921986,55100
2015-11-18,14.370000,14.690000,14.260000,14.400000,14.038974,47200
2015-11-19,14.450000,14.795000,14.220000,14.550000,14.185215,23500
2015-11-20,14.650000,15.579000,14.630000,14.990000,14.614181,108700
2015-11-23,15.030000,15.455000,14.610000,14.800000,14.428946,97300
2015-11-24,14.910000,15.225000,14.680000,14.910000,14.536188,31900
2015-11-25,15.170000,15.375000,15.000000,15.190000,14.809169,52300
2015-11-27,15.010000,15.560000,15.010000,15.260000,14.877416,14300
2015-11-30,15.270000,15.960000,15.081000,15.800000,15.403876,97600
2015-12-01,15.840000,16.525000,15.030000,15.210000,14.828667,17200
2015-12-02,15.190000,15.250000,14.220000,14.370000,14.009727,35200
2015-12-03,14.510000,14.720000,14.260000,14.380000,14.019478,43500
2015-12-04,14.340000,15.185000,14.330000,14.610000,14.243711,50500
2015-12-07,14.600000,14.600000,14.010000,14.100000,13.746496,285300
2015-12-08,14.210000,14.210000,13.110000,13.190000,12.859312,331800
2015-12-09,13.260000,13.820000,12.790000,13.430000,13.093294,181900
2015-12-10,13.600000,13.600000,13.000000,13.060000,12.732574,70800
2015-12-11,13.000000,13.190000,12.510000,13.010000,12.683824,220100
2015-12-14,13.160000,13.210000,12.650000,12.880000,12.557085,111700
2015-12-15,13.250000,13.850000,12.860000,13.240000,12.908057,63800
2015-12-16,13.450000,14.140000,12.930000,14.050000,13.697751,89800
2015-12-17,14.130000,14.875000,13.330000,14.010000,13.658754,113100
2015-12-18,13.870000,14.290000,13.350000,13.860000,13.512512,268300
2015-12-21,13.940000,14.180000,13.450000,13.600000,13.259035,73300
2015-12-22,13.710000,14.390000,13.350000,14.000000,13.649003,40900
2015-12-23,14.190000,14.470000,13.890000,14.440000,14.077971,41400
2015-12-24,14.500000,14.850000,14.360000,14.630000,14.263209,26700
2015-12-28,14.590000,14.640000,14.030000,14.450000,14.097359,47100
2015-12-29,14.400000,14.500000,14.170000,14.360000,14.009553,34600
2015-12-30,14.360000,14.360000,13.805000,14.100000,13.755900,28900
2015-12-31,14.000000,14.280000,13.950000,14.200000,13.853461,45700
2016-01-04,13.910000,13.910000,13.090000,13.400000,13.072984,70400
2016-01-05,13.400000,13.420000,12.830000,13.240000,12.916888,74000
2016-01-06,13.130000,13.400000,12.850000,13.100000,12.780305,71400
2016-01-07,13.320000,13.320000,12.750000,12.970000,12.653475,52700
2016-01-08,13.080000,13.470000,12.130000,12.140000,11.843731,33300
2016-01-11,12.670000,12.670000,12.095000,12.490000,12.185189,41200
2016-01-12,12.630000,13.410000,12.180000,12.820000,12.507135,71200
2016-01-13,13.320000,13.320000,12.290000,12.610000,12.302262,142400
2016-01-14,12.750000,12.910000,12.480000,12.750000,12.438848,51000
2016-01-15,12.400000,12.755000,12.320000,12.650000,12.341285,67900
2016-01-19,12.700000,12.830000,12.390000,12.600000,12.292507,62000
2016-01-20,12.440000,13.140000,12.300000,12.970000,12.653475,47500
2016-01-21,12.940000,13.520000,12.910000,13.220000,12.897376,46500
2016-01-22,13.400000,13.460000,13.070000,13.200000,12.877865,45300
2016-01-25,13.110000,13.110000,12.650000,12.690000,12.380309,36600
2016-01-26,12.810000,13.370000,12.810000,13.090000,12.770549,14600
2016-01-27,13.050000,13.320000,12.920000,13.090000,12.770549,51500
2016-01-28,13.980000,14.410000,13.760000,13.840000,13.502246,66800
2016-01-29,14.130000,14.250000,13.870000,14.240000,13.892484,49800
2016-02-01,14.100000,14.490000,14.100000,14.370000,14.019309,30500
2016-02-02,14.200000,14.200000,13.440000,13.670000,13.336393,22600
2016-02-03,13.800000,13.870000,13.380000,13.800000,13.463220,34900
2016-02-04,13.890000,14.350000,13.570000,14.130000,13.785168,20000
2016-02-05,14.120000,14.150000,13.770000,13.770000,13.433954,70200
2016-02-08,13.590000,13.930000,13.290000,13.790000,13.453464,25600
2016-02-09,13.470000,13.640000,13.320000,13.550000,13.219323,25500
2016-02-10,13.690000,13.950000,13.590000,13.590000,13.258347,28700
2016-02-11,13.460000,13.750000,13.460000,13.640000,13.307126,39200
2016-02-12,13.870000,13.870000,12.790000,12.970000,12.653475,84900
2016-02-16,13.340000,13.780000,13.340000,13.590000,13.258347,16300
2016-02-17,13.650000,13.700000,13.120000,13.600000,13.268101,18700
2016-02-18,13.580000,14.050000,13.190000,13.680000,13.346149,41200
2016-02-19,13.570000,13.910000,13.120000,13.440000,13.112008,43500
2016-02-22,13.800000,13.860000,13.400000,13.710000,13.375418,25900
2016-02-23,13.650000,13.700000,12.950000,13.000000,12.682743,35600
2016-02-24,12.830000,13.360000,12.550000,13.260000,12.936399,16600
2016-02-25,13.270000,13.600000,13.060000,13.140000,12.819327,27700
2016-02-26,13.110000,13.450000,12.820000,13.080000,12.780246,30300
2016-02-29,13.300000,13.800000,13.080000,13.240000,12.936579,73600
2016-03-01,13.020000,13.600000,12.870000,13.050000,12.750931,28600
2016-03-02,13.100000,13.100000,12.780000,12.950000,12.653221,26500
2016-03-03,12.990000,13.170000,12.830000,12.950000,12.653221,36300
2016-03-04,13.000000,13.050000,12.780000,12.840000,12.545743,23500
2016-03-07,12.800000,13.000000,12.800000,13.000000,12.702078,17400
2016-03-08,12.840000,13.047000,12.580000,12.730000,12.438266,40400
2016-03-09,12.720000,13.090000,12.720000,13.010000,12.711850,26700
2016-03-10,12.990000,13.350000,12.960000,13.220000,12.917036,35800
2016-03-11,13.370000,13.560000,12.940000,13.210000,12.907266,25200
2016-03-14,13.120000,13.870000,13.120000,13.810000,13.493514,44100
2016-03-15,13.550000,13.680000,13.450000,13.490000,13.180848,20500
2016-03-16,13.410000,14.450000,13.410000,14.180000,13.855036,66500
2016-03-17,14.200000,14.640000,14.150000,14.270000,13.942974,40300
2016-03-18,14.460000,15.070000,14.460000,14.890000,14.548766,120400
2016-03-21,14.960000,15.380000,14.890000,15.290000,14.939597,74100
2016-03-22,15.090000,15.160000,15.070000,15.110000,14.763724,26000
2016-03-23,15.110000,15.370000,15.110000,15.210000,14.861431,41900
2016-03-24,15.110000,15.110000,14.830000,14.860000,14.519451,9700
2016-03-28,14.880000,14.880000,14.190000,14.190000,13.864806,12000
2016-03-29,14.200000,14.400000,14.100000,14.320000,13.991826,14800
2016-03-30,14.220000,14.910000,14.220000,14.860000,14.519451,14600
2016-03-31,14.580000,15.110000,14.580000,15.000000,14.656245,19100
2016-04-01,14.820000,15.110000,14.580000,15.000000,14.656245,39300
2016-04-04,15.000000,15.340000,15.000000,15.170000,14.822349,35100
2016-04-05,14.980000,15.180000,14.820000,14.970000,14.626930,40600
2016-04-06,14.970000,15.180000,14.840000,14.900000,14.558534,31800
2016-04-07,14.780000,14.900000,14.480000,14.620000,14.284954,31800
2016-04-08,14.640000,14.803000,14.500000,14.520000,14.187244,15300
2016-04-11,14.620000,14.935000,14.620000,14.780000,14.441286,35600
2016-04-12,14.730000,14.850000,14.560000,14.710000,14.372890,78800
2016-04-13,14.760000,15.090000,14.670000,14.830000,14.490138,24800
2016-04-14,14.770000,15.110000,14.610000,14.760000,14.421745,22400
2016-04-15,14.750000,14.750000,14.649000,14.690000,14.353348,16800
2016-04-18,14.670000,15.180000,14.560000,15.100000,14.753953,21800
2016-04-19,15.290000,15.310000,15.069000,15.170000,14.822349,22100
2016-04-20,15.280000,15.280000,15.010000,15.060000,14.714869,18000
2016-04-21,15.140000,15.310000,15.020000,15.100000,14.753953,19400
2016-04-22,15.000000,15.540000,14.980000,15.340000,14.988450,22700
2016-04-25,15.340000,15.340000,15.090000,15.310000,14.959141,11700
2016-04-26,15.350000,15.600000,15.340000,15.540000,15.183867,34500
2016-04-27,15.200000,15.700000,14.930000,15.680000,15.320660,24400
2016-04-28,15.380000,15.700000,15.380000,15.590000,15.232723,46000
2016-04-29,15.550000,15.870000,15.087000,15.740000,15.379283,30800
2016-05-02,14.658000,17.150000,14.550000,16.250000,15.877595,60600
2016-05-03,16.160000,16.170000,15.620000,15.920000,15.555161,44200
2016-05-04,15.790000,15.990000,15.635000,15.770000,15.408597,41000
2016-05-05,15.920000,16.330000,15.700000,15.880000,15.516075,85800
2016-05-06,15.840000,15.970000,15.770000,15.910000,15.545388,21200
2016-05-09,15.910000,15.990000,15.834000,15.990000,15.623556,24200
2016-05-10,16.000000,16.545000,15.955000,16.209999,15.838511,54100
2016-05-11,16.240000,16.360001,15.950000,16.000000,15.633330,23800
2016-05-12,16.080000,16.250000,15.520000,15.580000,15.222950,55800
2016-05-13,15.620000,15.860000,15.050000,15.600000,15.242492,95000
2016-05-16,15.600000,15.680000,15.470000,15.590000,15.232723,33000
2016-05-17,15.500000,15.650000,15.040000,15.110000,14.763724,33900
2016-05-18,15.030000,15.500000,15.030000,15.200000,14.851660,99700
2016-05-19,15.090000,15.850000,14.800000,15.630000,15.271806,169300
2016-05-20,15.630000,16.379999,15.363000,15.980000,15.613784,126300
2016-05-23,15.880000,16.375000,15.680000,15.960000,15.594244,115100
2016-05-24,15.990000,16.290001,15.700000,15.860000,15.496534,130700
2016-05-25,15.820000,16.500000,15.820000,16.299999,15.926453,59500
2016-05-26,16.330000,16.379999,15.640000,15.910000,15.545388,50900
2016-05-27,15.970000,16.270000,15.970000,16.180000,15.809199,36300
2016-05-31,16.260000,16.309999,15.980000,16.139999,15.770115,135400
2016-06-01,16.250000,16.790001,16.000000,16.500000,16.121870,66600
2016-06-02,16.120001,16.180000,15.890000,16.030001,15.662639,81300
2016-06-03,16.000000,16.219999,15.750000,16.000000,15.643087,65500
2016-06-06,15.900000,16.084999,15.890000,15.990000,15.633311,45700
2016-06-07,15.990000,16.000000,15.590000,15.910000,15.555094,46500
2016-06-08,15.980000,16.000000,15.610000,15.910000,15.555094,61100
2016-06-09,15.900000,16.000000,15.620000,15.680000,15.330225,61500
2016-06-10,15.710000,15.820000,15.550000,15.710000,15.359554,144800
2016-06-13,15.500000,15.740000,15.110000,15.300000,14.958700,122700
2016-06-14,15.170000,15.480000,14.470000,14.520000,14.196099,104200
2016-06-15,14.500000,14.505000,14.160000,14.340000,14.020116,72300
2016-06-16,14.520000,14.520000,14.070000,14.300000,13.981008,67500
2016-06-17,14.300000,14.310000,13.960000,14.090000,13.775691,116900
2016-06-20,14.130000,14.590000,14.130000,14.280000,13.961452,76000
2016-06-21,14.270000,14.400000,14.150000,14.180000,13.863684,82500
2016-06-22,14.130000,14.265000,14.080000,14.120000,13.805024,73100
2016-06-23,14.260000,14.410000,13.860000,13.950000,13.638815,117300
2016-06-24,13.700000,14.030000,13.500000,13.700000,13.394391,1668700
2016-06-27,13.670000,13.880000,13.600000,13.700000,13.394391,107800
2016-06-28,13.750000,14.195000,13.570000,13.710000,13.404170,67900
2016-06-29,13.730000,14.060000,13.330000,13.950000,13.638815,77500
2016-06-30,13.950000,14.290000,13.770000,14.110000,13.795244,125900
2016-07-01,14.310000,14.459000,13.470000,13.920000,13.609483,45500
2016-07-05,13.800000,13.800000,13.500000,13.620000,13.316175,60400
2016-07-06,13.600000,14.050000,13.500000,13.840000,13.531268,70300
2016-07-07,13.880000,14.395000,13.810000,14.120000,13.805024,88600
2016-07-08,14.290000,14.720000,14.090000,14.140000,13.824576,93600
2016-07-11,14.080000,14.480000,14.080000,14.180000,13.863684,115500
2016-07-12,14.130000,14.730000,14.130000,14.400000,14.078775,122400
2016-07-13,14.500000,14.690000,14.240000,14.390000,14.068999,48500
2016-07-14,14.880000,14.880000,14.520000,14.680000,14.352530,48400
2016-07-15,14.790000,14.830000,14.370000,14.400000,14.078775,52100
2016-07-18,14.480000,14.630000,14.270000,14.450000,14.127662,47000
2016-07-19,14.500000,14.590000,14.230000,14.320000,14.000560,26600
2016-07-20,14.440000,14.570000,14.110000,14.260000,13.941898,42300
2016-07-21,14.180000,14.240000,13.950000,14.080000,13.765915,30200
2016-07-22,14.080000,14.080000,14.000000,14.040000,13.726808,31000
2016-07-25,13.920000,14.020000,13.830000,13.910000,13.599709,14500
2016-07-26,13.800000,14.170000,13.800000,14.090000,13.775691,33700
2016-07-27,14.120000,14.310000,13.950000,14.150000,13.834354,30800
2016-07-28,13.650000,13.650000,12.860000,13.030000,12.739335,354600
2016-07-29,12.970000,13.150000,12.680000,13.110000,12.817553,106000
2016-08-01,13.060000,13.550000,13.060000,13.270000,12.973986,102900
2016-08-02,13.280000,13.539000,13.110000,13.120000,12.827329,66900
2016-08-03,13.160000,13.180000,13.010000,13.040000,12.749113,73300
2016-08-04,13.082000,13.082000,13.010000,13.010000,12.719785,26700
2016-08-05,13.000000,13.400000,13.000000,13.330000,13.032645,66300
2016-08-08,13.280000,13.470000,13.260000,13.280000,12.983762,40200
2016-08-09,13.290000,13.580000,13.290000,13.550000,13.247738,61100
2016-08-10,13.560000,13.770000,13.350000,13.570000,13.267291,69100
2016-08-11,13.500000,13.510000,13.460000,13.500000,13.198853,102000
2016-08-12,13.500000,13.580000,13.480000,13.490000,13.189077,49300
2016-08-15,13.500000,13.520000,13.410000,13.480000,13.179299,48100
2016-08-16,13.490000,13.500000,13.300000,13.370000,13.071754,56500
2016-08-17,13.440000,13.440000,13.230000,13.290000,12.993537,68100
2016-08-18,13.290000,13.370000,13.240000,13.350000,13.052198,29900
2016-08-19,13.370000,13.570000,13.370000,13.570000,13.267291,68100
2016-08-22,13.600000,13.850000,13.570000,13.660000,13.355283,38100
2016-08-23,13.740000,14.050000,13.730000,13.950000,13.638815,248100
2016-08-24,13.940000,13.940000,13.620000,13.770000,13.462831,53900
2016-08-25,13.740000,14.000000,13.660000,13.980000,13.668146,28000
2016-08-26,14.040000,14.140000,13.910000,14.110000,13.795244,35200
2016-08-29,14.090000,14.550000,14.070000,14.510000,14.186322,165800
2016-08-30,14.440000,14.600000,14.390000,14.450000,14.147161,30900
2016-08-31,14.470000,14.470000,14.040000,14.160000,13.863237,50600
2016-09-01,14.100000,14.160000,13.590000,13.670000,13.383507,62600
2016-09-02,13.620000,13.800000,13.600000,13.670000,13.383507,35200
2016-09-06,13.600000,14.330000,13.600000,14.310000,14.010096,93900
2016-09-07,14.220000,14.440000,14.170000,14.380000,14.078628,69200
2016-09-08,14.320000,14.760000,14.160000,14.720000,14.411502,107700
2016-09-09,14.580000,14.960000,14.520000,14.860000,14.548569,112800
2016-09-12,14.740000,14.930000,14.660000,14.880000,14.568150,117900
2016-09-13,14.720000,14.940000,14.510000,14.760000,14.450665,139300
2016-09-14,14.680000,15.080000,14.540000,14.960000,14.646470,148600
2016-09-15,14.850000,14.990000,14.440000,14.710000,14.401712,171800
2016-09-16,14.770000,14.770000,14.060000,14.090000,13.794705,604800
2016-09-19,14.080000,14.350000,14.070000,14.150000,13.853449,47800
2016-09-20,14.130000,14.340000,13.850000,13.990000,13.696800,44800
2016-09-21,13.990000,14.070000,13.780000,13.910000,13.618479,65400
2016-09-22,14.010000,14.130000,13.840000,14.110000,13.814284,58600
2016-09-23,14.030000,14.400000,13.990000,14.250000,13.951352,45600
2016-09-26,14.140000,14.330000,13.950000,14.110000,13.814284,68800
2016-09-27,14.160000,14.370000,14.110000,14.330000,14.029676,37900
2016-09-28,14.380000,14.530000,13.980000,14.300000,14.000305,53300
2016-09-29,14.350000,14.430000,14.150000,14.170000,13.873030,40000
2016-09-30,14.270000,14.600000,14.240000,14.420000,14.117789,68600
2016-10-03,14.350000,14.480000,14.230000,14.380000,14.078628,36700
2016-10-04,14.350000,14.530000,14.060000,14.300000,14.000305,34800
2016-10-05,14.260000,14.740000,14.260000,14.650000,14.342970,37500
2016-10-06,14.610000,14.700000,14.550000,14.610000,14.303807,26400
2016-10-07,14.650000,14.680000,14.400000,14.610000,14.303807,21600
2016-10-10,14.630000,14.900000,14.610000,14.670000,14.362550,32600
2016-10-11,14.690000,14.690000,14.330000,14.430000,14.127580,32300
2016-10-12,14.470000,14.650000,14.310000,14.580000,14.274437,25500
2016-10-13,14.540000,14.540000,14.260000,14.290000,13.990514,24600
2016-10-14,14.400000,14.550000,14.280000,14.460000,14.156953,25400
2016-10-17,14.500000,14.650000,14.350000,14.400000,14.098208,27200
2016-10-18,14.450000,14.500000,14.250000,14.300000,14.000305,34200
2016-10-19,14.400000,14.550000,14.300000,14.300000,14.000305,47200
2016-10-20,14.350000,14.500000,14.050000,14.100000,13.804494,40900
2016-10-21,14.100000,14.500000,14.100000,14.500000,14.196113,33100
2016-10-24,14.450000,14.600000,14.100000,14.400000,14.098208,49400
2016-10-25,14.400000,14.400000,14.150000,14.250000,13.951352,33500
2016-10-26,14.300000,14.400000,14.250000,14.250000,13.951352,21100
2016-10-27,14.500000,15.600000,14.500000,15.150000,14.832489,96300
2016-10-28,15.100000,15.700000,14.900000,15.500000,15.175154,86300
2016-10-31,15.550000,16.000000,15.350000,15.950000,15.615724,106100
2016-11-01,15.900000,16.049999,15.750000,15.950000,15.615724,41800
2016-11-02,15.850000,16.000000,15.350000,15.350000,15.028299,64100
2016-11-03,15.400000,15.900000,15.400000,15.750000,15.419916,56400
2016-11-04,15.800000,15.900000,15.550000,15.550000,15.224107,34500
2016-11-07,15.800000,16.000000,15.650000,16.000000,15.664679,62700
2016-11-08,16.000000,16.100000,15.600000,15.800000,15.468867,55800
2016-11-09,15.450000,16.600000,15.346000,16.500000,16.154200,89600
2016-11-10,16.750000,17.000000,16.250000,16.850000,16.496866,133200
2016-11-11,16.950001,17.100000,16.799999,17.100000,16.741623,238400
2016-11-14,17.250000,17.900000,17.125000,17.400000,17.035336,105500
2016-11-15,17.299999,17.743999,17.200001,17.350000,16.986383,63600
2016-11-16,17.400000,17.500000,17.200001,17.299999,16.937431,91100
2016-11-17,17.350000,17.350000,16.950001,17.049999,16.692673,109100
2016-11-18,17.150000,17.700001,17.150000,17.549999,17.182192,122600
2016-11-21,17.549999,17.650000,17.250000,17.600000,17.231142,52900
2016-11-22,17.549999,17.799999,17.350000,17.799999,17.426952,68900
2016-11-23,17.750000,17.850000,17.600000,17.850000,17.475908,49400
2016-11-25,17.850000,18.000000,17.500000,17.950001,17.573811,62600
2016-11-28,17.950001,17.950001,17.500000,17.600000,17.231142,42100
2016-11-29,17.750000,17.799999,17.450001,17.600000,17.231142,48500
2016-11-30,17.750000,17.900000,17.200001,17.350000,16.986383,83500
2016-12-01,17.299999,17.500000,16.600000,17.250000,16.888483,52700
2016-12-02,17.350000,17.350000,16.950001,17.000000,16.643721,53000
2016-12-05,17.000000,17.525000,17.000000,17.400000,17.035336,180200
2016-12-06,17.549999,17.549999,17.350000,17.400000,17.035336,104400
2016-12-07,17.549999,17.549999,17.200001,17.299999,16.937431,108500
2016-12-08,17.299999,18.000000,17.100000,17.900000,17.524855,116300
2016-12-09,17.900000,18.250000,17.600000,18.200001,17.818567,165500
2016-12-12,18.200001,18.325001,17.500000,17.750000,17.397120,47600
2016-12-13,17.799999,18.100000,17.500000,17.900000,17.544134,56300
2016-12-14,17.850000,17.900000,17.500000,17.750000,17.397120,61500
2016-12-15,17.799999,18.174999,17.650000,17.950001,17.593143,184200
2016-12-16,18.000000,19.125000,17.799999,18.700001,18.328230,652400
2016-12-19,18.750000,19.400000,18.400000,19.400000,19.014313,93800
2016-12-20,19.400000,20.200001,19.325001,19.850000,19.455366,153600
2016-12-21,19.950001,19.950001,19.299999,19.450001,19.063320,107300
2016-12-22,19.400000,19.500000,18.750000,19.200001,18.818295,39100
2016-12-23,19.200001,19.200001,18.900000,19.000000,18.622269,36800
2016-12-27,19.150000,19.150000,18.700001,18.900000,18.524252,49600
2016-12-28,19.049999,19.049999,18.775000,18.900000,18.524252,100000
2016-12-29,19.000000,19.049999,18.450001,18.500000,18.132208,74600
2016-12-30,18.650000,18.650000,18.299999,18.500000,18.132208,53700
2017-01-03,18.700001,18.799999,18.049999,18.150000,17.789164,113300
2017-01-04,18.250000,18.900000,18.200001,18.850000,18.475248,302100
2017-01-05,18.799999,18.825001,18.299999,18.700001,18.328230,88900
2017-01-06,18.750000,19.049999,18.650000,19.049999,18.671270,73100
2017-01-09,19.000000,19.100000,18.750000,18.950001,18.573257,50300
2017-01-10,19.250000,19.450001,19.000000,19.400000,19.014313,39600
2017-01-11,19.450001,19.700001,19.250000,19.500000,19.112324,84000
2017-01-12,19.400000,19.400000,18.850000,19.000000,18.622269,39800
2017-01-13,19.100000,19.469999,18.950001,19.049999,18.671270,47900
2017-01-17,19.049999,19.049999,18.000000,18.600000,18.230221,136400
2017-01-18,18.600000,18.950001,18.350000,18.900000,18.524252,129500
2017-01-19,18.950001,19.150000,18.799999,18.900000,18.524252,56300
2017-01-20,18.900000,19.450001,18.900000,19.250000,18.867296,101400
2017-01-23,19.299999,19.350000,18.799999,19.000000,18.622269,51600
2017-01-24,19.250000,19.600000,18.650000,19.450001,19.063320,152000
2017-01-25,19.500000,19.600000,19.350000,19.400000,19.014313,70600
2017-01-26,19.500000,20.000000,19.400000,19.900000,19.504375,136300
2017-01-27,19.950001,20.400000,19.764999,20.350000,19.945423,110900
2017-01-30,20.000000,20.500000,19.451000,20.350000,19.945423,193100
2017-01-31,20.400000,20.500000,20.150000,20.450001,20.043440,125000
2017-02-01,20.500000,20.900000,19.900000,20.000000,19.602386,112800
2017-02-02,20.100000,20.600000,20.100000,20.250000,19.847418,280800
2017-02-03,20.450001,20.900000,20.450001,20.650000,20.239462,178700
2017-02-06,20.650000,22.150000,20.549999,21.950001,21.513618,452500
2017-02-07,22.200001,23.100000,22.200001,22.750000,22.297714,205700
2017-02-08,22.850000,23.049999,22.350000,22.950001,22.493740,141700
2017-02-09,23.100000,23.250000,23.000000,23.200001,22.738768,137700
2017-02-10,23.350000,23.350000,22.950001,23.100000,22.640755,91100
2017-02-13,23.250000,23.500000,22.334000,22.549999,22.101692,129100
2017-02-14,22.450001,22.950001,22.299999,22.850000,22.395727,82700
2017-02-15,22.799999,23.000000,22.624001,22.950001,22.493740,60000
2017-02-16,22.950001,23.100000,22.750000,23.049999,22.591747,59300
2017-02-17,23.049999,23.200001,22.900000,23.000000,22.542747,65800
2017-02-21,23.049999,23.299999,22.750000,23.250000,22.787773,72100
2017-02-22,23.200001,23.500000,23.049999,23.400000,22.934790,73600
2017-02-23,23.549999,23.775000,23.250000,23.700001,23.228827,67200
2017-02-24,23.500000,24.000000,23.500000,24.000000,23.522867,91400
2017-02-27,24.250000,24.586000,23.900000,24.000000,23.522867,171200
2017-02-28,23.950001,24.000000,22.750000,22.950001,22.493740,215200
2017-03-01,23.400000,23.400000,22.700001,22.900000,22.444736,117300
2017-03-02,22.850000,22.850000,22.299999,22.350000,21.905670,74200
2017-03-03,22.350000,22.450001,21.972000,22.150000,21.709642,102200
2017-03-06,22.049999,22.049999,21.650000,21.799999,21.366600,106800
2017-03-07,21.850000,22.000000,21.600000,21.650000,21.219585,111400
2017-03-08,21.750000,21.799999,21.250000,21.299999,20.895844,100100
2017-03-09,21.250000,22.049999,21.250000,22.000000,21.582565,124800
2017-03-10,22.049999,22.049999,21.549999,21.900000,21.484459,88700
2017-03-13,22.049999,22.150000,21.700001,22.049999,21.631613,49100
2017-03-14,21.900000,22.299999,21.850000,22.250000,21.827820,92800
2017-03-15,22.299999,22.650000,22.250000,22.549999,22.122128,141400
2017-03-16,22.600000,22.700001,22.000000,22.100000,21.680666,65400
2017-03-17,22.049999,22.150000,21.600000,22.049999,21.631613,260100
2017-03-20,22.000000,22.150000,21.600000,21.650000,21.239204,52900
2017-03-21,21.650000,21.850000,20.850000,20.900000,20.503433,185400
2017-03-22,20.850000,20.850000,20.549999,20.549999,20.160076,112500
2017-03-23,20.549999,21.075001,20.450001,20.700001,20.307232,46100
2017-03-24,20.799999,20.900000,20.650000,20.799999,20.405331,67300
2017-03-27,20.500000,21.150000,20.400000,21.049999,20.650589,72000
2017-03-28,21.049999,21.440001,20.900000,21.299999,20.895844,101700
2017-03-29,21.299999,21.299999,21.000000,21.100000,20.699640,25700
2017-03-30,21.200001,21.750000,21.125000,21.650000,21.239204,43300
2017-03-31,21.650000,21.750000,21.400000,21.650000,21.239204,62200
2017-04-03,21.650000,21.900000,21.250000,21.500000,21.092049,96500
2017-04-04,21.635000,21.850000,21.500000,21.799999,21.386360,90100
2017-04-05,21.900000,22.200001,21.400000,21.400000,20.993948,100700
2017-04-06,21.400000,21.450001,20.950001,21.350000,20.944897,129500
2017-04-07,21.100000,21.450001,21.100000,21.400000,20.993948,56100
2017-04-10,21.350000,21.549999,20.950001,21.100000,20.699640,39600
2017-04-11,21.000000,21.849001,20.950001,21.600000,21.190151,65300
2017-04-12,21.650000,21.900000,21.350000,21.799999,21.386360,67300
2017-04-13,21.700001,21.750000,21.350000,21.350000,20.944897,110500
2017-04-17,21.500000,21.750000,21.100000,21.750000,21.337305,79400
2017-04-18,21.650000,21.749001,21.200001,21.450001,21.042999,70800
2017-04-19,21.650000,21.850000,21.549999,21.650000,21.239204,33600
2017-04-20,21.850000,22.100000,21.700001,21.900000,21.484459,69800
2017-04-21,21.900000,22.049999,21.625000,21.900000,21.484459,66300
2017-04-24,22.350000,22.600000,22.350000,22.549999,22.122128,55300
2017-04-25,22.799999,23.150000,22.650000,22.950001,22.514538,102700
2017-04-26,23.000000,23.400000,22.950001,23.200001,22.759790,121900
2017-04-27,24.000000,24.600000,23.600000,24.450001,23.986076,162500
2017-04-28,24.450001,24.750000,24.049999,24.150000,23.691767,174300
2017-05-01,24.250000,24.650000,24.049999,24.100000,23.642715,125100
2017-05-02,24.150000,24.250000,23.450001,23.600000,23.152208,76900
2017-05-03,23.450001,23.600000,23.122999,23.450001,23.005054,74800
2017-05-04,23.500000,24.100000,23.500000,24.049999,23.593666,59700
2017-05-05,24.150000,24.200001,23.900000,24.100000,23.642715,56500
2017-05-08,24.049999,25.299999,24.049999,25.250000,24.770897,175800
2017-05-09,25.350000,25.650000,24.600000,24.799999,24.329432,98900
2017-05-10,24.750000,25.150000,24.600000,25.100000,24.623741,124700
2017-05-11,25.200001,25.600000,25.049999,25.450001,24.967102,188500
2017-05-12,25.600000,25.600000,24.950001,25.049999,24.574692,128500
2017-05-15,25.250000,25.549999,25.225000,25.450001,24.967102,127200
2017-05-16,25.450001,25.500000,25.100000,25.400000,24.918051,171200
2017-05-17,24.850000,25.250000,24.450001,24.500000,24.035122,138400
2017-05-18,24.500000,24.950001,24.100000,24.850000,24.378485,172700
2017-05-19,24.799999,25.167999,24.250000,24.299999,23.858124,84600
2017-05-22,24.450001,24.650000,24.100000,24.600000,24.152672,67600
2017-05-23,24.650000,25.049999,24.450001,24.850000,24.398121,67700
2017-05-24,24.950001,25.100000,24.750000,24.950001,24.496307,48200
2017-05-25,25.049999,25.350000,24.924999,25.250000,24.790850,43300
2017-05-26,25.250000,25.250000,24.850000,25.049999,24.594484,31600
2017-05-30,25.049999,25.049999,24.500000,24.549999,24.103577,37000
2017-05-31,24.600000,24.650000,23.950001,24.450001,24.005396,88600
2017-06-01,24.450001,25.150000,24.100000,25.150000,24.692669,54500
2017-06-02,25.150000,25.650000,25.025000,25.100000,24.643576,91700
2017-06-05,25.150000,25.350000,24.600000,24.650000,24.201759,38100
2017-06-06,24.549999,24.650000,24.049999,24.150000,23.710850,76700
2017-06-07,24.150000,24.450001,23.950001,24.400000,23.956305,118000
2017-06-08,24.400000,25.100000,24.400000,24.900000,24.447214,97300
2017-06-09,24.950001,25.500000,24.900000,25.000000,24.545395,189700
2017-06-12,25.000000,25.450001,24.700001,25.000000,24.545395,61800
2017-06-13,25.000000,25.461000,24.900000,25.350000,24.889029,55300
2017-06-14,25.350000,25.450001,24.750000,25.350000,24.889029,60200
2017-06-15,25.100000,26.049999,25.049999,25.450001,24.987211,58500
2017-06-16,25.250000,25.750000,25.150000,25.500000,25.036304,103700
2017-06-19,25.299999,25.716999,24.801001,25.100000,24.643576,53700
2017-06-20,25.150000,25.150000,24.700001,24.750000,24.299942,31900
2017-06-21,24.850000,24.850000,24.350000,24.450001,24.005396,33200
2017-06-22,24.450001,24.700001,24.049999,24.549999,24.103577,42700
2017-06-23,24.600000,24.650000,23.650000,24.100000,23.661760,114700
2017-06-26,24.100000,24.100000,23.700001,23.900000,23.465395,41600
2017-06-27,23.799999,24.600000,23.674999,24.200001,23.759945,160200
2017-06-28,24.299999,25.250000,24.299999,24.700001,24.250853,37900
2017-06-29,25.000000,25.000000,24.200001,24.700001,24.250853,43800
2017-06-30,24.700001,24.799999,24.000000,24.200001,23.759945,58600
2017-07-03,24.200001,25.750000,24.200001,25.400000,24.938122,57300
2017-07-05,25.400000,25.549999,24.924999,25.150000,24.692669,29600
2017-07-06,25.100000,25.350000,24.700001,24.850000,24.398121,41600
2017-07-07,24.900000,25.200001,24.775999,25.049999,24.594484,41700
2017-07-10,25.049999,25.200001,24.480000,24.600000,24.152672,25900
2017-07-11,24.650000,24.700001,24.299999,24.350000,23.907215,32700
2017-07-12,24.299999,24.799999,24.299999,24.799999,24.349028,39700
2017-07-13,24.850000,24.850000,24.049999,24.350000,23.907215,51300
2017-07-14,24.150000,24.450001,24.049999,24.350000,23.907215,109200
2017-07-17,24.350000,24.650000,24.100000,24.150000,23.710850,87600
2017-07-18,24.000000,24.799999,24.000000,24.700001,24.250853,113500
2017-07-19,24.700001,25.049999,24.100000,24.600000,24.152672,105900
2017-07-20,24.650000,25.200001,24.400000,24.900000,24.447214,113200
2017-07-21,25.100000,25.100000,24.650000,24.850000,24.398121,95600
2017-07-24,24.799999,25.100000,24.450001,24.850000,24.398121,52700
2017-07-25,25.100000,25.400000,24.900000,25.299999,24.839941,43900
2017-07-26,25.200001,25.211000,24.725000,24.950001,24.496307,61300
2017-07-27,24.950001,25.368000,24.200001,24.450001,24.005396,52300
2017-07-28,24.400000,25.250000,23.650000,25.200001,24.741758,102000
2017-07-31,25.200001,25.400000,24.850000,25.250000,24.790850,95900
2017-08-01,25.350000,25.799999,25.000000,25.750000,25.281759,43000
2017-08-02,25.750000,25.750000,25.100000,25.100000,24.643576,113200
2017-08-03,25.150000,25.150000,24.150000,24.299999,23.858124,32600
2017-08-04,24.400000,24.600000,22.650000,24.500000,24.054483,71900
2017-08-07,24.450001,24.799999,24.049999,24.200001,23.759945,38100
2017-08-08,24.100000,24.750000,24.000000,24.100000,23.661760,25400
2017-08-09,22.850000,23.750000,22.549999,23.100000,22.679947,1320600
2017-08-10,22.850000,23.549999,22.634001,22.650000,22.238123,231900
2017-08-11,22.600000,23.150000,22.400000,23.049999,22.630854,210000
2017-08-14,23.400000,23.850000,23.350000,23.500000,23.072674,226600
2017-08-15,23.500000,23.650000,23.150000,23.250000,22.827219,285900
2017-08-16,23.500000,23.750000,23.250000,23.700001,23.269037,137400
2017-08-17,23.549999,23.549999,22.799999,22.900000,22.512081,166300
2017-08-18,22.700001,23.100000,21.750000,21.799999,21.430716,357300
2017-08-21,21.950001,22.275000,21.200001,22.150000,21.774782,208500
2017-08-22,22.200001,22.650000,22.150000,22.500000,22.118855,120400
2017-08-23,22.200001,22.650000,22.100000,22.200001,21.823933,63900
2017-08-24,22.400000,22.650000,22.350000,22.549999,22.168005,84800
2017-08-25,22.700001,22.750000,22.350000,22.600000,22.217161,40600
2017-08-28,22.750000,22.750000,22.049999,22.500000,22.118855,108800
2017-08-29,22.200001,22.600000,22.100000,22.500000,22.118855,49000
2017-08-30,22.450001,22.750000,22.400000,22.650000,22.266308,35400
2017-08-31,22.700001,22.750000,22.250000,22.350000,21.971399,69700
2017-09-01,22.450001,22.700001,22.150000,22.299999,21.922237,65500
2017-09-05,22.150000,22.200001,21.000000,21.150000,20.791721,85800
2017-09-06,21.900000,22.150000,21.450001,22.049999,21.676476,161400
2017-09-07,22.150000,22.150000,20.900000,20.950001,20.595110,123200
2017-09-08,20.900000,21.350000,20.750999,21.200001,20.840874,122400
2017-09-11,21.400000,21.650000,21.150000,21.500000,21.135792,64600
2017-09-12,21.500000,22.025000,21.500000,21.850000,21.479862,63400
2017-09-13,21.900000,22.150000,21.650000,22.100000,21.725632,105600
2017-09-14,22.150000,22.200001,21.650000,21.850000,21.479862,57200
2017-09-15,21.900000,21.900000,21.350000,21.500000,21.135792,556700
2017-09-18,21.500000,22.049999,21.450001,22.049999,21.676476,74500
2017-09-19,22.100000,22.250000,21.750000,21.950001,21.578169,48800
2017-09-20,21.850000,22.549999,21.549999,22.100000,21.725632,53200
2017-09-21,22.250000,22.250000,21.950001,22.100000,21.725632,62100
2017-09-22,22.049999,22.400000,22.000000,22.350000,21.971399,80900
2017-09-25,22.400000,22.549999,22.100000,22.350000,21.971399,43800
2017-09-26,22.400000,23.000000,22.350000,23.000000,22.610384,45800
2017-09-27,23.250000,23.549999,22.950001,23.400000,23.003607,120200
2017-09-28,23.549999,23.549999,23.049999,23.350000,22.954454,54500
2017-09-29,23.250000,23.600000,23.200001,23.450001,23.052761,70400
2017-10-02,23.450001,23.500000,23.000000,23.450001,23.052761,88800
2017-10-03,23.600000,23.950001,23.250000,23.900000,23.495136,65500
2017-10-04,23.950001,24.150000,23.549999,23.700001,23.298527,61500
2017-10-05,23.850000,24.100000,22.000000,24.049999,23.642595,50900
2017-10-06,24.150000,24.400000,23.900000,24.250000,23.839211,108200
2017-10-09,24.400000,24.500000,24.100000,24.250000,23.839211,74000
2017-10-10,24.450001,24.500000,24.100000,24.400000,23.986668,77400
2017-10-11,24.450001,24.450001,24.025000,24.200001,23.790060,40400
2017-10-12,24.250000,24.250000,23.950001,24.100000,23.691750,30900
2017-10-13,24.049999,24.100000,23.705000,23.950001,23.544292,102200
2017-10-16,24.000000,24.400000,23.700001,23.750000,23.347677,99400
2017-10-17,23.700001,24.063000,23.350000,23.450001,23.052761,46600
2017-10-18,23.450001,23.600000,23.350000,23.500000,23.101917,75800
2017-10-19,23.450001,23.549999,23.200001,23.450001,23.052761,59200
2017-10-20,23.750000,24.200001,23.500000,24.150000,23.740902,215000
2017-10-23,24.150000,24.150000,23.600000,23.600000,23.200224,44500
2017-10-24,23.850000,23.850000,23.600000,23.650000,23.249374,39600
2017-10-25,23.799999,23.950001,23.299999,23.650000,23.249374,50600
2017-10-26,23.950001,24.924999,23.750000,24.299999,23.888361,123900
2017-10-27,24.400000,24.400000,23.950001,24.150000,23.740902,78000
2017-10-30,24.150000,24.150000,23.299999,23.500000,23.101917,74800
2017-10-31,23.450001,23.950001,23.350000,23.700001,23.298527,117600
2017-11-01,23.850000,24.150000,23.299999,23.500000,23.101917,64500
2017-11-02,23.450001,24.250000,23.450001,23.900000,23.495136,62700
2017-11-03,23.900000,24.200001,23.600000,23.950001,23.544292,58100
2017-11-06,23.850000,24.500000,23.850000,24.450001,24.035824,101500
2017-11-07,24.400000,24.450001,23.384001,23.600000,23.200224,94000
2017-11-08,23.450001,23.549999,23.049999,23.400000,23.003607,88100
2017-11-09,23.150000,23.549999,23.000000,23.350000,22.954454,94900
2017-11-10,23.400000,23.900000,22.850000,23.049999,22.688688,231300
2017-11-13,22.900000,23.700001,22.900000,23.650000,23.279282,66700
2017-11-14,23.500000,23.900000,23.500000,23.750000,23.377714,51900
2017-11-15,23.750000,24.150000,23.700001,23.900000,23.525360,83100
2017-11-16,23.950001,24.049999,23.600000,23.799999,23.426931,69000
2017-11-17,23.600000,24.000000,23.600000,23.900000,23.525360,45800
2017-11-20,23.799999,24.049999,23.750000,24.049999,23.673012,59400
2017-11-21,24.200001,24.600000,24.049999,24.549999,24.165173,81000
2017-11-22,24.650000,24.799999,24.000000,24.200001,23.820663,84600
2017-11-24,24.350000,24.555000,24.100000,24.250000,23.869879,36400
2017-11-27,24.250000,24.700001,24.250000,24.600000,24.214394,46900
2017-11-28,24.600000,25.350000,24.549999,25.350000,24.952633,96200
2017-11-29,25.500000,26.250000,25.350000,26.000000,25.592443,130400
2017-11-30,26.100000,26.350000,25.325001,25.750000,25.346365,145000
2017-12-01,25.900000,26.100000,24.750000,25.850000,25.444798,83900
2017-12-04,26.200001,26.250000,25.450001,25.799999,25.395578,89500
2017-12-05,26.000000,26.100000,25.150000,25.200001,24.804985,92000
2017-12-06,25.200001,25.600000,25.000000,25.000000,24.608124,116500
2017-12-07,25.049999,25.600000,25.000000,25.299999,24.903419,106500
2017-12-08,25.549999,25.600000,25.049999,25.200001,24.804985,38500
2017-12-11,25.100000,25.148001,24.475000,24.549999,24.165173,51400
2017-12-12,24.549999,24.775000,24.400000,24.500000,24.115957,69000
2017-12-13,24.549999,24.650000,24.100000,24.150000,23.771444,62100
2017-12-14,24.200001,24.400000,23.700001,23.700001,23.328499,101300
2017-12-15,23.750000,24.850000,23.750000,24.450001,24.066742,315300
2017-12-18,24.650000,25.049999,24.450001,24.500000,24.115957,90400
2017-12-19,24.500000,24.750000,24.299999,24.299999,23.919094,79800
2017-12-20,24.500000,24.600000,24.100000,24.299999,23.919094,62900
2017-12-21,24.350000,24.600000,24.200001,24.250000,23.869879,100000
2017-12-22,24.200001,24.400000,23.850000,23.850000,23.476149,44300
2017-12-26,24.500000,24.500000,23.500000,23.549999,23.180847,32700
2017-12-27,23.500000,23.750000,23.299999,23.350000,22.983984,72500
2017-12-28,23.500000,23.799999,23.400000,23.799999,23.426931,49100
2017-12-29,23.750000,23.900000,23.375000,23.850000,23.476149,121700
2018-01-02,24.000000,24.049999,23.549999,23.850000,23.476149,64800
2018-01-03,23.750000,23.750000,23.350000,23.600000,23.230068,44100
2018-01-04,23.799999,23.799999,23.400000,23.500000,23.131636,32300
2018-01-05,23.700001,23.900000,23.400000,23.900000,23.525360,50400
2018-01-08,23.750000,23.799999,23.500000,23.650000,23.279282,46600
2018-01-09,23.650000,24.600000,23.650000,24.299999,23.919094,142900
2018-01-10,24.250000,24.900000,24.100000,24.500000,24.115957,146200
2018-01-11,24.600000,25.000000,24.400000,24.850000,24.460470,97100
2018-01-12,25.000000,25.150000,24.100000,24.750000,24.362040,100500
2018-01-16,24.900000,25.100000,24.100000,24.200001,23.820663,61000
2018-01-17,24.350000,24.400000,24.000000,24.250000,23.869879,85500
2018-01-18,24.200001,24.225000,23.750000,23.799999,23.426931,39100
2018-01-19,23.750000,23.900000,23.549999,23.750000,23.377714,122100
2018-01-22,23.700001,24.750000,23.600000,24.700001,24.312826,89400
2018-01-23,24.549999,24.799999,24.150000,24.700001,24.312826,66500
2018-01-24,24.799999,25.150000,24.400000,24.400000,24.017525,76700
2018-01-25,24.900000,28.200001,24.900000,26.950001,26.527555,558700
2018-01-26,26.950001,27.379999,26.450001,26.500000,26.084608,269200
2018-01-29,26.549999,27.150000,26.299999,26.400000,25.986177,146100
2018-01-30,26.049999,27.000000,25.701000,26.900000,26.478338,108400
2018-01-31,27.000000,27.236000,26.600000,26.900000,26.478338,102100
2018-02-01,26.750000,27.350000,26.450001,27.049999,26.625986,104900
2018-02-02,26.850000,27.299999,26.500000,27.150000,26.724417,151200
2018-02-05,26.850000,27.200001,26.150000,26.200001,25.789310,112300
2018-02-06,25.750000,26.450001,25.400000,26.200001,25.789310,151800
2018-02-07,26.000000,26.299999,25.575001,26.200001,25.789310,87000
2018-02-08,26.299999,26.350000,25.549999,25.575001,25.174107,122000
2018-02-09,25.950001,26.400000,25.200001,26.250000,25.838524,156300
2018-02-12,26.350000,26.450001,25.750000,26.150000,25.740097,79200
2018-02-13,25.950001,26.600000,25.950001,26.549999,26.133821,117800
2018-02-14,26.400000,27.200001,26.350000,27.100000,26.675203,108300
2018-02-15,27.200001,27.694000,26.650000,26.900000,26.478338,138800
2018-02-16,26.799999,27.200001,26.650000,27.000000,26.576771,133200
2018-02-20,26.750000,27.150000,26.400000,26.600000,26.183039,68000
2018-02-21,26.799999,27.600000,26.650000,26.950001,26.527555,105900
2018-02-22,27.000000,27.100000,26.150000,26.200001,25.789310,75000
2018-02-23,26.400000,26.475000,26.049999,26.450001,26.065239,76900
2018-02-26,26.450001,26.600000,26.250000,26.450001,26.065239,129100
2018-02-27,26.450001,26.900000,26.049999,26.200001,25.818878,173300
2018-02-28,26.200001,26.350000,25.950001,26.100000,25.720331,187800
2018-03-01,26.100000,26.500000,26.000000,26.350000,25.966692,119600
2018-03-02,26.150000,27.250000,26.049999,27.200001,26.804331,131300
2018-03-05,27.100000,28.174999,26.950001,27.950001,27.543421,256500
2018-03-06,28.150000,28.150000,26.799999,27.350000,26.952147,187400
2018-03-07,27.299999,28.049999,27.299999,28.000000,27.592691,151900
2018-03-08,28.000000,28.100000,26.700001,26.750000,26.360874,245800
2018-03-09,27.150000,27.500000,26.750000,27.299999,26.902872,118700
2018-03-12,27.450001,27.750000,27.150000,27.750000,27.346325,79000
2018-03-13,27.799999,28.100000,27.700001,27.750000,27.346325,91100
2018-03-14,27.900000,28.000000,27.450001,27.549999,27.149237,59200
2018-03-15,27.700001,28.049999,27.549999,27.900000,27.494144,55600
2018-03-16,27.950001,28.850000,27.598000,28.450001,28.036142,611100
2018-03-19,28.700001,29.000000,28.200001,28.750000,28.331779,168700
2018-03-20,28.750000,29.400000,28.725000,29.299999,28.873777,164700
2018-03-21,29.350000,30.049999,29.049999,29.600000,29.169416,172100
2018-03-22,29.450001,29.950001,29.250000,29.450001,29.021597,220300
2018-03-23,29.450001,29.700001,28.200001,28.250000,27.839054,194200
2018-03-26,28.750000,28.850000,28.250000,28.799999,28.381050,145700
2018-03-27,28.950001,29.000000,27.600000,27.799999,27.395597,129200
2018-03-28,27.850000,28.000000,27.350000,27.750000,27.346325,110700
2018-03-29,27.750000,28.200001,27.555000,27.799999,27.395597,95900
2018-04-02,27.850000,27.950001,26.900999,27.299999,26.902872,102700
2018-04-03,27.350000,27.900000,27.350000,27.750000,27.346325,100000
2018-04-04,27.500000,28.549999,27.305000,28.500000,28.085419,117100
2018-04-05,28.575001,29.450001,28.350000,29.350000,28.923052,185700
2018-04-06,29.150000,29.200001,28.000000,28.500000,28.085419,196800
2018-04-09,28.650000,29.150000,28.400000,28.600000,28.183964,105100
2018-04-10,28.900000,29.000000,28.549999,28.900000,28.479599,58300
2018-04-11,28.750000,29.000000,28.000000,28.700001,28.282507,85800
2018-04-12,28.750000,29.299999,28.750000,29.049999,28.627415,74900
2018-04-13,29.350000,29.350000,28.549999,28.600000,28.183964,52900
2018-04-16,28.900000,28.900000,28.350000,28.750000,28.331779,81200
2018-04-17,28.700001,28.750000,28.250000,28.299999,27.888325,104300
2018-04-18,28.350000,28.650000,28.250000,28.400000,27.986874,94600
2018-04-19,28.299999,28.964001,28.100000,28.500000,28.085419,129900
2018-04-20,28.450001,28.700001,28.350000,28.500000,28.085419,80900
2018-04-23,28.650000,28.850000,28.450001,28.750000,28.331779,74100
2018-04-24,28.799999,29.150000,28.350000,28.750000,28.331779,73900
2018-04-25,28.700001,28.750000,28.150000,28.549999,28.134687,94900
2018-04-26,29.000000,29.900000,27.400000,28.000000,27.592691,151500
2018-04-27,28.150000,28.750000,27.850000,28.650000,28.233234,93900
2018-04-30,28.549999,28.950001,28.200001,28.250000,27.839054,166800
2018-05-01,28.250000,28.250000,27.600000,28.150000,27.740507,114900
2018-05-02,28.150000,28.700001,28.000000,28.549999,28.134687,106100
2018-05-03,28.600000,28.650000,27.850000,28.299999,27.888325,121100
2018-05-04,28.299999,28.750000,28.100000,28.500000,28.085419,106200
2018-05-07,28.750000,28.950001,28.200001,28.600000,28.183964,82400
2018-05-08,28.549999,29.100000,28.549999,29.100000,28.676689,74500
2018-05-09,29.100000,29.299999,28.750000,28.950001,28.528870,74200
2018-05-10,29.049999,29.299999,28.799999,29.100000,28.676689,66600
2018-05-11,29.049999,29.299999,28.900000,29.049999,28.627415,47100
2018-05-14,29.150000,29.150000,28.500000,28.700001,28.282507,52900
2018-05-15,28.650000,29.250000,28.650000,28.900000,28.479599,84600
2018-05-16,28.850000,29.350000,28.799999,29.200001,28.775236,100700
2018-05-17,28.950001,29.500000,28.950001,29.350000,28.923052,64400
2018-05-18,29.400000,29.400000,26.299999,29.250000,28.824509,63300
2018-05-21,29.200001,29.500000,29.105000,29.400000,28.972324,56100
2018-05-22,29.450001,29.900000,29.350000,29.750000,29.317238,111800
2018-05-23,29.700001,29.850000,29.325001,29.450001,29.021597,70300
2018-05-24,29.500000,29.650000,28.950001,29.600000,29.169416,76000
2018-05-25,29.450001,29.750000,29.250000,29.600000,29.199009,154600
2018-05-29,29.400000,29.750000,29.049999,29.500000,29.100365,192500
2018-05-30,29.700001,30.049999,29.700001,30.049999,29.642912,123800
2018-05-31,30.000000,30.450001,29.450001,29.549999,29.149687,89300
2018-06-01,29.650000,30.250000,29.650000,30.049999,29.642912,69200
2018-06-04,30.150000,30.250000,29.900000,30.250000,29.840202,66700
2018-06-05,30.250000,30.350000,29.799999,30.350000,29.938850,148300
2018-06-06,30.400000,31.000000,30.275000,30.350000,29.938850,338300
2018-06-07,30.549999,30.799999,30.049999,30.400000,29.988171,102700
2018-06-08,30.450001,30.600000,30.150000,30.299999,29.889526,164300
2018-06-11,30.500000,30.625000,29.650000,29.900000,29.494944,84400
2018-06-12,29.900000,30.100000,29.500000,29.600000,29.199009,67300
2018-06-13,29.600000,30.299999,29.500000,30.000000,29.593590,88200
2018-06-14,30.100000,30.100000,29.299999,29.700001,29.297655,72900
2018-06-15,29.650000,29.900000,29.049999,29.850000,29.445621,275600
2018-06-18,29.900000,30.799999,29.650000,30.799999,30.382753,119900
2018-06-19,30.500000,31.000000,30.500000,30.900000,30.481398,176700
2018-06-20,31.000000,31.650000,30.775000,31.500000,31.073271,153800
2018-06-21,31.500000,31.600000,30.750000,30.750000,30.333427,173200
2018-06-22,30.850000,30.850000,29.850000,30.250000,29.840202,744600
2018-06-25,29.850000,30.424999,29.750000,30.299999,29.889526,131400
2018-06-26,30.549999,30.950001,30.299999,30.799999,30.382753,105300
2018-06-27,30.700001,30.775000,30.000000,30.000000,29.593590,107500
2018-06-28,30.100000,31.014999,30.000000,30.549999,30.136141,153200
2018-06-29,30.850000,30.950001,30.549999,30.650000,30.234787,170700
2018-07-02,30.650000,31.250000,30.500000,31.150000,30.728012,194900
2018-07-03,31.100000,31.650000,31.100000,31.549999,31.122589,85200
2018-07-05,31.650000,31.950001,31.299999,31.900000,31.467850,98500
2018-07-06,31.950001,32.299999,31.950001,32.299999,31.862429,85000
2018-07-09,30.500000,32.450001,30.500000,32.349998,31.911749,270200
2018-07-10,32.349998,32.599998,31.200001,31.250000,30.826656,113800
2018-07-11,31.200001,31.900000,31.200001,31.600000,31.171913,333000
2018-07-12,31.950001,31.950001,31.250000,31.700001,31.270561,101300
2018-07-13,31.600000,31.799999,31.450001,31.500000,31.073271,146300
2018-07-16,31.549999,31.774000,31.150000,31.750000,31.319883,190600
2018-07-17,31.700001,31.850000,30.900000,31.600000,31.171913,126000
2018-07-18,31.500000,31.900000,31.500000,31.799999,31.369205,92500
2018-07-19,31.600000,32.000000,31.500000,31.950001,31.517176,160300
2018-07-20,32.150002,32.799999,32.000000,32.349998,31.911749,179600
2018-07-23,32.299999,32.950001,32.299999,32.450001,32.010406,118800
2018-07-24,32.450001,32.500000,31.900000,32.150002,31.714468,127500
2018-07-25,32.099998,32.200001,31.775000,31.850000,31.418530,142500
2018-07-26,31.700001,31.850000,29.299999,29.700001,29.297655,566200
2018-07-27,29.500000,29.600000,28.100000,28.250000,27.867296,304200
2018-07-30,28.200001,28.549999,27.650000,28.250000,27.867296,207100
2018-07-31,28.150000,28.450001,27.700001,28.450001,28.064587,296100
2018-08-01,28.549999,29.150000,28.450001,29.100000,28.705782,133700
2018-08-02,29.250000,30.000000,29.049999,29.950001,29.544270,172700
2018-08-03,29.700001,30.049999,29.299999,29.700001,29.297655,179000
2018-08-06,29.950001,30.100000,29.350000,29.650000,29.248331,157500
2018-08-07,29.850000,29.945000,29.200001,29.450001,29.051041,160200
2018-08-08,29.400000,30.049999,29.150000,29.900000,29.494944,254200
2018-08-09,29.799999,30.250000,29.700001,29.850000,29.445621,98000
2018-08-10,29.799999,29.900000,29.549999,29.700001,29.297655,80700
2018-08-13,29.650000,30.049999,29.400000,29.450001,29.051041,80600
2018-08-14,29.549999,30.150000,29.549999,29.950001,29.544270,60700
2018-08-15,29.900000,30.150000,29.299999,29.350000,28.952396,76700
2018-08-16,29.450001,29.900000,29.450001,29.549999,29.149687,115300
2018-08-17,29.500000,29.799999,29.500000,29.600000,29.199009,96600
2018-08-20,29.600000,29.850000,29.400000,29.750000,29.346977,62600
2018-08-21,29.700001,30.500000,29.700001,30.150000,29.741556,101000
2018-08-22,30.150000,30.361000,30.098000,30.250000,29.840202,56600
2018-08-23,30.150000,30.299999,29.850000,29.850000,29.445621,58200
2018-08-24,30.000000,30.225000,29.850000,30.150000,29.741556,52800
2018-08-27,30.150000,30.600000,30.000000,30.100000,29.692236,66900
2018-08-28,30.200001,30.200001,29.900000,30.049999,29.642912,58700
2018-08-29,30.200001,30.200001,29.900000,30.000000,29.593590,38200
2018-08-30,29.950001,30.100000,29.750000,30.100000,29.692236,104000
2018-08-31,30.100000,30.400000,30.000000,30.250000,29.840202,70200
2018-09-04,30.200001,30.850000,30.190001,30.299999,29.889526,233700
2018-09-05,30.299999,30.600000,29.900000,30.049999,29.642912,62400
2018-09-06,29.950001,30.125000,29.650000,29.750000,29.346977,44000
2018-09-07,29.750000,29.850000,29.500000,29.650000,29.248331,107300
2018-09-10,29.600000,29.600000,29.250000,29.400000,29.031092,106700
2018-09-11,29.299999,29.450001,29.200001,29.400000,29.031092,56600
2018-09-12,29.299999,29.299999,28.350000,28.500000,28.142385,139500
2018-09-13,28.549999,28.650000,28.049999,28.350000,27.994270,74200
2018-09-14,28.350000,28.750000,28.299999,28.549999,28.191757,40100
2018-09-17,28.500000,28.549999,28.000000,28.549999,28.191757,52900
2018-09-18,28.600000,29.000000,28.500000,28.900000,28.537365,59300
2018-09-19,29.000000,29.400000,28.900000,29.000000,28.636110,58300
2018-09-20,29.000000,29.225000,28.700001,28.900000,28.537365,92700
2018-09-21,28.900000,29.049999,28.549999,28.600000,28.241129,247700
2018-09-24,28.549999,28.650000,27.549999,27.650000,27.303051,123500
2018-09-25,27.700001,27.799999,27.500000,27.799999,27.451168,95900
2018-09-26,27.700001,27.799999,27.299999,27.400000,27.056187,90100
2018-09-27,27.500000,27.799999,26.700001,26.900000,26.562462,134700
2018-09-28,26.850000,27.150000,26.400000,26.799999,26.463717,263600
2018-10-01,26.920000,27.000000,26.100000,26.270000,25.940367,126900
2018-10-02,26.309999,26.340000,25.340000,25.450001,25.130655,174600
2018-10-03,25.350000,26.450001,25.219999,26.410000,26.078608,265600
2018-10-04,26.410000,26.750000,25.980000,26.350000,26.019363,188200
2018-10-05,26.350000,26.480000,25.590000,25.900000,25.575010,272500
2018-10-08,25.850000,26.040001,25.549999,25.900000,25.575010,115700
2018-10-09,25.879999,26.350000,25.600000,25.959999,25.634254,171600
2018-10-10,25.950001,26.238001,25.430000,25.459999,25.140530,143200
2018-10-11,25.180000,25.520000,24.400000,24.440001,24.133329,254100
2018-10-12,24.709999,24.799999,23.799999,24.370001,24.064209,271400
2018-10-15,24.360001,24.620001,23.959999,24.350000,24.044460,107800
2018-10-16,24.440001,24.780001,24.046000,24.610001,24.301201,107500
2018-10-17,24.530001,25.250000,24.030001,24.320000,24.014837,113300
2018-10-18,24.230000,24.320000,23.620001,23.639999,23.343369,125500
2018-10-19,23.610001,23.610001,22.760000,22.780001,22.494160,305300
2018-10-22,22.690001,22.969999,21.889999,22.240000,21.960938,247500
2018-10-23,21.940001,22.379000,21.469999,21.990000,21.714073,209100
2018-10-24,22.030001,22.160000,20.010000,20.250000,19.995907,510200
2018-10-25,20.459999,22.730000,19.240000,19.270000,19.028202,706000
2018-10-26,19.000000,19.165001,18.650000,18.719999,18.485102,434800
2018-10-29,19.200001,19.200001,18.420000,18.480000,18.248114,364700
2018-10-30,18.520000,18.790001,18.205000,18.299999,18.070374,385800
2018-10-31,18.450001,18.559999,18.150000,18.400000,18.169119,2095200
2018-11-01,18.559999,19.760000,18.559999,19.450001,19.205944,462800
2018-11-02,19.670000,19.860001,18.608000,18.840000,18.603598,201100
2018-11-05,19.070000,19.325001,18.480000,18.820000,18.583845,196600
2018-11-06,18.870001,19.257999,18.530001,18.830000,18.593725,182400
2018-11-07,19.010000,19.170000,18.559999,19.160000,18.919580,220900
2018-11-08,19.010000,19.780001,19.000000,19.400000,19.156572,173500
2018-11-09,19.330000,19.530001,18.950001,18.950001,18.712217,119800
2018-11-12,18.830000,19.129999,18.540001,18.920000,18.682596,204200
2018-11-13,18.980000,19.240000,18.747000,18.879999,18.643095,127800
2018-11-14,19.020000,19.200001,18.150000,18.280001,18.050627,210700
2018-11-15,18.190001,19.010000,18.150000,18.850000,18.613474,199000
2018-11-16,18.709999,18.840000,18.549999,18.719999,18.485102,119300
2018-11-19,18.730000,18.750000,18.170000,18.600000,18.366610,273800
2018-11-20,18.440001,18.629999,18.190001,18.450001,18.218493,165100
2018-11-21,18.549999,18.760000,18.230000,18.350000,18.119749,147500
2018-11-23,18.240000,18.620001,18.219999,18.389999,18.159245,39900
2018-11-26,18.559999,18.860001,18.450001,18.660000,18.425858,100800
2018-11-27,18.549999,18.740000,18.270000,18.290001,18.060499,99000
2018-11-28,18.430000,18.780001,18.059999,18.559999,18.327110,128900
2018-11-29,18.440001,19.000000,18.139999,18.209999,17.981503,225100
2018-11-30,18.180000,18.260000,17.790001,17.910000,17.714453,167700
2018-12-03,18.170000,18.230000,17.700001,18.030001,17.833141,269600
2018-12-04,17.950001,17.950001,16.334999,16.809999,16.626461,363200
2018-12-06,16.510000,17.049999,16.139999,16.930000,16.745152,596400
2018-12-07,16.959999,17.400000,16.490000,16.740000,16.557228,222900
2018-12-10,16.660000,16.900000,16.360001,16.620001,16.438538,146300
2018-12-11,16.620001,16.650000,13.460000,13.680000,13.530637,997700
2018-12-12,14.000000,16.610001,14.000000,15.110000,14.945022,1373800
2018-12-13,15.360000,15.510000,15.030000,15.190000,15.024148,331500
2018-12-14,15.490000,16.059999,14.710000,14.840000,14.677972,298500
2018-12-17,14.950000,15.290000,14.530000,14.660000,14.499936,271600
2018-12-18,14.720000,14.880000,14.220000,14.440000,14.282338,222400
2018-12-19,14.440000,14.560000,13.690000,13.790000,13.639435,371700
2018-12-20,14.050000,14.310000,13.860000,13.960000,13.807580,293000
2018-12-21,13.980000,14.518000,13.850000,13.910000,13.758123,366200
2018-12-24,13.840000,14.590000,13.840000,14.130000,13.975724,132800
2018-12-26,14.200000,14.950000,14.050000,14.910000,14.747207,221300
2018-12-27,14.700000,14.900000,14.240000,14.770000,14.608736,255000
2018-12-28,14.750000,15.010000,14.610000,14.790000,14.628516,127900
2018-12-31,14.810000,14.900000,14.600000,14.810000,14.648299,106600
2019-01-02,14.620000,15.390000,14.593000,15.190000,15.024148,127700
2019-01-03,15.140000,15.410000,14.810000,15.010000,14.846115,219000
2019-01-04,15.200000,15.770000,15.200000,15.720000,15.548362,154400
2019-01-07,15.700000,15.910000,15.425000,15.630000,15.459345,227100
2019-01-08,15.760000,15.920000,15.500000,15.830000,15.657164,152500
2019-01-09,15.930000,16.245001,15.510000,16.059999,15.884649,210000
2019-01-10,15.960000,16.129999,15.580000,15.670000,15.498909,132200
2019-01-11,15.640000,15.800000,15.495000,15.660000,15.489017,125200
2019-01-14,15.550000,15.950000,15.253000,15.530000,15.360437,204600
2019-01-15,15.520000,15.730000,15.280000,15.630000,15.459345,107200
2019-01-16,15.720000,16.360001,15.720000,15.990000,15.815414,295500
2019-01-17,15.950000,16.020000,15.670000,15.970000,15.795632,300400
2019-01-18,15.970000,16.049999,15.757000,15.910000,15.736288,218400
2019-01-22,15.750000,15.930000,15.370000,15.500000,15.330765,267200
2019-01-23,15.510000,15.720000,15.060000,15.410000,15.241747,353200
2019-01-24,15.120000,15.590000,13.090000,13.250000,13.105331,1204800
2019-01-25,13.310000,14.107000,13.140000,13.920000,13.768016,510700
2019-01-28,13.940000,14.000000,13.530000,13.850000,13.698780,373500
2019-01-29,13.910000,14.000000,13.730000,13.860000,13.708671,267700
2019-01-30,13.870000,13.950000,13.680000,13.760000,13.609762,208500
2019-01-31,14.010000,14.280000,13.479000,13.900000,13.748234,707200
2019-02-01,14.050000,14.530000,13.870000,14.480000,14.321901,470400
2019-02-04,14.520000,15.360000,14.460000,15.260000,15.093386,351400
2019-02-05,15.260000,16.129999,15.135000,16.090000,15.914323,823800
2019-02-06,16.170000,16.299999,15.320000,15.380000,15.212075,555600
2019-02-07,15.490000,15.880000,14.980000,15.130000,14.964805,267700
2019-02-08,15.110000,15.250000,14.730000,14.880000,14.717533,197200
2019-02-11,14.900000,15.450000,14.880000,15.430000,15.261529,154100
2019-02-12,15.460000,15.850000,15.460000,15.700000,15.528581,155800
2019-02-13,15.800000,16.520000,15.800000,16.500000,16.319845,404100
2019-02-14,16.330000,16.374001,15.800000,15.990000,15.815414,283800
2019-02-15,16.100000,16.459999,16.100000,16.320000,16.141811,156100
2019-02-19,16.309999,16.709999,16.250000,16.660000,16.478100,139600
2019-02-20,16.650000,16.969999,16.500000,16.950001,16.764935,179800
2019-02-21,16.980000,17.150000,16.670000,16.719999,16.537447,214300
2019-02-22,16.740000,16.840000,16.510000,16.600000,16.418755,119500
2019-02-25,16.700001,16.903000,16.290001,16.450001,16.299849,145100
2019-02-26,16.430000,16.520000,16.208000,16.230000,16.081858,130400
2019-02-27,16.250000,16.490000,16.200001,16.360001,16.210672,122100
2019-02-28,16.379999,16.379999,16.170000,16.209999,16.062038,150000
2019-03-01,16.309999,16.480000,15.880000,16.260000,16.111584,148100
2019-03-04,16.230000,16.420000,16.000000,16.090000,15.943134,111600
2019-03-05,16.080000,16.170000,15.690000,16.070000,15.923318,343900
2019-03-06,16.080000,16.209999,15.700000,15.780000,15.635964,196200
2019-03-07,15.810000,15.825000,15.450000,15.570000,15.427881,154800
2019-03-08,15.550000,15.640000,15.350000,15.600000,15.457608,109200
2019-03-11,15.620000,15.675000,15.430000,15.610000,15.467517,110100
2019-03-12,15.630000,15.630000,15.340000,15.390000,15.249525,73400
2019-03-13,15.430000,15.670000,15.290000,15.460000,15.318887,103100
2019-03-14,15.470000,15.500000,15.230000,15.240000,15.100894,86400
2019-03-15,15.300000,15.510000,15.180000,15.340000,15.199981,285700
2019-03-18,15.390000,15.600000,15.340000,15.460000,15.318887,91300
2019-03-19,15.510000,15.570000,15.010000,15.060000,14.922538,110100
2019-03-20,15.120000,15.359000,14.510000,14.510000,14.377558,180000
2019-03-21,14.470000,14.780000,14.250000,14.250000,14.119931,141700
2019-03-22,14.120000,14.150000,13.530000,13.750000,13.624494,322500
2019-03-25,13.690000,13.810000,13.410000,13.640000,13.515499,962200
2019-03-26,13.650000,14.400000,13.617000,14.380000,14.248744,232000
2019-03-27,14.370000,14.503000,14.100000,14.370000,14.238834,78800
2019-03-28,14.390000,14.580000,14.210000,14.440000,14.308196,108900
2019-03-29,14.540000,14.750000,14.501000,14.610000,14.476645,194400
2019-04-01,14.710000,15.070000,14.480000,15.060000,14.922538,115600
2019-04-02,15.050000,15.360000,14.981000,15.200000,15.061258,161100
2019-04-03,15.360000,15.490000,15.070000,15.130000,14.991898,141700
2019-04-04,15.140000,15.420000,15.000000,15.250000,15.110803,52500
2019-04-05,15.260000,15.570000,15.090000,15.540000,15.398155,120700
2019-04-08,15.530000,15.680000,15.400000,15.530000,15.388247,80200
2019-04-09,15.490000,15.590000,15.250000,15.420000,15.279251,152500
2019-04-10,15.470000,15.590000,15.150000,15.510000,15.368430,149700
2019-04-11,15.560000,15.920000,15.470000,15.870000,15.725143,117500
2019-04-12,16.000000,16.309999,15.875000,16.230000,16.081858,180300
2019-04-15,16.260000,16.340000,15.970000,16.070000,15.923318,192300
2019-04-16,16.120001,16.639999,16.000000,16.610001,16.458389,102900
2019-04-17,16.709999,16.770000,16.459999,16.740000,16.587204,86700
2019-04-18,16.660000,16.719999,16.440001,16.600000,16.448481,157100
2019-04-22,16.700001,16.700001,16.150000,16.290001,16.141312,131400
2019-04-23,16.250000,16.520000,16.080000,16.330000,16.180946,191500
2019-04-24,16.320000,16.410000,16.160000,16.209999,16.062038,101900
2019-04-25,16.209999,16.629999,15.880000,16.170000,16.022404,321600
2019-04-26,16.270000,17.549999,16.260000,17.469999,17.310537,214700
2019-04-29,17.500000,18.240000,17.500000,17.950001,17.786160,269200
2019-04-30,17.950001,18.020000,17.309999,17.469999,17.310537,134300
2019-05-01,17.530001,17.780001,17.000000,17.100000,16.943916,113800
2019-05-02,17.070000,17.365000,16.959999,17.040001,16.884466,131000
2019-05-03,17.030001,17.511000,17.000000,17.330000,17.171818,175200
2019-05-06,17.000000,17.330000,16.940001,17.150000,16.993460,160900
2019-05-07,16.959999,17.040001,16.730000,16.850000,16.696198,106600
2019-05-08,16.790001,16.879999,16.590000,16.780001,16.626839,136800
2019-05-09,16.690001,16.920000,16.559999,16.820000,16.666470,123900
2019-05-10,16.730000,16.830000,16.420000,16.830000,16.676382,270200
2019-05-13,16.680000,16.809999,16.270000,16.500000,16.349392,238000
2019-05-14,16.520000,16.770000,16.370001,16.719999,16.567385,102500
2019-05-15,16.500000,16.670000,16.280001,16.559999,16.408844,108300
2019-05-16,16.650000,16.920000,16.490000,16.570000,16.418753,133600
2019-05-17,16.360001,16.799999,16.299999,16.320000,16.171036,83500
2019-05-20,16.129999,16.559999,16.031000,16.450001,16.299849,78100
2019-05-21,16.480000,16.670000,16.400000,16.660000,16.507933,64400
2019-05-22,16.620001,16.620001,16.250000,16.410000,16.260214,94400
2019-05-23,16.209999,16.230000,16.000000,16.180000,16.032314,157200
2019-05-24,16.280001,16.430000,16.080000,16.240000,16.121660,109500
2019-05-28,16.180000,16.290001,16.000000,16.110001,15.992603,145200
2019-05-29,15.950000,16.264999,15.760000,16.219999,16.101803,113600
2019-05-30,16.299999,16.430000,15.570000,15.830000,15.714645,97300
2019-05-31,15.460000,15.645000,15.410000,15.530000,15.416831,191600
2019-06-03,15.510000,16.010000,15.510000,15.860000,15.744427,101500
2019-06-04,16.049999,16.280001,16.000000,16.160000,16.042240,184200
2019-06-05,15.880000,16.250000,15.790000,16.010000,15.893334,161100
2019-06-06,15.920000,15.980000,15.470000,15.630000,15.516103,106200
2019-06-07,15.620000,15.880000,15.480000,15.770000,15.655083,76900
2019-06-10,15.960000,16.309999,15.960000,16.250000,16.131586,174600
2019-06-11,16.500000,16.754999,16.360001,16.620001,16.498890,166900
2019-06-12,16.490000,16.750000,16.420000,16.700001,16.578306,163000
2019-06-13,16.780001,17.250000,16.740000,17.080000,16.955538,130400
2019-06-14,17.070000,17.100000,16.809999,16.990000,16.866192,100600
2019-06-17,17.180000,17.180000,16.790001,16.910000,16.786776,171600
2019-06-18,16.860001,17.639999,16.840000,17.379999,17.253351,157800
2019-06-19,17.360001,17.670000,17.129999,17.160000,17.034952,68900
2019-06-20,17.260000,17.260000,16.820000,17.100000,16.975391,94500
2019-06-21,16.969999,17.209999,16.760000,16.809999,16.687504,344600
2019-06-24,16.770000,16.879999,16.190001,16.209999,16.091875,97900
2019-06-25,16.200001,16.510000,15.985000,16.500000,16.379763,134100
2019-06-26,16.570000,16.690001,16.410000,16.540001,16.419474,70900
2019-06-27,16.530001,17.120001,16.530001,17.110001,16.985317,112600
2019-06-28,17.209999,17.480000,17.090000,17.150000,17.025026,551700
2019-07-01,17.420000,17.420000,17.000000,17.139999,17.015099,98900
2019-07-02,17.049999,17.150000,16.530001,16.650000,16.528669,82500
2019-07-03,16.719999,16.910000,16.629999,16.799999,16.677578,58200
2019-07-05,16.830000,17.190001,16.830000,17.150000,17.025026,54100
2019-07-08,17.059999,17.080000,16.820000,16.959999,16.836411,67800
2019-07-09,16.870001,17.030001,16.702000,16.980000,16.856266,55500
2019-07-10,17.010000,17.080000,16.719999,16.780001,16.657722,63600
2019-07-11,16.709999,16.850000,16.440001,16.540001,16.419474,86300
2019-07-12,16.600000,17.170000,16.559999,17.080000,16.955538,188700
2019-07-15,17.080000,17.080000,16.280001,16.680000,16.558451,135400
2019-07-16,16.700001,16.850000,16.580000,16.580000,16.459181,86700
2019-07-17,16.540001,16.605000,16.320000,16.520000,16.399618,74600
2019-07-18,16.520000,16.740000,16.520000,16.549999,16.429398,77000
2019-07-19,16.440001,16.700001,16.360001,16.379999,16.260637,92200
2019-07-22,16.290001,16.389999,16.180000,16.240000,16.121660,96700
2019-07-23,16.320000,16.430000,16.129999,16.170000,16.052168,79100
2019-07-24,16.100000,16.930000,16.100000,16.900000,16.776846,202200
2019-07-25,16.980000,19.940001,16.910000,19.620001,19.477028,659500
2019-07-26,19.600000,20.459999,19.600000,20.370001,20.221561,366400
2019-07-29,20.360001,20.400000,19.570000,19.840000,19.695425,270300
2019-07-30,19.670000,19.940001,19.650000,19.850000,19.705351,256600
2019-07-31,19.959999,20.170000,19.370001,19.469999,19.328119,206000
2019-08-01,19.420000,19.750000,18.940001,19.040001,18.901255,199400
2019-08-02,18.940001,19.020000,18.360001,19.010000,18.871471,224900
2019-08-05,18.590000,18.840000,18.260000,18.590000,18.454533,278600
2019-08-06,18.840000,19.030001,18.330000,18.570000,18.434679,158600
2019-08-07,18.100000,18.400000,17.799999,18.379999,18.246063,120100
2019-08-08,18.540001,18.730000,18.360001,18.590000,18.454533,91900
2019-08-09,18.590000,18.719999,18.139999,18.280001,18.146793,92900
2019-08-12,18.090000,18.190001,17.910000,18.150000,18.017740,79800
2019-08-13,18.120001,18.530001,18.110001,18.450001,18.315554,98900
2019-08-14,17.990000,18.180000,17.670000,17.950001,17.819197,123900
2019-08-15,18.030001,18.030001,17.309999,17.620001,17.491600,115300
2019-08-16,17.719999,18.160000,17.700001,18.100000,17.968105,115900
2019-08-19,18.360001,18.400000,18.070000,18.299999,18.166645,100200
2019-08-20,18.240000,18.350000,17.980000,18.150000,18.017740,65200
2019-08-21,18.240000,18.250000,18.040001,18.150000,18.017740,89500
2019-08-22,18.260000,18.350000,17.860001,17.990000,17.858906,72700
2019-08-23,17.889999,18.100000,17.320000,17.410000,17.283131,111400
2019-08-26,17.430000,17.730000,17.420000,17.540001,17.412186,120600
2019-08-27,17.650000,17.650000,17.131001,17.400000,17.273205,115100
2019-08-28,17.290001,17.690001,17.240000,17.549999,17.422112,149800
2019-08-29,17.700001,18.070000,17.620001,17.930000,17.799343,71500
2019-08-30,18.040001,18.209999,17.770000,17.940001,17.809271,63900
2019-09-03,17.820000,17.820000,17.250000,17.510000,17.382402,89700
2019-09-04,17.620001,17.629999,17.309999,17.420000,17.293062,42900
2019-09-05,17.760000,18.049999,17.639999,17.889999,17.759634,125600
2019-09-06,17.940001,18.020000,17.650000,17.760000,17.630583,55800
2019-09-09,17.820000,18.330000,17.670000,18.170000,18.068113,198300
2019-09-10,18.240000,18.740000,18.115000,18.719999,18.615030,199100
2019-09-11,18.820000,19.030001,18.530001,18.790001,18.684637,256800
2019-09-12,18.709999,19.190001,18.520000,19.180000,19.072449,161100
2019-09-13,19.360001,19.570000,19.309999,19.410000,19.301161,192100
2019-09-16,19.250000,19.610001,19.170000,19.500000,19.390657,151300
2019-09-17,19.420000,19.420000,18.959999,19.100000,18.992901,107400
2019-09-18,19.080000,19.180000,18.920000,19.049999,18.943178,127300
2019-09-19,18.959999,19.059999,18.360001,18.450001,18.346544,101300
2019-09-20,18.459999,19.309999,18.440001,19.080000,18.973011,356600
2019-09-23,18.910000,19.025000,18.370001,18.490000,18.386320,102200
2019-09-24,18.389999,18.420000,17.950001,18.150000,18.048227,152200
2019-09-25,18.209999,18.500000,18.080000,18.320000,18.217274,238600
2019-09-26,18.350000,18.559999,18.209999,18.420000,18.316711,139900
2019-09-27,18.430000,18.750000,18.250000,18.270000,18.167555,162800
2019-09-30,18.379999,18.440001,17.725000,18.100000,17.998508,233600
2019-10-01,18.209999,18.469999,17.580000,17.719999,17.620638,174300
2019-10-02,17.580000,17.940001,17.340000,17.920000,17.819515,287500
2019-10-03,17.889999,18.110001,17.570000,17.950001,17.849348,180300
2019-10-04,17.940001,18.260000,17.820000,17.920000,17.819515,127600
2019-10-07,17.910000,18.090000,17.590000,17.600000,17.501312,116300
2019-10-08,17.469999,17.469999,17.100000,17.150000,17.053833,145600
2019-10-09,17.290001,17.320000,16.980000,17.209999,17.113499,82900
2019-10-10,17.309999,17.559999,17.100000,17.370001,17.272600,82500
2019-10-11,17.680000,17.910000,17.559999,17.580000,17.481422,133500
2019-10-14,17.379999,17.660000,17.320000,17.570000,17.471479,45800
2019-10-15,17.620001,18.030001,17.440001,17.795000,17.695217,80000
2019-10-16,17.799999,17.940001,17.770000,17.850000,17.749908,75700
2019-10-17,17.940001,18.139999,17.830000,18.059999,17.958731,161200
2019-10-18,17.930000,18.209999,17.850000,18.020000,17.918955,89400
2019-10-21,18.209999,18.680000,18.209999,18.450001,18.346544,216600
2019-10-22,18.620001,18.680000,18.270000,18.490000,18.386320,134600
2019-10-23,18.480000,18.540001,18.160000,18.500000,18.396263,114300
2019-10-24,18.070000,18.610001,16.563000,18.420000,18.316711,664700
2019-10-25,19.299999,19.740999,18.420000,18.430000,18.326656,458500
2019-10-28,18.719999,18.740000,18.410000,18.590000,18.485758,333700
2019-10-29,18.650000,18.770000,18.445000,18.570000,18.465872,219100
2019-10-30,18.620001,18.670000,18.139999,18.309999,18.207329,117700
2019-10-31,18.340000,18.410000,17.809999,18.150000,18.048227,166400
2019-11-01,18.330000,18.540001,18.219999,18.360001,18.257050,127200
2019-11-04,18.639999,18.700001,18.455000,18.559999,18.455929,112000
2019-11-05,18.700001,19.000000,18.584999,18.930000,18.823854,127500
2019-11-06,19.000000,19.000000,18.530001,18.830000,18.724413,85500
2019-11-07,19.000000,19.270000,18.830000,18.889999,18.784077,126300
2019-11-08,18.850000,19.080000,18.790001,19.000000,18.893459,476100
2019-11-11,18.959999,19.430000,18.959999,19.170000,19.062506,102400
2019-11-12,19.200001,19.200001,18.951000,19.049999,18.943178,93300
2019-11-13,18.900000,18.951000,18.445000,18.510000,18.406210,81200
2019-11-14,18.530001,18.570000,18.100000,18.270000,18.167555,137600
2019-11-15,18.400000,18.420000,18.230000,18.299999,18.197386,107100
2019-11-18,18.320000,18.330000,17.975000,18.040001,17.938843,145900
2019-11-19,18.190001,18.450001,18.100000,18.410000,18.306767,139600
2019-11-20,18.340000,18.430000,18.080000,18.200001,18.097946,129400
2019-11-21,18.299999,18.299999,17.969999,18.150000,18.048227,59500
2019-11-22,18.230000,18.340000,18.148001,18.190001,18.088003,90100
2019-11-25,18.240000,18.490000,18.209999,18.360001,18.257050,137800
2019-11-26,18.350000,18.350000,18.020000,18.170000,18.068113,132900
2019-11-27,18.250000,18.379999,18.174999,18.330000,18.227217,83600
2019-11-29,18.240000,18.520000,18.200001,18.250000,18.147665,81900
2019-12-02,18.309999,18.400000,18.049999,18.150000,18.077944,104200
2019-12-03,17.940001,18.040001,17.750000,18.020000,17.948460,88600
2019-12-04,18.139999,18.480000,18.090000,18.110001,18.038103,126200
2019-12-05,18.799999,19.490000,18.459999,19.350000,19.273180,566800
2019-12-06,19.500000,19.750000,19.145000,19.320000,19.243299,285400
2019-12-09,19.200001,19.475000,19.170000,19.260000,19.183537,147800
2019-12-10,19.200001,19.400000,19.100000,19.254999,19.178556,115800
2019-12-11,19.299999,19.315001,19.049999,19.250000,19.173576,95200
2019-12-12,19.219999,19.740000,19.219999,19.430000,19.352861,184600
2019-12-13,19.440001,19.580000,19.139999,19.230000,19.153656,87500
2019-12-16,19.000000,19.440001,19.000000,19.170000,19.093893,122500
2019-12-17,19.150000,19.410000,19.080000,19.260000,19.183537,112400
2019-12-18,19.299999,19.350000,19.150000,19.180000,19.103853,81200
2019-12-19,19.200001,19.270000,19.020000,19.250000,19.173576,171000
2019-12-20,19.260000,19.559999,19.155001,19.309999,19.233339,429900
2019-12-23,19.270000,19.360001,19.040001,19.070000,18.994291,88800
2019-12-24,19.070000,19.100000,18.930000,19.100000,19.024174,33200
2019-12-26,19.139999,19.360001,18.990000,19.100000,19.024174,66600
2019-12-27,19.170000,19.170000,18.980000,19.049999,18.974369,78200
2019-12-30,19.150000,19.219999,18.940001,19.040001,18.964411,85300
2019-12-31,18.910000,19.150000,18.879999,19.010000,18.934528,117000
2020-01-02,19.120001,19.139999,18.671000,18.959999,18.884726,102900
2020-01-03,18.770000,18.889999,18.620001,18.799999,18.725361,92600
2020-01-06,18.549999,18.830000,18.400000,18.770000,18.695482,114400
2020-01-07,18.860001,18.860001,18.410000,18.480000,18.406633,136700
2020-01-08,18.430000,18.760000,18.422001,18.670000,18.595879,85300
2020-01-09,18.740000,18.920000,18.639999,18.660000,18.585918,50800
2020-01-10,18.660000,18.850000,18.481001,18.760000,18.685522,196200
2020-01-13,18.750000,18.889999,18.639999,18.770000,18.695482,87200
2020-01-14,18.690001,18.920000,18.650000,18.709999,18.635719,80000
2020-01-15,18.650000,18.879999,18.603001,18.760000,18.685522,87600
2020-01-16,18.860001,19.065001,18.770000,18.820000,18.745283,83100
2020-01-17,18.959999,18.959999,18.629999,18.700001,18.625761,89600
2020-01-21,18.700001,18.770000,18.549999,18.590000,18.516195,195800
2020-01-22,18.629999,18.840000,18.330000,18.770000,18.695482,205200
2020-01-23,19.600000,19.990000,19.010000,19.700001,19.621792,366800
2020-01-24,19.290001,19.549000,18.559999,18.610001,18.536118,214900
2020-01-27,18.440001,18.639999,18.271999,18.379999,18.307030,132900
2020-01-28,18.410000,18.490000,18.230000,18.270000,18.197468,103900
2020-01-29,18.250000,18.400000,17.770000,17.820000,17.749252,128300
2020-01-30,17.719999,17.959999,17.639999,17.889999,17.818975,86300
2020-01-31,17.840000,17.920000,17.430000,17.480000,17.410603,118400
2020-02-03,17.530001,17.709999,17.469999,17.620001,17.550047,92600
2020-02-04,17.820000,17.969999,17.655001,17.790001,17.719374,86500
2020-02-05,17.950001,18.221001,17.950001,18.160000,18.087904,107400
2020-02-06,18.270000,18.330000,17.969999,18.030001,17.958420,81900
2020-02-07,17.969999,17.980000,17.750000,17.900000,17.828936,230400
2020-02-10,17.900000,18.020000,17.691000,17.980000,17.908619,81000
2020-02-11,17.990000,18.230000,17.950001,18.000000,17.928539,175300
2020-02-12,18.090000,18.120001,17.900000,17.990000,17.918579,124600
2020-02-13,17.930000,18.100000,17.900000,18.040001,17.968380,75000
2020-02-14,18.020000,18.100000,17.910000,18.020000,17.948460,75100
2020-02-18,17.920000,18.049999,17.818001,18.040001,17.968380,94600
2020-02-19,18.100000,18.290001,18.090000,18.129999,18.058022,88900
2020-02-20,18.059999,18.350000,18.059999,18.209999,18.137703,56700
2020-02-21,18.190001,18.209999,17.870001,17.910000,17.838896,77300
2020-02-24,17.570000,17.700001,17.299999,17.410000,17.369978,151400
2020-02-25,17.410000,17.490000,16.695000,16.790001,16.751404,121600
2020-02-26,16.879999,17.070000,16.520000,16.660000,16.621702,165200
2020-02-27,16.290001,16.809999,16.070000,16.080000,16.043036,124600
2020-02-28,15.510000,15.880000,15.050000,15.370000,15.334667,203100
2020-03-02,15.340000,15.830000,15.125000,15.800000,15.763679,146200
2020-03-03,15.760000,16.090000,15.257000,15.390000,15.354621,147500
2020-03-04,15.600000,15.780000,15.043000,15.310000,15.274805,110300
2020-03-05,15.010000,15.201000,14.125000,14.250000,14.217241,193700
2020-03-06,13.900000,14.090000,13.230000,13.600000,13.568736,208100
2020-03-09,12.640000,12.970000,11.500000,11.540000,11.513472,270600
2020-03-10,12.000000,12.300000,11.420000,12.060000,12.032276,291600
2020-03-11,11.690000,11.920000,11.040000,11.280000,11.254069,521400
2020-03-12,10.390000,11.000000,9.990000,10.510000,10.485840,471200
2020-03-13,11.370000,12.314000,10.050000,10.860000,10.835034,1639600
2020-03-16,9.980000,10.110000,8.750000,8.970000,8.949380,568100
2020-03-17,9.080000,9.980000,8.520000,9.830000,9.807403,723600
2020-03-18,9.310000,9.480000,8.000000,8.080000,8.061425,313800
2020-03-19,8.050000,9.350000,7.570000,9.000000,8.979311,448400
2020-03-20,9.100000,10.050000,8.770000,9.110000,9.089057,843200
2020-03-23,9.330000,9.410000,8.510000,8.940000,8.919448,290500
2020-03-24,9.470000,10.290000,9.250000,10.200000,10.176552,287000
2020-03-25,10.440000,10.785000,9.710000,10.440000,10.415999,352300
2020-03-26,10.690000,12.400000,10.510000,12.330000,12.301656,549800
2020-03-27,12.100000,14.368000,11.490000,14.100000,14.067587,860900
2020-03-30,14.180000,14.310000,12.060000,12.640000,12.610943,603700
2020-03-31,12.670000,13.000000,12.080000,12.470000,12.441334,469400
2020-04-01,12.050000,12.290000,10.380000,10.600000,10.575633,338300
2020-04-02,10.460000,11.850000,10.460000,11.410000,11.383770,378400
2020-04-03,11.420000,11.880000,10.590000,10.830000,10.805103,492300
2020-04-06,11.510000,12.000000,11.110000,11.390000,11.363816,407200
2020-04-07,11.950000,12.250000,11.130000,11.230000,11.204184,272100
2020-04-08,11.480000,11.830000,11.240000,11.640000,11.613242,263600
2020-04-09,12.050000,13.430000,11.915000,13.250000,13.219541,336800
2020-04-13,13.250000,13.545000,12.540000,12.920000,12.890299,236500
2020-04-14,13.260000,13.930000,13.110000,13.400000,13.369195,331500
2020-04-15,12.900000,12.930000,12.360000,12.670000,12.640874,299100
2020-04-16,12.730000,12.850000,11.909000,12.440000,12.411402,387200
2020-04-17,13.030000,13.820000,12.860000,13.650000,13.618621,265800
2020-04-20,12.930000,14.050000,12.880000,13.960000,13.927908,367000
2020-04-21,13.470000,14.340000,13.440000,13.860000,13.828137,313700
2020-04-22,14.350000,14.800000,13.690000,14.060000,14.027678,267500
2020-04-23,13.100000,13.670000,11.730000,12.360000,12.331586,684700
2020-04-24,12.410000,13.380000,12.410000,13.320000,13.289379,342200
2020-04-27,13.430000,14.191000,13.350000,13.800000,13.768276,221200
2020-04-28,14.200000,14.250000,13.310000,13.520000,13.488920,317700
2020-04-29,14.190000,14.750000,13.850000,14.310000,14.277104,294000
2020-04-30,13.910000,14.210000,13.655000,13.950000,13.917932,165500
2020-05-01,13.650000,13.710000,12.940000,13.420000,13.389150,165600
2020-05-04,13.060000,13.500000,12.900000,13.410000,13.379172,124900
2020-05-05,13.890000,13.950000,13.090000,13.110000,13.079862,179000
2020-05-06,13.200000,13.325000,12.410000,12.490000,12.461287,215000
2020-05-07,12.700000,13.290000,12.610000,12.960000,12.930207,147000
2020-05-08,13.300000,13.720000,13.130000,13.580000,13.548781,139500
2020-05-11,13.640000,13.640000,12.830000,12.895000,12.865357,278000
2020-05-12,12.720000,12.890000,12.000000,12.020000,11.992369,248100
2020-05-13,12.000000,12.190000,11.030000,11.680000,11.653150,288700
2020-05-14,11.360000,11.940000,10.900000,11.910000,11.882621,181600
2020-05-15,11.870000,12.130000,11.645000,12.080000,12.052230,108500
2020-05-18,12.650000,13.170000,12.470000,13.040000,13.010023,346800
2020-05-19,12.940000,13.000000,12.470000,12.480000,12.451310,148200
2020-05-20,12.840000,13.360000,12.820000,13.090000,13.059909,169400
2020-05-21,13.070000,13.320000,12.920000,13.050000,13.020000,106200
2020-05-22,13.130000,13.280000,12.720000,13.090000,13.090000,118300
2020-05-26,13.510000,13.870000,13.340000,13.760000,13.760000,188100
2020-05-27,14.000000,14.515000,13.550000,14.470000,14.470000,254600
2020-05-28,14.750000,14.750000,13.880000,13.980000,13.980000,159900
2020-05-29,13.740000,13.840000,13.410000,13.540000,13.540000,133600
2020-06-01,13.590000,14.030000,13.500000,13.830000,13.830000,197100
2020-06-02,14.020000,14.070000,13.640000,13.760000,13.760000,146300
2020-06-03,14.010000,14.710000,13.940000,14.420000,14.420000,176400
2020-06-04,14.360000,15.130000,14.020000,15.110000,15.110000,236600
2020-06-05,15.600000,17.135000,15.250000,16.910000,16.910000,543400
2020-06-08,17.129999,17.690001,16.870001,17.549999,17.549999,366400
2020-06-09,17.120001,17.559999,16.650000,17.200001,17.200001,199400
2020-06-10,17.070000,17.070000,15.920000,16.160000,16.160000,194900
2020-06-11,15.240000,15.250000,13.730000,13.735000,13.735000,321800
2020-06-12,14.390000,14.710000,13.900000,14.570000,14.570000,190300
2020-06-15,13.870000,15.110000,13.870000,15.050000,15.050000,211800
2020-06-16,15.820000,16.070000,14.880000,15.260000,15.260000,197200
2020-06-17,15.320000,15.535000,14.530000,14.530000,14.530000,153600
2020-06-18,14.310000,14.960000,14.310000,14.550000,14.550000,128100
2020-06-19,14.710000,14.810000,14.180000,14.350000,14.350000,233500
2020-06-22,14.160000,14.420000,13.990000,14.340000,14.340000,235900
2020-06-23,14.580000,15.000000,14.390000,14.435000,14.435000,138900
2020-06-24,14.120000,14.330000,13.570000,13.690000,13.690000,204800
2020-06-25,13.510000,14.250000,13.150000,14.240000,14.240000,153300
2020-06-26,13.900000,13.910000,13.160000,13.230000,13.230000,361800
2020-06-29,13.400000,14.380000,13.400000,14.095000,14.095000,191500
2020-06-30,13.930000,14.570000,13.860000,14.510000,14.510000,107900
2020-07-01,14.480000,14.770000,13.820000,13.860000,13.860000,112200
2020-07-02,14.160000,14.530000,13.820000,14.050000,14.050000,337100
2020-07-06,14.770000,14.820000,13.930000,14.200000,14.200000,225500
2020-07-07,14.080000,14.390000,13.750000,14.050000,14.050000,242700
2020-07-08,14.050000,14.380000,13.669000,13.915000,13.915000,153500
2020-07-09,13.960000,14.310000,13.270000,13.380000,13.380000,135400
2020-07-10,13.500000,14.040000,13.500000,14.010000,14.010000,147600
2020-07-13,14.320000,14.850000,13.935000,14.490000,14.490000,248200
2020-07-14,14.340000,14.790000,14.160000,14.500000,14.500000,200200
2020-07-15,15.000000,15.440000,14.910000,15.215000,15.215000,200800
2020-07-16,15.000000,15.740000,14.970000,15.670000,15.670000,234000
2020-07-17,15.690000,15.730000,15.230000,15.460000,15.460000,211800
2020-07-20,15.380000,15.480000,15.180000,15.260000,15.260000,100900
2020-07-21,15.480000,16.000000,15.171000,15.890000,15.890000,143500
2020-07-22,15.950000,16.040001,15.600000,15.810000,15.810000,122400
2020-07-23,16.000000,16.549999,15.900000,16.110001,16.110001,283400
2020-07-24,16.070000,16.250000,15.820000,15.945000,15.945000,171700
2020-07-27,16.000000,16.000000,15.700000,15.850000,15.850000,124800
2020-07-28,15.710000,16.010000,15.660000,15.800000,15.800000,152300
2020-07-29,16.059999,17.440001,16.059999,17.420000,17.420000,234900
2020-07-30,17.030001,17.420000,16.830000,17.330000,17.330000,193900
2020-07-31,17.290001,17.520000,16.670000,17.010000,17.010000,198300
2020-08-03,17.110001,17.559999,16.910000,17.370001,17.370001,129700
2020-08-04,17.440001,17.510000,17.180000,17.330000,17.330000,126700
2020-08-05,17.600000,17.900000,17.400000,17.860001,17.860001,106800
2020-08-06,17.930000,18.129999,17.750000,18.090000,18.090000,170000
2020-08-07,18.000000,18.770000,17.830000,18.760000,18.760000,113200
2020-08-10,18.940001,19.622000,18.840000,19.490000,19.490000,206400
2020-08-11,19.840000,20.250000,19.379999,19.540001,19.540001,139200
2020-08-12,19.840000,19.920000,19.340000,19.450001,19.450001,106900