Date,Open,High,Low,Close,Adj Close,Volume
2015-06-23,0.893400,1.133000,0.893400,1.133000,1.133000,46550
2015-06-24,1.120200,1.120200,0.998000,1.039000,1.039000,28075
2015-06-25,1.049800,1.175000,1.049800,1.175000,1.175000,8810
2015-06-26,1.151700,1.151700,1.064500,1.097200,1.097200,8850
2015-06-29,0.986300,1.028000,0.970000,1.028000,1.028000,8500
2015-06-30,1.010000,1.085400,1.010000,1.085400,1.085400,4034
2015-07-01,1.200000,1.200000,1.200000,1.200000,1.200000,3800
2015-07-02,1.173100,1.173100,1.029500,1.117000,1.117000,19575
2015-07-06,0.974700,0.984000,0.890000,0.984000,0.984000,13500
2015-07-07,0.984000,1.066400,0.984000,1.066400,1.066400,4000
2015-07-08,1.058000,1.058000,0.987000,0.987000,0.987000,1200
2015-07-09,1.062500,1.070400,1.062500,1.070400,1.070400,3000
2015-07-10,1.064200,1.064200,1.064200,1.064200,1.064200,3100
2015-07-13,1.064200,1.064200,1.064200,1.064200,1.064200,0
2015-07-14,1.025000,1.025000,0.820000,0.820000,0.820000,2500
2015-07-15,0.820000,0.820000,0.820000,0.820000,0.820000,0
2015-07-16,0.926700,1.010000,0.926700,1.000000,1.000000,12000
2015-07-17,0.997400,0.997500,0.997100,0.997100,0.997100,15000
2015-07-20,0.998300,0.998300,0.996800,0.996800,0.996800,2700
2015-07-21,0.999800,0.999800,0.999800,0.999800,0.999800,500
2015-07-22,0.995640,0.995640,0.986600,0.986600,0.986600,13000
2015-07-23,0.986600,0.986600,0.986600,0.986600,0.986600,0
2015-07-24,0.998000,0.998000,0.998000,0.998000,0.998000,2300
2015-07-27,0.993900,0.993900,0.993900,0.993900,0.993900,500
2015-07-28,0.993900,0.993900,0.993900,0.993900,0.993900,0
2015-07-29,0.993900,0.993900,0.993900,0.993900,0.993900,0
2015-07-30,0.993900,0.993900,0.993900,0.993900,0.993900,0
2015-07-31,0.993900,0.993900,0.993900,0.993900,0.993900,0
2015-08-03,0.993900,0.993900,0.993900,0.993900,0.993900,0
2015-08-04,1.000000,1.000000,0.988000,0.996000,0.996000,9600
2015-08-05,0.935000,0.961880,0.935000,0.938300,0.938300,1100
2015-08-06,0.938300,0.938300,0.938300,0.938300,0.938300,0
2015-08-07,0.988000,0.988000,0.988000,0.988000,0.988000,5600
2015-08-10,0.901000,0.901000,0.885000,0.885000,0.885000,6300
2015-08-11,0.858500,0.900000,0.835500,0.900000,0.900000,5500
2015-08-12,0.861300,0.861300,0.805800,0.805800,0.805800,4500
2015-08-13,0.792300,0.820000,0.792300,0.793000,0.793000,2200
2015-08-14,0.814500,0.897700,0.795000,0.874250,0.874250,22000
2015-08-17,0.904000,0.962000,0.904000,0.952880,0.952880,30098
2015-08-18,0.951500,0.951500,0.951500,0.951500,0.951500,2000
2015-08-19,0.953000,0.961000,0.927500,0.927500,0.927500,6063
2015-08-20,0.946600,0.953000,0.946600,0.953000,0.953000,2950
2015-08-21,0.900000,0.900000,0.805000,0.837400,0.837400,33800
2015-08-24,0.795000,0.837000,0.795000,0.837000,0.837000,3003
2015-08-25,0.795000,0.809000,0.795000,0.795000,0.795000,5600
2015-08-26,0.772200,0.821200,0.772200,0.790000,0.790000,14800
2015-08-27,0.824600,0.829000,0.821880,0.826400,0.826400,24600
2015-08-28,0.830300,0.849800,0.826300,0.849800,0.849800,24900
2015-08-31,0.865900,0.923000,0.855000,0.901400,0.901400,43201
2015-09-01,0.830200,0.882800,0.830200,0.882800,0.882800,23329
2015-09-02,0.871700,0.879800,0.825000,0.825000,0.825000,6290
2015-09-03,0.813900,0.813900,0.813900,0.813900,0.813900,500
2015-09-04,0.811500,0.811500,0.790000,0.790000,0.790000,3010
2015-09-08,0.798100,0.798100,0.798100,0.798100,0.798100,1680
2015-09-09,0.790000,0.790000,0.790000,0.790000,0.790000,12000
2015-09-10,0.790000,0.790000,0.790000,0.790000,0.790000,0
2015-09-11,0.730000,0.730000,0.653500,0.676000,0.676000,24000
2015-09-14,0.689500,0.689500,0.540000,0.560000,0.560000,20210
2015-09-15,0.540200,0.564000,0.507000,0.564000,0.564000,9531
2015-09-16,0.489300,0.541200,0.489300,0.538200,0.538200,2850
2015-09-17,0.532800,0.536000,0.514300,0.514300,0.514300,5125
2015-09-18,0.530000,0.543000,0.525800,0.536500,0.536500,18625
2015-09-21,0.477900,0.481300,0.473800,0.477800,0.477800,6000
2015-09-22,0.476500,0.507000,0.476500,0.496000,0.496000,5456
2015-09-23,0.458000,0.458000,0.444400,0.444400,0.444400,1000
2015-09-24,0.427250,0.429000,0.398800,0.399000,0.399000,26300
2015-09-25,0.377000,0.482400,0.362100,0.377000,0.377000,20033
2015-09-28,0.346900,0.346900,0.323800,0.345250,0.345250,15050
2015-09-29,0.314800,0.326000,0.314400,0.314800,0.314800,23000
2015-09-30,0.365400,0.365400,0.365400,0.365400,0.365400,1500
2015-10-01,0.363400,0.432000,0.363400,0.432000,0.432000,7899
2015-10-02,0.448700,0.479800,0.448600,0.474000,0.474000,9250
2015-10-05,0.501000,0.685000,0.501000,0.550000,0.550000,288034
2015-10-06,0.570000,0.570000,0.541500,0.541500,0.541500,29600
2015-10-07,0.540000,0.555000,0.539800,0.553000,0.553000,41500
2015-10-08,0.540000,0.560000,0.540000,0.540000,0.540000,25500
2015-10-09,0.536500,0.540000,0.500000,0.540000,0.540000,28115
2015-10-12,0.540000,0.540000,0.540000,0.540000,0.540000,0
2015-10-13,0.532200,0.532200,0.527500,0.527500,0.527500,4300
2015-10-14,0.487700,0.487700,0.487700,0.487700,0.487700,2000
2015-10-15,0.497000,0.543000,0.497000,0.543000,0.543000,16000
2015-10-16,0.541000,0.541000,0.541000,0.541000,0.541000,200
2015-10-19,0.540000,0.580100,0.540000,0.569890,0.569890,179200
2015-10-20,0.584000,0.614000,0.583000,0.614000,0.614000,17000
2015-10-21,0.635600,0.660000,0.635600,0.660000,0.660000,3750
2015-10-22,0.662000,0.677000,0.662000,0.677000,0.677000,4200
2015-10-23,0.731700,0.731800,0.711200,0.727000,0.727000,25100
2015-10-26,0.740000,0.740000,0.725000,0.727000,0.727000,10200
2015-10-27,0.708000,0.752200,0.646600,0.752200,0.752200,6300
2015-10-28,0.752200,0.752200,0.752200,0.752200,0.752200,0
2015-10-29,0.752200,0.752200,0.752200,0.752200,0.752200,0
2015-10-30,0.752200,0.752200,0.752200,0.752200,0.752200,0
2015-11-02,0.865000,0.865000,0.799600,0.843500,0.843500,35000
2015-11-03,0.843500,0.843500,0.843500,0.843500,0.843500,0
2015-11-04,0.799000,0.800400,0.783700,0.784600,0.784600,10846
2015-11-05,0.769100,0.769100,0.769100,0.769100,0.769100,2300
2015-11-06,0.769100,0.769100,0.769100,0.769100,0.769100,0
2015-11-09,0.733300,0.755900,0.700000,0.700000,0.700000,27564
2015-11-10,0.710000,0.710000,0.710000,0.710000,0.710000,35300
2015-11-11,0.710000,0.750000,0.703000,0.703000,0.703000,14540
2015-11-12,0.750000,0.840000,0.749500,0.834000,0.834000,73965
2015-11-13,0.835900,0.866500,0.828200,0.860000,0.860000,69420
2015-11-16,0.878600,0.880000,0.850000,0.872000,0.872000,19202
2015-11-17,0.850000,0.850000,0.829690,0.829690,0.829690,11100
2015-11-18,0.812000,0.815000,0.720000,0.810000,0.810000,18940
2015-11-19,0.810000,0.810000,0.801700,0.801700,0.801700,15900
2015-11-20,0.810000,0.810000,0.780000,0.789200,0.789200,9110
2015-11-23,0.790000,0.804000,0.770000,0.770000,0.770000,20000
2015-11-24,0.762900,0.778900,0.739700,0.739700,0.739700,1736
2015-11-25,0.738500,0.741000,0.656000,0.733900,0.733900,14850
2015-11-27,0.700000,0.702000,0.670000,0.686000,0.686000,11650
2015-11-30,0.707300,0.814600,0.707300,0.810000,0.810000,12900
2015-12-01,0.787800,0.787800,0.753300,0.753300,0.753300,6499
2015-12-02,0.755000,0.816900,0.755000,0.800000,0.800000,16300
2015-12-03,0.800000,0.810000,0.800000,0.800000,0.800000,20700
2015-12-04,0.800000,0.802000,0.798500,0.802000,0.802000,22500
2015-12-07,0.840500,0.840500,0.801500,0.810000,0.810000,36456
2015-12-08,0.811400,0.811400,0.770000,0.786000,0.786000,9800
2015-12-09,0.753500,0.753500,0.746100,0.750000,0.750000,4675
2015-12-10,0.747400,0.762000,0.732700,0.762000,0.762000,6099
2015-12-11,0.727390,0.760100,0.725000,0.760100,0.760100,8400
2015-12-14,0.767500,0.795200,0.754800,0.761000,0.761000,57000
2015-12-15,0.800000,0.801000,0.789500,0.789500,0.789500,14450
2015-12-16,0.798900,0.810000,0.790000,0.810000,0.810000,27047
2015-12-17,0.810000,0.816000,0.770000,0.782000,0.782000,17473
2015-12-18,0.811000,0.820000,0.806000,0.810000,0.810000,40500
2015-12-21,0.811500,0.820000,0.810000,0.810000,0.810000,13800
2015-12-22,0.810000,0.813000,0.800000,0.805000,0.805000,23400
2015-12-23,0.802000,0.802000,0.802000,0.802000,0.802000,9300
2015-12-24,0.793300,0.793300,0.793300,0.793300,0.793300,2125
2015-12-28,0.844000,0.844000,0.820000,0.820000,0.820000,2500
2015-12-29,0.815700,0.815700,0.800000,0.800000,0.800000,12000
2015-12-30,0.800000,0.800000,0.800000,0.800000,0.800000,0
2015-12-31,0.800000,0.800000,0.800000,0.800000,0.800000,0
2016-01-04,0.758500,0.758500,0.685300,0.711900,0.711900,13000
2016-01-05,0.686000,0.698700,0.676000,0.676000,0.676000,15280
2016-01-06,0.671000,0.737000,0.671000,0.737000,0.737000,22200
2016-01-07,0.740900,0.748100,0.729900,0.729900,0.729900,3000
2016-01-08,0.741700,0.741700,0.702900,0.723600,0.723600,4600
2016-01-11,0.722000,0.722000,0.722000,0.722000,0.722000,500
2016-01-12,0.677000,0.677000,0.671000,0.671000,0.671000,11100
2016-01-13,0.670800,0.680000,0.617600,0.630000,0.630000,30300
2016-01-14,0.650100,0.665000,0.637500,0.663300,0.663300,7800
2016-01-15,0.671000,0.671000,0.631300,0.635000,0.635000,12600
2016-01-19,0.642400,0.668000,0.636000,0.660000,0.660000,17675
2016-01-20,0.614000,0.614600,0.589900,0.591000,0.591000,31300
2016-01-21,0.600000,0.600000,0.600000,0.600000,0.600000,3300
2016-01-22,0.660100,0.670000,0.657700,0.670000,0.670000,10000
2016-01-25,0.663700,0.663700,0.662000,0.662000,0.662000,700
2016-01-26,0.678400,0.729200,0.678400,0.729200,0.729200,4500
2016-01-27,0.729200,0.729200,0.729200,0.729200,0.729200,0
2016-01-28,0.759700,0.766700,0.752600,0.766700,0.766700,1300
2016-01-29,0.769600,0.770000,0.755600,0.757200,0.757200,3835
2016-02-01,0.739000,0.770000,0.725300,0.770000,0.770000,15083
2016-02-02,0.769400,0.776670,0.769400,0.773600,0.773600,10000
2016-02-03,0.776000,0.800000,0.776000,0.800000,0.800000,29200
2016-02-04,0.809700,0.846000,0.809700,0.810000,0.810000,42695
2016-02-05,0.820000,0.820000,0.801000,0.820000,0.820000,51000
2016-02-08,0.828800,0.832000,0.761000,0.761000,0.761000,12295
2016-02-09,0.756800,0.823500,0.756800,0.819000,0.819000,14555
2016-02-10,0.816300,0.841000,0.788300,0.788300,0.788300,7600
2016-02-11,0.783100,0.800000,0.783100,0.798100,0.798100,7497
2016-02-12,0.806100,0.806100,0.777400,0.777400,0.777400,600
2016-02-16,0.798760,0.798760,0.796900,0.796900,0.796900,2100
2016-02-17,0.820000,0.820000,0.818500,0.820000,0.820000,17395
2016-02-18,0.820500,0.820500,0.820000,0.820000,0.820000,3615
2016-02-19,0.826000,0.874300,0.819900,0.866000,0.866000,40600
2016-02-22,0.894800,0.929500,0.886000,0.929500,0.929500,42200
2016-02-23,0.945000,1.004700,0.935000,0.935000,0.935000,70840
2016-02-24,0.935000,0.956000,0.935000,0.940000,0.940000,10800
2016-02-25,0.940000,0.986400,0.940000,0.980000,0.980000,19400
2016-02-26,1.000000,1.040000,0.980000,1.000000,1.000000,57698
2016-02-29,1.000000,1.076600,1.000000,1.050000,1.050000,61905
2016-03-01,1.050000,1.070000,1.040000,1.050000,1.050000,59320
2016-03-02,1.110000,1.110000,1.077000,1.080000,1.080000,31350
2016-03-03,1.090000,1.150000,1.090000,1.130000,1.130000,53415
2016-03-04,1.120000,1.340300,1.120000,1.310000,1.310000,118990
2016-03-07,1.340000,1.340000,1.270000,1.309000,1.309000,31825
2016-03-08,1.300000,1.300000,1.133300,1.150000,1.150000,44743
2016-03-09,1.186800,1.200000,1.186000,1.195700,1.195700,15600
2016-03-10,1.229700,1.240000,1.194100,1.197600,1.197600,18900
2016-03-11,1.207060,1.220000,1.197000,1.220000,1.220000,13313
2016-03-14,1.293300,1.310000,1.290000,1.290000,1.290000,14100
2016-03-15,1.285400,1.285400,1.270000,1.270000,1.270000,13500
2016-03-16,1.279900,1.279900,1.233100,1.233100,1.233100,1250
2016-03-17,1.270000,1.270000,1.142500,1.142500,1.142500,21833
2016-03-18,1.263000,1.270000,1.238500,1.238500,1.238500,4700
2016-03-21,1.259000,1.259000,1.259000,1.259000,1.259000,100
2016-03-22,1.206900,1.210000,1.200000,1.210000,1.210000,1500
2016-03-23,1.200000,1.200000,1.200000,1.200000,1.200000,2000
2016-03-24,1.149200,1.149200,1.111600,1.112800,1.112800,12324
2016-03-28,1.180000,1.180000,1.180000,1.180000,1.180000,500
2016-03-29,1.150000,1.150000,1.103400,1.103400,1.103400,800
2016-03-30,1.150000,1.170000,1.140000,1.148200,1.148200,4800
2016-03-31,1.154800,1.154800,1.110000,1.110000,1.110000,7183
2016-04-01,1.170000,1.170000,1.140000,1.165900,1.165900,3600
2016-04-04,1.200500,1.310000,1.200500,1.230200,1.230200,17701
2016-04-05,1.250000,1.257600,1.230000,1.230000,1.230000,5000
2016-04-06,1.230000,1.230000,1.230000,1.230000,1.230000,1000
2016-04-07,1.200000,1.200000,1.200000,1.200000,1.200000,1500
2016-04-08,1.190000,1.200100,1.140000,1.151500,1.151500,3775
2016-04-11,1.190000,1.190000,1.190000,1.190000,1.190000,1200
2016-04-12,1.220000,1.220000,1.220000,1.220000,1.220000,2000
2016-04-13,1.200000,1.237400,1.200000,1.237400,1.237400,3750
2016-04-14,1.230000,1.230000,1.230000,1.230000,1.230000,250
2016-04-15,1.200000,1.225700,1.197800,1.225700,1.225700,5000
2016-04-18,1.200000,1.221600,1.167400,1.221600,1.221600,32000
2016-04-19,1.230000,1.230000,1.230000,1.230000,1.230000,42500
2016-04-20,1.200000,1.230000,1.180000,1.230000,1.230000,16000
2016-04-21,1.280000,1.280000,1.250000,1.250000,1.250000,750
2016-04-22,1.250000,1.250000,1.250000,1.250000,1.250000,1080
2016-04-25,1.201500,1.201500,1.201500,1.201500,1.201500,1600
2016-04-26,1.250000,1.250000,1.244000,1.250000,1.250000,6000
2016-04-27,1.200000,1.240000,1.200000,1.240000,1.240000,3452
2016-04-28,1.240000,1.290000,1.240000,1.270000,1.270000,72166
2016-04-29,1.270000,1.272000,1.242500,1.260000,1.260000,19900
2016-05-02,1.260000,1.345200,1.249900,1.345100,1.345100,27400
2016-05-03,1.335000,1.340000,1.261600,1.261600,1.261600,18000
2016-05-04,1.300000,1.300000,1.270000,1.270000,1.270000,2000
2016-05-05,1.230000,1.250700,1.230000,1.250700,1.250700,3080
2016-05-06,1.263800,1.340000,1.263800,1.340000,1.340000,11550
2016-05-09,1.340000,1.366900,1.340000,1.360000,1.360000,13200
2016-05-10,1.332000,1.336000,1.316200,1.316200,1.316200,1524
2016-05-11,1.306000,1.306000,1.306000,1.306000,1.306000,100
2016-05-12,1.328000,1.328000,1.310000,1.310000,1.310000,18266
2016-05-13,1.310000,1.310000,1.300000,1.300000,1.300000,9600
2016-05-16,1.253000,1.280000,1.230000,1.280000,1.280000,12100
2016-05-17,1.270000,1.270000,1.240000,1.240000,1.240000,3300
2016-05-18,1.217000,1.230000,1.210900,1.230000,1.230000,20200
2016-05-19,1.204000,1.209200,1.180000,1.180000,1.180000,5750
2016-05-20,1.200000,1.260000,1.200000,1.200000,1.200000,18650
2016-05-23,1.170000,1.200000,1.170000,1.170000,1.170000,15593
2016-05-24,1.210400,1.210400,1.210400,1.210400,1.210400,2000
2016-05-25,1.175300,1.200000,1.170000,1.200000,1.200000,4500
2016-05-26,1.185700,1.220900,1.158100,1.198300,1.198300,21760
2016-05-27,1.260000,1.262500,1.240000,1.250000,1.250000,10640
2016-05-31,1.357900,1.370000,1.161100,1.161100,1.161100,84926
2016-06-01,1.173000,1.230000,1.173000,1.219600,1.219600,1950
2016-06-02,1.215400,1.256190,1.210000,1.256190,1.256190,40242
2016-06-03,1.280000,1.310000,1.250900,1.302200,1.302200,70694
2016-06-06,1.311300,1.360000,1.311300,1.336300,1.336300,59711
2016-06-07,1.348600,1.352200,1.310000,1.313100,1.313100,6958
2016-06-08,1.281100,1.310000,1.247600,1.291100,1.291100,8626
2016-06-09,1.250000,1.250000,1.250000,1.250000,1.250000,22810
2016-06-10,1.296900,1.346800,1.264900,1.336200,1.336200,34370
2016-06-13,1.300000,1.337900,1.230000,1.230000,1.230000,9304
2016-06-14,1.240000,1.253000,1.150900,1.183500,1.183500,12100
2016-06-15,1.180000,1.266500,1.168600,1.185000,1.185000,14800
2016-06-16,1.166800,1.200000,1.142600,1.200000,1.200000,15596
2016-06-17,1.230000,1.250000,1.180000,1.250000,1.250000,7280
2016-06-20,1.333900,1.420000,1.297900,1.351700,1.351700,16540
2016-06-21,1.331200,1.350000,1.292800,1.320000,1.320000,9000
2016-06-22,1.280000,1.331700,1.280000,1.330000,1.330000,2200
2016-06-23,1.299900,1.324900,1.280000,1.324900,1.324900,2151
2016-06-24,1.240000,1.262200,1.170000,1.190000,1.190000,37200
2016-06-27,1.200000,1.200000,1.160000,1.174600,1.174600,15347
2016-06-28,1.231730,1.243700,1.231730,1.243700,1.243700,1500
2016-06-29,1.190000,1.248200,1.190000,1.248200,1.248200,2199
2016-06-30,1.240000,1.294100,1.240000,1.294100,1.294100,13400
2016-07-01,1.240000,1.300000,1.240000,1.300000,1.300000,200
2016-07-05,1.300000,1.300000,1.116000,1.246500,1.246500,11400
2016-07-06,1.180000,1.250000,1.180000,1.250000,1.250000,5450
2016-07-07,1.193800,1.230000,1.180000,1.180300,1.180300,2500
2016-07-08,1.180900,1.206900,1.121000,1.200000,1.200000,8275
2016-07-11,1.135700,1.135700,1.120000,1.120000,1.120000,1900
2016-07-12,1.124300,1.155500,1.115700,1.155500,1.155500,4100
2016-07-13,1.110000,1.122200,1.083000,1.110100,1.110100,9300
2016-07-14,1.104500,1.110000,1.000000,1.040000,1.040000,13200
2016-07-15,1.123800,1.205900,1.120800,1.194800,1.194800,25462
2016-07-18,1.149100,1.150000,1.126800,1.148200,1.148200,21000
2016-07-19,1.112000,1.150000,1.112000,1.113800,1.113800,4500
2016-07-20,1.050000,1.050000,0.993900,1.014900,1.014900,18200
2016-07-21,1.028300,1.045000,1.028300,1.045000,1.045000,3250
2016-07-22,1.045000,1.045000,1.045000,1.045000,1.045000,0
2016-07-25,1.015000,1.015000,1.010000,1.010000,1.010000,7100
2016-07-26,1.010000,1.069800,1.010000,1.035900,1.035900,11700
2016-07-27,1.010000,1.026100,0.958000,0.975000,0.975000,31200
2016-07-28,0.956000,1.040000,0.956000,0.998200,0.998200,15900
2016-07-29,1.040000,1.090000,1.028000,1.090000,1.090000,13128
2016-08-01,1.090000,1.090000,1.090000,1.090000,1.090000,0
2016-08-02,1.100000,1.110000,1.100000,1.110000,1.110000,5800
2016-08-03,1.070310,1.080300,1.070310,1.080300,1.080300,1000
2016-08-04,1.020000,1.080000,1.020000,1.080000,1.080000,900
2016-08-05,1.080000,1.110000,1.059100,1.098100,1.098100,46300
2016-08-08,1.101790,1.111800,0.990900,1.070000,1.070000,33800
2016-08-09,1.062200,1.062200,1.010000,1.060000,1.060000,21921
2016-08-10,1.040000,1.040800,0.982600,1.010000,1.010000,107300
2016-08-11,0.979000,1.010000,0.979000,0.990300,0.990300,12119
2016-08-12,1.010000,1.010000,0.960600,0.960600,0.960600,8140
2016-08-15,0.966000,0.978700,0.966000,0.978700,0.978700,1400
2016-08-16,0.952360,0.952360,0.925000,0.930000,0.930000,12995
2016-08-17,0.913900,0.942100,0.913900,0.933000,0.933000,17146
2016-08-18,0.907300,1.011100,0.907300,0.998800,0.998800,17045
2016-08-19,1.003990,1.059000,0.985000,1.059000,1.059000,18900
2016-08-22,1.037100,1.060000,1.037100,1.050800,1.050800,2500
2016-08-23,1.060000,1.090000,1.020000,1.050000,1.050000,1700
2016-08-24,1.037310,1.050000,0.949400,1.010000,1.010000,10001
2016-08-25,0.961000,0.964800,0.899300,0.963300,0.963300,26100
2016-08-26,0.920000,0.987800,0.920000,0.987800,0.987800,2500
2016-08-29,0.983500,0.983500,0.916900,0.934700,0.934700,2500
2016-08-30,0.997900,1.026000,0.944600,0.964700,0.964700,10860
2016-08-31,0.919200,0.965060,0.914000,0.950000,0.950000,29620
2016-09-01,0.987000,1.010000,0.950000,0.997400,0.997400,18800
2016-09-02,1.020000,1.040000,0.998500,1.007700,1.007700,15650
2016-09-06,1.010000,1.084000,1.000000,1.080000,1.080000,37241
2016-09-07,1.080000,1.080000,1.020000,1.058100,1.058100,14740
2016-09-08,1.060000,1.060000,1.034900,1.034900,1.034900,7300
2016-09-09,1.040000,1.060000,1.026700,1.050000,1.050000,25800
2016-09-12,0.955400,0.998600,0.917400,0.966100,0.966100,35220
2016-09-13,0.970900,0.982400,0.969500,0.982400,0.982400,1200
2016-09-14,0.983800,1.024200,0.970000,1.024200,1.024200,8000
2016-09-15,1.024900,1.070000,1.024900,1.052600,1.052600,18500
2016-09-16,1.068000,1.150000,1.020000,1.146900,1.146900,12450
2016-09-19,1.153500,1.200000,1.143500,1.200000,1.200000,32540
2016-09-20,1.210000,1.245900,1.200000,1.218500,1.218500,23520
2016-09-21,1.202900,1.224600,1.170000,1.170000,1.170000,8200
2016-09-22,1.170000,1.230400,1.170000,1.226600,1.226600,5820
2016-09-23,1.230000,1.345100,1.210000,1.260000,1.260000,30075
2016-09-26,1.260000,1.300000,1.260000,1.293400,1.293400,18000
2016-09-27,1.279200,1.279200,1.248800,1.250000,1.250000,2800
2016-09-28,1.218000,1.250000,1.218000,1.250000,1.250000,8100
2016-09-29,1.200000,1.253600,1.180000,1.213400,1.213400,17200
2016-09-30,1.225500,1.276400,1.224900,1.270000,1.270000,12600
2016-10-03,1.280000,1.310000,1.259400,1.260000,1.260000,10363
2016-10-04,1.270000,1.280000,1.160000,1.246800,1.246800,36500
2016-10-05,1.250000,1.340000,1.250000,1.330000,1.330000,24850
2016-10-06,1.332200,1.400000,1.267100,1.400000,1.400000,22100
2016-10-07,1.380000,1.404800,1.309200,1.404800,1.404800,15554
2016-10-10,1.370000,1.370000,1.230000,1.250000,1.250000,287640
2016-10-11,1.360000,1.360000,1.230000,1.250000,1.250000,111140
2016-10-12,1.340000,1.340000,1.188600,1.200000,1.200000,218257
2016-10-13,1.220000,1.220000,1.140000,1.180000,1.180000,98700
2016-10-14,1.196100,1.301000,1.196100,1.300000,1.300000,16450
2016-10-17,1.250600,1.250600,1.250600,1.250600,1.250600,300
2016-10-18,1.263800,1.263800,1.260000,1.260800,1.260800,15000
2016-10-19,1.230000,1.270000,1.230000,1.270000,1.270000,11000
2016-10-20,1.280000,1.280000,1.270000,1.270000,1.270000,7400
2016-10-21,1.234200,1.234200,1.234200,1.234200,1.234200,500
2016-10-24,1.264200,1.280000,1.236600,1.280000,1.280000,1200
2016-10-25,1.293100,1.300000,1.255300,1.255300,1.255300,4175
2016-10-26,1.233400,1.233400,1.233400,1.233400,1.233400,10000
2016-10-27,1.233400,1.233400,1.233400,1.233400,1.233400,0
2016-10-28,1.221200,1.273000,1.221200,1.273000,1.273000,900
2016-10-31,1.270000,1.270000,1.190000,1.209200,1.209200,15000
2016-11-01,1.213800,1.226000,1.213800,1.220000,1.220000,7500
2016-11-02,1.222300,1.222300,1.222300,1.222300,1.222300,2300
2016-11-03,1.230000,1.230000,1.230000,1.230000,1.230000,4000
2016-11-04,1.200000,1.200000,1.140000,1.160000,1.160000,9340
2016-11-07,1.300000,1.300000,1.240600,1.240600,1.240600,9475
2016-11-08,1.180000,1.286600,1.140000,1.280800,1.280800,7500
2016-11-09,1.280800,1.280800,1.280800,1.280800,1.280800,0
2016-11-10,1.230000,1.230000,1.230000,1.230000,1.230000,225
2016-11-11,1.251900,1.251900,1.243800,1.243800,1.243800,1000
2016-11-14,1.243800,1.243800,1.243800,1.243800,1.243800,0
2016-11-15,1.238100,1.300000,1.238100,1.300000,1.300000,38565
2016-11-16,1.320000,1.360000,1.320000,1.350000,1.350000,9000
2016-11-17,1.350000,1.350300,1.350000,1.350300,1.350300,700
2016-11-18,1.356400,1.390000,1.340000,1.390000,1.390000,13935
2016-11-21,1.393300,1.457100,1.376200,1.444400,1.444400,12700
2016-11-22,1.463300,1.558300,1.449300,1.558300,1.558300,51890
2016-11-23,1.550000,1.609200,1.550000,1.567000,1.567000,2500
2016-11-25,1.567000,1.567000,1.567000,1.567000,1.567000,0
2016-11-28,1.560000,1.640000,1.547300,1.640000,1.640000,3600
2016-11-29,1.606500,1.606500,1.562300,1.590800,1.590800,5200
2016-11-30,1.620000,1.620000,1.620000,1.620000,1.620000,100
2016-12-01,1.571700,1.571700,1.549700,1.549700,1.549700,7900
2016-12-02,1.530600,1.553800,1.530600,1.553800,1.553800,700
2016-12-05,1.557500,1.557500,1.557500,1.557500,1.557500,500
2016-12-06,1.545600,1.590000,1.499200,1.499200,1.499200,7500
2016-12-07,1.540000,1.550000,1.530600,1.550000,1.550000,22900
2016-12-08,1.580000,1.580000,1.550000,1.550000,1.550000,2200
2016-12-09,1.461500,1.520000,1.458400,1.520000,1.520000,5100
2016-12-12,1.500000,1.543700,1.410000,1.543700,1.543700,15890
2016-12-13,1.498500,1.630000,1.498500,1.630000,1.630000,2160
2016-12-14,1.621100,1.621100,1.552900,1.593500,1.593500,8250
2016-12-15,1.550000,1.550000,1.459400,1.460000,1.460000,14500
2016-12-16,1.440000,1.464500,1.410000,1.450000,1.450000,5450
2016-12-19,1.401500,1.410000,1.340000,1.390000,1.390000,12772
2016-12-20,1.404000,1.420000,1.345700,1.420000,1.420000,2600
2016-12-21,1.410000,1.430000,1.403000,1.428400,1.428400,15900
2016-12-22,1.424000,1.440200,1.400000,1.400000,1.400000,12550
2016-12-23,1.400000,1.400000,1.400000,1.400000,1.400000,0
2016-12-27,1.381600,1.381600,1.381600,1.381600,1.381600,140
2016-12-28,1.360000,1.370000,1.356200,1.370000,1.370000,7000
2016-12-29,1.354200,1.364600,1.308600,1.310000,1.310000,12150
2016-12-30,1.383900,1.460000,1.383900,1.460000,1.460000,11145
2017-01-03,1.443500,1.450000,1.426000,1.450000,1.450000,5700
2017-01-04,1.489100,1.561900,1.489100,1.530000,1.530000,15200
2017-01-05,1.449500,1.541800,1.449500,1.541800,1.541800,10200
2017-01-06,1.534000,1.549300,1.497500,1.530000,1.530000,15400
2017-01-09,1.448200,1.480000,1.448200,1.468500,1.468500,3800
2017-01-10,1.500000,1.500000,1.450000,1.470000,1.470000,7200
2017-01-11,1.437500,1.437500,1.414800,1.414800,1.414800,3600
2017-01-12,1.485900,1.600000,1.485900,1.600000,1.600000,1243
2017-01-13,1.570000,1.580000,1.500000,1.500000,1.500000,9900
2017-01-17,1.523600,1.524000,1.500000,1.500000,1.500000,7100
2017-01-18,1.520000,1.520000,1.520000,1.520000,1.520000,1235
2017-01-19,1.550000,1.550000,1.495800,1.510000,1.510000,11000
2017-01-20,1.529000,1.529000,1.472800,1.506200,1.506200,3730
2017-01-23,1.509600,1.520000,1.475100,1.503300,1.503300,8300
2017-01-24,1.503300,1.503300,1.503300,1.503300,1.503300,0
2017-01-25,1.540300,1.540300,1.500000,1.500000,1.500000,2100
2017-01-26,1.531300,1.580000,1.523600,1.580000,1.580000,34557
2017-01-27,1.552200,1.567400,1.552200,1.567400,1.567400,1000
2017-01-30,1.567400,1.567400,1.567400,1.567400,1.567400,0
2017-01-31,1.539400,1.539800,1.465900,1.507200,1.507200,45400
2017-02-01,1.509000,1.513700,1.509000,1.513700,1.513700,6666
2017-02-02,1.520000,1.520000,1.510000,1.510000,1.510000,2500
2017-02-03,1.522900,1.563000,1.522900,1.562900,1.562900,8150
2017-02-06,1.570000,1.570000,1.570000,1.570000,1.570000,202
2017-02-07,1.516700,1.521500,1.510000,1.510000,1.510000,3908
2017-02-08,1.517700,1.673500,1.517700,1.673500,1.673500,8495
2017-02-09,1.670000,1.690000,1.670000,1.670000,1.670000,6250
2017-02-10,1.690000,1.731700,1.690000,1.720000,1.720000,3133
2017-02-13,1.802000,1.802000,1.792000,1.800000,1.800000,2260
2017-02-14,1.771900,1.910000,1.771900,1.910000,1.910000,7650
2017-02-15,1.900000,1.953100,1.880000,1.950000,1.950000,18830
2017-02-16,1.920000,1.920000,1.864800,1.900000,1.900000,17412
2017-02-17,1.877000,1.900000,1.818800,1.830000,1.830000,24800
2017-02-21,1.830000,1.840000,1.750000,1.820000,1.820000,16584
2017-02-22,1.840000,1.840000,1.815700,1.815700,1.815700,3200
2017-02-23,1.834000,1.850000,1.751000,1.751000,1.751000,7270
2017-02-24,1.740000,1.840000,1.730000,1.840000,1.840000,14840
2017-02-27,1.785900,1.950000,1.785900,1.950000,1.950000,14800
2017-02-28,1.885800,1.961800,1.831000,1.961800,1.961800,19198
2017-03-01,1.950000,1.992100,1.946400,1.980000,1.980000,54500
2017-03-02,1.924900,1.960000,1.843100,1.937900,1.937900,19050
2017-03-03,1.950000,1.950000,1.920000,1.920000,1.920000,600
2017-03-06,2.010800,2.020000,1.895500,1.895500,1.895500,15900
2017-03-07,2.030000,2.030000,1.854000,1.854000,1.854000,45880
2017-03-08,1.866400,1.866400,1.866100,1.866100,1.866100,4000
2017-03-09,1.860000,1.947000,1.825400,1.929200,1.929200,24218
2017-03-10,1.940000,2.138800,1.939700,2.120000,2.120000,39150
2017-03-13,2.150000,2.270000,2.146900,2.222500,2.222500,43781
2017-03-14,2.193100,2.193100,2.137700,2.137700,2.137700,7285
2017-03-15,2.130000,2.158000,2.130000,2.158000,2.158000,6250
2017-03-16,2.097100,2.128800,2.080000,2.128800,2.128800,5760
2017-03-17,2.170000,2.357100,2.170000,2.272700,2.272700,11992
2017-03-20,2.365400,2.490000,2.333700,2.395400,2.395400,29680
2017-03-21,2.435000,2.480000,2.300000,2.300000,2.300000,41381
2017-03-22,2.253900,2.330990,2.070000,2.330990,2.330990,21861
2017-03-23,2.380800,2.540000,2.350000,2.540000,2.540000,8155
2017-03-24,2.560000,2.650000,2.494400,2.505700,2.505700,34700
2017-03-27,2.486300,2.620000,2.380700,2.620000,2.620000,25560
2017-03-28,2.650000,2.709000,2.602700,2.608800,2.608800,7600
2017-03-29,2.707300,2.729100,2.643800,2.696000,2.696000,10462
2017-03-30,2.720000,2.813700,2.720000,2.770000,2.770000,14909
2017-03-31,2.805800,2.820800,2.660000,2.724100,2.724100,98430
2017-04-03,2.680000,2.680000,2.511500,2.594900,2.594900,12950
2017-04-04,2.530000,2.530000,2.460000,2.520900,2.520900,47460
2017-04-05,2.530000,2.530000,2.480000,2.480200,2.480200,3255
2017-04-06,2.500000,2.500000,2.450000,2.450000,2.450000,16000
2017-04-07,2.385300,2.396400,2.208100,2.280000,2.280000,115886
2017-04-10,2.320000,2.320000,2.320000,2.320000,2.320000,800
2017-04-11,2.283600,2.387800,2.282200,2.380300,2.380300,21456
2017-04-12,2.330000,2.330000,2.290800,2.290800,2.290800,20000
2017-04-13,2.279900,2.279900,2.264490,2.264490,2.264490,2660
2017-04-17,2.244600,2.361500,2.244600,2.344700,2.344700,2110
2017-04-18,2.328100,2.335600,2.310000,2.310000,2.310000,14000
2017-04-19,2.290000,2.320000,2.290000,2.290000,2.290000,42970
2017-04-20,2.256000,2.270000,2.232700,2.243300,2.243300,20464
2017-04-21,2.270000,2.270000,2.080000,2.143700,2.143700,39042
2017-04-24,2.120000,2.149700,1.992600,1.992600,1.992600,46240
2017-04-25,1.920500,2.184500,1.879200,2.177100,2.177100,10325
2017-04-26,2.296900,2.329400,2.250000,2.329400,2.329400,39333
2017-04-27,2.250000,2.250000,2.088000,2.100000,2.100000,40433
2017-04-28,2.085300,2.190000,2.080000,2.148400,2.148400,7250
2017-05-01,2.157400,2.201300,2.155600,2.201300,2.201300,25150
2017-05-02,2.184300,2.225700,2.184300,2.197300,2.197300,5830
2017-05-03,2.128100,2.138000,2.000000,2.023300,2.023300,19700
2017-05-04,1.971200,1.971200,1.947600,1.950000,1.950000,8572
2017-05-05,1.962100,2.020800,1.962100,2.020800,2.020800,4450
2017-05-08,2.034100,2.132400,2.020000,2.093100,2.093100,8700
2017-05-09,2.053700,2.053700,2.036500,2.036500,2.036500,7100
2017-05-10,2.034000,2.055500,2.034000,2.050000,2.050000,7375
2017-05-11,1.996700,2.049000,1.995500,2.049000,2.049000,2300
2017-05-12,2.050000,2.058500,2.022600,2.058500,2.058500,3200
2017-05-15,2.052300,2.052300,2.052300,2.052300,2.052300,200
2017-05-16,2.037100,2.060600,2.032900,2.032900,2.032900,11180
2017-05-17,2.000000,2.000000,1.776300,1.839400,1.839400,24320
2017-05-18,1.771570,1.780600,1.687100,1.767000,1.767000,16250
2017-05-19,1.775400,1.840000,1.770000,1.770000,1.770000,7810
2017-05-22,1.780000,1.860000,1.780000,1.860000,1.860000,2284
2017-05-23,1.800000,1.860000,1.800000,1.860000,1.860000,2070
2017-05-24,1.850200,1.855800,1.770000,1.770000,1.770000,9200
2017-05-25,1.742400,1.780000,1.742400,1.779200,1.779200,2535
2017-05-26,1.809200,1.809200,1.727500,1.806840,1.806840,6850
2017-05-30,1.741400,1.750800,1.741400,1.750800,1.750800,10415
2017-05-31,1.580000,1.618400,1.491500,1.540000,1.540000,57309
2017-06-01,1.540000,1.603000,1.524200,1.578700,1.578700,4950
2017-06-02,1.595000,1.760000,1.595000,1.700000,1.700000,58250
2017-06-05,1.637000,1.637000,1.493300,1.493300,1.493300,37950
2017-06-06,1.525000,1.560000,1.450000,1.528000,1.528000,26460
2017-06-07,1.500100,1.542600,1.474200,1.535200,1.535200,10200
2017-06-08,1.497900,1.497900,1.459200,1.459200,1.459200,10500
2017-06-09,1.519000,1.533500,1.470000,1.490000,1.490000,8450
2017-06-12,1.490000,1.490000,1.490000,1.490000,1.490000,0
2017-06-13,1.493900,1.493900,1.493900,1.493900,1.493900,2000
2017-06-14,1.483000,1.599700,1.483000,1.500000,1.500000,4900
2017-06-15,1.490000,1.501500,1.483800,1.501500,1.501500,2170
2017-06-16,1.506100,1.506100,1.506100,1.506100,1.506100,400
2017-06-19,1.547700,1.570000,1.536200,1.566500,1.566500,9750
2017-06-20,1.550000,1.550000,1.540000,1.540000,1.540000,13010
2017-06-21,1.496000,1.496000,1.428000,1.437600,1.437600,16900
2017-06-22,1.440000,1.440000,1.310000,1.346800,1.346800,95550
2017-06-23,1.365500,1.365500,1.300000,1.300000,1.300000,7900
2017-06-26,1.300000,1.318000,1.220000,1.273000,1.273000,46950
2017-06-27,1.304000,1.436000,1.304000,1.436000,1.436000,2900
2017-06-28,1.433000,1.490000,1.430000,1.490000,1.490000,11600
2017-06-29,1.490000,1.490000,1.490000,1.490000,1.490000,0
2017-06-30,1.450300,1.450300,1.450300,1.450300,1.450300,500
2017-07-03,1.450300,1.450300,1.450300,1.450300,1.450300,0
2017-07-05,1.407000,1.407000,1.407000,1.407000,1.407000,2000
2017-07-06,1.407000,1.407000,1.407000,1.407000,1.407000,0
2017-07-07,1.388300,1.439100,1.388300,1.439100,1.439100,2100
2017-07-10,1.440000,1.440000,1.440000,1.440000,1.440000,150
2017-07-11,1.419600,1.478700,1.419600,1.467600,1.467600,13500
2017-07-12,1.458500,1.498100,1.458500,1.492900,1.492900,14650
2017-07-13,1.497700,1.613500,1.497700,1.612500,1.612500,6716
2017-07-14,1.610000,1.634800,1.610000,1.630000,1.630000,14360
2017-07-17,1.646800,1.646800,1.595600,1.610000,1.610000,2600
2017-07-18,1.610000,1.616700,1.595900,1.595900,1.595900,4355
2017-07-19,1.601000,1.630000,1.583700,1.620000,1.620000,5100
2017-07-20,1.563600,1.588300,1.538700,1.538700,1.538700,15850
2017-07-21,1.550000,1.550000,1.509100,1.526300,1.526300,14140
2017-07-24,1.536900,1.536900,1.528000,1.528000,1.528000,5000
2017-07-25,1.507200,1.514300,1.506400,1.514300,1.514300,6750
2017-07-26,1.514300,1.514300,1.514300,1.514300,1.514300,0
2017-07-27,1.500000,1.500000,1.440000,1.440000,1.440000,5695
2017-07-28,1.448700,1.448700,1.368140,1.402600,1.402600,34600
2017-07-31,1.402000,1.403800,1.359500,1.359500,1.359500,20710
2017-08-01,1.370000,1.370000,1.360000,1.360000,1.360000,5400
2017-08-02,1.349900,1.357200,1.349900,1.350000,1.350000,17700
2017-08-03,1.350000,1.350000,1.314600,1.314600,1.314600,5000
2017-08-04,1.309300,1.310000,1.300000,1.300000,1.300000,5480
2017-08-07,1.300000,1.300000,1.300000,1.300000,1.300000,0
2017-08-08,1.260000,1.290000,1.156900,1.185400,1.185400,42245
2017-08-09,1.150400,1.300000,1.135000,1.232000,1.232000,12700
2017-08-10,1.222800,1.222800,1.200000,1.200000,1.200000,3500
2017-08-11,1.200000,1.226200,1.200000,1.226200,1.226200,12975
2017-08-14,1.162100,1.193500,1.162100,1.173000,1.173000,1900
2017-08-15,1.164300,1.164600,1.156500,1.160000,1.160000,2250
2017-08-16,1.200000,1.200000,1.200000,1.200000,1.200000,15000
2017-08-17,1.191200,1.191200,1.170000,1.180000,1.180000,7205
2017-08-18,1.180000,1.200000,1.160000,1.200000,1.200000,18700
2017-08-21,1.170000,1.179400,1.170000,1.179400,1.179400,370
2017-08-22,1.160000,1.160000,1.134300,1.140000,1.140000,5145
2017-08-23,1.198000,1.198000,1.198000,1.198000,1.198000,2000
2017-08-24,1.170000,1.200000,1.146600,1.200000,1.200000,7350
2017-08-25,1.190000,1.220000,1.190000,1.220000,1.220000,47785
2017-08-28,1.170000,1.199800,1.170000,1.196500,1.196500,20421
2017-08-29,1.190000,1.190000,1.190000,1.190000,1.190000,11300
2017-08-30,1.230000,1.319600,1.230000,1.318500,1.318500,6600
2017-08-31,1.320000,1.456000,1.310000,1.451500,1.451500,21530
2017-09-01,1.470000,1.487300,1.450000,1.481200,1.481200,11068
2017-09-05,1.480000,1.580000,1.480000,1.510000,1.510000,39161
2017-09-06,1.500000,1.560000,1.500000,1.560000,1.560000,11500
2017-09-07,1.470000,1.470000,1.436900,1.436900,1.436900,11421
2017-09-08,1.409590,1.433000,1.350000,1.350000,1.350000,32956
2017-09-11,1.437400,1.451900,1.410000,1.418000,1.418000,11850
2017-09-12,1.433100,1.433100,1.374200,1.374200,1.374200,2500
2017-09-13,1.350000,1.355200,1.340000,1.340800,1.340800,23300
2017-09-14,1.340800,1.340800,1.340800,1.340800,1.340800,0
2017-09-15,1.350000,1.350000,1.350000,1.350000,1.350000,700
2017-09-18,1.401000,1.403800,1.400000,1.403800,1.403800,4700
2017-09-19,1.421800,1.421800,1.421800,1.421800,1.421800,1010
2017-09-20,1.400000,1.400100,1.400000,1.400000,1.400000,2500
2017-09-21,1.400000,1.400000,1.400000,1.400000,1.400000,0
2017-09-22,1.350000,1.363000,1.349500,1.349500,1.349500,4200
2017-09-25,1.350000,1.374800,1.330000,1.360000,1.360000,15900
2017-09-26,1.329000,1.329000,1.329000,1.329000,1.329000,2000
2017-09-27,1.293000,1.300000,1.246000,1.246000,1.246000,11200
2017-09-28,1.265900,1.300000,1.218100,1.297000,1.297000,15800
2017-09-29,1.292000,1.300000,1.273000,1.273000,1.273000,15300
2017-10-02,1.273000,1.273000,1.273000,1.273000,1.273000,0
2017-10-03,1.350000,1.360000,1.350000,1.360000,1.360000,7000
2017-10-04,1.397200,1.414500,1.341000,1.341000,1.341000,8214
2017-10-05,1.291600,1.291600,1.291600,1.291600,1.291600,2000
2017-10-06,1.302690,1.320000,1.270800,1.280000,1.280000,13746
2017-10-09,1.260000,1.260000,1.260000,1.260000,1.260000,2400
2017-10-10,1.277600,1.280000,1.260000,1.260000,1.260000,6237
2017-10-11,1.232500,1.232500,1.190000,1.190000,1.190000,9200
2017-10-12,1.176000,1.176000,1.170000,1.170000,1.170000,5400
2017-10-13,1.177000,1.178000,1.170000,1.170000,1.170000,21000
2017-10-16,1.180000,1.230000,1.180000,1.230000,1.230000,4000
2017-10-17,1.230400,1.257000,1.200000,1.256800,1.256800,8521
2017-10-18,1.260000,1.260000,1.260000,1.260000,1.260000,1100
2017-10-19,1.230000,1.230000,1.230000,1.230000,1.230000,100
2017-10-20,1.378300,1.398700,1.350000,1.398700,1.398700,45600
2017-10-23,1.388600,1.388600,1.334000,1.334000,1.334000,2600
2017-10-24,1.340000,1.340000,1.291700,1.296700,1.296700,5230
2017-10-25,1.290000,1.320800,1.290000,1.320800,1.320800,2500
2017-10-26,1.290000,1.290000,1.250000,1.263200,1.263200,12350
2017-10-27,1.298400,1.310400,1.250000,1.310400,1.310400,5100
2017-10-30,1.321700,1.321700,1.287600,1.304000,1.304000,7100
2017-10-31,1.290000,1.290100,1.246000,1.246000,1.246000,15450
2017-11-01,1.299200,1.299200,1.221100,1.237100,1.237100,6200
2017-11-02,1.200000,1.211990,1.170300,1.179000,1.179000,9700
2017-11-03,1.179000,1.179000,1.179000,1.179000,1.179000,0
2017-11-06,1.145000,1.168000,1.119300,1.168000,1.168000,19450
2017-11-07,1.180000,1.200000,1.180000,1.200000,1.200000,25850
2017-11-08,1.160200,1.240200,1.160200,1.240200,1.240200,5815
2017-11-09,1.240200,1.240200,1.240200,1.240200,1.240200,0
2017-11-10,1.250000,1.310000,1.250000,1.296100,1.296100,6325
2017-11-13,1.300000,1.301900,1.251300,1.251300,1.251300,8000
2017-11-14,1.298500,1.380000,1.220400,1.220400,1.220400,44750
2017-11-15,1.290000,1.300000,1.267700,1.280000,1.280000,19350
2017-11-16,1.330000,1.330000,1.304500,1.312800,1.312800,12225
2017-11-17,1.330000,1.350000,1.316000,1.320000,1.320000,33247
2017-11-20,1.325100,1.325100,1.266300,1.266800,1.266800,2100
2017-11-21,1.250000,1.250000,1.208700,1.208700,1.208700,19400
2017-11-22,1.225000,1.225000,1.225000,1.225000,1.225000,2915
2017-11-24,1.229100,1.230000,1.194800,1.200000,1.200000,25700
2017-11-27,1.150000,1.170000,1.134500,1.155300,1.155300,25600
2017-11-28,1.136000,1.151400,1.126900,1.149600,1.149600,21370
2017-11-29,1.154700,1.154700,1.057200,1.062000,1.062000,48800
2017-11-30,1.070000,1.088200,1.030000,1.088200,1.088200,36777
2017-12-01,1.099300,1.200000,1.099300,1.200000,1.200000,8620
2017-12-04,1.203100,1.210000,1.130000,1.130000,1.130000,7200
2017-12-05,1.150000,1.150000,1.150000,1.150000,1.150000,1700
2017-12-06,1.188800,1.188800,1.188800,1.188800,1.188800,500
2017-12-07,1.134200,1.140800,1.104800,1.132800,1.132800,33600
2017-12-08,1.130000,1.134200,1.118000,1.131100,1.131100,26540
2017-12-11,1.140000,1.140000,1.107700,1.116100,1.116100,9650
2017-12-12,1.140000,1.140000,1.120000,1.120000,1.120000,3770
2017-12-13,1.120000,1.220000,1.092200,1.220000,1.220000,19604
2017-12-14,1.226300,1.240000,1.174800,1.187700,1.187700,13492
2017-12-15,1.240000,1.240000,1.172600,1.172600,1.172600,4475
2017-12-18,1.123600,1.160100,1.120000,1.156900,1.156900,4150
2017-12-19,1.165800,1.165800,1.100000,1.114100,1.114100,16065
2017-12-20,1.101500,1.129900,1.070000,1.129900,1.129900,70420
2017-12-21,1.102800,1.102800,1.091000,1.092100,1.092100,19340
2017-12-22,1.150000,1.150000,1.145000,1.145000,1.145000,8997
2017-12-26,1.140000,1.160000,1.100000,1.160000,1.160000,900
2017-12-27,1.124700,1.130000,1.124700,1.130000,1.130000,1415
2017-12-28,1.122900,1.130000,1.120600,1.123600,1.123600,3100
2017-12-29,1.096400,1.160000,1.088300,1.160000,1.160000,8900
2018-01-02,1.130000,1.176400,1.130000,1.176400,1.176400,6645
2018-01-03,1.150000,1.165400,1.120000,1.150000,1.150000,16687
2018-01-04,1.169000,1.169000,1.120000,1.120000,1.120000,2821
2018-01-05,1.096000,1.170000,1.096000,1.150000,1.150000,65390
2018-01-08,1.120000,1.145200,1.110990,1.120000,1.120000,13030
2018-01-09,1.060000,1.070000,1.060000,1.063700,1.063700,6550
2018-01-10,1.105400,1.130000,1.050000,1.050000,1.050000,28860
2018-01-11,1.072200,1.119900,1.048600,1.119900,1.119900,4600
2018-01-12,1.070900,1.070900,1.070900,1.070900,1.070900,2000
2018-01-16,1.059300,1.070000,1.059300,1.070000,1.070000,600
2018-01-17,1.052600,1.052600,1.048400,1.048400,1.048400,3401
2018-01-18,1.050000,1.050000,1.010000,1.040000,1.040000,2382
2018-01-19,1.050000,1.050000,1.021000,1.021000,1.021000,7000
2018-01-22,1.033000,1.055300,1.020000,1.020000,1.020000,14501
2018-01-23,1.005700,1.010000,0.964400,0.968000,0.968000,160453
2018-01-24,0.939400,0.939400,0.858700,0.870990,0.870990,15360
2018-01-25,0.898800,1.007000,0.898800,0.988800,0.988800,17020
2018-01-26,1.010000,1.050000,0.996900,1.050000,1.050000,14800
2018-01-29,1.010000,1.010000,0.970200,0.978830,0.978830,13500
2018-01-30,0.931500,1.050000,0.931500,1.019000,1.019000,6050
2018-01-31,1.011100,1.019200,1.011100,1.019200,1.019200,5000
2018-02-01,1.023400,1.023400,1.010100,1.010100,1.010100,10200
2018-02-02,1.010000,1.020000,1.001600,1.001600,1.001600,8000
2018-02-05,1.013100,1.013100,0.899600,0.915000,0.915000,10105
2018-02-06,0.915000,0.915000,0.861700,0.914200,0.914200,6380
2018-02-07,0.850000,0.900000,0.837000,0.900000,0.900000,32650
2018-02-08,0.843200,0.860000,0.843200,0.860000,0.860000,1200
2018-02-09,0.822300,0.845000,0.815800,0.845000,0.845000,5225
2018-02-12,0.845000,0.868100,0.840000,0.860000,0.860000,17157
2018-02-13,0.875700,0.875700,0.875700,0.875700,0.875700,300
2018-02-14,0.954400,0.980000,0.946600,0.962400,0.962400,10269
2018-02-15,0.959000,0.959000,0.958700,0.958700,0.958700,500
2018-02-16,0.909000,0.909000,0.890000,0.890000,0.890000,20000
2018-02-20,0.883400,0.883400,0.883400,0.883400,0.883400,294
2018-02-21,0.828200,0.829570,0.800000,0.811800,0.811800,56500
2018-02-22,0.848950,0.848950,0.848900,0.848900,0.848900,4000
2018-02-23,0.851200,0.908600,0.851200,0.873800,0.873800,6200
2018-02-26,0.830400,0.853000,0.830400,0.853000,0.853000,3100
2018-02-27,0.875000,0.875000,0.875000,0.875000,0.875000,1000
2018-02-28,0.869090,0.869090,0.869090,0.869090,0.869090,1000
2018-03-01,0.824000,0.824000,0.824000,0.824000,0.824000,470
2018-03-02,0.837800,0.912600,0.837800,0.900000,0.900000,16800
2018-03-05,0.888600,0.888600,0.772000,0.775000,0.775000,32950
2018-03-06,0.790700,0.840200,0.785000,0.840200,0.840200,9460
2018-03-07,0.874300,0.874300,0.850000,0.850000,0.850000,2377
2018-03-08,0.880000,0.880000,0.879000,0.880000,0.880000,13000
2018-03-09,0.844600,0.893800,0.835700,0.879600,0.879600,14900
2018-03-12,0.892600,0.892600,0.880800,0.886000,0.886000,3215
2018-03-13,0.880000,0.891800,0.867250,0.891800,0.891800,17000
2018-03-14,0.891240,0.891240,0.891240,0.891240,0.891240,200
2018-03-15,0.843450,0.873280,0.843450,0.873280,0.873280,10100
2018-03-16,0.867400,0.868790,0.867400,0.868790,0.868790,4410
2018-03-19,0.875000,0.886000,0.870000,0.886000,0.886000,8600
2018-03-20,0.870000,0.870000,0.870000,0.870000,0.870000,4800
2018-03-21,0.870000,0.870000,0.870000,0.870000,0.870000,0
2018-03-22,0.929100,1.090000,0.924000,1.080000,1.080000,25700
2018-03-23,1.088600,1.100000,0.976000,0.976000,0.976000,28500
2018-03-26,0.981000,1.020000,0.971600,1.020000,1.020000,31068
2018-03-27,1.014900,1.019600,0.973000,0.973000,0.973000,4300
2018-03-28,0.973000,0.973000,0.973000,0.973000,0.973000,0
2018-03-29,0.947890,0.963500,0.947890,0.950000,0.950000,11100
2018-04-02,0.960000,0.960000,0.957000,0.957000,0.957000,2100
2018-04-03,0.971800,0.971800,0.939400,0.939400,0.939400,14000
2018-04-04,0.940500,0.945000,0.940500,0.943700,0.943700,4100
2018-04-05,0.924100,0.940000,0.924100,0.940000,0.940000,310
2018-04-06,0.946100,0.946100,0.937000,0.937000,0.937000,6300
2018-04-09,0.937000,0.937000,0.937000,0.937000,0.937000,0
2018-04-10,0.907200,0.923000,0.907200,0.920000,0.920000,26200
2018-04-11,0.926000,0.926000,0.926000,0.926000,0.926000,400
2018-04-12,0.860400,0.890000,0.844500,0.853000,0.853000,22095
2018-04-13,0.850400,0.854300,0.831700,0.854300,0.854300,6100
2018-04-16,0.850600,0.850600,0.830800,0.840600,0.840600,8603
2018-04-17,0.854000,0.872300,0.835500,0.870300,0.870300,15125
2018-04-18,0.888600,0.896600,0.888600,0.889600,0.889600,3300
2018-04-19,0.889600,0.889600,0.889600,0.889600,0.889600,0
2018-04-20,0.884100,0.884100,0.884100,0.884100,0.884100,2750
2018-04-23,0.869000,0.869000,0.854000,0.854000,0.854000,4237
2018-04-24,0.853000,0.853000,0.853000,0.853000,0.853000,600
2018-04-25,0.847000,0.850000,0.847000,0.850000,0.850000,1515
2018-04-26,0.850000,0.850000,0.850000,0.850000,0.850000,0
2018-04-27,0.850000,0.850000,0.850000,0.850000,0.850000,0
2018-04-30,0.841600,0.841600,0.800000,0.806400,0.806400,16584
2018-05-01,0.791640,0.791640,0.791640,0.791640,0.791640,8545
2018-05-02,0.779200,0.795800,0.681300,0.681300,0.681300,30000
2018-05-03,0.600000,0.749400,0.600000,0.749400,0.749400,16300
2018-05-04,0.736000,0.736000,0.719000,0.719000,0.719000,2913
2018-05-07,0.719000,0.719000,0.719000,0.719000,0.719000,0
2018-05-08,0.684000,0.684000,0.684000,0.684000,0.684000,4000
2018-05-09,0.664900,0.702090,0.664900,0.690000,0.690000,11200
2018-05-10,0.722200,0.722200,0.701000,0.701000,0.701000,5800
2018-05-11,0.704200,0.704200,0.704200,0.704200,0.704200,200
2018-05-14,0.717900,0.717900,0.696600,0.696600,0.696600,2121
2018-05-15,0.696600,0.696600,0.696600,0.696600,0.696600,0
2018-05-16,0.686100,0.690000,0.686100,0.690000,0.690000,1500
2018-05-17,0.690000,0.707300,0.690000,0.707300,0.707300,22085
2018-05-18,0.703000,0.737200,0.703000,0.737200,0.737200,7200
2018-05-21,0.737200,0.737200,0.737200,0.737200,0.737200,0
2018-05-22,0.780000,0.780100,0.780000,0.780100,0.780100,5000
2018-05-23,0.776200,0.776200,0.776200,0.776200,0.776200,8000
2018-05-24,0.776200,0.776200,0.776200,0.776200,0.776200,0
2018-05-25,0.741300,0.759700,0.741300,0.759700,0.759700,6300
2018-05-29,0.696130,0.696130,0.690000,0.690000,0.690000,5000
2018-05-30,0.696000,0.696000,0.696000,0.696000,0.696000,1000
2018-05-31,0.686800,0.686800,0.638800,0.650000,0.650000,22700
2018-06-01,0.630000,0.630000,0.630000,0.630000,0.630000,300
2018-06-04,0.630000,0.630000,0.630000,0.630000,0.630000,0
2018-06-05,0.663780,0.663780,0.658900,0.660000,0.660000,8000
2018-06-06,0.660000,0.660100,0.644900,0.644900,0.644900,25727
2018-06-07,0.646400,0.660000,0.646400,0.660000,0.660000,3850
2018-06-08,0.660000,0.660000,0.660000,0.660000,0.660000,0
2018-06-11,0.607800,0.620000,0.596000,0.620000,0.620000,14000
2018-06-12,0.604100,0.619600,0.566000,0.566000,0.566000,21029
2018-06-13,0.560100,0.560100,0.560100,0.560100,0.560100,500
2018-06-14,0.561210,0.561210,0.530000,0.531400,0.531400,31894
2018-06-15,0.531400,0.531400,0.531400,0.531400,0.531400,0
2018-06-18,0.549900,0.557500,0.524200,0.524200,0.524200,6646
2018-06-19,0.524200,0.524200,0.524200,0.524200,0.524200,0
2018-06-20,0.513260,0.518300,0.484000,0.500000,0.500000,11550
2018-06-21,0.495320,0.495320,0.490000,0.490000,0.490000,8000
2018-06-22,0.508100,0.508100,0.496900,0.501900,0.501900,12300
2018-06-25,0.501900,0.501900,0.501900,0.501900,0.501900,0
2018-06-26,0.501900,0.501900,0.501900,0.501900,0.501900,0
2018-06-27,0.501900,0.501900,0.501900,0.501900,0.501900,0
2018-06-28,0.572500,0.572500,0.545800,0.545800,0.545800,6000
2018-06-29,0.545800,0.545800,0.545800,0.545800,0.545800,0
2018-07-02,0.545800,0.545800,0.545800,0.545800,0.545800,0
2018-07-03,0.545800,0.545800,0.545800,0.545800,0.545800,0
2018-07-05,0.572500,0.573000,0.572500,0.573000,0.573000,4500
2018-07-06,0.576000,0.576000,0.576000,0.576000,0.576000,1000
2018-07-09,0.576000,0.576000,0.576000,0.576000,0.576000,0
2018-07-10,0.576000,0.576000,0.576000,0.576000,0.576000,0
2018-07-11,0.544000,0.544000,0.515800,0.523360,0.523360,6200
2018-07-12,0.535900,0.535900,0.513500,0.513500,0.513500,6200
2018-07-13,0.513500,0.513500,0.513500,0.513500,0.513500,0
2018-07-16,0.513500,0.513500,0.513500,0.513500,0.513500,0
2018-07-17,0.530000,0.530000,0.530000,0.530000,0.530000,1000
2018-07-18,0.535100,0.557900,0.535100,0.557900,0.557900,4000
2018-07-19,0.547080,0.547080,0.523200,0.523200,0.523200,10200
2018-07-20,0.553000,0.553000,0.546600,0.546600,0.546600,732
2018-07-23,0.551000,0.551000,0.537700,0.537700,0.537700,14900
2018-07-24,0.541910,0.558000,0.541910,0.558000,0.558000,7200
2018-07-25,0.570000,0.570000,0.570000,0.570000,0.570000,1000
2018-07-26,0.570000,0.570000,0.570000,0.570000,0.570000,0
2018-07-27,0.570000,0.570000,0.570000,0.570000,0.570000,0
2018-07-30,0.651800,0.680000,0.651800,0.680000,0.680000,13700
2018-07-31,0.685710,0.685710,0.685710,0.685710,0.685710,1000
2018-08-01,0.695000,0.697900,0.695000,0.697900,0.697900,8000
2018-08-02,0.695000,0.695000,0.689000,0.690000,0.690000,2500
2018-08-03,0.695900,0.720000,0.695900,0.719320,0.719320,14000
2018-08-06,0.754450,0.757000,0.700000,0.710470,0.710470,19298
2018-08-07,0.700000,0.700000,0.700000,0.700000,0.700000,1000
2018-08-08,0.700000,0.704380,0.685000,0.704380,0.704380,3200
2018-08-09,0.704380,0.704380,0.704380,0.704380,0.704380,0
2018-08-10,0.683800,0.683900,0.683800,0.683900,0.683900,6678
2018-08-13,0.660000,0.660000,0.660000,0.660000,0.660000,3000
2018-08-14,0.670000,0.670000,0.665000,0.665000,0.665000,2000
2018-08-15,0.656200,0.660000,0.656200,0.660000,0.660000,3000
2018-08-16,0.660000,0.660000,0.660000,0.660000,0.660000,0
2018-08-17,0.641290,0.641290,0.633700,0.633700,0.633700,6000
2018-08-20,0.644620,0.650000,0.644620,0.650000,0.650000,10550
2018-08-21,0.643540,0.643540,0.643540,0.643540,0.643540,100
2018-08-22,0.672000,0.672000,0.672000,0.672000,0.672000,2200
2018-08-23,0.690300,0.690300,0.690300,0.690300,0.690300,500
2018-08-24,0.690300,0.690300,0.690300,0.690300,0.690300,0
2018-08-27,0.699000,0.700000,0.699000,0.700000,0.700000,2000
2018-08-28,0.700000,0.700000,0.700000,0.700000,0.700000,0
2018-08-29,0.671100,0.681100,0.671100,0.681100,0.681100,450
2018-08-30,0.585000,0.595000,0.550000,0.550000,0.550000,25600
2018-08-31,0.542700,0.542700,0.537700,0.537700,0.537700,1600
2018-09-04,0.551000,0.551000,0.550000,0.550000,0.550000,2500
2018-09-05,0.516040,0.516040,0.516040,0.516040,0.516040,1750
2018-09-06,0.516040,0.516040,0.516040,0.516040,0.516040,0
2018-09-07,0.516040,0.516040,0.516040,0.516040,0.516040,0
2018-09-10,0.510000,0.520000,0.480000,0.480000,0.480000,28825
2018-09-11,0.487190,0.487190,0.487190,0.487190,0.487190,1000
2018-09-12,0.516800,0.521800,0.516800,0.521800,0.521800,10500
2018-09-13,0.519300,0.521800,0.519300,0.521800,0.521800,1500
2018-09-14,0.501400,0.501400,0.501400,0.501400,0.501400,500
2018-09-17,0.500000,0.500000,0.480000,0.480000,0.480000,32250
2018-09-18,0.452500,0.452500,0.452500,0.452500,0.452500,1000
2018-09-19,0.450000,0.450000,0.450000,0.450000,0.450000,1000
2018-09-20,0.430000,0.441080,0.430000,0.441080,0.441080,3500
2018-09-21,0.443900,0.443900,0.437800,0.437800,0.437800,5450
2018-09-24,0.441600,0.441600,0.441600,0.441600,0.441600,2100
2018-09-25,0.459400,0.459400,0.459400,0.459400,0.459400,100
2018-09-26,0.459400,0.459400,0.459400,0.459400,0.459400,0
2018-09-27,0.459400,0.459400,0.459400,0.459400,0.459400,0
2018-09-28,0.449040,0.449040,0.413900,0.413900,0.413900,9100
2018-10-01,0.432800,0.433800,0.400000,0.433800,0.433800,5200
2018-10-02,0.433800,0.433800,0.433800,0.433800,0.433800,0
2018-10-03,0.530000,0.530000,0.497800,0.497800,0.497800,3100
2018-10-04,0.590000,0.590000,0.590000,0.590000,0.590000,2500
2018-10-05,0.594500,0.622000,0.583100,0.585000,0.585000,13350
2018-10-08,0.600000,0.600000,0.600000,0.600000,0.600000,700
2018-10-09,0.600000,0.653300,0.596900,0.653300,0.653300,9573
2018-10-10,0.660000,0.660000,0.630000,0.630000,0.630000,2500
2018-10-11,0.630000,0.630000,0.630000,0.630000,0.630000,0
2018-10-12,0.562900,0.562900,0.501510,0.501510,0.501510,25700
2018-10-15,0.531980,0.531980,0.531980,0.531980,0.531980,1200
2018-10-16,0.572000,0.577810,0.560000,0.560000,0.560000,4000
2018-10-17,0.582900,0.582900,0.582900,0.582900,0.582900,2137
2018-10-18,0.582900,0.582900,0.582900,0.582900,0.582900,0
2018-10-19,0.582900,0.582900,0.582900,0.582900,0.582900,0
2018-10-22,0.582900,0.582900,0.582900,0.582900,0.582900,0
2018-10-23,0.553100,0.553100,0.553100,0.553100,0.553100,500
2018-10-24,0.519550,0.519660,0.501000,0.501000,0.501000,3500
2018-10-25,0.501000,0.501000,0.501000,0.501000,0.501000,0
2018-10-26,0.472460,0.481490,0.472460,0.481490,0.481490,900
2018-10-29,0.490000,0.490000,0.490000,0.490000,0.490000,1025
2018-10-30,0.490000,0.490000,0.490000,0.490000,0.490000,0
2018-10-31,0.476600,0.476600,0.410000,0.410000,0.410000,6500
2018-11-01,0.410000,0.410000,0.410000,0.410000,0.410000,0
2018-11-02,0.410000,0.410000,0.410000,0.410000,0.410000,0
2018-11-05,0.445640,0.445640,0.445640,0.445640,0.445640,3000
2018-11-06,0.426200,0.426200,0.426200,0.426200,0.426200,3000
2018-11-07,0.427370,0.427370,0.427370,0.427370,0.427370,400
2018-11-08,0.427000,0.427000,0.427000,0.427000,0.427000,20000
2018-11-09,0.426000,0.426000,0.419000,0.419000,0.419000,7265
2018-11-12,0.419000,0.419000,0.419000,0.419000,0.419000,0
2018-11-13,0.419000,0.419000,0.419000,0.419000,0.419000,0
2018-11-14,0.419000,0.419000,0.419000,0.419000,0.419000,0
2018-11-15,0.419000,0.419000,0.419000,0.419000,0.419000,0
2018-11-16,0.390000,0.392000,0.390000,0.392000,0.392000,20000
2018-11-19,0.391000,0.391000,0.390000,0.391000,0.391000,6645
2018-11-20,0.399820,0.399820,0.399820,0.399820,0.399820,1000
2018-11-21,0.406120,0.406120,0.399000,0.399000,0.399000,11034
2018-11-23,0.399000,0.399000,0.399000,0.399000,0.399000,0
2018-11-26,0.333000,0.333000,0.317500,0.317500,0.317500,11510
2018-11-27,0.320000,0.320000,0.315100,0.315100,0.315100,2300
2018-11-28,0.303400,0.319100,0.303400,0.316300,0.316300,13938
2018-11-29,0.316300,0.316300,0.316300,0.316300,0.316300,0
2018-11-30,0.320000,0.340700,0.314000,0.340700,0.340700,7000
2018-12-03,0.335600,0.335600,0.335600,0.335600,0.335600,200
2018-12-04,0.330600,0.330600,0.312800,0.326600,0.326600,22500
2018-12-06,0.305000,0.310000,0.305000,0.310000,0.310000,1400
2018-12-07,0.296000,0.296000,0.278000,0.278000,0.278000,4000
2018-12-10,0.313300,0.313300,0.304000,0.308470,0.308470,8100
2018-12-11,0.308470,0.308470,0.308470,0.308470,0.308470,0
2018-12-12,0.320000,0.320000,0.320000,0.320000,0.320000,300
2018-12-13,0.320000,0.320000,0.320000,0.320000,0.320000,0
2018-12-14,0.320000,0.320000,0.320000,0.320000,0.320000,0
2018-12-17,0.262500,0.282400,0.261000,0.265000,0.265000,7725
2018-12-18,0.280000,0.282300,0.262100,0.262100,0.262100,13200
2018-12-19,0.267900,0.275000,0.267900,0.274590,0.274590,1010
2018-12-20,0.263400,0.267000,0.240000,0.257600,0.257600,60100
2018-12-21,0.260500,0.260500,0.235100,0.236000,0.236000,4375
2018-12-24,0.240000,0.245000,0.240000,0.245000,0.245000,6400
2018-12-26,0.245000,0.245000,0.245000,0.245000,0.245000,0
2018-12-27,0.246910,0.283000,0.246910,0.283000,0.283000,26000
2018-12-28,0.283000,0.286200,0.283000,0.286200,0.286200,5500
2018-12-31,0.292700,0.299350,0.280800,0.280800,0.280800,4500
2019-01-02,0.280800,0.280800,0.280800,0.280800,0.280800,0
2019-01-03,0.280800,0.280800,0.280800,0.280800,0.280800,0
2019-01-04,0.359000,0.359000,0.359000,0.359000,0.359000,3000
2019-01-07,0.370580,0.370580,0.370580,0.370580,0.370580,2490
2019-01-08,0.370580,0.370580,0.370580,0.370580,0.370580,0
2019-01-09,0.370580,0.370580,0.370580,0.370580,0.370580,0
2019-01-10,0.370580,0.370580,0.370580,0.370580,0.370580,0
2019-01-11,0.346650,0.370000,0.346650,0.370000,0.370000,26396
2019-01-14,0.352500,0.352500,0.352500,0.352500,0.352500,1000
2019-01-15,0.342200,0.342200,0.342000,0.342000,0.342000,19870
2019-01-16,0.309200,0.329000,0.309200,0.329000,0.329000,6000
2019-01-17,0.340000,0.340000,0.340000,0.340000,0.340000,3000
2019-01-18,0.350100,0.350100,0.337000,0.337000,0.337000,2500
2019-01-22,0.337000,0.337000,0.337000,0.337000,0.337000,0
2019-01-23,0.332800,0.357900,0.332800,0.355400,0.355400,15000
2019-01-24,0.360700,0.360700,0.360700,0.360700,0.360700,3000
2019-01-25,0.372700,0.395200,0.369200,0.391200,0.391200,107953
2019-01-28,0.376500,0.376500,0.329800,0.339500,0.339500,97590
2019-01-29,0.357000,0.364300,0.357000,0.360000,0.360000,45000
2019-01-30,0.370060,0.373500,0.312700,0.325100,0.325100,49500
2019-01-31,0.352000,0.352000,0.352000,0.352000,0.352000,6547
2019-02-01,0.370000,0.370000,0.328000,0.346400,0.346400,37000
2019-02-04,0.364500,0.365100,0.345200,0.345200,0.345200,16100
2019-02-05,0.310000,0.312000,0.310000,0.312000,0.312000,5500
2019-02-06,0.323500,0.345800,0.323500,0.333300,0.333300,87500
2019-02-07,0.359000,0.393000,0.352500,0.355400,0.355400,115000
2019-02-08,0.387200,0.394000,0.348700,0.375000,0.375000,119825
2019-02-11,0.378000,0.408000,0.378000,0.408000,0.408000,74400
2019-02-12,0.419160,0.425640,0.407500,0.425640,0.425640,101000
2019-02-13,0.415000,0.423750,0.415000,0.423750,0.423750,3000
2019-02-14,0.420000,0.420000,0.402500,0.411400,0.411400,13500
2019-02-15,0.409100,0.420200,0.409100,0.420200,0.420200,1301
2019-02-19,0.409200,0.409200,0.390000,0.396200,0.396200,13000
2019-02-20,0.390000,0.422800,0.390000,0.422800,0.422800,5000
2019-02-21,0.422800,0.422800,0.422800,0.422800,0.422800,0
2019-02-22,0.367400,0.384340,0.367300,0.384340,0.384340,13000
2019-02-25,0.326700,0.383100,0.326700,0.347000,0.347000,27700
2019-02-26,0.334000,0.345240,0.334000,0.345240,0.345240,1500
2019-02-27,0.340000,0.342560,0.310000,0.342560,0.342560,10000
2019-02-28,0.384200,0.394420,0.368300,0.368300,0.368300,15370
2019-03-01,0.388400,0.388400,0.360000,0.360000,0.360000,31350
2019-03-04,0.380000,0.380000,0.349000,0.365000,0.365000,13000
2019-03-05,0.376510,0.420000,0.361900,0.417000,0.417000,128470
2019-03-06,0.384000,0.386100,0.384000,0.386100,0.386100,2000
2019-03-07,0.404320,0.404320,0.404320,0.404320,0.404320,1000
2019-03-08,0.408060,0.408060,0.408060,0.408060,0.408060,300
2019-03-11,0.362600,0.393000,0.362600,0.393000,0.393000,4500
2019-03-12,0.393000,0.393000,0.393000,0.393000,0.393000,0
2019-03-13,0.393000,0.393000,0.393000,0.393000,0.393000,0
2019-03-14,0.378300,0.393300,0.377350,0.393300,0.393300,27300
2019-03-15,0.380000,0.380000,0.380000,0.380000,0.380000,6500
2019-03-18,0.371000,0.374750,0.370000,0.370000,0.370000,9235
2019-03-19,0.378090,0.378090,0.378090,0.378090,0.378090,1000
2019-03-20,0.370000,0.379000,0.354000,0.379000,0.379000,14000
2019-03-21,0.351000,0.376600,0.351000,0.374680,0.374680,9500
2019-03-22,0.350300,0.357480,0.350000,0.357480,0.357480,20700
2019-03-25,0.354900,0.354900,0.339000,0.346470,0.346470,5500
2019-03-26,0.354600,0.354600,0.334100,0.350000,0.350000,4000
2019-03-27,0.357200,0.357200,0.357200,0.357200,0.357200,500
2019-03-28,0.310000,0.323340,0.300000,0.323340,0.323340,28000
2019-03-29,0.354700,0.354700,0.354700,0.354700,0.354700,500
2019-04-01,0.308700,0.309100,0.301000,0.307200,0.307200,14450
2019-04-02,0.309000,0.316500,0.309000,0.316500,0.316500,4900
2019-04-03,0.326000,0.326000,0.326000,0.326000,0.326000,500
2019-04-04,0.305000,0.318000,0.305000,0.318000,0.318000,900
2019-04-05,0.318960,0.318960,0.300000,0.310440,0.310440,10400
2019-04-08,0.314750,0.314750,0.314750,0.314750,0.314750,500
2019-04-09,0.299500,0.312640,0.297600,0.312640,0.312640,21000
2019-04-10,0.317640,0.319140,0.298900,0.309100,0.309100,4000
2019-04-11,0.288890,0.289000,0.281400,0.281400,0.281400,18035
2019-04-12,0.299200,0.299200,0.299200,0.299200,0.299200,500
2019-04-15,0.308900,0.308900,0.308900,0.308900,0.308900,500
2019-04-16,0.308900,0.308900,0.308900,0.308900,0.308900,0
2019-04-17,0.308900,0.308900,0.308900,0.308900,0.308900,0
2019-04-18,0.286700,0.289740,0.261700,0.261700,0.261700,11000
2019-04-22,0.261700,0.261700,0.261700,0.261700,0.261700,0
2019-04-23,0.256460,0.258500,0.256460,0.258500,0.258500,2490
2019-04-24,0.269000,0.269000,0.248000,0.248000,0.248000,1750
2019-04-25,0.239100,0.242860,0.223610,0.223610,0.223610,27900
2019-04-26,0.224000,0.243000,0.224000,0.243000,0.243000,25000
2019-04-29,0.244300,0.244300,0.244300,0.244300,0.244300,6000
2019-04-30,0.241100,0.253810,0.241100,0.253810,0.253810,100500
2019-05-01,0.252500,0.252500,0.243500,0.243500,0.243500,7500
2019-05-02,0.243500,0.243500,0.243500,0.243500,0.243500,0
2019-05-03,0.264100,0.264100,0.264100,0.264100,0.264100,500
2019-05-06,0.264100,0.264100,0.264100,0.264100,0.264100,0
2019-05-07,0.264100,0.264100,0.264100,0.264100,0.264100,0
2019-05-08,0.220000,0.247000,0.220000,0.247000,0.247000,32500
2019-05-09,0.247000,0.247000,0.247000,0.247000,0.247000,0
2019-05-10,0.247000,0.247000,0.247000,0.247000,0.247000,0
2019-05-13,0.247000,0.247000,0.247000,0.247000,0.247000,0
2019-05-14,0.233100,0.233100,0.233100,0.233100,0.233100,285
2019-05-15,0.227900,0.227900,0.220000,0.224600,0.224600,54200
2019-05-16,0.236900,0.236900,0.211000,0.229400,0.229400,18200
2019-05-17,0.212000,0.241400,0.212000,0.241400,0.241400,700
2019-05-20,0.263900,0.270900,0.263900,0.270900,0.270900,615
2019-05-21,0.270900,0.270900,0.270900,0.270900,0.270900,0
2019-05-22,0.270900,0.270900,0.270900,0.270900,0.270900,0
2019-05-23,0.270900,0.270900,0.270900,0.270900,0.270900,0
2019-05-24,0.219000,0.225800,0.219000,0.225800,0.225800,4317
2019-05-28,0.224100,0.227700,0.165000,0.176300,0.176300,154150
2019-05-29,0.176300,0.176300,0.176300,0.176300,0.176300,0
2019-05-30,0.176300,0.176300,0.176300,0.176300,0.176300,0
2019-05-31,0.172100,0.189700,0.172100,0.187060,0.187060,51500
2019-06-03,0.187060,0.187060,0.187060,0.187060,0.187060,0
2019-06-04,0.187000,0.194130,0.171400,0.184700,0.184700,59450
2019-06-05,0.183500,0.183500,0.150600,0.158100,0.158100,153600
2019-06-06,0.162400,0.162400,0.151200,0.151500,0.151500,150055
2019-06-07,0.150000,0.156290,0.148500,0.148500,0.148500,58000
2019-06-10,0.148500,0.148500,0.148500,0.148500,0.148500,0
2019-06-11,0.148500,0.148500,0.148500,0.148500,0.148500,0
2019-06-12,0.139840,0.139840,0.139840,0.139840,0.139840,800
2019-06-13,0.130000,0.140360,0.127300,0.140360,0.140360,8310
2019-06-14,0.140360,0.140360,0.140360,0.140360,0.140360,0
2019-06-17,0.139980,0.139980,0.126000,0.129000,0.129000,9850
2019-06-18,0.136400,0.150800,0.136400,0.150800,0.150800,25000
2019-06-19,0.148000,0.175000,0.148000,0.175000,0.175000,40600
2019-06-20,0.172400,0.175800,0.168600,0.172500,0.172500,12000
2019-06-21,0.154000,0.164100,0.150100,0.164100,0.164100,7000
2019-06-24,0.172400,0.172400,0.161100,0.161100,0.161100,10500
2019-06-25,0.150100,0.170000,0.150100,0.170000,0.170000,10400
2019-06-26,0.170000,0.170000,0.170000,0.170000,0.170000,0
2019-06-27,0.170000,0.170000,0.170000,0.170000,0.170000,0
2019-06-28,0.170000,0.170000,0.170000,0.170000,0.170000,0
2019-07-01,0.170000,0.170000,0.170000,0.170000,0.170000,0
2019-07-02,0.168600,0.168600,0.168600,0.168600,0.168600,1000
2019-07-03,0.168600,0.168600,0.168600,0.168600,0.168600,0
2019-07-05,0.168600,0.168600,0.168600,0.168600,0.168600,0
2019-07-08,0.161800,0.170040,0.154450,0.170040,0.170040,5500
2019-07-09,0.169500,0.169500,0.169500,0.169500,0.169500,2000
2019-07-10,0.190000,0.190000,0.190000,0.190000,0.190000,500
2019-07-11,0.176400,0.176400,0.175000,0.175000,0.175000,12650
2019-07-12,0.178840,0.205000,0.178840,0.201300,0.201300,20450
2019-07-15,0.205900,0.205900,0.205900,0.205900,0.205900,5000
2019-07-16,0.205000,0.219000,0.200000,0.219000,0.219000,36680
2019-07-17,0.208300,0.219400,0.205000,0.205000,0.205000,14400
2019-07-18,0.219850,0.223400,0.214740,0.214740,0.214740,14646
2019-07-19,0.211800,0.211800,0.210000,0.210000,0.210000,14150
2019-07-22,0.210000,0.210000,0.210000,0.210000,0.210000,0
2019-07-23,0.210000,0.210000,0.210000,0.210000,0.210000,0
2019-07-24,0.210000,0.210000,0.210000,0.210000,0.210000,0
2019-07-25,0.208000,0.208000,0.207000,0.207000,0.207000,59500
2019-07-26,0.208100,0.208100,0.208100,0.208100,0.208100,6000
2019-07-29,0.202370,0.208900,0.195700,0.195700,0.195700,14600
2019-07-30,0.196000,0.196000,0.185100,0.195900,0.195900,3600
2019-07-31,0.182100,0.202200,0.174100,0.202200,0.202200,60000
2019-08-01,0.191000,0.191000,0.191000,0.191000,0.191000,800
2019-08-02,0.191000,0.191000,0.191000,0.191000,0.191000,0
2019-08-05,0.228200,0.228200,0.228200,0.228200,0.228200,200
2019-08-06,0.210900,0.210900,0.210900,0.210900,0.210900,3510
2019-08-07,0.170000,0.200000,0.170000,0.197100,0.197100,5310
2019-08-08,0.197100,0.197100,0.197100,0.197100,0.197100,0
2019-08-09,0.197100,0.197100,0.197100,0.197100,0.197100,0
2019-08-12,0.201950,0.201950,0.192900,0.192900,0.192900,4460
2019-08-13,0.170000,0.170000,0.170000,0.170000,0.170000,7190
2019-08-14,0.162680,0.173400,0.160000,0.160000,0.160000,14365
2019-08-15,0.112100,0.145200,0.112100,0.145200,0.145200,10200
2019-08-16,0.167000,0.167000,0.150600,0.150600,0.150600,10400
2019-08-19,0.150600,0.150600,0.150600,0.150600,0.150600,0
2019-08-20,0.161200,0.167000,0.161200,0.167000,0.167000,3500
2019-08-21,0.170000,0.170000,0.170000,0.170000,0.170000,1500
2019-08-22,0.170000,0.170000,0.170000,0.170000,0.170000,3575
2019-08-23,0.170000,0.170000,0.170000,0.170000,0.170000,0
2019-08-26,0.170000,0.170000,0.170000,0.170000,0.170000,0
2019-08-27,0.128850,0.131700,0.119000,0.123000,0.123000,173000
2019-08-28,0.119000,0.120100,0.119000,0.120100,0.120100,5200
2019-08-29,0.120100,0.120100,0.120100,0.120100,0.120100,0
2019-08-30,0.121000,0.122500,0.116500,0.117100,0.117100,64940
2019-09-03,0.112000,0.116000,0.112000,0.116000,0.116000,4000
2019-09-04,0.135110,0.135110,0.135000,0.135000,0.135000,13050
2019-09-05,0.122700,0.122700,0.119000,0.119000,0.119000,9500
2019-09-06,0.117800,0.120000,0.115200,0.115200,0.115200,27100
2019-09-09,0.090000,0.090000,0.090000,0.090000,0.090000,8500
2019-09-10,0.084800,0.084800,0.080000,0.080000,0.080000,13500
2019-09-11,0.054200,0.080000,0.054200,0.080000,0.080000,102460
2019-09-12,0.080000,0.080000,0.080000,0.080000,0.080000,40102
2019-09-13,0.080000,0.080000,0.080000,0.080000,0.080000,0
2019-09-16,0.092500,0.092500,0.085700,0.085700,0.085700,31000
2019-09-17,0.100000,0.110000,0.100000,0.102000,0.102000,15620
2019-09-18,0.102000,0.102000,0.102000,0.102000,0.102000,0
2019-09-19,0.110200,0.110200,0.110200,0.110200,0.110200,500
2019-09-20,0.096800,0.110000,0.091100,0.110000,0.110000,16136
2019-09-23,0.085500,0.085500,0.085500,0.085500,0.085500,4000
2019-09-24,0.081200,0.090550,0.081200,0.081200,0.081200,37700
2019-09-25,0.087800,0.087800,0.087800,0.087800,0.087800,5000
2019-09-26,0.087800,0.087800,0.087800,0.087800,0.087800,0
2019-09-27,0.087800,0.087800,0.087800,0.087800,0.087800,0
2019-09-30,0.073000,0.073000,0.073000,0.073000,0.073000,1200
2019-10-01,0.070600,0.070600,0.070600,0.070600,0.070600,1000
2019-10-02,0.070600,0.070600,0.070600,0.070600,0.070600,0
2019-10-03,0.072500,0.072500,0.072500,0.072500,0.072500,380
2019-10-04,0.072500,0.072500,0.072500,0.072500,0.072500,0
2019-10-07,0.078700,0.078700,0.078700,0.078700,0.078700,1000
2019-10-08,0.078700,0.078700,0.078700,0.078700,0.078700,0
2019-10-09,0.078700,0.078700,0.078700,0.078700,0.078700,0
2019-10-10,0.078700,0.078700,0.078700,0.078700,0.078700,0
2019-10-11,0.092000,0.092000,0.092000,0.092000,0.092000,3500
2019-10-14,0.092000,0.092000,0.092000,0.092000,0.092000,0
2019-10-15,0.099800,0.099800,0.099800,0.099800,0.099800,1630
2019-10-16,0.099800,0.099800,0.099800,0.099800,0.099800,0
2019-10-17,0.099800,0.099800,0.099800,0.099800,0.099800,0
2019-10-18,0.100000,0.103000,0.100000,0.103000,0.103000,22170
2019-10-21,0.115000,0.115000,0.100000,0.100000,0.100000,11400
2019-10-22,0.100000,0.100000,0.100000,0.100000,0.100000,0
2019-10-23,0.182000,0.190000,0.155500,0.155500,0.155500,61000
2019-10-24,0.161000,0.163000,0.148000,0.160000,0.160000,190500
2019-10-25,0.160000,0.160900,0.149500,0.154990,0.154990,93500
2019-10-28,0.159300,0.159300,0.159300,0.159300,0.159300,4000
2019-10-29,0.171000,0.171000,0.169910,0.170000,0.170000,15700
2019-10-30,0.160000,0.164400,0.160000,0.164400,0.164400,2000
2019-10-31,0.163490,0.163490,0.155000,0.160000,0.160000,33400
2019-11-01,0.160000,0.160000,0.150000,0.159900,0.159900,49000
2019-11-04,0.159900,0.159900,0.159900,0.159900,0.159900,0
2019-11-05,0.159900,0.159900,0.159900,0.159900,0.159900,0
2019-11-06,0.159900,0.159900,0.159900,0.159900,0.159900,0
2019-11-07,0.159900,0.159900,0.159900,0.159900,0.159900,0
2019-11-08,0.159900,0.159900,0.159900,0.159900,0.159900,0
2019-11-11,0.159900,0.159900,0.159900,0.159900,0.159900,0
2019-11-12,0.147410,0.155000,0.147100,0.155000,0.155000,78500
2019-11-13,0.155000,0.155000,0.155000,0.155000,0.155000,3000
2019-11-14,0.185900,0.185900,0.180000,0.180000,0.180000,7700
2019-11-15,0.206000,0.206000,0.198120,0.198200,0.198200,5500
2019-11-18,0.201700,0.221400,0.201700,0.214600,0.214600,15037
2019-11-19,0.207000,0.217300,0.199100,0.199100,0.199100,1900
2019-11-20,0.231000,0.265800,0.231000,0.255000,0.255000,64376
2019-11-21,0.247300,0.247300,0.247300,0.247300,0.247300,500
2019-11-22,0.247300,0.247300,0.247300,0.247300,0.247300,0
2019-11-25,0.237180,0.237180,0.219000,0.219000,0.219000,3065
2019-11-26,0.224000,0.224000,0.224000,0.224000,0.224000,500
2019-11-27,0.216090,0.230000,0.216090,0.230000,0.230000,1500
2019-11-29,0.230000,0.230000,0.230000,0.230000,0.230000,0
2019-12-02,0.202000,0.205500,0.195800,0.205500,0.205500,12000
2019-12-03,0.191400,0.201200,0.190200,0.201200,0.201200,9000
2019-12-04,0.201200,0.201200,0.201200,0.201200,0.201200,0
2019-12-05,0.201200,0.201200,0.201200,0.201200,0.201200,0
2019-12-06,0.163000,0.174500,0.162000,0.162000,0.162000,1025
2019-12-09,0.180000,0.180000,0.177500,0.177500,0.177500,1500
2019-12-10,0.157500,0.157500,0.157500,0.157500,0.157500,9000
2019-12-11,0.168300,0.202250,0.168300,0.200000,0.200000,10500
2019-12-12,0.176600,0.204720,0.176600,0.204720,0.204720,1500
2019-12-13,0.199800,0.203000,0.199800,0.203000,0.203000,2000
2019-12-16,0.203000,0.203000,0.203000,0.203000,0.203000,0
2019-12-17,0.199500,0.199500,0.199500,0.199500,0.199500,500
2019-12-18,0.208300,0.208300,0.208300,0.208300,0.208300,500
2019-12-19,0.215830,0.234350,0.214000,0.234350,0.234350,8800
2019-12-20,0.250000,0.255000,0.250000,0.255000,0.255000,3380
2019-12-23,0.270000,0.280000,0.268720,0.268820,0.268820,26014
2019-12-24,0.244600,0.290000,0.244600,0.279000,0.279000,7100
2019-12-26,0.279000,0.279000,0.279000,0.279000,0.279000,0
2019-12-27,0.269400,0.269600,0.266340,0.266340,0.266340,6500
2019-12-30,0.285000,0.285000,0.266000,0.279390,0.279390,8000
2019-12-31,0.272610,0.272610,0.272600,0.272600,0.272600,1500
2020-01-02,0.272600,0.272600,0.272600,0.272600,0.272600,0
2020-01-03,0.272600,0.272600,0.272600,0.272600,0.272600,0
2020-01-06,0.272600,0.272600,0.272600,0.272600,0.272600,0
2020-01-07,0.272600,0.285000,0.272600,0.279500,0.279500,3000
2020-01-08,0.275000,0.275000,0.272600,0.272600,0.272600,20800
2020-01-09,0.268500,0.276590,0.268500,0.276590,0.276590,3400
2020-01-10,0.272200,0.279700,0.258600,0.271100,0.271100,35300
2020-01-13,0.271100,0.271100,0.271100,0.271100,0.271100,0
2020-01-14,0.246300,0.270000,0.246300,0.270000,0.270000,1200
2020-01-15,0.260000,0.266000,0.260000,0.266000,0.266000,9500
2020-01-16,0.259150,0.259150,0.259150,0.259150,0.259150,1000
2020-01-17,0.259150,0.259150,0.259150,0.259150,0.259150,0
2020-01-21,0.285200,0.292990,0.278000,0.290000,0.290000,13400
2020-01-22,0.395100,0.402000,0.355500,0.357900,0.357900,36231
2020-01-23,0.378000,0.385100,0.372600,0.385100,0.385100,3760
2020-01-24,0.391000,0.405100,0.391000,0.405100,0.405100,31285
2020-01-27,0.400000,0.412200,0.389540,0.412200,0.412200,46715
2020-01-28,0.413000,0.413000,0.398600,0.407500,0.407500,28260
2020-01-29,0.419740,0.420000,0.411200,0.411200,0.411200,3502
2020-01-30,0.450000,0.450000,0.388880,0.396890,0.396890,17317
2020-01-31,0.396860,0.396860,0.377800,0.377900,0.377900,32125
2020-02-03,0.373600,0.402000,0.373600,0.380000,0.380000,41679
2020-02-04,0.386100,0.404500,0.384400,0.403900,0.403900,16939
2020-02-05,0.388900,0.389000,0.388900,0.389000,0.389000,2000
2020-02-06,0.383100,0.408900,0.380000,0.408900,0.408900,45000
2020-02-07,0.408900,0.408900,0.408900,0.408900,0.408900,0
2020-02-10,0.391370,0.395900,0.378900,0.382600,0.382600,10359
2020-02-11,0.369000,0.378100,0.366400,0.378100,0.378100,8847
2020-02-12,0.359400,0.401700,0.359400,0.387400,0.387400,7800
2020-02-13,0.394100,0.394100,0.394100,0.394100,0.394100,500
2020-02-14,0.383370,0.383370,0.383370,0.383370,0.383370,100
2020-02-18,0.371980,0.378400,0.371980,0.373700,0.373700,3136
2020-02-19,0.380000,0.385000,0.371450,0.371450,0.371450,24850
2020-02-20,0.369900,0.379690,0.369900,0.379690,0.379690,1600
2020-02-21,0.372500,0.380000,0.372500,0.377400,0.377400,14200
2020-02-24,0.377400,0.377400,0.377400,0.377400,0.377400,0
2020-02-25,0.378800,0.378800,0.350850,0.355200,0.355200,12100
2020-02-26,0.350100,0.364500,0.349200,0.352240,0.352240,42886
2020-02-27,0.350000,0.371000,0.348200,0.371000,0.371000,7007
2020-02-28,0.314700,0.314700,0.270000,0.284950,0.284950,25686
2020-03-02,0.308700,0.321100,0.304000,0.318420,0.318420,26305
2020-03-03,0.323200,0.353000,0.320000,0.326080,0.326080,9152
2020-03-04,0.330000,0.334790,0.300000,0.319100,0.319100,48068
2020-03-05,0.302090,0.312200,0.300500,0.300600,0.300600,43000
2020-03-06,0.291000,0.300000,0.291000,0.300000,0.300000,3500
2020-03-09,0.318830,0.320000,0.269050,0.273100,0.273100,35252
2020-03-10,0.267000,0.280000,0.267000,0.280000,0.280000,8106
2020-03-11,0.288310,0.296000,0.283450,0.294300,0.294300,15153
2020-03-12,0.255290,0.255290,0.210700,0.248950,0.248950,10600
2020-03-13,0.248950,0.248950,0.248950,0.248950,0.248950,0
2020-03-16,0.230000,0.230000,0.200000,0.204500,0.204500,52900
2020-03-17,0.215000,0.223000,0.215000,0.223000,0.223000,1100
2020-03-18,0.222000,0.222000,0.222000,0.222000,0.222000,28600
2020-03-19,0.219450,0.219450,0.219450,0.219450,0.219450,300
2020-03-20,0.235000,0.235000,0.212900,0.212900,0.212900,29400
2020-03-23,0.178500,0.202700,0.173500,0.198790,0.198790,11450
2020-03-24,0.198790,0.198790,0.198790,0.198790,0.198790,0
2020-03-25,0.212800,0.229000,0.198000,0.216750,0.216750,38046
2020-03-26,0.216750,0.216750,0.216750,0.216750,0.216750,0
2020-03-27,0.245000,0.245000,0.218800,0.223500,0.223500,2750
2020-03-30,0.245900,0.245900,0.245900,0.245900,0.245900,500
2020-03-31,0.247250,0.259000,0.239180,0.239180,0.239180,3200
2020-04-01,0.239180,0.239180,0.239180,0.239180,0.239180,0
2020-04-02,0.249400,0.249400,0.220200,0.220200,0.220200,2500
2020-04-03,0.219400,0.222000,0.219400,0.222000,0.222000,5000
2020-04-06,0.245000,0.245000,0.245000,0.245000,0.245000,500
2020-04-07,0.245000,0.245000,0.245000,0.245000,0.245000,0
2020-04-08,0.245000,0.245000,0.245000,0.245000,0.245000,0
2020-04-09,0.244700,0.244700,0.230700,0.230700,0.230700,20653
2020-04-13,0.205500,0.230000,0.205500,0.229100,0.229100,20130
2020-04-14,0.210000,0.227860,0.210000,0.227860,0.227860,1800
2020-04-15,0.227860,0.227860,0.227860,0.227860,0.227860,0
2020-04-16,0.209700,0.230000,0.209700,0.219500,0.219500,16900
2020-04-17,0.210000,0.229900,0.210000,0.229900,0.229900,1600
2020-04-20,0.229900,0.229900,0.229900,0.229900,0.229900,0
2020-04-21,0.294000,0.295000,0.257700,0.277900,0.277900,175900
2020-04-22,0.287000,0.315000,0.285000,0.301400,0.301400,106340
2020-04-23,0.300000,0.300000,0.269100,0.294600,0.294600,30219
2020-04-24,0.295650,0.317320,0.280490,0.310000,0.310000,28200
2020-04-27,0.380000,0.380000,0.327200,0.342080,0.342080,271280
2020-04-28,0.346360,0.346360,0.313040,0.328890,0.328890,109405
2020-04-29,0.328800,0.328800,0.323360,0.327950,0.327950,72000
2020-04-30,0.326900,0.399060,0.326900,0.391800,0.391800,325257
2020-05-01,0.394100,0.407200,0.365000,0.407200,0.407200,129882
2020-05-04,0.410000,0.410000,0.399850,0.403000,0.403000,37536
2020-05-05,0.410000,0.413280,0.387360,0.409390,0.409390,56500
2020-05-06,0.409100,0.436710,0.400000,0.433300,0.433300,147437
2020-05-07,0.450000,0.450000,0.430000,0.439370,0.439370,181429
2020-05-08,0.432460,0.440000,0.404790,0.420100,0.420100,191913
2020-05-11,0.407500,0.424420,0.394500,0.409500,0.409500,60226
2020-05-12,0.416400,0.418070,0.360000,0.380000,0.380000,83779
2020-05-13,0.390000,0.390000,0.371500,0.386690,0.386690,23542
2020-05-14,0.382200,0.393400,0.364100,0.393400,0.393400,117227
2020-05-15,0.386000,0.420500,0.375000,0.420500,0.420500,41810
2020-05-18,0.469000,0.520000,0.449000,0.500000,0.500000,80723
2020-05-19,0.422860,0.450000,0.417000,0.450000,0.450000,230208
2020-05-20,0.452000,0.460000,0.441600,0.444750,0.444750,47833
2020-05-21,0.440000,0.440000,0.420000,0.426220,0.426220,25500
2020-05-22,0.436400,0.490000,0.436400,0.481200,0.481200,99579
2020-05-26,0.517700,0.534000,0.505000,0.524000,0.524000,66646
2020-05-27,0.500000,0.548900,0.491190,0.542510,0.542510,191349
2020-05-28,0.556610,0.658700,0.554840,0.605510,0.605510,412502
2020-05-29,0.599240,0.635600,0.596900,0.635600,0.635600,252017
2020-06-01,0.644000,0.661300,0.630500,0.651600,0.651600,129964
2020-06-02,0.618230,0.651950,0.590000,0.625960,0.625960,156632
2020-06-03,0.649800,0.663020,0.610000,0.649500,0.649500,109958
2020-06-04,0.607490,0.633500,0.603120,0.620000,0.620000,24888
2020-06-05,0.620850,0.636880,0.614300,0.635600,0.635600,39895
2020-06-08,0.644700,0.646800,0.616130,0.640700,0.640700,79480
2020-06-09,0.620050,0.620050,0.562030,0.586640,0.586640,85863
2020-06-10,0.580000,0.596000,0.580000,0.596000,0.596000,40900
2020-06-11,0.590000,0.590000,0.505400,0.533750,0.533750,198910