Date,Open,High,Low,Close,Adj Close,Volume
2018-06-04,4.197000,4.197000,4.197000,4.197000,4.197000,1000
2018-06-05,4.058000,4.060000,4.058000,4.060000,4.060000,500
2018-06-06,4.060000,4.060000,4.060000,4.060000,4.060000,0
2018-06-07,4.060000,4.060000,4.060000,4.060000,4.060000,0
2018-06-08,4.060000,4.060000,4.060000,4.060000,4.060000,0
2018-06-11,4.114000,4.191000,4.114000,4.191000,4.191000,1219
2018-06-12,4.191000,4.191000,4.191000,4.191000,4.191000,0
2018-06-13,4.191000,4.191000,4.191000,4.191000,4.191000,0
2018-06-14,4.191000,4.191000,4.191000,4.191000,4.191000,0
2018-06-15,4.191000,4.191000,4.191000,4.191000,4.191000,0
2018-06-18,4.191000,4.191000,4.191000,4.191000,4.191000,0
2018-06-19,4.191000,4.191000,4.191000,4.191000,4.191000,0
2018-06-20,4.191000,4.191000,4.191000,4.191000,4.191000,0
2018-06-21,3.759000,3.759000,3.759000,3.759000,3.759000,700
2018-06-22,3.759000,3.759000,3.759000,3.759000,3.759000,0
2018-06-25,3.759000,3.759000,3.759000,3.759000,3.759000,0
2018-06-26,3.759000,3.759000,3.759000,3.759000,3.759000,0
2018-06-27,3.759000,3.759000,3.759000,3.759000,3.759000,0
2018-06-28,3.759000,3.759000,3.759000,3.759000,3.759000,0
2018-06-29,3.759000,3.759000,3.759000,3.759000,3.759000,0
2018-07-02,3.759000,3.759000,3.759000,3.759000,3.759000,0
2018-07-03,3.759000,3.759000,3.759000,3.759000,3.759000,0
2018-07-05,3.759000,3.759000,3.759000,3.759000,3.759000,0
2018-07-06,3.759000,3.759000,3.759000,3.759000,3.759000,0
2018-07-09,3.759000,3.759000,3.759000,3.759000,3.759000,0
2018-07-10,3.759000,3.759000,3.759000,3.759000,3.759000,0
2018-07-11,3.759000,3.759000,3.759000,3.759000,3.759000,0
2018-07-12,3.759000,3.759000,3.759000,3.759000,3.759000,0
2018-07-13,3.759000,3.759000,3.759000,3.759000,3.759000,0
2018-07-16,3.759000,3.759000,3.759000,3.759000,3.759000,0
2018-07-17,4.047000,4.047000,4.047000,4.047000,4.047000,200
2018-07-18,4.047000,4.047000,4.047000,4.047000,4.047000,0
2018-07-19,4.047000,4.047000,4.047000,4.047000,4.047000,0
2018-07-20,4.047000,4.047000,4.047000,4.047000,4.047000,0
2018-07-23,4.047000,4.047000,4.047000,4.047000,4.047000,0
2018-07-24,4.047000,4.047000,4.047000,4.047000,4.047000,0
2018-07-25,4.047000,4.047000,4.047000,4.047000,4.047000,0
2018-07-26,4.257000,4.257000,4.257000,4.257000,4.257000,2000
2018-07-27,4.257000,4.257000,4.257000,4.257000,4.257000,0
2018-07-30,4.257000,4.257000,4.257000,4.257000,4.257000,0
2018-07-31,4.257000,4.257000,4.257000,4.257000,4.257000,0
2018-08-01,4.257000,4.257000,4.257000,4.257000,4.257000,0
2018-08-02,4.257000,4.257000,4.257000,4.257000,4.257000,0
2018-08-03,4.257000,4.257000,4.257000,4.257000,4.257000,0
2018-08-06,4.257000,4.257000,4.257000,4.257000,4.257000,0
2018-08-07,4.257000,4.257000,4.257000,4.257000,4.257000,0
2018-08-08,4.257000,4.257000,4.257000,4.257000,4.257000,0
2018-08-09,4.257000,4.257000,4.257000,4.257000,4.257000,0
2018-08-10,4.257000,4.257000,4.257000,4.257000,4.257000,0
2018-08-13,4.257000,4.257000,4.257000,4.257000,4.257000,0
2018-08-14,4.712000,4.712000,4.712000,4.712000,4.712000,50
2018-08-15,4.712000,4.712000,4.712000,4.712000,4.712000,0
2018-08-16,4.712000,4.712000,4.712000,4.712000,4.712000,0
2018-08-17,4.485000,4.485000,4.485000,4.485000,4.485000,100
2018-08-20,4.485000,4.485000,4.485000,4.485000,4.485000,0
2018-08-21,4.485000,4.485000,4.485000,4.485000,4.485000,0
2018-08-22,4.700000,4.700000,4.700000,4.700000,4.700000,1718
2018-08-23,4.700000,4.700000,4.494000,4.494000,4.494000,700
2018-08-24,4.494000,4.494000,4.494000,4.494000,4.494000,0
2018-08-27,4.600000,4.600000,4.600000,4.600000,4.600000,1000
2018-08-28,4.600000,4.600000,4.600000,4.600000,4.600000,0
2018-08-29,4.600000,4.600000,4.600000,4.600000,4.600000,0
2018-08-30,4.600000,4.600000,4.600000,4.600000,4.600000,0
2018-08-31,4.600000,5.100000,4.600000,5.100000,5.100000,100
2018-09-04,4.275000,4.275000,4.275000,4.275000,4.275000,114
2018-09-05,4.275000,4.275000,4.275000,4.275000,4.275000,0
2018-09-06,4.275000,4.275000,4.275000,4.275000,4.275000,0
2018-09-07,4.275000,4.275000,4.275000,4.275000,4.275000,0
2018-09-10,4.300000,4.300000,3.772000,4.200000,4.200000,12200
2018-09-11,4.200000,4.200000,4.200000,4.200000,4.200000,0
2018-09-12,3.877000,3.877000,3.500000,3.500000,3.500000,2025
2018-09-13,3.333000,3.333000,3.333000,3.333000,3.333000,12
2018-09-14,3.333000,3.333000,3.333000,3.333000,3.333000,0
2018-09-17,3.300000,3.300000,3.300000,3.300000,3.300000,1000
2018-09-18,3.300000,3.300000,3.300000,3.300000,3.300000,0
2018-09-19,3.300000,3.300000,3.300000,3.300000,3.300000,0
2018-09-20,3.440000,3.440000,2.900000,2.900000,2.900000,1454
2018-09-21,3.400000,3.400000,3.400000,3.400000,3.400000,1500
2018-09-24,3.400000,3.400000,3.400000,3.400000,3.400000,0
2018-09-25,2.800000,2.800000,2.723000,2.750000,2.750000,2000
2018-09-26,2.750000,2.750000,2.750000,2.750000,2.750000,0
2018-09-27,2.750000,2.750000,2.750000,2.750000,2.750000,0
2018-09-28,2.750000,2.750000,2.750000,2.750000,2.750000,0
2018-10-01,2.750000,2.750000,2.750000,2.750000,2.750000,0
2018-10-02,2.750000,2.750000,2.750000,2.750000,2.750000,0
2018-10-03,2.750000,2.750000,2.750000,2.750000,2.750000,0
2018-10-04,2.900000,2.900000,2.900000,2.900000,2.900000,100
2018-10-05,2.800000,2.800000,2.800000,2.800000,2.800000,500
2018-10-08,2.800000,2.800000,2.800000,2.800000,2.800000,0
2018-10-09,2.800000,2.800000,2.800000,2.800000,2.800000,0
2018-10-10,2.800000,2.800000,2.800000,2.800000,2.800000,0
2018-10-11,3.000000,3.000000,3.000000,3.000000,3.000000,250
2018-10-12,3.000000,3.000000,3.000000,3.000000,3.000000,0
2018-10-15,3.000000,3.000000,3.000000,3.000000,3.000000,0
2018-10-16,3.000000,3.000000,3.000000,3.000000,3.000000,0
2018-10-17,3.000000,3.000000,3.000000,3.000000,3.000000,0
2018-10-18,3.000000,3.000000,3.000000,3.000000,3.000000,0
2018-10-19,3.000000,3.000000,3.000000,3.000000,3.000000,0
2018-10-22,3.000000,3.000000,3.000000,3.000000,3.000000,0
2018-10-23,3.000000,3.000000,3.000000,3.000000,3.000000,0
2018-10-24,2.810000,2.810000,2.810000,2.810000,2.810000,1000
2018-10-25,2.800000,2.800000,2.800000,2.800000,2.800000,15900
2018-10-26,2.843000,2.850000,2.843000,2.850000,2.850000,250
2018-10-29,2.800000,2.800000,2.800000,2.800000,2.800000,4100
2018-10-30,2.800000,2.800000,2.800000,2.800000,2.800000,0
2018-10-31,2.700000,2.700000,2.700000,2.700000,2.700000,1000
2018-11-01,2.700000,2.700000,2.700000,2.700000,2.700000,0
2018-11-02,2.700000,2.700000,2.700000,2.700000,2.700000,0
2018-11-05,2.700000,2.700000,2.700000,2.700000,2.700000,0
2018-11-06,2.700000,2.700000,2.700000,2.700000,2.700000,0
2018-11-07,2.700000,2.700000,2.700000,2.700000,2.700000,0
2018-11-08,2.700000,2.700000,2.700000,2.700000,2.700000,0
2018-11-09,2.700000,2.700000,2.700000,2.700000,2.700000,0
2018-11-12,2.500000,2.500000,2.500000,2.500000,2.500000,2000
2018-11-13,2.500000,2.500000,2.500000,2.500000,2.500000,0
2018-11-14,2.500000,2.500000,2.500000,2.500000,2.500000,0
2018-11-15,2.500000,2.500000,2.500000,2.500000,2.500000,0
2018-11-16,2.599000,2.634000,2.450000,2.634000,2.634000,1395
2018-11-19,2.634000,2.634000,2.634000,2.634000,2.634000,0
2018-11-20,2.634000,2.634000,2.634000,2.634000,2.634000,0
2018-11-21,2.634000,2.634000,2.634000,2.634000,2.634000,0
2018-11-23,2.634000,2.634000,2.634000,2.634000,2.634000,0
2018-11-26,2.634000,2.634000,2.634000,2.634000,2.634000,0
2018-11-27,2.390400,2.390400,2.390400,2.390400,2.390400,2500
2018-11-28,2.390400,2.390400,2.390400,2.390400,2.390400,0
2018-11-29,2.376000,2.452000,2.376000,2.450000,2.450000,19500
2018-11-30,2.280000,2.452800,2.280000,2.452800,2.452800,7000
2018-12-03,2.452800,2.452800,2.452800,2.452800,2.452800,0
2018-12-04,2.452800,2.452800,2.452800,2.452800,2.452800,0
2018-12-06,2.452800,2.452800,2.452800,2.452800,2.452800,0
2018-12-07,2.452800,2.452800,2.452800,2.452800,2.452800,0
2018-12-10,2.452800,2.452800,2.452800,2.452800,2.452800,0
2018-12-11,2.452800,2.452800,2.452800,2.452800,2.452800,0
2018-12-12,2.452800,2.452800,2.452800,2.452800,2.452800,0
2018-12-13,2.452800,2.452800,2.452800,2.452800,2.452800,0
2018-12-14,2.452800,2.452800,2.452800,2.452800,2.452800,0
2018-12-17,2.452800,2.452800,2.452800,2.452800,2.452800,0
2018-12-18,2.200000,2.200000,2.200000,2.200000,2.200000,250
2018-12-19,2.200000,2.200000,2.200000,2.200000,2.200000,0
2018-12-20,2.200000,2.200000,2.200000,2.200000,2.200000,0
2018-12-21,2.200000,2.200000,2.200000,2.200000,2.200000,0
2018-12-24,2.200000,2.200000,2.200000,2.200000,2.200000,0
2018-12-26,2.200000,2.200000,2.200000,2.200000,2.200000,0
2018-12-27,2.200000,2.200000,2.200000,2.200000,2.200000,0
2018-12-28,2.163000,2.163000,2.163000,2.163000,2.163000,250
2018-12-31,2.163000,2.163000,2.163000,2.163000,2.163000,0
2019-01-02,2.163000,2.163000,2.163000,2.163000,2.163000,0
2019-01-03,2.163000,2.163000,2.163000,2.163000,2.163000,0
2019-01-04,2.606400,2.606400,2.227000,2.227000,2.227000,170
2019-01-07,2.227000,2.227000,2.227000,2.227000,2.227000,0
2019-01-08,2.227000,2.227000,2.227000,2.227000,2.227000,0
2019-01-09,2.227000,2.227000,2.227000,2.227000,2.227000,0
2019-01-10,2.227000,2.227000,2.227000,2.227000,2.227000,0
2019-01-11,2.227000,2.227000,2.227000,2.227000,2.227000,0
2019-01-14,2.227000,2.227000,2.227000,2.227000,2.227000,0
2019-01-15,2.227000,2.227000,2.227000,2.227000,2.227000,0
2019-01-16,2.227000,2.227000,2.227000,2.227000,2.227000,0
2019-01-17,2.227000,2.227000,2.227000,2.227000,2.227000,0
2019-01-18,2.227000,2.227000,2.227000,2.227000,2.227000,0
2019-01-22,2.227000,2.227000,2.227000,2.227000,2.227000,0
2019-01-23,2.227000,2.227000,2.227000,2.227000,2.227000,0
2019-01-24,2.227000,2.227000,2.227000,2.227000,2.227000,0
2019-01-25,2.600000,2.880000,2.600000,2.880000,2.880000,5700
2019-01-28,3.000000,3.000000,3.000000,3.000000,3.000000,100
2019-01-29,3.000000,3.000000,3.000000,3.000000,3.000000,0
2019-01-30,2.600000,2.600000,2.600000,2.600000,2.600000,250
2019-01-31,2.600000,2.600000,2.600000,2.600000,2.600000,0
2019-02-01,2.600000,2.600000,2.600000,2.600000,2.600000,0
2019-02-04,2.600000,2.600000,2.600000,2.600000,2.600000,0
2019-02-05,2.600000,2.600000,2.600000,2.600000,2.600000,0
2019-02-06,2.357000,2.629000,2.357000,2.629000,2.629000,300
2019-02-07,2.583000,2.583000,2.583000,2.583000,2.583000,1000
2019-02-08,2.583000,2.583000,2.583000,2.583000,2.583000,0
2019-02-11,2.583000,2.583000,2.583000,2.583000,2.583000,0
2019-02-12,2.583000,2.583000,2.583000,2.583000,2.583000,0
2019-02-13,2.600000,2.600000,2.600000,2.600000,2.600000,1250
2019-02-14,2.600000,2.600000,2.600000,2.600000,2.600000,0
2019-02-15,2.600000,2.600000,2.600000,2.600000,2.600000,0
2019-02-19,2.600000,2.600000,2.600000,2.600000,2.600000,0
2019-02-20,2.600000,2.600000,2.600000,2.600000,2.600000,0
2019-02-21,2.600000,2.600000,2.600000,2.600000,2.600000,0
2019-02-22,2.600000,2.600000,2.600000,2.600000,2.600000,0
2019-02-25,2.600000,2.600000,2.600000,2.600000,2.600000,0
2019-02-26,2.592000,2.592000,2.537000,2.537000,2.537000,159
2019-02-27,3.000000,3.000000,2.500000,2.825000,2.825000,10228
2019-02-28,3.000000,3.294000,2.938000,3.132800,3.132800,89226
2019-03-01,3.200000,3.200000,2.800000,3.063300,3.063300,24050
2019-03-04,5.610000,5.610000,2.863000,3.003000,3.003000,12002
2019-03-05,3.030000,3.169000,2.353500,3.127500,3.127500,18013
2019-03-06,3.100000,3.290800,3.030000,3.250600,3.250600,16015
2019-03-07,3.339000,3.505000,3.000000,3.139200,3.139200,30921
2019-03-08,2.861000,3.139000,2.861000,3.050600,3.050600,9233
2019-03-11,3.654000,3.654000,3.086000,3.300000,3.300000,21818
2019-03-12,2.740000,3.490000,2.740000,3.371000,3.371000,15159
2019-03-13,5.610000,5.610000,3.100000,3.331000,3.331000,18857
2019-03-14,2.827600,3.465500,1.800000,3.134000,3.134000,10919
2019-03-15,3.100000,3.236000,2.965000,3.224000,3.224000,16793
2019-03-18,3.210000,3.300000,3.046000,3.127000,3.127000,11791
2019-03-19,3.090000,3.719600,2.986000,3.023000,3.023000,12228
2019-03-20,2.983600,3.043000,2.901000,3.043000,3.043000,7430
2019-03-21,2.920000,3.025000,2.868200,2.868200,2.868200,6164
2019-03-22,2.820000,2.890000,2.767000,2.852000,2.852000,6535
2019-03-25,2.895000,2.895000,2.700000,2.741000,2.741000,5833
2019-03-26,2.871500,3.203000,2.724700,3.143700,3.143700,13484
2019-03-27,3.250000,3.250000,2.990000,3.152000,3.152000,7795
2019-03-28,3.147000,3.153000,3.000000,3.153000,3.153000,12566
2019-03-29,3.470000,3.470000,3.088500,3.322000,3.322000,60951
2019-04-01,3.420000,3.420000,3.163000,3.163000,3.163000,5032
2019-04-02,3.220000,3.251000,3.087000,3.100000,3.100000,441
2019-04-03,3.030000,3.208000,3.030000,3.100000,3.100000,4357
2019-04-04,2.990000,3.251000,2.990000,3.175600,3.175600,13410
2019-04-05,3.108200,3.194000,2.900000,3.094000,3.094000,10725
2019-04-08,3.167400,3.258000,2.943000,3.050000,3.050000,6398
2019-04-09,3.024000,3.129000,2.983700,3.100000,3.100000,1604
2019-04-10,3.091000,3.213000,3.060000,3.200000,3.200000,12690
2019-04-11,3.200000,3.263000,3.009000,3.093000,3.093000,14025
2019-04-12,3.108000,3.187000,3.000000,3.125000,3.125000,21752
2019-04-15,3.159000,3.175600,2.906000,3.009000,3.009000,20520
2019-04-16,3.046000,3.088000,2.934000,3.022000,3.022000,4124
2019-04-17,3.060000,3.064000,2.978000,3.040000,3.040000,7377
2019-04-18,3.180000,3.180000,2.921000,3.122000,3.122000,4541
2019-04-22,3.140000,3.180000,3.009000,3.111000,3.111000,27386
2019-04-23,3.140000,3.140000,2.995000,3.069000,3.069000,6047
2019-04-24,3.069000,3.069000,3.069000,3.069000,3.069000,0
2019-04-25,3.095000,3.467600,2.976200,3.200000,3.200000,36782
2019-04-26,3.326200,3.326200,3.000000,3.076000,3.076000,41922
2019-04-29,2.934000,3.100000,2.934000,2.949000,2.949000,15522
2019-04-30,2.915000,3.005000,2.873000,2.989000,2.989000,6915
2019-05-01,2.730000,2.891000,2.697500,2.784700,2.784700,7290
2019-05-02,2.766000,2.889000,2.764500,2.800000,2.800000,2880
2019-05-03,2.690000,2.829400,2.679900,2.829400,2.829400,642
2019-05-06,2.816400,2.894000,2.696000,2.848300,2.848300,2587
2019-05-07,2.909000,2.909000,2.726000,2.817700,2.817700,6291
2019-05-08,2.732000,2.800000,2.732000,2.775000,2.775000,450
2019-05-09,2.829000,2.834000,2.792000,2.806900,2.806900,527
2019-05-10,2.840000,2.968000,2.837000,2.968000,2.968000,5601
2019-05-13,2.760000,2.961600,2.760000,2.900000,2.900000,7652
2019-05-14,3.010000,3.010000,2.830000,2.832000,2.832000,2438
2019-05-15,2.850000,2.894000,2.700000,2.700000,2.700000,6813
2019-05-16,2.651200,2.831800,2.651200,2.831800,2.831800,6511
2019-05-17,2.843000,2.853000,2.670000,2.713000,2.713000,651
2019-05-20,2.530000,3.070000,2.450000,2.450000,2.450000,1983
2019-05-21,2.650000,2.754700,2.650000,2.665000,2.665000,2770
2019-05-22,2.584700,2.776800,2.584700,2.700000,2.700000,4562
2019-05-23,2.595000,2.650000,2.595000,2.650000,2.650000,196
2019-05-24,2.672600,2.910000,2.627000,2.910000,2.910000,823
2019-05-28,3.170000,3.180000,3.080000,3.134700,3.134700,12710
2019-05-29,3.025000,3.200000,2.941000,3.133000,3.133000,765
2019-05-30,2.940000,3.160000,2.940000,2.990000,2.990000,18916
2019-05-31,3.000000,3.070000,2.865800,2.888600,2.888600,19690
2019-06-03,2.947500,2.980000,2.800000,2.800000,2.800000,14326
2019-06-04,2.786000,2.808000,2.700000,2.800000,2.800000,5100
2019-06-05,2.800000,2.863000,2.750000,2.769000,2.769000,3746
2019-06-06,2.870000,2.900000,2.700000,2.700000,2.700000,5255
2019-06-07,2.640000,2.833400,2.640000,2.755000,2.755000,2241
2019-06-10,2.752700,2.827800,2.629000,2.700000,2.700000,5166
2019-06-11,2.820000,2.820000,2.700000,2.800000,2.800000,5106
2019-06-12,2.800000,2.838000,2.700000,2.796000,2.796000,5222
2019-06-13,2.827000,2.827000,2.759700,2.770000,2.770000,1461
2019-06-14,2.630000,2.800000,2.630000,2.754000,2.754000,5363
2019-06-17,2.750000,2.809000,2.700000,2.794000,2.794000,13158
2019-06-18,2.800000,2.800000,2.725000,2.794000,2.794000,5615
2019-06-19,2.790300,2.794000,2.790000,2.790000,2.790000,255
2019-06-20,2.852100,2.859000,2.720000,2.770000,2.770000,2624
2019-06-21,2.793000,2.812000,2.760000,2.812000,2.812000,750
2019-06-24,2.840000,2.840000,2.600000,2.724000,2.724000,7252
2019-06-25,2.700000,2.709000,2.600000,2.708000,2.708000,7381
2019-06-26,2.741800,2.774000,2.696000,2.774000,2.774000,823
2019-06-27,2.850000,2.850000,2.700000,2.757500,2.757500,611
2019-06-28,2.800000,2.860000,2.779000,2.829400,2.829400,5870
2019-07-01,2.730000,3.160000,2.730000,3.000000,3.000000,14603
2019-07-02,3.000000,3.042000,2.888000,2.946000,2.946000,13019
2019-07-03,2.895500,2.895500,2.895500,2.895500,2.895500,300
2019-07-05,2.790000,2.985000,2.790000,2.985000,2.985000,2118
2019-07-08,3.000000,3.200000,2.850000,2.930000,2.930000,2875
2019-07-09,2.815000,3.000000,2.800000,2.810000,2.810000,8361
2019-07-10,2.785000,2.874400,2.785000,2.850000,2.850000,2744
2019-07-11,2.800000,2.970000,2.800000,2.970000,2.970000,7393
2019-07-12,2.968200,3.000000,2.800000,2.973000,2.973000,7627
2019-07-15,2.984000,2.984000,2.801000,2.888000,2.888000,3456
2019-07-16,2.902000,2.960400,2.902000,2.916100,2.916100,6663
2019-07-17,2.851000,3.011000,2.851000,3.000000,3.000000,6664
2019-07-18,2.940000,2.960500,2.767200,2.900000,2.900000,10456
2019-07-19,2.847000,2.900000,2.847000,2.900000,2.900000,1360
2019-07-22,2.950000,3.200000,2.868000,2.999000,2.999000,24528
2019-07-23,3.025000,3.215000,2.949000,3.200000,3.200000,42325
2019-07-24,3.137500,3.200000,3.000000,3.063000,3.063000,14663
2019-07-25,3.130000,3.146000,2.985000,3.027600,3.027600,18539
2019-07-26,3.007000,3.200000,2.864000,3.200000,3.200000,16836
2019-07-29,3.200000,3.200000,3.001000,3.125000,3.125000,6462
2019-07-30,3.198000,3.200000,3.050000,3.200000,3.200000,4062
2019-07-31,3.200000,3.200000,3.055000,3.163000,3.163000,17159
2019-08-01,3.166000,3.200000,3.045000,3.188000,3.188000,6228
2019-08-02,3.064800,3.209000,3.035000,3.162000,3.162000,8060
2019-08-05,3.092000,3.461000,3.092000,3.310000,3.310000,3003
2019-08-06,3.126000,3.126000,3.024000,3.039000,3.039000,5267
2019-08-07,3.120000,3.120000,2.984000,3.049000,3.049000,10715
2019-08-08,3.120000,3.120000,2.951000,3.031400,3.031400,27640
2019-08-09,3.043000,3.043000,2.950000,2.999000,2.999000,5339
2019-08-12,3.000000,3.079000,2.950000,3.000000,3.000000,6952
2019-08-13,3.000000,3.022000,2.900000,2.900000,2.900000,8540
2019-08-14,2.900000,2.918000,2.798000,2.800000,2.800000,16204
2019-08-15,2.886000,2.979000,2.786000,2.890000,2.890000,4944
2019-08-16,2.900000,2.959000,2.850000,2.850000,2.850000,3107
2019-08-19,2.895000,3.044000,2.774000,2.795000,2.795000,19583
2019-08-20,2.705000,2.810000,2.705000,2.750000,2.750000,5142
2019-08-21,2.750000,2.812600,2.700000,2.727000,2.727000,5801
2019-08-22,2.720000,2.815000,2.660000,2.775000,2.775000,9233
2019-08-23,2.890000,2.900000,2.764500,2.796600,2.796600,5130
2019-08-26,2.767000,2.989000,2.767000,2.989000,2.989000,5409
2019-08-27,2.900000,3.029000,2.836000,3.029000,3.029000,2274
2019-08-28,3.000000,3.000000,2.807000,2.988000,2.988000,4480
2019-08-29,2.910000,2.961000,2.910000,2.961000,2.961000,1400
2019-08-30,3.000000,3.037000,2.910000,3.000000,3.000000,5510
2019-09-03,2.993000,2.993000,2.942000,2.982000,2.982000,7454
2019-09-04,2.931800,3.050000,2.931800,3.050000,3.050000,1157
2019-09-05,3.125100,3.250000,2.995000,3.250000,3.250000,44595
2019-09-06,3.380000,3.380000,3.100000,3.174200,3.174200,33585
2019-09-09,3.390000,3.405700,3.267000,3.405700,3.405700,12942
2019-09-10,3.391700,3.469000,3.220000,3.365000,3.365000,8680
2019-09-11,3.374600,3.409000,3.280000,3.350000,3.350000,8967
2019-09-12,3.400000,3.587000,3.300000,3.462000,3.462000,23314
2019-09-13,3.495300,3.599000,3.421000,3.563000,3.563000,13116
2019-09-16,3.630000,3.630000,3.428500,3.489000,3.489000,10306
2019-09-17,3.380000,3.492000,3.380000,3.415000,3.415000,6328
2019-09-18,3.515000,3.515000,3.288000,3.350000,3.350000,6753
2019-09-19,3.325000,3.423200,3.325000,3.423200,3.423200,2337
2019-09-20,3.400000,3.418000,3.352200,3.389900,3.389900,14175
2019-09-23,3.327400,3.429000,3.320000,3.320000,3.320000,1468
2019-09-24,3.382000,3.400000,3.300000,3.310000,3.310000,4832
2019-09-25,3.280000,3.298000,3.210000,3.264000,3.264000,6126
2019-09-26,3.120000,3.293000,3.120000,3.250000,3.250000,11436
2019-09-27,3.120000,3.150000,3.082400,3.117000,3.117000,8954
2019-09-30,3.210000,3.210000,3.050000,3.080000,3.080000,7338
2019-10-01,2.990000,3.126000,2.990000,3.080000,3.080000,10348
2019-10-02,3.030000,3.189000,3.030000,3.080000,3.080000,11215
2019-10-03,3.088000,3.100000,3.088000,3.100000,3.100000,6400
2019-10-04,3.100000,3.291000,3.100000,3.220000,3.220000,15410
2019-10-07,3.350000,3.350000,3.184000,3.213000,3.213000,2073
2019-10-08,3.150000,3.187000,3.029000,3.127700,3.127700,5622
2019-10-09,3.270000,3.270000,3.100000,3.150000,3.150000,4269
2019-10-10,3.100000,3.101000,3.025000,3.101000,3.101000,8716
2019-10-11,3.100000,3.100000,2.900000,3.000000,3.000000,45146
2019-10-14,2.841000,3.100000,2.841000,3.081000,3.081000,7703
2019-10-15,3.160000,3.160000,3.004000,3.100000,3.100000,9177
2019-10-16,3.082000,3.176000,3.082000,3.176000,3.176000,22967
2019-10-17,3.120000,3.210000,3.120000,3.164000,3.164000,633
2019-10-18,3.178600,3.237000,3.000000,3.175000,3.175000,13123
2019-10-21,3.006000,3.200000,3.006000,3.200000,3.200000,9850
2019-10-22,3.078000,3.258000,3.078000,3.237500,3.237500,9863
2019-10-23,3.188000,3.243000,3.100000,3.185800,3.185800,7640
2019-10-24,3.200000,3.200000,3.112400,3.122000,3.122000,2897
2019-10-25,3.183000,3.250000,3.183000,3.214000,3.214000,6636
2019-10-28,3.300000,3.328400,3.105000,3.328400,3.328400,11391
2019-10-29,3.290000,3.472000,3.240500,3.300000,3.300000,3723
2019-10-30,3.400000,3.480000,3.235000,3.300000,3.300000,15838
2019-10-31,3.210500,3.261000,3.198000,3.233800,3.233800,1238
2019-11-01,3.380000,3.380000,3.200000,3.200000,3.200000,4802
2019-11-04,3.470000,3.470000,3.200000,3.290000,3.290000,2639
2019-11-05,3.350000,3.549000,3.350000,3.400000,3.400000,3905
2019-11-06,3.620000,3.620000,3.446500,3.500000,3.500000,2007
2019-11-07,3.500000,3.522000,3.400000,3.522000,3.522000,5689
2019-11-08,3.599000,3.599000,3.472000,3.525000,3.525000,25175
2019-11-11,3.596000,3.596000,3.470000,3.555000,3.555000,16228
2019-11-12,3.551000,3.600000,3.551000,3.582000,3.582000,2700
2019-11-13,3.578000,3.578000,3.434000,3.515200,3.515200,2989
2019-11-14,3.563100,3.900000,3.560000,3.560000,3.560000,45525
2019-11-15,3.800000,3.843500,3.497000,3.600000,3.600000,18918
2019-11-18,3.560000,3.631400,3.460000,3.486000,3.486000,16945
2019-11-19,3.411000,3.560000,3.301000,3.428800,3.428800,9329
2019-11-20,3.405000,3.424000,3.300000,3.363500,3.363500,5633
2019-11-21,3.360000,3.421000,3.347800,3.347800,3.347800,7126
2019-11-22,3.485000,3.560000,3.450000,3.530000,3.530000,1900
2019-11-25,3.590000,3.590000,3.368000,3.410000,3.410000,22880
2019-11-26,3.399900,3.511900,3.385000,3.500000,3.500000,27626
2019-11-27,3.393000,3.480000,3.300000,3.450000,3.450000,14031
2019-11-29,3.442000,3.509000,3.442000,3.509000,3.509000,29
2019-12-02,3.400000,3.510000,3.210000,3.300000,3.300000,51825
2019-12-03,3.250000,3.375000,3.200000,3.359000,3.359000,7159
2019-12-04,3.250000,3.367000,3.250000,3.310000,3.310000,6611
2019-12-05,3.449500,3.449500,3.350000,3.388800,3.388800,3127
2019-12-06,3.160000,3.455000,3.160000,3.330000,3.330000,7641
2019-12-09,3.372000,3.431000,3.279900,3.431000,3.431000,2815
2019-12-10,3.130000,3.489000,3.130000,3.346000,3.346000,8155
2019-12-11,3.370000,3.435000,3.216000,3.400000,3.400000,9374
2019-12-12,3.380000,3.483000,3.231000,3.450000,3.450000,4844
2019-12-13,3.450000,3.450000,3.450000,3.450000,3.450000,0
2019-12-16,3.300000,3.508900,3.200000,3.500000,3.500000,13901
2019-12-17,3.500000,3.632400,3.450000,3.632400,3.632400,12788
2019-12-18,3.449100,3.550000,3.150000,3.206500,3.206500,22826
2019-12-19,3.180000,3.260000,3.180000,3.238000,3.238000,3348
2019-12-20,3.200000,3.200000,3.000000,3.126300,3.126300,51968
2019-12-23,3.116800,3.330000,3.030800,3.310000,3.310000,33926
2019-12-24,3.307500,3.310000,3.239000,3.310000,3.310000,2133
2019-12-26,3.275000,3.300000,3.230000,3.230000,3.230000,5668
2019-12-27,3.300000,3.446100,3.170000,3.446100,3.446100,21266
2019-12-30,3.460000,3.630000,3.460000,3.570000,3.570000,32490
2019-12-31,3.590000,3.823500,3.590000,3.823500,3.823500,52934
2020-01-02,3.810000,4.134090,3.792500,3.978000,3.978000,114252
2020-01-03,3.980000,4.159700,3.845170,4.080000,4.080000,83395
2020-01-06,4.200000,4.510000,4.170000,4.400200,4.400200,79383
2020-01-07,4.392000,4.459500,4.250000,4.400000,4.400000,45253
2020-01-08,4.400000,4.420000,4.310000,4.370000,4.370000,16023
2020-01-09,4.152900,4.300000,4.140000,4.300000,4.300000,23722
2020-01-10,4.250000,4.282500,4.066560,4.140000,4.140000,18699
2020-01-13,4.130000,4.190000,4.030000,4.176600,4.176600,11673
2020-01-14,4.180900,4.180900,4.090000,4.090000,4.090000,25648
2020-01-15,4.127100,4.250000,4.120000,4.250000,4.250000,20878
2020-01-16,4.360000,4.490000,4.200000,4.370000,4.370000,24156
2020-01-17,4.484040,4.484040,4.357800,4.410000,4.410000,13429
2020-01-21,4.240000,4.446230,4.175000,4.358850,4.358850,22868
2020-01-22,4.448210,4.450000,4.300000,4.362000,4.362000,13717
2020-01-23,4.379990,4.470000,4.379990,4.470000,4.470000,18537
2020-01-24,4.510000,4.621000,4.464800,4.621000,4.621000,25030
2020-01-27,4.630000,4.630000,4.290000,4.290000,4.290000,19152
2020-01-28,4.398000,4.400000,4.160000,4.315160,4.315160,31906
2020-01-29,4.320000,4.820000,4.320000,4.740000,4.740000,100516
2020-01-30,4.830000,4.920000,4.680000,4.750000,4.750000,40583
2020-01-31,4.880000,4.880000,4.700000,4.700000,4.700000,13562
2020-02-03,4.570000,4.810000,4.380000,4.770000,4.770000,26623
2020-02-04,4.790000,4.790000,4.523200,4.705990,4.705990,13545
2020-02-05,4.710000,4.784450,4.680000,4.784450,4.784450,11450
2020-02-06,4.782000,4.789500,4.735000,4.755000,4.755000,9599
2020-02-07,4.780000,4.860000,4.500000,4.500000,4.500000,25612
2020-02-10,4.380000,4.700000,4.380000,4.630000,4.630000,21975
2020-02-11,4.741300,4.820000,4.605000,4.730000,4.730000,23828
2020-02-12,4.610000,4.775000,4.610000,4.690000,4.690000,8225
2020-02-13,4.700000,4.770000,4.630000,4.692600,4.692600,4950
2020-02-14,4.776000,4.850000,4.770000,4.795000,4.795000,21658
2020-02-18,4.790000,4.880000,4.769900,4.850000,4.850000,35008
2020-02-19,4.850000,4.860510,4.698090,4.700000,4.700000,10109
2020-02-20,4.810000,4.810000,4.700000,4.720000,4.720000,17369
2020-02-21,4.800000,4.800000,4.700000,4.740000,4.740000,25250
2020-02-24,4.700000,4.700000,4.430000,4.640000,4.640000,44755
2020-02-25,4.432650,4.564400,4.090000,4.147000,4.147000,41919
2020-02-26,4.000000,4.436760,3.968800,4.250000,4.250000,52608
2020-02-27,4.250000,4.300000,4.010000,4.010000,4.010000,33563
2020-02-28,4.284800,4.284800,3.750000,4.110000,4.110000,72693
2020-03-02,4.230000,4.450000,4.126800,4.420100,4.420100,25369
2020-03-03,4.500000,4.500000,4.120000,4.240000,4.240000,36497
2020-03-04,4.230000,4.460000,4.185000,4.260000,4.260000,7055
2020-03-05,4.110000,4.270000,3.983700,4.270000,4.270000,21048
2020-03-06,3.959000,4.050000,3.959000,3.995800,3.995800,14075
2020-03-09,3.960000,4.000000,3.610000,3.646300,3.646300,81054
2020-03-10,3.594400,3.978200,3.560000,3.560000,3.560000,24984
2020-03-11,3.590000,3.590000,3.150000,3.170600,3.170600,44608
2020-03-12,3.100000,3.100000,2.743600,2.890000,2.890000,78973
2020-03-13,2.997530,3.120000,2.790000,2.910000,2.910000,28731
2020-03-16,2.800000,2.910000,2.510000,2.861000,2.861000,57574
2020-03-17,2.900000,3.210000,2.800000,3.210000,3.210000,33137
2020-03-18,2.920000,3.100000,2.641020,2.908160,2.908160,24483
2020-03-19,2.900000,2.900000,2.650000,2.870470,2.870470,19228
2020-03-20,2.994400,2.994400,2.570000,2.790000,2.790000,19515
2020-03-23,2.750000,2.750000,2.499800,2.499800,2.499800,31318
2020-03-24,2.600000,2.749350,2.600000,2.600000,2.600000,11672
2020-03-25,2.600000,2.895080,2.520000,2.848800,2.848800,14532
2020-03-26,2.950000,3.180000,2.950000,3.178860,3.178860,13200
2020-03-27,2.880000,3.170000,2.860000,3.000000,3.000000,3409
2020-03-30,2.855000,3.160000,2.855000,3.070000,3.070000,17884
2020-03-31,3.100000,3.100000,3.000000,3.040000,3.040000,12452
2020-04-01,2.775000,3.040000,2.775000,2.820000,2.820000,19899
2020-04-02,2.831800,2.941110,2.824720,2.894000,2.894000,16623
2020-04-03,2.900000,2.900000,2.800500,2.821000,2.821000,17963
2020-04-06,2.874450,3.000000,2.850000,2.935500,2.935500,12716
2020-04-07,3.000000,3.020000,2.899740,3.010000,3.010000,20835
2020-04-08,3.010000,3.062000,2.938100,3.000000,3.000000,15850
2020-04-09,2.970000,3.198900,2.893200,3.020000,3.020000,50216
2020-04-13,3.016700,3.016700,2.880800,2.920000,2.920000,13288
2020-04-14,2.955000,3.038700,2.955000,3.020000,3.020000,16250
2020-04-15,3.030000,3.030000,2.900000,2.960000,2.960000,10471
2020-04-16,2.980000,3.082450,2.980000,3.058600,3.058600,25200
2020-04-17,3.120000,3.200000,3.020000,3.020000,3.020000,3937
2020-04-20,3.050000,3.110000,2.939200,3.000000,3.000000,40103
2020-04-21,2.920000,3.000000,2.860000,2.900000,2.900000,18150
2020-04-22,3.100000,3.145000,2.900100,2.944900,2.944900,29369
2020-04-23,3.170000,3.170000,2.897340,2.940000,2.940000,20721
2020-04-24,3.029200,3.130000,2.915400,3.000000,3.000000,11033
2020-04-27,3.010000,3.110000,2.890000,3.110000,3.110000,33225
2020-04-28,3.010000,3.198600,3.010000,3.198600,3.198600,4646
2020-04-29,3.200000,3.298800,3.151000,3.290000,3.290000,8148
2020-04-30,3.373700,3.405000,3.290000,3.360000,3.360000,2137
2020-05-01,3.204300,3.310000,3.160000,3.300000,3.300000,5998
2020-05-04,3.224000,3.224000,3.147400,3.150000,3.150000,4688
2020-05-05,3.150000,3.150000,3.030000,3.080000,3.080000,13358
2020-05-06,3.090000,3.090000,2.950000,3.070000,3.070000,22773
2020-05-07,3.050000,3.061900,2.950000,2.960000,2.960000,5012
2020-05-08,2.983600,3.220000,2.900000,3.090000,3.090000,21677
2020-05-11,3.200000,3.214400,3.090000,3.115000,3.115000,10793
2020-05-12,3.100000,3.100000,2.990000,2.994400,2.994400,14560
2020-05-13,2.997640,3.000000,2.940000,2.950000,2.950000,10450
2020-05-14,2.940000,3.000000,2.938870,2.960000,2.960000,29823
2020-05-15,2.943100,3.000000,2.910000,2.920000,2.920000,15440
2020-05-18,2.920000,3.200000,2.920000,3.040000,3.040000,7531
2020-05-19,3.010000,3.100000,3.000000,3.055000,3.055000,20830
2020-05-20,3.053000,3.141130,3.035160,3.090000,3.090000,8129
2020-05-21,3.139900,3.150000,3.050000,3.130000,3.130000,42548
2020-05-22,3.072090,3.210000,3.072090,3.165010,3.165010,24604
2020-05-26,3.300000,3.300000,3.000000,3.092010,3.092010,18112
2020-05-27,3.100000,3.100000,2.940000,3.060000,3.060000,85209
2020-05-28,2.986760,3.040140,2.960000,3.014100,3.014100,40127
2020-05-29,3.020000,3.020000,2.960000,2.960000,2.960000,10499
2020-06-01,3.005000,3.090000,2.975870,3.030000,3.030000,8532
2020-06-02,3.060700,3.100000,3.030000,3.050000,3.050000,12589
2020-06-03,3.020000,3.075000,3.010000,3.020000,3.020000,33135
2020-06-04,3.020000,3.066000,2.970000,3.064800,3.064800,88697
2020-06-05,3.068400,3.150000,3.040000,3.080000,3.080000,69826
2020-06-08,3.040000,3.150000,3.040000,3.130000,3.130000,67493
2020-06-09,3.118200,3.130000,3.060000,3.110000,3.110000,27656
2020-06-10,3.070900,3.110000,2.900000,3.000000,3.000000,92895
2020-06-11,2.900000,2.920000,2.700000,2.730000,2.730000,104740