Date,Open,High,Low,Close,Adj Close,Volume
2015-04-08,884.799988,930.400024,771.200012,822.799988,822.799988,8900
2015-04-09,829.599976,848.000000,812.000000,840.000000,840.000000,3200
2015-04-10,840.000000,848.000000,802.400024,848.000000,848.000000,1000
2015-04-13,868.000000,868.000000,817.599976,844.799988,844.799988,900
2015-04-14,820.799988,820.799988,808.000000,815.200012,815.200012,600
2015-04-15,816.000000,832.000000,801.599976,812.000000,812.000000,700
2015-04-16,812.000000,812.000000,800.000000,810.400024,810.400024,200
2015-04-17,800.000000,800.000000,732.000000,732.799988,732.799988,800
2015-04-20,740.000000,767.200012,734.400024,736.000000,736.000000,300
2015-04-21,755.200012,784.000000,726.400024,743.200012,743.200012,400
2015-04-22,746.400024,747.200012,647.200012,672.799988,672.799988,1000
2015-04-23,738.400024,738.400024,640.000000,707.200012,707.200012,700
2015-04-24,696.000000,748.000000,696.000000,748.000000,748.000000,900
2015-04-27,748.799988,752.000000,724.799988,752.000000,752.000000,300
2015-04-28,752.000000,752.000000,707.200012,749.599976,749.599976,100
2015-04-29,713.599976,752.000000,694.400024,718.400024,718.400024,100
2015-04-30,703.200012,719.200012,663.200012,716.000000,716.000000,800
2015-05-01,723.200012,739.200012,649.599976,712.000000,712.000000,1800
2015-05-04,680.000000,714.640015,656.000000,664.000000,664.000000,300
2015-05-05,657.599976,700.000000,651.200012,678.400024,678.400024,100
2015-05-06,680.000000,680.000000,656.000000,658.400024,658.400024,100
2015-05-07,680.000000,680.000000,656.799988,680.000000,680.000000,200
2015-05-08,680.000000,710.400024,656.000000,710.400024,710.400024,300
2015-05-11,710.400024,710.400024,671.919983,708.799988,708.799988,100
2015-05-12,704.000000,704.000000,664.000000,679.200012,679.200012,200
2015-05-13,680.000000,694.400024,664.000000,671.359985,671.359985,200
2015-05-14,750.400024,800.000000,696.000000,699.200012,699.200012,2300
2015-05-15,699.200012,716.799988,664.799988,676.000000,676.000000,600
2015-05-18,668.799988,702.400024,644.000000,660.000000,660.000000,700
2015-05-19,664.000000,676.000000,650.400024,662.400024,662.400024,300
2015-05-20,659.200012,672.000000,643.200012,648.000000,648.000000,400
2015-05-21,646.400024,668.000000,640.000000,655.200012,655.200012,400
2015-05-22,647.200012,664.000000,645.599976,662.400024,662.400024,300
2015-05-26,649.599976,663.200012,648.000000,650.400024,650.400024,500
2015-05-27,660.799988,660.799988,640.000000,645.599976,645.599976,300
2015-05-28,648.799988,661.440002,640.799988,657.599976,657.599976,300
2015-05-29,656.799988,662.400024,648.799988,656.000000,656.000000,200
2015-06-01,664.000000,686.400024,663.200012,686.400024,686.400024,1000
2015-06-02,820.000000,835.200012,720.000000,779.200012,779.200012,2000
2015-06-03,800.000000,832.000000,792.799988,832.000000,832.000000,2000
2015-06-04,832.000000,1040.000000,828.799988,959.200012,959.200012,8800
2015-06-05,1032.000000,1032.000000,836.479980,879.200012,879.200012,3300
2015-06-08,859.200012,917.599976,784.000000,831.200012,831.200012,1600
2015-06-09,818.400024,818.400024,744.799988,756.799988,756.799988,1200
2015-06-10,768.799988,793.039978,748.719971,790.400024,790.400024,500
2015-06-11,784.000000,799.200012,768.000000,785.599976,785.599976,600
2015-06-12,770.400024,858.400024,768.000000,824.000000,824.000000,1200
2015-06-15,804.000000,812.799988,776.000000,776.000000,776.000000,700
2015-06-16,780.000000,803.679993,744.799988,751.200012,751.200012,600
2015-06-17,766.400024,772.000000,746.400024,758.400024,758.400024,200
2015-06-18,752.000000,774.400024,746.400024,756.000000,756.000000,200
2015-06-19,744.000000,757.599976,726.400024,747.200012,747.200012,200
2015-06-22,747.200012,747.200012,680.000000,708.000000,708.000000,900
2015-06-23,703.200012,739.200012,696.000000,735.200012,735.200012,500
2015-06-24,736.000000,785.359985,725.599976,739.200012,739.200012,700
2015-06-25,728.000000,755.200012,725.599976,732.799988,732.799988,200
2015-06-26,725.599976,734.400024,684.799988,707.200012,707.200012,400
2015-06-29,688.000000,702.400024,659.200012,669.599976,669.599976,200
2015-06-30,671.200012,680.000000,640.799988,640.799988,640.799988,300
2015-07-01,643.200012,733.599976,643.200012,664.799988,664.799988,200
2015-07-02,668.000000,721.599976,661.599976,661.599976,661.599976,400
2015-07-06,651.200012,663.200012,645.599976,650.400024,650.400024,200
2015-07-07,650.400024,670.479980,448.000000,493.600006,493.600006,2900
2015-07-08,471.200012,479.119995,420.000000,428.799988,428.799988,2100
2015-07-09,495.200012,511.920013,448.000000,462.399994,462.399994,2200
2015-07-10,480.000000,503.200012,462.399994,476.799988,476.799988,1100
2015-07-13,480.000000,492.000000,467.200012,492.000000,492.000000,400
2015-07-14,472.000000,514.400024,468.000000,507.200012,507.200012,400
2015-07-15,499.200012,499.200012,460.799988,473.600006,473.600006,400
2015-07-16,480.000000,502.399994,469.600006,495.200012,495.200012,700
2015-07-17,504.000000,504.000000,484.000000,488.000000,488.000000,600
2015-07-20,496.079987,496.079987,468.799988,480.000000,480.000000,100
2015-07-21,484.000000,484.000000,464.000000,477.600006,477.600006,400
2015-07-22,472.000000,479.200012,442.399994,460.799988,460.799988,300
2015-07-23,444.799988,475.119995,444.000000,450.399994,450.399994,400
2015-07-24,448.000000,472.000000,401.679993,432.000000,432.000000,900
2015-07-27,408.000000,412.079987,380.000000,381.600006,381.600006,800
2015-07-28,388.000000,388.000000,362.399994,367.200012,367.200012,700
2015-07-29,361.600006,417.920013,328.880005,360.799988,360.799988,3200
2015-07-30,352.000000,371.600006,340.000000,349.600006,349.600006,1200
2015-07-31,360.000000,360.000000,330.399994,337.600006,337.600006,1300
2015-08-03,331.200012,347.200012,328.799988,336.000000,336.000000,600
2015-08-04,340.000000,360.000000,340.000000,340.000000,340.000000,300
2015-08-05,344.799988,392.000000,344.000000,365.600006,365.600006,500
2015-08-06,368.799988,400.000000,365.600006,388.000000,388.000000,500
2015-08-07,389.600006,448.000000,389.600006,424.799988,424.799988,600
2015-08-10,435.200012,514.400024,435.200012,500.799988,500.799988,1400
2015-08-11,496.000000,521.599976,484.000000,489.600006,489.600006,1000
2015-08-12,488.000000,489.600006,436.000000,480.000000,480.000000,500
2015-08-13,478.399994,478.399994,452.799988,460.799988,460.799988,300
2015-08-14,448.000000,476.799988,448.000000,456.000000,456.000000,100
2015-08-17,476.799988,518.400024,472.000000,473.600006,473.600006,500
2015-08-18,509.600006,599.200012,472.559998,592.000000,592.000000,1900
2015-08-19,592.000000,656.000000,568.000000,633.599976,633.599976,800
2015-08-20,598.400024,646.400024,568.880005,646.400024,646.400024,600
2015-08-21,623.200012,652.000000,560.799988,562.400024,562.400024,1200
2015-08-24,552.000000,552.000000,440.000000,472.000000,472.000000,800
2015-08-25,480.799988,508.000000,450.799988,465.600006,465.600006,400
2015-08-26,492.799988,536.000000,464.000000,525.599976,525.599976,700
2015-08-27,520.000000,612.000000,520.000000,591.200012,591.200012,600
2015-08-28,619.200012,632.000000,600.799988,624.799988,624.799988,400
2015-08-31,630.400024,630.400024,584.000000,624.000000,624.000000,200
2015-09-01,608.559998,608.559998,544.000000,544.000000,544.000000,300
2015-09-02,576.000000,584.000000,548.000000,548.000000,548.000000,200
2015-09-03,580.000000,599.200012,557.599976,595.200012,595.200012,200
2015-09-04,559.200012,594.080017,543.200012,593.599976,593.599976,200
2015-09-08,574.559998,686.400024,574.559998,642.400024,642.400024,900
2015-09-09,659.200012,676.000000,649.599976,659.200012,659.200012,100
2015-09-10,639.200012,679.200012,626.400024,678.400024,678.400024,300
2015-09-11,648.799988,672.799988,622.400024,641.599976,641.599976,300
2015-09-14,660.000000,660.000000,612.000000,648.000000,648.000000,100
2015-09-15,667.200012,667.200012,600.000000,618.400024,618.400024,100
2015-09-16,616.000000,638.400024,616.000000,636.000000,636.000000,100
2015-09-17,626.400024,629.599976,612.799988,622.400024,622.400024,200
2015-09-18,611.919983,648.000000,600.799988,624.000000,624.000000,400
2015-09-21,616.000000,616.000000,576.000000,580.000000,580.000000,600
2015-09-22,566.799988,623.200012,552.799988,562.400024,562.400024,400
2015-09-23,560.799988,595.200012,560.799988,580.799988,580.799988,300
2015-09-24,556.400024,576.799988,552.000000,562.400024,562.400024,200
2015-09-25,562.400024,576.000000,552.799988,552.799988,552.799988,300
2015-09-28,552.799988,576.000000,504.799988,504.799988,504.799988,300
2015-09-29,440.399994,512.000000,440.399994,483.200012,483.200012,400
2015-09-30,482.399994,525.599976,482.399994,512.000000,512.000000,100
2015-10-01,486.399994,632.000000,486.399994,600.799988,600.799988,300
2015-10-02,596.000000,624.000000,572.799988,624.000000,624.000000,200
2015-10-05,631.200012,631.200012,592.000000,599.200012,599.200012,100
2015-10-06,572.000000,585.599976,572.000000,585.599976,585.599976,100
2015-10-07,596.000000,596.799988,562.400024,563.200012,563.200012,200
2015-10-08,567.200012,572.000000,564.799988,568.000000,568.000000,100
2015-10-09,576.000000,592.000000,556.000000,590.400024,590.400024,200
2015-10-12,590.400024,590.400024,590.400024,590.400024,590.400024,0
2015-10-13,564.799988,631.200012,560.000000,630.400024,630.400024,200
2015-10-14,616.000000,616.000000,598.400024,600.000000,600.000000,100
2015-10-15,576.799988,580.000000,576.799988,580.000000,580.000000,0
2015-10-16,567.200012,602.400024,567.200012,588.799988,588.799988,100
2015-10-19,588.799988,588.799988,588.799988,588.799988,588.799988,0
2015-10-20,588.799988,608.799988,584.000000,584.000000,584.000000,100
2015-10-21,581.599976,596.000000,560.000000,582.400024,582.400024,200
2015-10-22,560.000000,560.000000,524.799988,540.799988,540.799988,100
2015-10-23,560.000000,572.000000,536.000000,551.599976,551.599976,100
2015-10-26,537.119995,541.599976,536.000000,536.000000,536.000000,100
2015-10-27,560.000000,568.000000,552.000000,559.200012,559.200012,200
2015-10-28,552.799988,552.799988,528.960022,532.799988,532.799988,100
2015-10-29,544.000000,560.000000,543.200012,559.200012,559.200012,100
2015-10-30,559.200012,559.200012,559.200012,559.200012,559.200012,0
2015-11-02,542.400024,557.599976,538.400024,556.799988,556.799988,0
2015-11-03,536.799988,556.799988,536.799988,545.599976,545.599976,100
2015-11-04,560.000000,561.599976,542.400024,555.200012,555.200012,100
2015-11-05,559.760010,561.599976,548.000000,561.599976,561.599976,100
2015-11-06,552.000000,552.000000,552.000000,552.000000,552.000000,0
2015-11-09,548.000000,558.400024,540.799988,556.000000,556.000000,100
2015-11-10,556.000000,556.000000,556.000000,556.000000,556.000000,0
2015-11-11,542.400024,551.359985,540.799988,545.599976,545.599976,0
2015-11-12,545.599976,548.000000,545.599976,548.000000,548.000000,100
2015-11-13,544.000000,568.000000,544.000000,567.200012,567.200012,100
2015-11-16,549.039978,582.400024,549.039978,560.000000,560.000000,100
2015-11-17,554.400024,574.400024,553.599976,574.400024,574.400024,100
2015-11-18,560.799988,582.400024,559.200012,572.000000,572.000000,200
2015-11-19,542.719971,615.200012,542.719971,595.200012,595.200012,300
2015-11-20,600.000000,600.000000,572.000000,581.599976,581.599976,100
2015-11-23,572.799988,576.000000,544.000000,549.599976,549.599976,400
2015-11-24,540.000000,559.200012,540.000000,558.400024,558.400024,100
2015-11-25,557.599976,599.200012,548.799988,560.000000,560.000000,200
2015-11-27,546.400024,568.000000,546.400024,564.000000,564.000000,100
2015-11-30,556.000000,598.400024,551.200012,578.400024,578.400024,1300
2015-12-01,560.799988,575.200012,556.000000,562.400024,562.400024,200
2015-12-02,572.799988,572.799988,550.400024,561.599976,561.599976,200
2015-12-03,557.599976,559.200012,551.200012,556.000000,556.000000,100
2015-12-04,555.919983,556.000000,540.000000,548.000000,548.000000,100
2015-12-07,548.000000,555.200012,538.400024,548.000000,548.000000,200
2015-12-08,538.400024,556.000000,504.000000,556.000000,556.000000,600
2015-12-09,552.000000,552.000000,496.000000,526.400024,526.400024,600
2015-12-10,528.000000,528.000000,500.000000,504.000000,504.000000,100
2015-12-11,492.799988,493.600006,480.799988,480.799988,480.799988,100
2015-12-14,470.399994,470.399994,468.000000,468.000000,468.000000,0
2015-12-15,467.200012,522.400024,467.200012,481.600006,481.600006,200
2015-12-16,458.399994,459.200012,456.000000,456.799988,456.799988,100
2015-12-17,440.799988,440.799988,432.000000,432.000000,432.000000,100
2015-12-18,436.000000,444.000000,436.000000,444.000000,444.000000,0
2015-12-21,448.000000,478.399994,444.799988,450.399994,450.399994,100
2015-12-22,446.399994,468.799988,436.799988,442.399994,442.399994,100
2015-12-23,424.000000,475.200012,424.000000,441.600006,441.600006,100
2015-12-24,436.000000,461.600006,417.600006,438.959991,438.959991,300
2015-12-28,426.399994,436.000000,416.799988,420.399994,420.399994,100
2015-12-29,472.000000,472.000000,412.799988,419.200012,419.200012,100
2015-12-30,416.799988,422.320007,416.799988,417.600006,417.600006,100
2015-12-31,416.000000,416.000000,380.799988,400.399994,400.399994,200
2016-01-04,376.000000,397.600006,376.000000,397.600006,397.600006,100
2016-01-05,396.799988,396.799988,395.839996,396.799988,396.799988,100
2016-01-06,424.000000,426.399994,392.000000,413.600006,413.600006,200
2016-01-07,400.160004,425.600006,400.079987,412.000000,412.000000,100
2016-01-08,415.200012,423.920013,400.000000,400.799988,400.799988,100
2016-01-11,417.600006,417.600006,400.000000,414.079987,414.079987,0
2016-01-12,408.000000,412.799988,404.000000,412.799988,412.799988,100
2016-01-13,406.399994,406.399994,384.000000,388.000000,388.000000,100
2016-01-14,400.000000,400.000000,350.399994,352.799988,352.799988,200
2016-01-15,392.000000,392.000000,333.600006,340.000000,340.000000,100
2016-01-19,351.200012,392.799988,340.000000,385.279999,385.279999,300
2016-01-20,336.000000,407.200012,336.000000,374.399994,374.399994,200
2016-01-21,393.600006,424.000000,393.600006,404.000000,404.000000,100
2016-01-22,404.799988,436.799988,403.200012,435.200012,435.200012,100
2016-01-25,436.799988,464.799988,436.799988,448.000000,448.000000,100
2016-01-26,431.200012,440.000000,400.799988,420.799988,420.799988,100
2016-01-27,432.000000,465.600006,424.799988,447.200012,447.200012,200
2016-01-28,468.799988,480.000000,454.399994,472.000000,472.000000,200
2016-01-29,480.000000,496.000000,471.200012,476.799988,476.799988,200
2016-02-01,485.600006,485.600006,471.200012,485.600006,485.600006,100
2016-02-02,474.320007,496.000000,440.000000,480.799988,480.799988,400
2016-02-03,480.000000,480.000000,480.000000,480.000000,480.000000,0
2016-02-04,435.200012,480.000000,422.399994,475.200012,475.200012,400
2016-02-05,475.200012,475.200012,475.200012,475.200012,475.200012,0
2016-02-08,432.160004,472.000000,432.000000,468.000000,468.000000,100
2016-02-09,437.600006,437.600006,400.799988,400.799988,400.799988,100
2016-02-10,447.200012,476.000000,447.200012,450.399994,450.399994,100
2016-02-11,417.600006,440.799988,384.000000,396.799988,396.799988,300
2016-02-12,392.079987,480.000000,392.000000,460.160004,460.160004,300
2016-02-16,412.000000,416.000000,391.200012,392.000000,392.000000,300
2016-02-17,386.399994,410.399994,384.799988,398.559998,398.559998,100
2016-02-18,388.000000,399.200012,383.200012,383.200012,383.200012,100
2016-02-19,383.200012,383.200012,383.200012,383.200012,383.200012,0
2016-02-22,396.000000,404.000000,392.799988,400.000000,400.000000,100
2016-02-23,391.200012,398.399994,382.399994,382.399994,382.399994,0
2016-02-24,389.600006,389.600006,376.000000,378.399994,378.399994,100
2016-02-25,384.000000,387.200012,374.399994,376.000000,376.000000,100
2016-02-26,382.399994,395.200012,368.000000,369.600006,369.600006,100
2016-02-29,358.399994,361.600006,336.000000,361.600006,361.600006,300
2016-03-01,360.000000,380.799988,360.000000,365.600006,365.600006,100
2016-03-02,365.600006,365.600006,365.600006,365.600006,365.600006,0
2016-03-03,380.799988,380.799988,354.399994,372.000000,372.000000,100
2016-03-04,347.200012,368.799988,347.200012,366.399994,366.399994,100
2016-03-07,369.600006,380.000000,369.600006,371.200012,371.200012,0
2016-03-08,370.399994,373.600006,348.799988,360.000000,360.000000,100
2016-03-09,360.000000,360.000000,360.000000,360.000000,360.000000,0
2016-03-10,380.000000,380.000000,376.799988,376.799988,376.799988,0
2016-03-11,388.000000,395.200012,360.000000,388.799988,388.799988,100
2016-03-14,383.200012,383.200012,383.200012,383.200012,383.200012,0
2016-03-15,383.200012,383.200012,378.880005,378.880005,378.880005,100
2016-03-16,384.000000,384.000000,376.000000,376.000000,376.000000,0
2016-03-17,376.000000,376.000000,365.600006,365.600006,365.600006,100
2016-03-18,372.799988,376.000000,341.600006,363.200012,363.200012,300
2016-03-21,369.600006,375.200012,348.000000,371.200012,371.200012,100
2016-03-22,368.000000,368.000000,333.600006,348.799988,348.799988,600
2016-03-23,348.799988,365.600006,335.200012,341.040009,341.040009,200
2016-03-24,360.799988,360.799988,340.000000,343.200012,343.200012,100
2016-03-28,344.000000,344.000000,336.799988,337.679993,337.679993,100
2016-03-29,336.799988,344.480011,320.799988,320.799988,320.799988,100
2016-03-30,328.799988,339.519989,324.000000,339.519989,339.519989,100
2016-03-31,348.000000,348.000000,306.000000,328.000000,328.000000,100
2016-04-01,320.799988,339.200012,320.799988,339.200012,339.200012,100
2016-04-04,336.000000,344.799988,328.000000,344.399994,344.399994,100
2016-04-05,344.000000,344.000000,312.799988,327.200012,327.200012,100
2016-04-06,330.399994,344.000000,328.000000,329.600006,329.600006,100
2016-04-07,329.839996,343.200012,312.000000,335.200012,335.200012,100
2016-04-08,328.000000,333.600006,304.799988,312.000000,312.000000,100
2016-04-11,313.600006,335.760010,309.600006,314.399994,314.399994,100
2016-04-12,314.399994,328.000000,300.000000,327.200012,327.200012,300
2016-04-13,325.600006,336.000000,320.000000,336.000000,336.000000,100
2016-04-14,329.600006,333.600006,324.799988,332.799988,332.799988,100
2016-04-15,328.000000,328.000000,328.000000,328.000000,328.000000,100
2016-04-18,328.000000,334.399994,328.000000,328.000000,328.000000,100
2016-04-19,321.600006,332.799988,321.600006,332.000000,332.000000,0
2016-04-20,332.000000,332.000000,332.000000,332.000000,332.000000,0
2016-04-21,324.000000,333.600006,320.000000,327.200012,327.200012,100
2016-04-22,326.399994,328.000000,326.399994,328.000000,328.000000,0
2016-04-25,328.000000,328.000000,328.000000,328.000000,328.000000,0
2016-04-26,328.000000,333.600006,328.000000,333.200012,333.200012,100
2016-04-27,330.399994,334.399994,321.600006,321.600006,321.600006,100
2016-04-28,328.000000,366.399994,328.000000,347.200012,347.200012,300
2016-04-29,352.799988,362.399994,324.000000,328.000000,328.000000,1500
2016-05-02,332.799988,334.399994,320.000000,325.600006,325.600006,100
2016-05-03,327.200012,341.600006,325.600006,340.799988,340.799988,100
2016-05-04,336.000000,347.920013,328.799988,336.000000,336.000000,100
2016-05-05,336.000000,336.000000,336.000000,336.000000,336.000000,0
2016-05-06,322.399994,323.200012,305.600006,318.399994,318.399994,300
2016-05-09,304.799988,316.000000,304.000000,304.000000,304.000000,100
2016-05-10,304.000000,304.000000,304.000000,304.000000,304.000000,0
2016-05-11,306.399994,322.000000,284.000000,288.799988,288.799988,300
2016-05-12,282.399994,300.799988,250.080002,270.399994,270.399994,300
2016-05-13,271.200012,271.200012,248.800003,255.199997,255.199997,400
2016-05-16,255.199997,276.000000,255.199997,269.600006,269.600006,300
2016-05-17,272.000000,300.799988,256.000000,300.000000,300.000000,700
2016-05-18,302.399994,348.000000,277.600006,332.000000,332.000000,1300
2016-05-19,328.000000,328.000000,288.000000,300.000000,300.000000,200
2016-05-20,303.200012,304.799988,285.600006,285.600006,285.600006,100
2016-05-23,286.399994,300.000000,266.399994,286.399994,286.399994,100
2016-05-24,280.000000,320.000000,280.000000,299.200012,299.200012,200
2016-05-25,268.880005,312.000000,268.880005,284.799988,284.799988,100
2016-05-26,284.799988,317.600006,276.000000,316.000000,316.000000,400
2016-05-27,292.000000,317.119995,266.399994,279.200012,279.200012,1400
2016-05-31,295.200012,324.000000,264.799988,264.799988,264.799988,2400
2016-06-01,270.399994,317.359985,266.399994,284.000000,284.000000,900
2016-06-02,312.000000,320.000000,284.799988,313.600006,313.600006,400
2016-06-03,314.399994,348.000000,294.959991,332.000000,332.000000,1500
2016-06-06,343.200012,358.399994,322.399994,334.399994,334.399994,600
2016-06-07,324.000000,340.000000,307.600006,328.000000,328.000000,200
2016-06-08,327.200012,328.000000,303.760010,317.600006,317.600006,400
2016-06-09,292.799988,360.000000,292.799988,328.000000,328.000000,200
2016-06-10,296.000000,348.000000,286.399994,348.000000,348.000000,200
2016-06-13,344.000000,344.000000,311.200012,312.799988,312.799988,100
2016-06-14,328.000000,328.000000,312.799988,318.399994,318.399994,100
2016-06-15,312.000000,312.799988,292.799988,292.799988,292.799988,300
2016-06-16,302.799988,302.799988,302.799988,302.799988,302.799988,100
2016-06-17,298.399994,298.399994,292.000000,292.799988,292.799988,100
2016-06-20,318.399994,318.399994,276.799988,280.799988,280.799988,200
2016-06-21,304.000000,304.799988,295.920013,296.000000,296.000000,200
2016-06-22,288.799988,304.000000,288.799988,304.000000,304.000000,0
2016-06-23,289.600006,320.000000,289.600006,319.200012,319.200012,200
2016-06-24,288.000000,320.000000,279.200012,298.399994,298.399994,400
2016-06-27,288.000000,288.000000,276.000000,282.399994,282.399994,100
2016-06-28,287.200012,287.200012,287.200012,287.200012,287.200012,0
2016-06-29,283.200012,317.600006,283.200012,302.399994,302.399994,100
2016-06-30,305.600006,305.600006,292.000000,292.000000,292.000000,100
2016-07-01,292.000000,292.000000,292.000000,292.000000,292.000000,0
2016-07-05,300.000000,318.399994,296.799988,305.040009,305.040009,100
2016-07-06,303.200012,303.760010,303.200012,303.200012,303.200012,100
2016-07-07,291.920013,291.920013,291.920013,291.920013,291.920013,0
2016-07-08,300.000000,320.000000,296.000000,301.600006,301.600006,200
2016-07-11,288.000000,308.000000,283.200012,286.399994,286.399994,200
2016-07-12,298.399994,299.200012,289.600006,289.600006,289.600006,100
2016-07-13,288.000000,296.000000,285.600006,285.600006,285.600006,100
2016-07-14,286.399994,288.000000,272.399994,283.200012,283.200012,200
2016-07-15,283.200012,283.200012,283.200012,283.200012,283.200012,0
2016-07-18,296.799988,296.799988,283.200012,296.799988,296.799988,100
2016-07-19,288.799988,303.200012,284.799988,303.200012,303.200012,0
2016-07-20,287.200012,287.200012,268.000000,282.399994,282.399994,300
2016-07-21,280.000000,284.799988,255.199997,270.399994,270.399994,300
2016-07-22,273.600006,273.600006,258.399994,268.000000,268.000000,200
2016-07-25,260.000000,280.000000,260.000000,277.600006,277.600006,100
2016-07-26,272.000000,272.000000,257.600006,264.000000,264.000000,100
2016-07-27,253.600006,268.799988,251.199997,267.200012,267.200012,400
2016-07-28,266.399994,274.399994,256.000000,273.600006,273.600006,300
2016-07-29,256.079987,275.200012,248.000000,272.799988,272.799988,300
2016-08-01,269.600006,269.600006,252.000000,253.600006,253.600006,100
2016-08-02,254.399994,280.000000,254.399994,279.200012,279.200012,200
2016-08-03,280.000000,288.799988,272.000000,287.200012,287.200012,400
2016-08-04,280.000000,289.600006,261.600006,262.399994,262.399994,400
2016-08-05,266.399994,286.399994,266.399994,285.600006,285.600006,200
2016-08-08,268.000000,288.000000,256.799988,288.000000,288.000000,500
2016-08-09,285.600006,287.600006,265.600006,272.000000,272.000000,100
2016-08-10,270.399994,283.200012,265.600006,280.000000,280.000000,300
2016-08-11,266.399994,278.399994,266.399994,270.399994,270.399994,300
2016-08-12,277.600006,277.600006,264.000000,265.600006,265.600006,300
2016-08-15,266.399994,275.200012,264.000000,264.000000,264.000000,400
2016-08-16,264.000000,272.000000,241.600006,250.399994,250.399994,900
2016-08-17,251.199997,271.200012,248.000000,271.200012,271.200012,800
2016-08-18,271.200012,272.000000,256.799988,268.000000,268.000000,100
2016-08-19,267.200012,281.600006,264.000000,280.000000,280.000000,1100
2016-08-22,272.799988,280.799988,272.000000,280.799988,280.799988,1100
2016-08-23,272.000000,359.200012,272.000000,335.200012,335.200012,2300
2016-08-24,336.000000,336.000000,272.000000,272.799988,272.799988,1800
2016-08-25,280.799988,296.000000,280.799988,281.600006,281.600006,2400
2016-08-26,316.799988,316.799988,272.799988,281.600006,281.600006,3000
2016-08-29,292.000000,292.799988,272.000000,292.799988,292.799988,300
2016-08-30,291.200012,296.799988,280.799988,296.799988,296.799988,300
2016-08-31,280.799988,311.200012,276.799988,311.200012,311.200012,900
2016-09-01,304.000000,328.799988,284.000000,326.399994,326.399994,1400
2016-09-02,319.200012,319.200012,298.640015,315.200012,315.200012,400
2016-09-06,300.640015,385.600006,300.640015,370.399994,370.399994,1600
2016-09-07,360.000000,408.000000,321.600006,408.000000,408.000000,2400
2016-09-08,392.000000,480.000000,360.000000,479.200012,479.200012,7200
2016-09-09,439.200012,441.600006,416.799988,440.000000,440.000000,1700
2016-09-12,420.799988,426.399994,400.000000,414.399994,414.399994,700
2016-09-13,408.799988,416.000000,390.399994,391.200012,391.200012,300
2016-09-14,376.000000,376.000000,344.880005,361.600006,361.600006,400
2016-09-15,356.799988,360.000000,330.239990,348.799988,348.799988,500
2016-09-16,332.000000,348.799988,332.000000,339.200012,339.200012,400
2016-09-19,332.000000,350.399994,329.839996,337.600006,337.600006,300
2016-09-20,339.200012,348.000000,333.600006,333.600006,333.600006,900
2016-09-21,337.600006,341.600006,332.000000,341.600006,341.600006,400
2016-09-22,336.799988,338.399994,332.000000,332.000000,332.000000,200
2016-09-23,328.000000,330.399994,324.000000,325.600006,325.600006,400
2016-09-26,324.799988,324.799988,312.000000,312.000000,312.000000,200
2016-09-27,313.359985,313.600006,306.399994,311.200012,311.200012,100
2016-09-28,314.399994,320.000000,314.000000,316.799988,316.799988,100
2016-09-29,316.720001,316.799988,312.799988,312.799988,312.799988,300
2016-09-30,313.600006,323.200012,313.600006,318.399994,318.399994,3300
2016-10-03,320.000000,320.000000,309.600006,312.000000,312.000000,200
2016-10-04,312.000000,312.000000,310.399994,312.000000,312.000000,100
2016-10-05,312.000000,312.000000,308.799988,308.799988,308.799988,100
2016-10-06,308.000000,310.399994,307.200012,310.399994,310.399994,100
2016-10-07,310.399994,312.000000,310.399994,310.399994,310.399994,100
2016-10-10,310.399994,310.399994,304.799988,309.600006,309.600006,100
2016-10-11,304.799988,308.000000,304.799988,308.000000,308.000000,100
2016-10-12,308.000000,310.399994,308.000000,310.399994,310.399994,0
2016-10-13,304.799988,308.799988,304.799988,306.399994,306.399994,100
2016-10-14,310.399994,310.399994,291.200012,310.399994,310.399994,100
2016-10-17,290.160004,303.200012,290.160004,303.200012,303.200012,100
2016-10-18,303.200012,303.200012,303.200012,303.200012,303.200012,0
2016-10-19,303.200012,303.200012,303.200012,303.200012,303.200012,0
2016-10-20,294.239990,294.559998,291.200012,291.200012,291.200012,100
2016-10-21,291.200012,291.200012,291.200012,291.200012,291.200012,0
2016-10-24,292.799988,297.200012,291.200012,293.600006,293.600006,100
2016-10-25,293.600006,293.600006,293.600006,293.600006,293.600006,0
2016-10-26,293.600006,293.600006,293.600006,293.600006,293.600006,0
2016-10-27,290.399994,296.000000,290.399994,296.000000,296.000000,0
2016-10-28,302.399994,306.399994,302.399994,306.399994,306.399994,0
2016-10-31,302.399994,302.399994,298.399994,298.399994,298.399994,100
2016-11-01,300.799988,300.799988,300.799988,300.799988,300.799988,0
2016-11-02,296.480011,299.279999,296.000000,296.000000,296.000000,100
2016-11-03,296.000000,297.600006,296.000000,297.600006,297.600006,100
2016-11-04,297.600006,297.600006,297.600006,297.600006,297.600006,0
2016-11-07,304.000000,304.000000,304.000000,304.000000,304.000000,0
2016-11-08,304.000000,304.000000,304.000000,304.000000,304.000000,0
2016-11-09,296.000000,297.440002,296.000000,296.000000,296.000000,100
2016-11-10,299.200012,318.399994,288.000000,288.000000,288.000000,600
2016-11-11,296.000000,296.000000,296.000000,296.000000,296.000000,100
2016-11-14,301.600006,302.320007,296.000000,296.799988,296.799988,0
2016-11-15,296.799988,296.799988,296.799988,296.799988,296.799988,0
2016-11-16,296.000000,296.000000,296.000000,296.000000,296.000000,100
2016-11-17,296.000000,299.119995,296.000000,296.000000,296.000000,100
2016-11-18,296.799988,296.799988,296.799988,296.799988,296.799988,0
2016-11-21,301.119995,302.399994,300.000000,302.399994,302.399994,0
2016-11-22,302.399994,302.399994,296.000000,296.000000,296.000000,100
2016-11-23,296.799988,304.799988,296.799988,304.000000,304.000000,100
2016-11-25,304.000000,304.000000,304.000000,304.000000,304.000000,0
2016-11-28,304.000000,304.000000,292.000000,292.000000,292.000000,100
2016-11-29,281.600006,288.799988,280.000000,280.799988,280.799988,100
2016-11-30,280.799988,280.799988,280.799988,280.799988,280.799988,0
2016-12-01,280.799988,280.799988,280.799988,280.799988,280.799988,0
2016-12-02,280.799988,280.799988,280.799988,280.799988,280.799988,0
2016-12-05,280.799988,280.799988,280.799988,280.799988,280.799988,0
2016-12-06,279.200012,280.799988,260.000000,279.200012,279.200012,100
2016-12-07,282.399994,282.399994,266.480011,273.600006,273.600006,100
2016-12-08,274.399994,278.399994,256.000000,268.000000,268.000000,700
2016-12-09,270.399994,291.200012,270.399994,277.600006,277.600006,800
2016-12-12,280.000000,285.600006,264.799988,266.399994,266.399994,500
2016-12-13,268.799988,272.799988,264.000000,264.000000,264.000000,200
2016-12-14,264.000000,266.399994,264.000000,266.399994,266.399994,100
2016-12-15,264.000000,266.959991,232.000000,261.600006,261.600006,500
2016-12-16,256.799988,259.200012,243.199997,259.200012,259.200012,300
2016-12-19,256.799988,268.799988,250.399994,262.399994,262.399994,200
2016-12-20,258.399994,269.600006,252.000000,264.799988,264.799988,400
2016-12-21,255.119995,275.200012,255.119995,275.200012,275.200012,200
2016-12-22,275.200012,284.000000,258.399994,280.000000,280.000000,1000
2016-12-23,276.799988,281.200012,276.799988,280.000000,280.000000,500
2016-12-27,281.600006,308.000000,260.480011,302.399994,302.399994,3100
2016-12-28,301.600006,301.600006,271.200012,295.200012,295.200012,100
2016-12-29,276.000000,320.000000,272.079987,319.200012,319.200012,3700
2016-12-30,312.000000,320.000000,288.000000,300.799988,300.799988,2600
2017-01-03,305.600006,305.600006,301.600006,301.600006,301.600006,0
2017-01-04,296.000000,296.000000,289.279999,289.600006,289.600006,100
2017-01-05,292.799988,292.799988,292.000000,292.000000,292.000000,0
2017-01-06,294.399994,306.399994,288.000000,292.799988,292.799988,100
2017-01-09,292.799988,292.799988,292.799988,292.799988,292.799988,0
2017-01-10,292.799988,292.799988,292.799988,292.799988,292.799988,0
2017-01-11,282.799988,282.799988,282.799988,282.799988,282.799988,0
2017-01-12,281.600006,281.600006,273.600006,274.399994,274.399994,100
2017-01-13,264.799988,272.799988,264.799988,264.799988,264.799988,100
2017-01-17,267.200012,267.200012,267.200012,267.200012,267.200012,0
2017-01-18,266.399994,266.399994,261.600006,261.600006,261.600006,100
2017-01-19,256.799988,259.200012,248.800003,252.000000,252.000000,300
2017-01-20,256.000000,256.000000,256.000000,256.000000,256.000000,100
2017-01-23,252.800003,266.399994,248.000000,255.199997,255.199997,300
2017-01-24,260.000000,260.000000,256.000000,256.000000,256.000000,100
2017-01-25,256.000000,256.000000,253.600006,253.600006,253.600006,100
2017-01-26,256.000000,256.000000,252.000000,252.000000,252.000000,100
2017-01-27,248.000000,248.000000,248.000000,248.000000,248.000000,100
2017-01-30,252.000000,252.000000,229.600006,240.000000,240.000000,200
2017-01-31,238.399994,243.199997,238.399994,240.800003,240.800003,100
2017-02-01,239.199997,249.600006,230.399994,236.800003,236.800003,500
2017-02-02,240.000000,240.000000,236.000000,236.000000,236.000000,100
2017-02-03,235.199997,243.199997,224.000000,226.399994,226.399994,200
2017-02-06,238.399994,238.399994,232.800003,232.800003,232.800003,0
2017-02-07,227.360001,233.039993,227.360001,232.800003,232.800003,100
2017-02-08,236.800003,245.600006,236.800003,240.000000,240.000000,100
2017-02-09,252.000000,252.000000,237.199997,239.199997,239.199997,100
2017-02-10,239.199997,239.199997,239.199997,239.199997,239.199997,0
2017-02-13,252.000000,260.880005,230.399994,238.399994,238.399994,100
2017-02-14,244.800003,244.800003,243.199997,243.199997,243.199997,100
2017-02-15,243.679993,261.600006,241.600006,255.199997,255.199997,100
2017-02-16,248.800003,256.000000,236.000000,236.800003,236.800003,500
2017-02-17,237.600006,237.600006,227.199997,236.000000,236.000000,700
2017-02-21,233.600006,239.199997,233.600006,238.399994,238.399994,100
2017-02-22,230.399994,239.199997,229.600006,234.880005,234.880005,100
2017-02-23,238.399994,238.399994,231.279999,238.399994,238.399994,100
2017-02-24,240.000000,252.000000,240.000000,252.000000,252.000000,100
2017-02-27,246.399994,262.399994,235.199997,236.000000,236.000000,900
2017-02-28,235.199997,236.800003,229.600006,229.600006,229.600006,100
2017-03-01,232.000000,237.600006,228.800003,236.800003,236.800003,200
2017-03-02,234.399994,239.199997,228.800003,239.199997,239.199997,400
2017-03-03,237.919998,254.639999,237.919998,239.199997,239.199997,100
2017-03-06,252.000000,259.040009,242.399994,244.000000,244.000000,500
2017-03-07,256.000000,256.000000,247.199997,247.199997,247.199997,200
2017-03-08,250.399994,252.240005,232.800003,238.399994,238.399994,400
2017-03-09,235.440002,235.440002,230.399994,230.399994,230.399994,300
2017-03-10,236.000000,256.000000,227.199997,232.800003,232.800003,500
2017-03-13,240.000000,249.600006,240.000000,247.199997,247.199997,200
2017-03-14,248.000000,254.399994,248.000000,254.399994,254.399994,100
2017-03-15,250.399994,259.760010,236.000000,240.000000,240.000000,200
2017-03-16,247.199997,249.199997,242.960007,243.199997,243.199997,100
2017-03-17,240.000000,240.000000,232.800003,232.800003,232.800003,100
2017-03-20,218.399994,232.000000,218.399994,229.600006,229.600006,100
2017-03-21,227.199997,227.199997,221.600006,222.399994,222.399994,100
2017-03-22,225.600006,228.000000,225.600006,228.000000,228.000000,100
2017-03-23,228.000000,228.000000,228.000000,228.000000,228.000000,0
2017-03-24,227.199997,227.199997,227.199997,227.199997,227.199997,0
2017-03-27,227.199997,227.199997,227.199997,227.199997,227.199997,0
2017-03-28,226.399994,227.199997,226.399994,227.199997,227.199997,0
2017-03-29,227.199997,227.199997,227.199997,227.199997,227.199997,0
2017-03-30,216.800003,227.199997,210.880005,225.600006,225.600006,100
2017-03-31,220.720001,224.000000,212.000000,216.000000,216.000000,200
2017-04-03,222.399994,224.000000,222.399994,222.399994,222.399994,0
2017-04-04,209.600006,217.600006,209.600006,217.600006,217.600006,200
2017-04-05,218.399994,220.399994,208.000000,208.000000,208.000000,300
2017-04-06,212.800003,212.800003,191.199997,193.600006,193.600006,100
2017-04-07,193.600006,193.600006,193.600006,193.600006,193.600006,0
2017-04-10,198.240005,199.199997,196.559998,199.199997,199.199997,200
2017-04-11,196.800003,196.800003,184.960007,184.960007,184.960007,100
2017-04-12,198.399994,200.800003,177.919998,184.000000,184.000000,100
2017-04-13,172.800003,199.199997,171.199997,183.199997,183.199997,300
2017-04-17,183.199997,186.399994,168.800003,176.000000,176.000000,200
2017-04-18,178.399994,178.399994,172.800003,173.039993,173.039993,100
2017-04-19,173.600006,179.199997,173.600006,178.399994,178.399994,0
2017-04-20,180.000000,183.199997,164.800003,183.199997,183.199997,200
2017-04-21,179.199997,186.800003,168.000000,186.399994,186.399994,600
2017-04-24,184.800003,194.399994,184.000000,184.000000,184.000000,100
2017-04-25,193.600006,197.600006,188.800003,188.800003,188.800003,200
2017-04-26,197.600006,197.600006,189.039993,196.800003,196.800003,100
2017-04-27,196.800003,213.679993,196.800003,200.000000,200.000000,500
2017-04-28,200.000000,222.000000,200.000000,208.000000,208.000000,300
2017-05-01,200.000000,214.399994,200.000000,210.399994,210.399994,200
2017-05-02,200.000000,208.800003,193.679993,208.800003,208.800003,100
2017-05-03,200.000000,213.600006,200.000000,209.600006,209.600006,100
2017-05-04,204.000000,204.000000,190.399994,203.199997,203.199997,400
2017-05-05,188.800003,199.199997,185.600006,199.199997,199.199997,200
2017-05-08,195.199997,201.600006,188.800003,190.399994,190.399994,200
2017-05-09,190.399994,190.399994,180.000000,180.000000,180.000000,100
2017-05-10,180.000000,197.600006,172.800003,197.600006,197.600006,200
2017-05-11,185.600006,193.600006,176.000000,193.600006,193.600006,500
2017-05-12,193.600006,193.600006,193.600006,193.600006,193.600006,0
2017-05-15,196.800003,204.000000,182.399994,187.199997,187.199997,700
2017-05-16,192.800003,203.919998,180.000000,180.800003,180.800003,600
2017-05-17,191.199997,196.800003,177.600006,177.600006,177.600006,400
2017-05-18,182.800003,183.199997,164.000000,170.399994,170.399994,200
2017-05-19,163.199997,192.800003,145.600006,146.399994,146.399994,300
2017-05-22,149.600006,173.600006,122.400002,128.800003,128.800003,800
2017-05-23,132.000000,138.399994,125.599998,126.400002,126.400002,300
2017-05-24,127.199997,144.800003,127.199997,140.000000,140.000000,100
2017-05-25,141.919998,143.199997,130.399994,130.399994,130.399994,100
2017-05-26,127.199997,135.600006,124.000000,135.199997,135.199997,400
2017-05-30,136.000000,136.800003,128.800003,136.800003,136.800003,200
2017-05-31,130.399994,136.800003,130.399994,136.800003,136.800003,100
2017-06-01,136.800003,196.000000,136.800003,153.520004,153.520004,1900
2017-06-02,167.199997,167.199997,154.399994,160.000000,160.000000,300
2017-06-05,160.800003,204.800003,152.880005,156.800003,156.800003,500
2017-06-06,156.800003,172.800003,155.199997,168.800003,168.800003,400
2017-06-07,168.000000,168.000000,162.399994,168.000000,168.000000,100
2017-06-08,168.000000,168.000000,160.000000,160.000000,160.000000,100
2017-06-09,167.199997,167.199997,159.199997,159.199997,159.199997,100
2017-06-12,167.199997,183.199997,152.000000,160.000000,160.000000,700
2017-06-13,165.600006,171.199997,160.800003,164.000000,164.000000,200
2017-06-14,171.199997,171.199997,164.000000,166.559998,166.559998,100
2017-06-15,167.199997,180.800003,162.399994,173.600006,173.600006,600
2017-06-16,184.000000,184.000000,156.800003,174.399994,174.399994,500
2017-06-19,168.000000,169.600006,165.119995,165.119995,165.119995,100
2017-06-20,173.600006,173.600006,160.800003,172.000000,172.000000,100
2017-06-21,168.000000,168.000000,157.600006,158.399994,158.399994,200
2017-06-22,166.240005,166.399994,161.600006,164.800003,164.800003,100
2017-06-23,158.639999,196.000000,158.639999,182.399994,182.399994,1000
2017-06-26,186.080002,186.399994,171.199997,184.000000,184.000000,500
2017-06-27,175.199997,177.679993,174.399994,177.679993,177.679993,100
2017-06-28,196.000000,208.000000,180.000000,195.199997,195.199997,400
2017-06-29,188.000000,188.000000,171.199997,176.000000,176.000000,200
2017-06-30,171.199997,186.960007,170.399994,176.000000,176.000000,400
2017-07-03,172.000000,172.000000,172.000000,172.000000,172.000000,0
2017-07-05,176.160004,191.199997,172.000000,179.600006,179.600006,900
2017-07-06,185.600006,187.199997,185.600006,185.600006,185.600006,200
2017-07-07,199.199997,204.000000,176.800003,192.000000,192.000000,200
2017-07-10,177.600006,186.399994,177.600006,180.000000,180.000000,200
2017-07-11,178.240005,189.600006,177.600006,185.600006,185.600006,300
2017-07-12,188.800003,188.800003,180.800003,180.800003,180.800003,100
2017-07-13,186.399994,188.000000,176.000000,176.800003,176.800003,100
2017-07-14,180.800003,185.600006,173.600006,173.600006,173.600006,100
2017-07-17,166.000000,180.000000,160.000000,175.199997,175.199997,300
2017-07-18,175.199997,188.800003,175.199997,181.600006,181.600006,200
2017-07-19,188.000000,188.000000,175.199997,176.000000,176.000000,500
2017-07-20,170.399994,180.800003,170.399994,176.000000,176.000000,600
2017-07-21,174.399994,178.399994,169.600006,170.399994,170.399994,100
2017-07-24,176.800003,184.000000,171.199997,178.399994,178.399994,800
2017-07-25,173.600006,175.199997,173.600006,175.199997,175.199997,0
2017-07-26,175.199997,176.000000,170.960007,172.800003,172.800003,300
2017-07-27,176.800003,178.399994,169.600006,176.800003,176.800003,500
2017-07-28,176.000000,176.000000,170.399994,170.399994,170.399994,100
2017-07-31,170.399994,170.399994,170.399994,170.399994,170.399994,0
2017-08-01,169.600006,176.000000,164.800003,175.199997,175.199997,900
2017-08-02,177.600006,177.600006,176.000000,176.000000,176.000000,100
2017-08-03,176.000000,176.000000,176.000000,176.000000,176.000000,0
2017-08-04,176.000000,183.199997,160.000000,166.399994,166.399994,700
2017-08-07,164.000000,169.600006,145.600006,161.600006,161.600006,300
2017-08-08,161.600006,171.199997,157.600006,159.199997,159.199997,400
2017-08-09,156.800003,164.800003,137.600006,161.600006,161.600006,600
2017-08-10,151.839996,168.880005,151.839996,160.000000,160.000000,300
2017-08-11,159.199997,169.600006,152.399994,158.399994,158.399994,100
2017-08-14,170.399994,171.199997,137.600006,154.399994,154.399994,1000
2017-08-15,153.279999,156.000000,147.199997,148.800003,148.800003,100
2017-08-16,154.399994,154.399994,140.000000,151.199997,151.199997,100
2017-08-17,146.399994,156.000000,140.800003,152.800003,152.800003,100
2017-08-18,147.199997,160.000000,145.600006,152.000000,152.000000,300
2017-08-21,146.399994,162.399994,141.600006,156.000000,156.000000,1600
2017-08-22,150.399994,159.759995,138.399994,155.199997,155.199997,800
2017-08-23,148.800003,164.000000,148.800003,158.559998,158.559998,100
2017-08-24,155.199997,155.199997,141.600006,148.000000,148.000000,100
2017-08-25,154.399994,160.000000,152.000000,155.199997,155.199997,200
2017-08-28,156.000000,156.000000,150.399994,152.000000,152.000000,100
2017-08-29,148.000000,148.000000,136.000000,143.199997,143.199997,100
2017-08-30,136.880005,151.199997,128.800003,135.199997,135.199997,400
2017-08-31,132.800003,132.800003,132.800003,132.800003,132.800003,0
2017-09-01,131.199997,141.600006,129.600006,136.800003,136.800003,300
2017-09-05,136.000000,157.600006,135.199997,143.199997,143.199997,100
2017-09-06,144.000000,151.199997,138.399994,150.399994,150.399994,100
2017-09-07,156.800003,171.199997,132.000000,138.399994,138.399994,2300
2017-09-08,141.600006,165.600006,135.199997,141.600006,141.600006,400
2017-09-11,150.399994,169.600006,142.399994,160.000000,160.000000,200
2017-09-12,149.199997,159.199997,144.800003,145.600006,145.600006,400
2017-09-13,152.800003,152.800003,139.199997,146.399994,146.399994,300
2017-09-14,142.399994,142.399994,139.199997,139.199997,139.199997,100
2017-09-15,152.720001,158.880005,134.399994,136.000000,136.000000,300
2017-09-18,138.720001,142.080002,127.199997,131.600006,131.600006,200
2017-09-19,129.600006,129.600006,114.720001,116.000000,116.000000,500
2017-09-20,115.760002,122.400002,115.199997,119.199997,119.199997,200
2017-09-21,120.000000,125.599998,119.199997,119.199997,119.199997,100
2017-09-22,124.000000,124.800003,119.199997,120.800003,120.800003,100
2017-09-25,124.000000,124.800003,108.400002,112.000000,112.000000,300
2017-09-26,116.800003,124.000000,115.519997,116.800003,116.800003,100
2017-09-27,124.000000,124.000000,116.800003,117.599998,117.599998,100
2017-09-28,124.720001,124.720001,112.000000,112.000000,112.000000,100
2017-09-29,116.000000,120.000000,116.000000,117.599998,117.599998,0
2017-10-02,115.760002,120.000000,112.000000,118.400002,118.400002,100
2017-10-03,115.199997,131.199997,112.000000,116.800003,116.800003,200
2017-10-04,122.400002,129.600006,114.400002,116.000000,116.000000,100
2017-10-05,116.000000,122.400002,113.599998,121.599998,121.599998,100
2017-10-06,122.400002,122.400002,112.239998,119.199997,119.199997,100
2017-10-09,119.199997,129.600006,112.800003,113.599998,113.599998,100
2017-10-10,114.400002,116.000000,110.400002,112.000000,112.000000,200
2017-10-11,111.839996,118.400002,108.800003,108.800003,108.800003,200
2017-10-12,100.800003,104.000000,97.599998,97.839996,97.839996,300
2017-10-13,102.400002,104.800003,94.400002,96.000000,96.000000,300
2017-10-16,95.199997,101.599998,92.800003,92.800003,92.800003,100
2017-10-17,93.599998,93.599998,89.599998,90.400002,90.400002,200
2017-10-18,90.400002,92.800003,88.000000,92.000000,92.000000,100
2017-10-19,92.000000,92.000000,84.800003,86.000000,86.000000,200
2017-10-20,86.400002,90.800003,84.800003,88.800003,88.800003,100
2017-10-23,88.000000,90.400002,87.199997,87.199997,87.199997,100
2017-10-24,85.440002,87.120003,84.800003,86.400002,86.400002,200
2017-10-25,91.199997,91.279999,84.800003,85.599998,85.599998,100
2017-10-26,88.160004,88.800003,85.599998,85.599998,85.599998,100
2017-10-27,87.199997,94.400002,86.400002,92.000000,92.000000,200
2017-10-30,89.599998,90.400002,79.199997,80.800003,80.800003,600
2017-10-31,78.400002,79.839996,76.239998,76.239998,76.239998,100
2017-11-01,76.800003,79.199997,76.800003,77.599998,77.599998,100
2017-11-02,80.000000,86.400002,80.000000,86.400002,86.400002,100
2017-11-03,85.599998,85.599998,80.800003,80.800003,80.800003,100
2017-11-06,80.320000,90.400002,80.000000,88.000000,88.000000,400
2017-11-07,88.000000,91.199997,83.199997,83.199997,83.199997,500
2017-11-08,83.199997,83.199997,82.400002,82.400002,82.400002,0
2017-11-09,88.800003,92.800003,81.599998,87.199997,87.199997,600
2017-11-10,90.000000,111.199997,86.720001,87.199997,87.199997,1900
2017-11-13,86.400002,93.360001,85.599998,89.599998,89.599998,500
2017-11-14,88.800003,103.199997,88.800003,96.800003,96.800003,6200
2017-11-15,102.400002,126.080002,94.400002,97.599998,97.599998,8400
2017-11-16,99.199997,100.000000,88.800003,92.800003,92.800003,1200
2017-11-17,88.480003,102.320000,88.480003,96.000000,96.000000,400
2017-11-20,98.400002,98.400002,95.199997,95.199997,95.199997,400
2017-11-21,95.199997,96.720001,90.400002,96.720001,96.720001,1000
2017-11-22,98.400002,108.720001,89.279999,90.400002,90.400002,3700
2017-11-24,92.000000,94.400002,88.000000,90.000000,90.000000,700
2017-11-27,91.919998,91.919998,82.400002,87.199997,87.199997,500
2017-11-28,88.000000,94.400002,88.000000,89.599998,89.599998,800
2017-11-29,89.599998,92.000000,85.599998,86.400002,86.400002,700
2017-11-30,87.199997,88.000000,84.800003,87.199997,87.199997,700
2017-12-01,86.160004,88.000000,83.199997,83.199997,83.199997,500
2017-12-04,85.599998,90.400002,84.000000,84.000000,84.000000,400
2017-12-05,84.800003,84.800003,77.599998,79.199997,79.199997,600
2017-12-06,80.000000,80.000000,74.080002,74.400002,74.400002,300
2017-12-07,77.599998,79.199997,77.599998,78.400002,78.400002,0
2017-12-08,79.199997,79.199997,74.400002,76.000000,76.000000,300
2017-12-11,80.000000,80.000000,73.599998,74.400002,74.400002,100
2017-12-12,76.000000,80.000000,75.199997,75.199997,75.199997,100
2017-12-13,78.400002,80.800003,74.400002,74.400002,74.400002,500
2017-12-14,74.400002,79.199997,74.400002,74.480003,74.480003,100
2017-12-15,75.199997,87.199997,75.199997,80.400002,80.400002,3500
2017-12-18,81.599998,82.000000,76.000000,80.000000,80.000000,1000
2017-12-19,77.839996,92.800003,77.839996,85.599998,85.599998,5900
2017-12-20,87.199997,90.400002,79.199997,80.800003,80.800003,1900
2017-12-21,79.199997,83.199997,79.199997,80.000000,80.000000,300
2017-12-22,81.680000,82.400002,78.400002,82.400002,82.400002,100
2017-12-26,82.400002,83.199997,80.000000,80.000000,80.000000,100
2017-12-27,79.120003,80.959999,78.400002,79.519997,79.519997,100
2017-12-28,82.400002,82.400002,79.199997,81.599998,81.599998,200
2017-12-29,81.599998,85.040001,80.000000,81.599998,81.599998,600
2018-01-02,84.000000,96.000000,80.800003,84.000000,84.000000,700
2018-01-03,81.599998,88.000000,80.800003,84.000000,84.000000,400
2018-01-04,86.400002,97.599998,84.800003,96.000000,96.000000,5000
2018-01-05,99.199997,127.199997,88.800003,90.400002,90.400002,10600
2018-01-08,88.000000,92.000000,86.400002,88.000000,88.000000,1400
2018-01-09,86.400002,93.279999,86.400002,91.120003,91.120003,700
2018-01-10,90.400002,94.080002,87.199997,91.199997,91.199997,1900
2018-01-11,88.800003,100.000000,88.800003,90.400002,90.400002,2600
2018-01-12,91.440002,95.199997,88.000000,94.400002,94.400002,1700
2018-01-16,94.400002,107.199997,92.800003,100.000000,100.000000,3900
2018-01-17,95.199997,100.000000,90.400002,98.400002,98.400002,2400
2018-01-18,97.599998,97.599998,92.000000,92.000000,92.000000,1100
2018-01-19,93.599998,97.599998,90.400002,91.199997,91.199997,1100
2018-01-22,92.000000,92.000000,88.000000,88.800003,88.800003,300
2018-01-23,86.400002,88.800003,84.000000,85.599998,85.599998,600
2018-01-24,87.199997,88.800003,84.800003,86.400002,86.400002,300
2018-01-25,87.199997,87.199997,84.800003,86.000000,86.000000,500
2018-01-26,87.199997,87.199997,82.400002,85.599998,85.599998,900
2018-01-29,85.599998,90.400002,83.199997,83.199997,83.199997,700
2018-01-30,83.199997,85.599998,78.400002,79.199997,79.199997,800
2018-01-31,79.199997,83.919998,78.400002,78.400002,78.400002,400
2018-02-01,78.400002,78.400002,74.559998,76.000000,76.000000,400
2018-02-02,73.599998,83.199997,71.199997,76.000000,76.000000,400
2018-02-05,75.199997,80.000000,72.800003,76.000000,76.000000,700
2018-02-06,72.800003,80.000000,72.800003,77.599998,77.599998,900
2018-02-07,80.000000,80.000000,74.000000,76.000000,76.000000,200
2018-02-08,74.480003,77.599998,73.599998,76.000000,76.000000,600
2018-02-09,73.599998,77.599998,64.000000,64.800003,64.800003,1400
2018-02-12,68.800003,80.000000,65.599998,65.760002,65.760002,600
2018-02-13,69.599998,74.320000,68.000000,71.599998,71.599998,100
2018-02-14,71.199997,76.000000,71.199997,72.000000,72.000000,200
2018-02-15,72.000000,72.800003,71.760002,72.800003,72.800003,100
2018-02-16,74.320000,74.400002,72.800003,72.800003,72.800003,100
2018-02-20,70.400002,72.000000,68.800003,72.000000,72.000000,400
2018-02-21,72.000000,78.400002,69.599998,72.800003,72.800003,500
2018-02-22,72.800003,72.800003,71.199997,72.000000,72.000000,100
2018-02-23,68.400002,72.000000,68.400002,71.199997,71.199997,300
2018-02-26,71.199997,71.199997,71.199997,71.199997,71.199997,0
2018-02-27,68.959999,76.000000,68.959999,70.080002,70.080002,100
2018-02-28,69.599998,69.919998,69.599998,69.919998,69.919998,100
2018-03-01,69.919998,75.839996,69.919998,70.800003,70.800003,300
2018-03-02,73.599998,75.519997,68.000000,75.199997,75.199997,200
2018-03-05,71.040001,74.400002,68.800003,68.800003,68.800003,600
2018-03-06,68.000000,72.000000,68.000000,71.199997,71.199997,100
2018-03-07,72.000000,73.599998,68.800003,72.000000,72.000000,100
2018-03-08,68.320000,77.599998,68.080002,69.919998,69.919998,100
2018-03-09,73.599998,73.599998,73.599998,73.599998,73.599998,0
2018-03-12,68.800003,73.440002,68.800003,71.839996,71.839996,100
2018-03-13,72.959999,77.599998,72.959999,76.000000,76.000000,300
2018-03-14,73.279999,73.279999,73.279999,73.279999,73.279999,100
2018-03-15,72.800003,72.800003,72.800003,72.800003,72.800003,0
2018-03-16,72.800003,79.199997,70.400002,73.599998,73.599998,100
2018-03-19,77.279999,77.279999,68.800003,69.599998,69.599998,400
2018-03-20,73.599998,73.760002,71.199997,71.199997,71.199997,300
2018-03-21,69.599998,74.400002,69.599998,74.400002,74.400002,100
2018-03-22,74.400002,74.400002,68.400002,69.839996,69.839996,200
2018-03-23,69.599998,75.199997,69.599998,74.239998,74.239998,100
2018-03-26,69.599998,69.599998,69.599998,69.599998,69.599998,0
2018-03-27,68.559998,70.400002,65.199997,69.919998,69.919998,400
2018-03-28,69.680000,69.680000,69.599998,69.599998,69.599998,0
2018-03-29,69.360001,69.599998,68.080002,68.800003,68.800003,100
2018-04-02,68.800003,68.800003,68.800003,68.800003,68.800003,0
2018-04-03,68.800003,68.800003,62.400002,64.000000,64.000000,500
2018-04-04,62.400002,62.400002,62.400002,62.400002,62.400002,0
2018-04-05,62.400002,62.560001,62.400002,62.400002,62.400002,100
2018-04-06,62.400002,64.000000,62.400002,64.000000,64.000000,0
2018-04-09,68.000000,68.000000,63.200001,67.199997,67.199997,100
2018-04-10,67.199997,67.199997,67.199997,67.199997,67.199997,0
2018-04-11,67.199997,67.199997,67.199997,67.199997,67.199997,0
2018-04-12,67.199997,67.199997,67.199997,67.199997,67.199997,0
2018-04-13,64.000000,67.199997,63.200001,64.400002,64.400002,200
2018-04-16,62.480000,64.000000,62.400002,62.480000,62.480000,300
2018-04-17,62.480000,66.400002,54.639999,60.959999,60.959999,1200
2018-04-18,56.400002,65.440002,56.400002,65.440002,65.440002,100
2018-04-19,64.000000,64.720001,59.520000,62.400002,62.400002,100
2018-04-20,56.160000,60.000000,52.480000,53.680000,53.680000,600
2018-04-23,53.599998,71.199997,53.599998,57.599998,57.599998,400
2018-04-24,56.799999,68.000000,56.799999,57.119999,57.119999,200
2018-04-25,59.919998,62.400002,51.200001,57.200001,57.200001,700
2018-04-26,52.000000,62.400002,52.000000,55.360001,55.360001,200
2018-04-27,57.599998,58.400002,52.639999,58.400002,58.400002,200
2018-04-30,56.000000,63.919998,51.200001,52.799999,52.799999,2400
2018-05-01,53.599998,53.599998,45.599998,48.400002,48.400002,1700
2018-05-02,46.400002,52.000000,46.400002,46.560001,46.560001,700
2018-05-03,45.599998,58.400002,45.599998,54.400002,54.400002,1400
2018-05-04,57.599998,75.199997,57.599998,60.080002,60.080002,2000
2018-05-07,60.000000,60.000000,56.000000,56.000000,56.000000,300
2018-05-08,56.240002,59.200001,56.240002,59.200001,59.200001,0
2018-05-09,48.880001,59.200001,48.880001,59.200001,59.200001,0
2018-05-10,59.200001,72.800003,59.200001,72.000000,72.000000,2500
2018-05-11,76.800003,95.199997,55.599998,58.400002,58.400002,8700
2018-05-14,58.400002,59.200001,56.000000,58.320000,58.320000,800
2018-05-15,56.000000,58.400002,55.200001,56.799999,56.799999,100
2018-05-16,56.000000,56.000000,52.080002,56.000000,56.000000,600
2018-05-17,54.400002,56.000000,51.200001,56.000000,56.000000,800
2018-05-18,51.200001,52.799999,48.799999,52.480000,52.480000,1300
2018-05-21,52.000000,52.000000,47.439999,49.599998,49.599998,1600
2018-05-22,50.240002,51.200001,47.200001,50.400002,50.400002,3800
2018-05-23,48.799999,49.599998,47.200001,49.599998,49.599998,1100
2018-05-24,48.799999,50.400002,48.000000,50.400002,50.400002,1000
2018-05-25,48.000000,49.599998,40.959999,49.520000,49.520000,2700
2018-05-29,45.599998,51.200001,45.599998,48.000000,48.000000,1200
2018-05-30,49.439999,49.439999,42.400002,44.000000,44.000000,1200
2018-05-31,44.799999,44.799999,40.799999,43.200001,43.200001,1300
2018-06-01,43.200001,43.200001,38.480000,40.799999,40.799999,1400
2018-06-04,47.200001,47.200001,42.400002,47.200001,47.200001,1100
2018-06-05,43.200001,43.200001,40.799999,41.599998,41.599998,1500
2018-06-06,44.400002,44.400002,40.000000,40.480000,40.480000,1800
2018-06-07,40.799999,40.799999,36.000000,39.200001,39.200001,700
2018-06-08,39.200001,39.200001,36.080002,37.599998,37.599998,900
2018-06-11,40.000000,40.799999,36.000000,37.599998,37.599998,1000
2018-06-12,37.840000,40.799999,36.880001,38.400002,38.400002,1000
2018-06-13,40.000000,42.320000,36.000000,37.200001,37.200001,1200
2018-06-14,34.400002,41.599998,32.799999,34.639999,34.639999,1700
2018-06-15,35.200001,36.000000,34.320000,36.000000,36.000000,500
2018-06-18,38.320000,38.320000,33.759998,35.200001,35.200001,500
2018-06-19,33.599998,35.200001,31.600000,32.799999,32.799999,1500
2018-06-20,28.400000,34.320000,28.400000,32.000000,32.000000,400
2018-06-21,30.240000,31.200001,29.600000,31.120001,31.120001,500
2018-06-22,31.200001,36.799999,28.879999,31.200001,31.200001,2000
2018-06-25,27.200001,34.400002,27.200001,29.600000,29.600000,1500
2018-06-26,28.000000,32.000000,28.000000,30.400000,30.400000,1900
2018-06-27,30.400000,31.200001,29.600000,29.600000,29.600000,400
2018-06-28,30.400000,33.119999,28.000000,31.280001,31.280001,2200
2018-06-29,31.200001,40.000000,30.879999,34.400002,34.400002,6800
2018-07-02,34.400002,37.360001,29.600000,31.200001,31.200001,1300
2018-07-03,30.480000,30.480000,28.000000,28.160000,28.160000,100
2018-07-05,28.160000,36.799999,27.520000,28.000000,28.000000,1600
2018-07-06,27.200001,32.000000,27.200001,28.000000,28.000000,500
2018-07-09,28.000000,28.000000,26.400000,27.120001,27.120001,800
2018-07-10,24.799999,27.200001,24.080000,26.240000,26.240000,1300
2018-07-11,26.799999,28.000000,25.600000,26.400000,26.400000,400
2018-07-12,26.400000,32.000000,24.799999,26.799999,26.799999,7100
2018-07-13,26.480000,28.000000,24.000000,24.799999,24.799999,1200
2018-07-16,23.200001,24.799999,20.160000,23.200001,23.200001,3200
2018-07-17,25.440001,31.120001,21.120001,22.160000,22.160000,5800
2018-07-18,17.760000,20.799999,16.799999,20.639999,20.639999,1900
2018-07-19,20.799999,20.799999,18.480000,19.520000,19.520000,900
2018-07-20,18.480000,20.799999,18.480000,20.000000,20.000000,1300
2018-07-23,19.200001,20.000000,18.639999,18.799999,18.799999,1600
2018-07-24,19.200001,19.280001,17.600000,18.000000,18.000000,2000
2018-07-25,17.600000,18.480000,16.879999,18.400000,18.400000,2100
2018-07-26,18.400000,20.639999,16.400000,20.000000,20.000000,7800
2018-07-27,18.480000,24.000000,18.480000,20.879999,20.879999,6500
2018-07-30,21.600000,23.200001,18.400000,23.200001,23.200001,10900
2018-07-31,23.360001,28.000000,14.240000,15.280000,15.280000,86000
2018-08-01,16.000000,16.000000,10.040000,11.200000,11.200000,21500
2018-08-02,11.040000,11.040000,9.280000,10.880000,10.880000,5400
2018-08-03,10.600000,11.840000,10.240000,11.256000,11.256000,4100
2018-08-06,11.280000,11.280000,9.952000,11.120000,11.120000,1400
2018-08-07,11.280000,11.280000,9.440000,9.440000,9.440000,4400
2018-08-08,9.360000,11.120000,8.768000,10.480000,10.480000,11000
2018-08-09,10.800000,13.192000,10.560000,11.120000,11.120000,8400
2018-08-10,10.960000,10.960000,9.120000,10.576000,10.576000,6700
2018-08-13,10.320000,10.320000,9.200000,10.320000,10.320000,2100
2018-08-14,10.536000,10.616000,10.000000,10.616000,10.616000,5700
2018-08-15,10.480000,10.752000,9.600000,10.080000,10.080000,5700
2018-08-16,9.776000,21.848000,9.776000,14.640000,14.640000,1178500
2018-08-17,12.720000,15.520000,11.760000,13.120000,13.120000,190400
2018-08-20,13.040000,13.520000,12.080000,12.800000,12.800000,16500
2018-08-21,12.800000,17.200001,11.920000,12.800000,12.800000,355400
2018-08-22,12.960000,13.848000,11.760000,13.360000,13.360000,49600
2018-08-23,13.520000,13.520000,12.000000,12.320000,12.320000,13500
2018-08-24,12.400000,12.400000,10.240000,10.640000,10.640000,22000
2018-08-27,10.800000,11.840000,10.080000,10.960000,10.960000,26800
2018-08-28,10.480000,11.760000,10.160000,11.360000,11.360000,14100
2018-08-29,11.280000,13.680000,10.880000,12.080000,12.080000,22500
2018-08-30,12.080000,13.488000,11.200000,12.000000,12.000000,11900
2018-08-31,12.000000,12.480000,11.360000,11.760000,11.760000,5600
2018-09-04,11.840000,12.320000,11.440000,12.000000,12.000000,2600
2018-09-05,11.840000,12.240000,11.600000,12.000000,12.000000,3700
2018-09-06,12.000000,12.000000,11.200000,11.280000,11.280000,4300
2018-09-07,11.040000,11.200000,9.320000,9.744000,9.744000,10000
2018-09-10,9.840000,10.712000,9.440000,9.920000,9.920000,11900
2018-09-11,9.840000,10.160000,9.360000,9.840000,9.840000,3400
2018-09-12,9.624000,9.840000,9.280000,9.840000,9.840000,8300
2018-09-13,10.080000,10.112000,9.600000,10.008000,10.008000,3300
2018-09-14,10.288000,11.520000,9.760000,9.840000,9.840000,35100
2018-09-17,9.600000,10.000000,9.280000,9.600000,9.600000,7100
2018-09-18,9.560000,9.840000,9.448000,9.632000,9.632000,6600
2018-09-19,9.840000,10.000000,9.600000,9.680000,9.680000,6400
2018-09-20,9.840000,10.560000,9.696000,10.160000,10.160000,40400
2018-09-21,10.480000,10.712000,9.736000,10.160000,10.160000,6400
2018-09-24,9.920000,10.640000,9.680000,9.680000,9.680000,28300
2018-09-25,9.840000,10.072000,9.600000,9.760000,9.760000,8800
2018-09-26,9.760000,9.912000,9.200000,9.280000,9.280000,7100
2018-09-27,9.200000,13.040000,8.800000,8.960000,8.960000,86500
2018-09-28,8.960000,9.280000,8.240000,8.960000,8.960000,9400
2018-10-01,8.960000,9.280000,8.400000,8.800000,8.800000,6000
2018-10-02,8.480000,9.040000,8.400000,9.040000,9.040000,4600
2018-10-03,8.960000,9.760000,8.640000,9.280000,9.280000,5300
2018-10-04,9.280000,9.520000,9.048000,9.520000,9.520000,6800
2018-10-05,9.440000,12.640000,9.440000,9.600000,9.600000,146200
2018-10-08,9.440000,9.680000,8.400000,9.120000,9.120000,10800
2018-10-09,9.120000,9.120000,8.256000,8.256000,8.256000,16600
2018-10-10,8.480000,9.200000,8.080000,9.200000,9.200000,17300
2018-10-11,8.960000,9.440000,8.080000,8.720000,8.720000,13200
2018-10-12,8.640000,10.320000,8.640000,9.120000,9.120000,29000
2018-10-15,8.880000,9.440000,8.776000,8.960000,8.960000,3700
2018-10-16,9.040000,9.600000,8.960000,9.200000,9.200000,2800
2018-10-17,9.280000,12.240000,8.856000,11.360000,11.360000,140300
2018-10-18,10.800000,20.400000,10.800000,14.480000,14.480000,628600
2018-10-19,16.799999,17.840000,11.680000,13.840000,13.840000,177100
2018-10-22,12.720000,12.720000,10.400000,10.400000,10.400000,46300
2018-10-23,10.320000,12.480000,9.920000,10.960000,10.960000,47400
2018-10-24,10.880000,11.944000,9.280000,9.680000,9.680000,28400
2018-10-25,10.160000,10.160000,8.800000,9.440000,9.440000,7800
2018-10-26,9.360000,10.480000,8.960000,9.520000,9.520000,24400
2018-10-29,10.160000,10.320000,9.080000,9.120000,9.120000,10200
2018-10-30,9.440000,9.840000,8.960000,9.120000,9.120000,6000
2018-10-31,9.520000,9.600000,8.800000,8.896000,8.896000,8300
2018-11-01,8.896000,9.952000,8.896000,9.600000,9.600000,21900
2018-11-02,9.840000,10.160000,9.520000,9.520000,9.520000,7700
2018-11-05,9.440000,10.080000,9.280000,9.992000,9.992000,7400
2018-11-06,9.984000,10.000000,9.200000,9.760000,9.760000,12900
2018-11-07,10.144000,10.160000,9.360000,9.672000,9.672000,4700
2018-11-08,9.368000,9.640000,9.120000,9.120000,9.120000,9400
2018-11-09,9.136000,9.168000,7.760000,8.160000,8.160000,33800
2018-11-12,8.960000,9.920000,8.080000,9.360000,9.360000,63300
2018-11-13,9.200000,9.440000,8.400000,8.400000,8.400000,20000
2018-11-14,8.080000,8.800000,8.080000,8.320000,8.320000,9500
2018-11-15,8.320000,9.440000,8.000000,8.880000,8.880000,47800
2018-11-16,8.640000,8.640000,8.160000,8.240000,8.240000,23200
2018-11-19,8.320000,8.320000,7.200000,7.600000,7.600000,19000
2018-11-20,7.120000,7.440000,6.560000,7.200000,7.200000,6800
2018-11-21,7.200000,7.920000,7.200000,7.440000,7.440000,8200
2018-11-23,7.200000,7.360000,6.896000,7.200000,7.200000,900
2018-11-26,6.976000,8.400000,6.408000,7.960000,7.960000,10800
2018-11-27,7.920000,7.920000,7.448000,7.760000,7.760000,3100
2018-11-28,7.280000,7.760000,7.280000,7.360000,7.360000,3100
2018-11-29,7.320000,8.320000,7.280000,7.576000,7.576000,12100
2018-11-30,7.280000,7.648000,7.200000,7.200000,7.200000,2400
2018-12-03,7.600000,8.400000,7.280000,7.648000,7.648000,9700
2018-12-04,7.752000,8.120000,6.960000,7.760000,7.760000,8500
2018-12-06,7.584000,7.608000,6.800000,7.248000,7.248000,1500
2018-12-07,7.248000,7.520000,7.088000,7.120000,7.120000,1700
2018-12-10,7.120000,7.120000,6.400000,6.960000,6.960000,2100
2018-12-11,6.568000,6.792000,6.400000,6.432000,6.432000,3600
2018-12-12,6.592000,6.800000,6.400000,6.800000,6.800000,1500
2018-12-13,6.800000,6.800000,6.088000,6.208000,6.208000,4300
2018-12-14,6.240000,6.800000,6.208000,6.384000,6.384000,2900
2018-12-17,6.696000,6.720000,5.760000,6.088000,6.088000,5500
2018-12-18,6.080000,6.200000,6.048000,6.064000,6.064000,800
2018-12-19,5.928000,6.320000,5.600000,5.680000,5.680000,3000
2018-12-20,4.680000,5.712000,4.680000,4.928000,4.928000,4400
2018-12-21,4.640000,4.640000,3.360000,3.680000,3.680000,11800
2018-12-24,3.520000,3.664000,3.520000,3.616000,3.616000,1500
2018-12-26,3.680000,5.120000,3.680000,4.800000,4.800000,10700
2018-12-27,4.320000,5.040000,4.320000,4.400000,4.400000,5400
2018-12-28,4.704000,5.040000,4.024000,4.360000,4.360000,3500
2018-12-31,5.200000,6.160000,4.744000,5.600000,5.600000,11500
2019-01-02,4.800000,5.600000,4.024000,5.280000,5.280000,5000
2019-01-03,4.512000,5.920000,4.480000,5.328000,5.328000,4200
2019-01-04,5.736000,5.920000,5.360000,5.760000,5.760000,3500
2019-01-07,5.760000,6.160000,5.568000,5.768000,5.768000,4300
2019-01-08,5.520000,5.840000,5.224000,5.360000,5.360000,9500
2019-01-09,5.432000,5.680000,5.360000,5.400000,5.400000,3400
2019-01-10,5.600000,6.400000,5.440000,6.032000,6.032000,3900
2019-01-11,5.464000,6.400000,5.464000,5.784000,5.784000,6100
2019-01-14,5.520000,6.224000,5.520000,5.920000,5.920000,1100
2019-01-15,5.848000,6.800000,5.848000,6.400000,6.400000,15500
2019-01-16,6.240000,6.240000,5.840000,6.160000,6.160000,5500
2019-01-17,6.320000,6.784000,5.320000,6.160000,6.160000,17400
2019-01-18,5.872000,6.720000,5.600000,6.080000,6.080000,22100
2019-01-22,6.080000,6.096000,5.600000,5.616000,5.616000,3000
2019-01-23,6.352000,6.944000,5.920000,6.640000,6.640000,23700
2019-01-24,6.640000,6.944000,5.864000,6.480000,6.480000,7600
2019-01-25,5.920000,6.480000,5.920000,6.160000,6.160000,7800
2019-01-28,5.920000,6.400000,5.920000,6.400000,6.400000,2700
2019-01-29,6.304000,6.704000,6.000000,6.432000,6.432000,7100
2019-01-30,6.672000,7.104000,5.680000,6.248000,6.248000,7400
2019-01-31,5.928000,6.600000,5.928000,6.000000,6.000000,10500
2019-02-01,6.032000,6.800000,6.000000,6.224000,6.224000,11900
2019-02-04,5.840000,6.704000,5.840000,6.080000,6.080000,800
2019-02-05,6.472000,6.472000,5.880000,5.880000,5.880000,1000
2019-02-06,5.936000,6.232000,5.800000,6.088000,6.088000,800
2019-02-07,5.280000,5.896000,5.280000,5.896000,5.896000,400
2019-02-08,5.880000,5.880000,5.520000,5.520000,5.520000,700
2019-02-11,5.912000,6.088000,5.600000,6.080000,6.080000,2000
2019-02-12,6.072000,6.080000,5.304000,6.080000,6.080000,1000
2019-02-13,6.072000,6.072000,5.536000,5.712000,5.712000,1900
2019-02-14,5.680000,6.184000,5.680000,6.048000,6.048000,2600
2019-02-15,6.000000,6.032000,5.680000,5.680000,5.680000,500
2019-02-19,5.760000,6.240000,5.680000,6.080000,6.080000,1700
2019-02-20,6.240000,7.040000,5.712000,6.800000,6.800000,9300
2019-02-21,6.784000,7.080000,5.760000,6.176000,6.176000,1700
2019-02-22,6.552000,7.104000,6.176000,6.960000,6.960000,10700
2019-02-25,8.000000,9.200000,7.200000,7.448000,7.448000,40700
2019-02-26,7.456000,7.912000,6.424000,7.600000,7.600000,6700
2019-02-27,7.360000,8.240000,6.400000,7.040000,7.040000,5100
2019-02-28,7.360000,8.240000,7.280000,8.240000,8.240000,8000
2019-03-01,8.320000,8.680000,7.200000,7.600000,7.600000,5900
2019-03-04,8.800000,29.840000,8.800000,20.799999,20.799999,2928200
2019-03-05,25.200001,27.200001,19.040001,21.040001,21.040001,1327300
2019-03-06,18.719999,22.799999,18.000000,19.600000,19.600000,266000
2019-03-07,19.040001,23.680000,18.080000,22.000000,22.000000,154600
2019-03-08,20.959999,20.959999,17.760000,17.760000,17.760000,54800
2019-03-11,18.000000,19.280001,14.800000,18.400000,18.400000,86000
2019-03-12,18.240000,18.368000,16.400000,16.400000,16.400000,15800
2019-03-13,16.240000,17.280001,16.000000,16.000000,16.000000,20500
2019-03-14,16.320000,16.320000,14.928000,15.600000,15.600000,13800
2019-03-15,15.760000,15.760000,13.840000,14.264000,14.264000,19600
2019-03-18,14.560000,16.136000,14.560000,14.880000,14.880000,7700
2019-03-19,15.120000,15.760000,14.272000,15.520000,15.520000,14800
2019-03-20,15.920000,17.600000,14.560000,14.960000,14.960000,20100
2019-03-21,14.800000,15.528000,14.400000,14.888000,14.888000,7000
2019-03-22,14.880000,14.960000,13.360000,13.896000,13.896000,8600
2019-03-25,13.840000,14.480000,11.328000,12.400000,12.400000,12000
2019-03-26,12.480000,12.720000,12.080000,12.240000,12.240000,3500
2019-03-27,12.000000,13.680000,11.200000,11.360000,11.360000,21800
2019-03-28,11.520000,17.360001,11.520000,14.640000,14.640000,479400
2019-03-29,14.000000,14.000000,12.400000,13.280000,13.280000,40800
2019-04-01,13.600000,15.920000,13.360000,15.760000,15.760000,34100
2019-04-02,15.840000,15.920000,13.760000,14.080000,14.080000,19100
2019-04-03,14.000000,15.360000,14.000000,15.040000,15.040000,17800
2019-04-04,15.040000,17.200001,14.400000,15.336000,15.336000,33400
2019-04-05,18.000000,21.840000,16.879999,17.040001,17.040001,1408400
2019-04-08,16.480000,16.959999,14.480000,15.120000,15.120000,68900
2019-04-09,14.960000,15.840000,14.880000,15.200000,15.200000,15900
2019-04-10,14.960000,15.200000,14.000000,14.720000,14.720000,16400
2019-04-11,14.960000,16.799999,14.400000,14.896000,14.896000,51800
2019-04-12,15.280000,15.280000,14.480000,14.640000,14.640000,15600
2019-04-15,15.360000,15.680000,13.840000,15.040000,15.040000,24600
2019-04-16,15.520000,15.520000,14.000000,14.400000,14.400000,20100
2019-04-17,14.480000,14.720000,13.688000,14.080000,14.080000,13800
2019-04-18,14.240000,14.520000,13.600000,13.760000,13.760000,10000
2019-04-22,13.776000,13.920000,12.400000,13.200000,13.200000,15000
2019-04-23,12.728000,14.400000,12.728000,14.160000,14.160000,6700
2019-04-24,13.632000,15.920000,13.520000,14.000000,14.000000,47500
2019-04-25,13.600000,13.920000,13.200000,13.600000,13.600000,6700
2019-04-26,13.600000,13.840000,13.280000,13.360000,13.360000,7000
2019-04-29,13.360000,14.080000,13.200000,13.360000,13.360000,6000
2019-04-30,13.120000,14.008000,13.120000,13.440000,13.440000,4400
2019-05-01,13.760000,13.920000,12.880000,13.360000,13.360000,8300
2019-05-02,13.360000,13.424000,12.800000,12.960000,12.960000,5600
2019-05-03,13.440000,13.536000,12.520000,13.120000,13.120000,12500
2019-05-06,11.920000,13.192000,11.840000,12.880000,12.880000,4200
2019-05-07,12.480000,12.704000,12.240000,12.320000,12.320000,2900
2019-05-08,12.160000,13.120000,11.840000,12.480000,12.480000,10300
2019-05-09,12.080000,12.880000,11.760000,12.560000,12.560000,11000
2019-05-10,12.728000,12.728000,11.760000,11.840000,11.840000,5800
2019-05-13,11.200000,11.600000,9.696000,10.240000,10.240000,10300
2019-05-14,10.240000,10.880000,9.680000,9.760000,9.760000,6000
2019-05-15,9.760000,11.120000,8.800000,10.320000,10.320000,8400
2019-05-16,9.600000,10.400000,9.600000,9.920000,9.920000,7900
2019-05-17,9.680000,10.400000,9.680000,10.160000,10.160000,1800
2019-05-20,9.760000,10.160000,9.520000,9.760000,9.760000,1800
2019-05-21,16.559999,17.280001,12.800000,15.600000,15.600000,1160700
2019-05-22,13.280000,13.520000,11.680000,12.160000,12.160000,98900
2019-05-23,11.520000,11.600000,10.560000,10.560000,10.560000,16800
2019-05-24,10.320000,11.096000,10.080000,10.160000,10.160000,11400
2019-05-28,10.400000,10.400000,9.760000,9.760000,9.760000,5900
2019-05-29,9.760000,9.760000,8.320000,8.800000,8.800000,15400
2019-05-30,9.040000,9.832000,8.440000,9.680000,9.680000,7000
2019-05-31,9.280000,9.832000,8.880000,9.440000,9.440000,6800
2019-06-03,9.440000,9.600000,8.800000,8.800000,8.800000,8200
2019-06-04,8.960000,9.600000,8.960000,9.520000,9.520000,8200
2019-06-05,9.360000,9.360000,8.960000,9.040000,9.040000,5300
2019-06-06,9.040000,9.600000,8.808000,8.960000,8.960000,7100
2019-06-07,9.520000,10.400000,9.280000,10.000000,10.000000,18900
2019-06-10,10.160000,10.800000,9.600000,9.680000,9.680000,18900
2019-06-11,9.840000,10.240000,9.200000,9.360000,9.360000,7000
2019-06-12,9.120000,9.840000,8.960000,9.840000,9.840000,5000
2019-06-13,9.920000,9.920000,9.288000,9.520000,9.520000,3200
2019-06-14,9.600000,9.704000,9.352000,9.520000,9.520000,3900
2019-06-17,9.600000,9.824000,9.280000,9.520000,9.520000,2100
2019-06-18,9.680000,10.640000,9.536000,10.000000,10.000000,23900
2019-06-19,10.152000,10.480000,9.920000,10.208000,10.208000,6300
2019-06-20,10.480000,11.592000,10.400000,10.720000,10.720000,14400
2019-06-21,10.832000,10.832000,9.760000,10.320000,10.320000,6200
2019-06-24,10.400000,10.912000,10.400000,10.640000,10.640000,2200
2019-06-25,10.320000,10.560000,9.840000,10.320000,10.320000,4700
2019-06-26,10.480000,10.880000,10.400000,10.640000,10.640000,3700
2019-06-27,10.880000,11.872000,10.800000,11.120000,11.120000,7400
2019-06-28,11.200000,11.560000,10.720000,11.360000,11.360000,2400
2019-07-01,11.760000,11.760000,10.560000,10.984000,10.984000,11800
2019-07-02,10.400000,10.656000,9.800000,10.000000,10.000000,6700
2019-07-03,9.840000,10.000000,9.680000,9.976000,9.976000,2700
2019-07-05,9.920000,10.080000,9.760000,9.760000,9.760000,700
2019-07-08,9.680000,11.200000,9.520000,10.624000,10.624000,5600
2019-07-09,10.640000,10.640000,9.840000,10.240000,10.240000,2400
2019-07-10,10.400000,10.400000,9.520000,9.600000,9.600000,2100
2019-07-11,9.600000,10.080000,9.456000,9.816000,9.816000,1900
2019-07-12,10.288000,10.320000,9.704000,10.000000,10.000000,2700
2019-07-15,10.160000,10.240000,9.600000,9.600000,9.600000,1400
2019-07-16,9.840000,10.200000,9.680000,10.080000,10.080000,3000
2019-07-17,9.840000,10.320000,9.760000,9.840000,9.840000,2200
2019-07-18,9.680000,10.320000,9.680000,10.320000,10.320000,2200
2019-07-19,10.320000,10.480000,9.840000,10.080000,10.080000,4000
2019-07-22,10.080000,10.560000,10.080000,10.400000,10.400000,4500
2019-07-23,10.080000,10.640000,9.896000,9.920000,9.920000,4900
2019-07-24,10.400000,10.400000,9.600000,10.000000,10.000000,3100
2019-07-25,9.800000,9.840000,9.520000,9.792000,9.792000,2200
2019-07-26,9.664000,9.840000,9.280000,9.600000,9.600000,1600
2019-07-29,9.280000,9.600000,9.200000,9.280000,9.280000,1500
2019-07-30,9.280000,9.512000,8.816000,9.440000,9.440000,1300
2019-07-31,9.200000,9.360000,8.400000,8.800000,8.800000,2700
2019-08-01,8.776000,9.216000,8.640000,9.200000,9.200000,1200
2019-08-02,8.880000,9.120000,8.720000,8.720000,8.720000,300
2019-08-05,8.400000,9.040000,8.400000,8.600000,8.600000,1900
2019-08-06,8.800000,8.800000,7.840000,8.160000,8.160000,2800
2019-08-07,8.080000,9.200000,7.736000,8.400000,8.400000,11400
2019-08-08,8.640000,9.120000,8.512000,8.880000,8.880000,2700
2019-08-09,8.800000,8.800000,8.560000,8.800000,8.800000,1500
2019-08-12,8.400000,8.800000,8.160000,8.640000,8.640000,900
2019-08-13,9.280000,10.400000,8.800000,9.360000,9.360000,13500
2019-08-14,8.960000,9.200000,8.160000,9.040000,9.040000,2700
2019-08-15,9.120000,9.120000,8.160000,8.160000,8.160000,2400
2019-08-16,8.520000,9.360000,8.400000,8.640000,8.640000,4300
2019-08-19,8.960000,9.040000,8.480000,8.480000,8.480000,1400
2019-08-20,10.240000,10.240000,8.480000,8.880000,8.880000,6800
2019-08-21,8.960000,8.960000,8.400000,8.480000,8.480000,2800
2019-08-22,8.480000,8.640000,8.160000,8.400000,8.400000,3100
2019-08-23,8.552000,9.280000,8.160000,8.304000,8.304000,15000
2019-08-26,8.480000,8.480000,7.600000,8.000000,8.000000,2600
2019-08-27,8.000000,8.400000,8.000000,8.160000,8.160000,4100
2019-08-28,8.000000,8.384000,7.896000,8.080000,8.080000,2900
2019-08-29,8.000000,8.320000,7.600000,8.160000,8.160000,1800
2019-08-30,8.000000,8.080000,6.080000,7.280000,7.280000,3700
2019-09-03,7.168000,7.624000,6.480000,7.200000,7.200000,1300
2019-09-04,7.304000,8.000000,7.296000,7.920000,7.920000,4300
2019-09-05,7.920000,7.944000,7.680000,7.680000,7.680000,4800
2019-09-06,7.760000,7.992000,7.760000,7.840000,7.840000,2500
2019-09-09,8.000000,8.320000,7.680000,8.000000,8.000000,2500
2019-09-10,7.920000,8.800000,7.920000,8.600000,8.600000,9500
2019-09-11,8.640000,8.720000,8.080000,8.240000,8.240000,3000
2019-09-12,8.232000,8.800000,8.000000,8.640000,8.640000,2300
2019-09-13,8.720000,9.040000,8.088000,8.960000,8.960000,7000
2019-09-16,8.720000,9.200000,8.480000,9.040000,9.040000,3100
2019-09-17,8.960000,9.120000,8.240000,9.120000,9.120000,2700
2019-09-18,8.560000,8.960000,8.080000,8.584000,8.584000,2500
2019-09-19,8.560000,8.560000,8.000000,8.000000,8.000000,800
2019-09-20,8.800000,8.800000,8.304000,8.480000,8.480000,500
2019-09-23,8.480000,8.480000,8.160000,8.240000,8.240000,800
2019-09-24,8.240000,8.400000,8.120000,8.240000,8.240000,1200
2019-09-25,8.240000,8.240000,7.976000,8.000000,8.000000,2300
2019-09-26,7.976000,7.976000,7.216000,7.680000,7.680000,1200
2019-09-27,7.944000,7.944000,7.040000,7.120000,7.120000,4000
2019-09-30,7.600000,7.760000,7.440000,7.600000,7.600000,1400
2019-10-01,7.952000,8.000000,7.360000,7.360000,7.360000,4000
2019-10-02,7.440000,7.520000,7.440000,7.440000,7.440000,200
2019-10-03,7.760000,8.000000,7.688000,7.992000,7.992000,1600
2019-10-04,7.992000,8.240000,7.992000,8.080000,8.080000,1300
2019-10-07,7.680000,8.240000,7.280000,7.680000,7.680000,2100
2019-10-08,7.600000,8.000000,7.520000,7.600000,7.600000,1900
2019-10-09,7.680000,8.000000,7.520000,7.680000,7.680000,1500
2019-10-10,7.680000,8.240000,7.608000,7.760000,7.760000,2300
2019-10-11,8.160000,8.480000,8.000000,8.080000,8.080000,2600
2019-10-14,8.080000,8.400000,7.680000,8.240000,8.240000,3000
2019-10-15,8.400000,13.600000,8.400000,9.520000,9.520000,229500
2019-10-16,8.800000,11.760000,8.000000,9.760000,9.760000,134500
2019-10-17,9.760000,10.280000,8.560000,9.360000,9.360000,15100
2019-10-18,9.360000,9.600000,8.576000,9.600000,9.600000,10400
2019-10-21,9.600000,10.280000,8.560000,9.584000,9.584000,10900
2019-10-22,9.600000,9.920000,8.880000,9.360000,9.360000,8700
2019-10-23,8.800000,10.152000,8.800000,9.912000,9.912000,12100
2019-10-24,9.528000,9.896000,9.120000,9.640000,9.640000,4000
2019-10-25,9.520000,11.120000,9.056000,9.520000,9.520000,18500
2019-10-28,9.232000,11.200000,9.232000,10.160000,10.160000,22800
2019-10-29,9.680000,10.240000,9.520000,10.240000,10.240000,5400
2019-10-30,10.080000,10.080000,9.440000,9.520000,9.520000,1600
2019-10-31,9.456000,9.456000,8.880000,8.880000,8.880000,1200
2019-11-01,9.040000,9.440000,8.672000,9.040000,9.040000,5300
2019-11-04,9.120000,9.360000,8.640000,8.960000,8.960000,2300
2019-11-05,8.960000,8.960000,8.240000,8.640000,8.640000,5700
2019-11-06,8.880000,10.240000,8.480000,9.680000,9.680000,15900
2019-11-07,9.520000,9.840000,9.040000,9.360000,9.360000,4900
2019-11-08,9.376000,9.376000,8.800000,8.864000,8.864000,6300
2019-11-11,9.040000,9.280000,8.240000,8.784000,8.784000,12200
2019-11-12,8.640000,9.120000,8.320000,8.320000,8.320000,2800
2019-11-13,8.416000,8.480000,8.240000,8.320000,8.320000,1100
2019-11-14,8.320000,8.352000,7.120000,7.848000,7.848000,4800
2019-11-15,7.976000,8.200000,7.640000,7.920000,7.920000,2200
2019-11-18,7.776000,8.320000,7.200000,7.408000,7.408000,2000
2019-11-19,7.656000,8.080000,7.536000,7.688000,7.688000,1600
2019-11-20,7.600000,8.080000,7.520000,8.016000,8.016000,26600
2019-11-21,8.320000,8.960000,7.648000,8.000000,8.000000,59900
2019-11-22,8.336000,8.336000,7.360000,7.360000,7.360000,19500
2019-11-25,7.728000,8.256000,7.168000,7.200000,7.200000,31100
2019-11-26,7.760000,7.840000,7.600000,7.776000,7.776000,25900
2019-11-27,7.760000,7.760000,7.200000,7.288000,7.288000,21200
2019-11-29,7.320000,7.744000,7.200000,7.600000,7.600000,23100
2019-12-02,7.680000,8.216000,7.600000,8.000000,8.000000,34900
2019-12-03,7.624000,7.624000,7.280000,7.560000,7.560000,26400
2019-12-04,7.680000,7.680000,7.360000,7.464000,7.464000,81700
2019-12-05,7.360000,7.520000,7.280000,7.360000,7.360000,5900
2019-12-06,7.240000,7.448000,7.240000,7.440000,7.440000,8100
2019-12-09,7.520000,7.520000,7.200000,7.256000,7.256000,11300
2019-12-10,7.520000,7.520000,7.200000,7.360000,7.360000,9700
2019-12-11,7.200000,7.560000,7.200000,7.280000,7.280000,14500
2019-12-12,7.288000,8.800000,7.288000,8.400000,8.400000,109300
2019-12-13,8.160000,9.432000,8.000000,8.392000,8.392000,146000
2019-12-16,7.840000,8.392000,7.320000,8.080000,8.080000,110700
2019-12-17,8.080000,8.080000,7.600000,7.680000,7.680000,10300
2019-12-18,7.288000,7.680000,6.640000,6.720000,6.720000,112500
2019-12-19,6.880000,7.200000,6.720000,6.880000,6.880000,38100
2019-12-20,7.120000,7.120000,6.720000,6.952000,6.952000,20200
2019-12-23,6.896000,7.160000,6.720000,7.160000,7.160000,8200
2019-12-24,6.832000,7.600000,6.776000,7.120000,7.120000,12800
2019-12-26,7.520000,7.600000,6.800000,7.104000,7.104000,22600
2019-12-27,7.520000,7.520000,5.920000,6.680000,6.680000,52000
2019-12-30,6.560000,6.848000,6.560000,6.640000,6.640000,8500
2019-12-31,6.640000,6.784000,6.360000,6.560000,6.560000,28400
2020-01-02,6.560000,6.800000,6.440000,6.664000,6.664000,7900
2020-01-03,6.720000,7.352000,6.480000,7.200000,7.200000,40100
2020-01-06,7.840000,8.000000,7.280000,7.560000,7.560000,84100
2020-01-07,8.000000,8.000000,7.400000,7.528000,7.528000,38300
2020-01-08,7.840000,7.840000,7.304000,7.360000,7.360000,22700
2020-01-09,7.440000,8.800000,7.360000,8.320000,8.320000,193300
2020-01-10,8.160000,9.200000,7.920000,8.800000,8.800000,93900
2020-01-13,8.240000,8.800000,7.992000,8.680000,8.680000,94300
2020-01-14,8.680000,8.880000,8.144000,8.160000,8.160000,78200
2020-01-15,8.000000,8.320000,7.800000,8.000000,8.000000,41300
2020-01-16,8.000000,8.240000,7.840000,7.840000,7.840000,38100
2020-01-17,7.840000,8.160000,7.600000,7.760000,7.760000,56000
2020-01-21,7.760000,7.760000,7.360000,7.440000,7.440000,25700
2020-01-22,7.624000,7.680000,7.200000,7.560000,7.560000,34500
2020-01-23,7.744000,7.752000,7.416000,7.600000,7.600000,15700
2020-01-24,7.600000,7.760000,7.440000,7.680000,7.680000,10500
2020-01-27,7.216000,7.680000,7.216000,7.344000,7.344000,11600
2020-01-28,7.520000,7.904000,7.040000,7.648000,7.648000,28300
2020-01-29,7.232000,7.920000,7.200000,7.600000,7.600000,30500
2020-01-30,7.752000,7.752000,7.280000,7.400000,7.400000,17500
2020-01-31,7.600000,7.760000,7.360000,7.392000,7.392000,12200
2020-02-03,7.360000,7.520000,7.040000,7.440000,7.440000,14600
2020-02-04,7.416000,7.600000,6.000000,7.000000,7.000000,30000
2020-02-05,7.360000,7.472000,7.208000,7.280000,7.280000,13400
2020-02-06,7.664000,7.664000,6.240000,6.800000,6.800000,47200
2020-02-07,6.880000,6.960000,6.568000,6.656000,6.656000,19900
2020-02-10,6.656000,6.880000,6.656000,6.800000,6.800000,26800
2020-02-11,6.800000,6.880000,6.800000,6.800000,6.800000,15700
2020-02-12,6.800000,7.040000,6.728000,7.040000,7.040000,43500
2020-02-13,7.040000,7.040000,6.720000,6.776000,6.776000,800
2020-02-14,6.776000,6.800000,6.560000,6.640000,6.640000,1600
2020-02-18,6.560000,6.800000,6.320000,6.400000,6.400000,1600
2020-02-19,6.320000,7.760000,6.320000,6.800000,6.800000,18800
2020-02-20,6.320000,6.800000,6.240000,6.800000,6.800000,1900
2020-02-21,6.480000,6.800000,6.400000,6.640000,6.640000,600
2020-02-24,6.640000,6.640000,6.184000,6.184000,6.184000,2400
2020-02-25,6.280000,6.424000,5.600000,6.080000,6.080000,4000
2020-02-26,6.000000,6.480000,5.680000,5.840000,5.840000,2100
2020-02-27,6.000000,6.800000,5.840000,5.864000,5.864000,14600
2020-02-28,6.128000,6.128000,5.600000,5.680000,5.680000,900
2020-03-02,6.400000,6.720000,5.680000,6.720000,6.720000,8700
2020-03-03,7.040000,7.040000,5.840000,6.120000,6.120000,1100
2020-03-04,6.000000,6.160000,5.880000,6.000000,6.000000,4600
2020-03-05,5.800000,6.400000,5.600000,6.200000,6.200000,9200
2020-03-06,5.808000,7.600000,5.808000,6.480000,6.480000,12800
2020-03-09,5.840000,7.360000,5.840000,7.360000,7.360000,7100
2020-03-10,7.520000,8.000000,6.920000,7.120000,7.120000,13600
2020-03-11,7.360000,7.440000,5.840000,6.240000,6.240000,10500
2020-03-12,5.600000,6.240000,5.512000,6.000000,6.000000,2500
2020-03-13,5.728000,7.200000,5.680000,6.640000,6.640000,22700
2020-03-16,5.680000,6.240000,4.840000,4.880000,4.880000,12100
2020-03-17,4.720000,6.560000,4.240000,5.760000,5.760000,10400
2020-03-18,4.616000,5.600000,4.616000,4.800000,4.800000,11700
2020-03-19,4.960000,5.160000,4.584000,5.120000,5.120000,5100
2020-03-20,5.200000,5.416000,4.656000,5.120000,5.120000,8200
2020-03-23,5.432000,5.432000,4.264000,5.280000,5.280000,6100
2020-03-24,5.600000,5.632000,4.648000,5.416000,5.416000,6400
2020-03-25,5.560000,5.560000,4.800000,4.968000,4.968000,6900
2020-03-26,4.816000,5.200000,4.320000,5.064000,5.064000,8100
2020-03-27,4.880000,5.280000,4.744000,5.280000,5.280000,9200
2020-03-30,5.040000,5.280000,4.480000,5.280000,5.280000,8800
2020-03-31,5.600000,5.600000,4.304000,4.624000,4.624000,16500
2020-04-01,4.328000,4.720000,4.328000,4.560000,4.560000,5300
2020-04-02,4.792000,4.792000,4.400000,4.464000,4.464000,2500
2020-04-03,4.720000,4.720000,4.016000,4.400000,4.400000,7000
2020-04-06,4.616000,4.800000,4.200000,4.400000,4.400000,5100
2020-04-07,4.488000,5.008000,4.400000,4.480000,4.480000,6900
2020-04-08,4.704000,4.752000,4.160000,4.208000,4.208000,14600
2020-04-09,4.400000,4.640000,4.080000,4.320000,4.320000,7100
2020-04-13,4.160000,4.552000,4.000000,4.400000,4.400000,2800
2020-04-14,4.480000,4.720000,4.320000,4.400000,4.400000,6500
2020-04-15,4.720000,4.720000,4.080000,4.280000,4.280000,7700
2020-04-16,4.160000,5.120000,4.160000,5.040000,5.040000,20700
2020-04-17,5.120000,5.120000,4.352000,4.664000,4.664000,6800
2020-04-20,4.720000,5.280000,4.640000,5.040000,5.040000,12200
2020-04-21,4.904000,5.040000,4.576000,4.848000,4.848000,3500
2020-04-22,4.848000,5.000000,4.592000,4.960000,4.960000,9000
2020-04-23,4.800000,4.880000,4.608000,4.776000,4.776000,2500
2020-04-24,4.640000,5.080000,4.400000,5.080000,5.080000,17100
2020-04-27,4.800000,6.768000,4.800000,5.400000,5.400000,41100
2020-04-28,5.440000,5.440000,4.960000,5.168000,5.168000,8600
2020-04-29,5.168000,5.360000,4.800000,5.080000,5.080000,7200
2020-04-30,5.088000,5.104000,4.544000,4.800000,4.800000,75900
2020-05-01,4.776000,5.240000,4.648000,4.800000,4.800000,5400
2020-05-04,5.024000,5.104000,4.560000,4.776000,4.776000,9500
2020-05-05,4.640000,4.960000,4.504000,4.776000,4.776000,2300
2020-05-06,4.520000,4.880000,4.520000,4.520000,4.520000,4500
2020-05-07,4.776000,4.800000,4.560000,4.592000,4.592000,2600
2020-05-08,4.704000,5.600000,4.696000,4.936000,4.936000,6800
2020-05-11,4.880000,5.080000,4.400000,4.992000,4.992000,4900
2020-05-12,5.200000,5.200000,4.432000,4.800000,4.800000,2000
2020-05-13,4.688000,5.200000,4.624000,4.800000,4.800000,5100
2020-05-14,4.800000,4.984000,4.640000,4.800000,4.800000,5100
2020-05-15,4.560000,5.920000,4.560000,5.416000,5.416000,31200
2020-05-18,5.600000,6.000000,5.280000,5.624000,5.624000,7300
2020-05-19,1.100000,3.010000,1.100000,1.930000,1.930000,1553400
2020-05-20,1.840000,2.190000,1.510000,2.020000,2.020000,220100
2020-05-21,1.720000,1.860000,1.608000,1.790000,1.790000,49000
2020-05-22,1.730000,1.749000,1.500000,1.690000,1.690000,13500
2020-05-26,1.630000,1.770000,1.630000,1.710000,1.710000,15900
2020-05-27,1.640000,1.900000,1.500000,1.619000,1.619000,154900
2020-05-28,1.680000,1.680000,1.520000,1.530000,1.530000,29200
2020-05-29,1.600000,1.642000,1.535000,1.590000,1.590000,44700
2020-06-01,1.520000,1.590000,1.520000,1.560000,1.560000,17800
2020-06-02,1.520000,1.740000,1.520000,1.650000,1.650000,71200
2020-06-03,1.651000,1.750000,1.570000,1.630000,1.630000,40300
2020-06-04,1.695000,2.390000,1.640000,2.180000,2.180000,910000
2020-06-05,2.240000,2.240000,1.870000,1.960000,1.960000,120300
2020-06-08,1.950000,2.030000,1.742000,2.010000,2.010000,162000
2020-06-09,2.000000,2.090000,1.850000,1.970000,1.970000,63200
2020-06-10,1.960000,5.200000,1.860000,3.000000,3.000000,3195100
2020-06-11,2.760000,3.600000,2.480000,3.400000,3.400000,406200
2020-06-12,4.100000,4.210000,2.500000,2.510000,2.510000,415300
2020-06-15,2.500000,2.800000,2.320000,2.570000,2.570000,154400
2020-06-16,2.530000,2.800000,2.400000,2.420000,2.420000,147700
2020-06-17,2.500000,3.325000,2.466000,2.620000,2.620000,271800
2020-06-18,2.590000,2.770000,2.490000,2.510000,2.510000,102100
2020-06-19,2.490000,2.552000,2.220000,2.300000,2.300000,118500
2020-06-22,2.270000,2.400000,2.220000,2.220000,2.220000,26300
2020-06-23,2.220000,2.265000,2.018000,2.140000,2.140000,69100
2020-06-24,2.110000,2.390000,2.040000,2.150000,2.150000,49900
2020-06-25,2.120000,2.300000,2.080000,2.170000,2.170000,24500
2020-06-26,2.080000,2.270000,2.080000,2.160000,2.160000,41600
2020-06-29,2.160000,2.470000,2.100000,2.450000,2.450000,179300
2020-06-30,2.420000,2.420000,2.143000,2.300000,2.300000,32900
2020-07-01,2.270000,2.310000,2.160000,2.200000,2.200000,28100
2020-07-02,2.140000,2.390000,2.140000,2.270000,2.270000,50700
2020-07-06,2.260000,2.350000,2.205000,2.250000,2.250000,66500
2020-07-07,2.270000,3.240000,2.260000,2.610000,2.610000,796000
2020-07-08,2.620000,2.830000,2.450000,2.530000,2.530000,110000
2020-07-09,2.530000,2.720000,2.400000,2.430000,2.430000,25300
2020-07-10,2.390000,2.900000,2.270000,2.848000,2.848000,270200
2020-07-13,2.750000,2.750000,2.421000,2.570000,2.570000,130500
2020-07-14,2.490000,2.500000,2.220000,2.300000,2.300000,116300
2020-07-15,2.250000,3.500000,2.250000,2.840000,2.840000,1020900
2020-07-16,3.020000,3.190000,2.630000,2.780000,2.780000,218100
2020-07-17,2.850000,2.850000,2.520000,2.740000,2.740000,185700
2020-07-20,2.710000,2.920000,2.570000,2.630000,2.630000,135800
2020-07-21,2.630000,2.839000,2.510000,2.660000,2.660000,129300
2020-07-22,2.640000,2.830000,2.620000,2.820000,2.820000,119400
2020-07-23,2.860000,3.100000,2.638000,2.660000,2.660000,94200
2020-07-24,2.700000,2.860000,2.540000,2.750000,2.750000,141700
2020-07-27,2.680000,4.090000,2.612000,3.090000,3.090000,2200600
2020-07-28,3.080000,4.980000,2.920000,3.780000,3.780000,10388600
2020-07-29,3.700000,3.890000,3.320000,3.750000,3.750000,749500
2020-07-30,3.500000,3.740000,3.170000,3.410000,3.410000,290700
2020-07-31,3.360000,3.770000,3.310000,3.480000,3.480000,364300
2020-08-03,3.530000,4.430000,3.360000,3.470000,3.470000,1050100
2020-08-04,3.440000,3.760000,3.420000,3.610000,3.610000,201800
2020-08-05,3.840000,4.160000,3.630000,3.725000,3.725000,478400
2020-08-06,3.790000,4.140000,3.630000,3.810000,3.810000,309300
2020-08-07,3.870000,3.950000,3.430000,3.540000,3.540000,210800
2020-08-10,3.510000,3.910000,3.510000,3.630000,3.630000,165800
2020-08-11,3.540000,3.750000,3.290000,3.350000,3.350000,180800
2020-08-12,3.280000,3.390000,3.170000,3.220000,3.220000,76400