Date,Open,High,Low,Close,Adj Close,Volume
2019-12-31,5.820000,5.820000,4.327000,4.780000,4.780000,509200
2020-01-02,4.860000,4.860000,4.150000,4.370000,4.370000,204100
2020-01-03,4.220000,4.450000,4.220000,4.350000,4.350000,66400
2020-01-06,4.370000,4.800000,4.250000,4.510000,4.510000,149000
2020-01-07,4.550000,4.828000,4.540000,4.800000,4.800000,125200
2020-01-08,4.760000,4.800000,4.310000,4.320000,4.320000,119300
2020-01-09,4.350000,4.570000,4.300000,4.397000,4.397000,16200
2020-01-10,4.450000,4.450000,4.007000,4.190000,4.190000,58800
2020-01-13,4.280000,4.490000,4.040000,4.430000,4.430000,44200
2020-01-14,4.490000,4.500000,4.150000,4.150000,4.150000,31700
2020-01-15,4.180000,4.370000,4.100000,4.290000,4.290000,16800
2020-01-16,4.250000,4.380000,4.160000,4.160000,4.160000,16400
2020-01-17,4.120000,4.388000,4.120000,4.340000,4.340000,48000
2020-01-21,4.300000,4.760000,4.293000,4.690000,4.690000,64000
2020-01-22,4.830000,4.830000,4.410000,4.550000,4.550000,50200
2020-01-23,4.520000,4.520000,4.330000,4.350000,4.350000,41800
2020-01-24,4.350000,4.438000,4.187000,4.250000,4.250000,37400
2020-01-27,4.250000,4.353000,4.100000,4.300000,4.300000,15900
2020-01-28,4.330000,4.450000,4.180000,4.200000,4.200000,11400
2020-01-29,4.270000,4.270000,4.060000,4.090000,4.090000,19900
2020-01-30,4.070000,4.124000,3.450000,3.660000,3.660000,66400
2020-01-31,3.660000,3.660000,3.100000,3.410000,3.410000,41200
2020-02-03,3.320000,3.400000,3.000000,3.380000,3.380000,44600
2020-02-04,3.299000,3.750000,3.299000,3.400000,3.400000,28200
2020-02-05,3.420000,3.619000,3.320000,3.380000,3.380000,11000
2020-02-06,3.370000,3.370000,3.170000,3.241000,3.241000,11000
2020-02-07,3.230000,3.365000,3.173000,3.276000,3.276000,5200
2020-02-10,3.320000,3.320000,3.000000,3.040000,3.040000,21800
2020-02-11,3.012000,3.100000,3.000000,3.050000,3.050000,12800
2020-02-12,3.060000,3.166000,2.904000,2.950000,2.950000,16200
2020-02-13,2.900000,2.900000,2.700000,2.760000,2.760000,57800
2020-02-14,2.871000,2.990000,2.800000,2.800000,2.800000,6600
2020-02-18,2.830000,2.990000,2.800000,2.970000,2.970000,10100
2020-02-19,2.970000,3.100000,2.951000,3.072000,3.072000,9200
2020-02-20,3.000000,3.090000,3.000000,3.080000,3.080000,3500
2020-02-21,3.064000,3.071000,2.900000,3.020000,3.020000,8300
2020-02-24,3.020000,3.390000,3.020000,3.390000,3.390000,38100
2020-02-25,3.650000,3.650000,3.100000,3.100000,3.100000,40900
2020-02-26,3.110000,3.420000,3.110000,3.280000,3.280000,11700
2020-02-27,3.050000,3.190000,2.840000,3.020000,3.020000,37600
2020-02-28,2.950000,3.040000,2.760000,2.920000,2.920000,10400
2020-03-02,2.984000,3.120000,2.930000,3.080000,3.080000,6200
2020-03-03,3.030000,3.130000,2.880000,2.890000,2.890000,48500
2020-03-04,2.990000,3.080000,2.924000,3.080000,3.080000,5800
2020-03-05,2.970000,3.026000,2.700000,2.700000,2.700000,25500
2020-03-06,2.850000,2.850000,2.700000,2.830000,2.830000,11600
2020-03-09,0.570000,2.680000,0.570000,2.120000,2.120000,36300
2020-03-10,2.170000,2.452000,2.170000,2.330000,2.330000,21100
2020-03-11,2.400000,2.400000,1.890000,1.890000,1.890000,21400
2020-03-12,1.750000,1.900000,1.750000,1.850000,1.850000,26400
2020-03-13,1.850000,1.850000,1.610000,1.685000,1.685000,13800
2020-03-16,1.653000,1.653000,1.620000,1.620000,1.620000,4300
2020-03-17,1.620000,1.722000,1.600000,1.642000,1.642000,9700
2020-03-18,1.640000,1.640000,1.600000,1.605000,1.605000,20100
2020-03-19,1.820000,2.190000,1.820000,1.830000,1.830000,5300
2020-03-20,1.913000,1.913000,1.660000,1.660000,1.660000,3300
2020-03-23,1.750000,1.800000,1.750000,1.750000,1.750000,4300
2020-03-24,2.140000,2.140000,1.940000,1.960000,1.960000,6200
2020-03-25,1.970000,2.170000,1.970000,2.080000,2.080000,5500
2020-03-26,2.020000,2.085000,1.860000,1.990000,1.990000,8200
2020-03-27,2.000000,2.000000,1.800000,1.954000,1.954000,5500
2020-03-30,1.977000,1.977000,1.977000,1.977000,1.977000,400
2020-03-31,1.900000,1.932000,1.900000,1.920000,1.920000,1300
2020-04-01,1.920000,1.935000,1.800000,1.875000,1.875000,9000
2020-04-02,1.840000,1.840000,1.800000,1.800000,1.800000,2000
2020-04-03,1.850000,1.850000,1.734000,1.740000,1.740000,9700
2020-04-06,1.587000,1.650000,1.500000,1.590000,1.590000,17300
2020-04-07,1.687000,1.687000,1.510000,1.562000,1.562000,6200
2020-04-08,1.510000,1.578000,1.410000,1.550000,1.550000,8600
2020-04-09,1.695000,1.695000,1.605000,1.605000,1.605000,1100
2020-04-13,1.739000,1.830000,1.714000,1.820000,1.820000,13600
2020-04-14,1.850000,1.860000,1.771000,1.771000,1.771000,13100
2020-04-15,1.780000,1.850000,1.664000,1.735000,1.735000,6000
2020-04-16,1.625000,1.720000,1.625000,1.650000,1.650000,3700
2020-04-17,1.674000,1.680000,1.674000,1.680000,1.680000,4100
2020-04-20,1.699000,1.740000,1.660000,1.729000,1.729000,17800
2020-04-21,1.800000,1.800000,1.757000,1.760000,1.760000,3200
2020-04-22,1.848000,2.558000,1.790000,2.500000,2.500000,291400
2020-04-23,2.500000,2.504000,1.960000,2.150000,2.150000,112700
2020-04-24,2.180000,2.180000,2.000000,2.060000,2.060000,22600
2020-04-27,2.060000,2.060000,1.900000,1.965000,1.965000,18300
2020-04-28,1.908000,1.990000,1.900000,1.950000,1.950000,6800
2020-04-29,1.900000,1.960000,1.844000,1.900000,1.900000,12500
2020-04-30,1.900000,1.900000,1.850000,1.859000,1.859000,3100
2020-05-01,1.820000,1.850000,1.810000,1.820000,1.820000,1900
2020-05-04,1.810000,1.849000,1.759000,1.833000,1.833000,1500
2020-05-05,1.817000,1.826000,1.760000,1.780000,1.780000,1100
2020-05-06,1.796000,1.810000,1.796000,1.810000,1.810000,900
2020-05-07,1.781000,1.790000,1.760000,1.760000,1.760000,3400
2020-05-08,1.855000,1.855000,1.760000,1.850000,1.850000,2500
2020-05-11,1.815000,1.815000,1.815000,1.815000,1.815000,300
2020-05-12,1.820000,1.820000,1.779000,1.779000,1.779000,600
2020-05-13,1.750000,1.885000,1.750000,1.850000,1.850000,4000
2020-05-14,1.760000,1.850000,1.750000,1.850000,1.850000,3600
2020-05-15,1.850000,1.850000,1.775000,1.820000,1.820000,2600
2020-05-18,1.750000,1.840000,1.632000,1.750000,1.750000,14400
2020-05-19,1.930000,1.930000,1.670000,1.790000,1.790000,8600
2020-05-20,1.740000,1.830000,1.700000,1.700000,1.700000,4500
2020-05-21,1.710000,1.710000,1.700000,1.700000,1.700000,800
2020-05-22,1.660000,1.660000,1.508000,1.550000,1.550000,24900
2020-05-26,1.600000,1.600000,1.520000,1.580000,1.580000,10600
2020-05-27,1.600000,1.650000,1.560000,1.650000,1.650000,12100
2020-05-28,1.650000,1.650000,1.560000,1.600000,1.600000,3000
2020-05-29,1.690000,1.690000,1.630000,1.640000,1.640000,22500
2020-06-01,1.637000,1.655000,1.610000,1.610000,1.610000,2600
2020-06-02,1.675000,1.740000,1.620000,1.660000,1.660000,5600
2020-06-03,1.669000,1.689000,1.600000,1.660000,1.660000,7800
2020-06-04,1.690000,1.990000,1.660000,1.970000,1.970000,62900
2020-06-05,1.960000,2.600000,1.960000,2.190000,2.190000,184000
2020-06-08,2.100000,2.145000,1.859000,1.986000,1.986000,27900
2020-06-09,1.940000,2.032000,1.900000,1.910000,1.910000,4800
2020-06-10,1.980000,2.080000,1.900000,1.960000,1.960000,7500
2020-06-11,1.960000,1.960000,1.750000,1.840000,1.840000,5400
2020-06-12,1.840000,1.960000,1.750000,1.750000,1.750000,7400
2020-06-15,1.770000,1.850000,1.690000,1.690000,1.690000,8800
2020-06-16,1.790000,1.865000,1.710000,1.740000,1.740000,4300
2020-06-17,1.820000,3.170000,1.800000,2.090000,2.090000,781500
2020-06-18,2.110000,2.510000,1.920000,2.410000,2.410000,128100
2020-06-19,2.530000,2.550000,2.230000,2.340000,2.340000,56100
2020-06-22,2.250000,2.350000,1.840000,2.040000,2.040000,33100
2020-06-23,2.040000,2.040000,1.900000,2.040000,2.040000,23900
2020-06-24,1.950000,2.000000,1.950000,1.960000,1.960000,10200
2020-06-25,1.920000,1.960000,1.840000,1.900000,1.900000,7500
2020-06-26,1.860000,2.000000,1.860000,1.910000,1.910000,11000
2020-06-29,1.850000,2.900000,1.800000,2.800000,2.800000,292800
2020-06-30,2.990000,3.650000,2.218000,2.950000,2.950000,745700
2020-07-01,2.340000,2.705000,2.330000,2.410000,2.410000,40100
2020-07-02,2.500000,2.560000,2.200000,2.283000,2.283000,35200
2020-07-06,2.480000,2.480000,2.162000,2.340000,2.340000,28700
2020-07-07,2.480000,2.480000,2.210000,2.260000,2.260000,29800
2020-07-08,2.390000,2.580000,2.175000,2.538000,2.538000,95200
2020-07-09,2.480000,2.572000,2.220000,2.400000,2.400000,48900
2020-07-10,2.490000,2.550000,2.310000,2.400000,2.400000,20300
2020-07-13,2.400000,2.620000,2.332000,2.530000,2.530000,51600
2020-07-14,2.550000,2.550000,2.370000,2.393000,2.393000,12900
2020-07-15,2.550000,2.550000,2.380000,2.520000,2.520000,21100
2020-07-16,2.400000,2.690000,2.400000,2.690000,2.690000,34900
2020-07-17,2.580000,2.930000,2.400000,2.870000,2.870000,76700
2020-07-20,2.800000,3.890000,2.800000,3.350000,3.350000,485900
2020-07-21,3.050000,3.280000,2.900000,3.250000,3.250000,106200
2020-07-22,2.960000,3.160000,2.490000,2.910000,2.910000,124400
2020-07-23,2.870000,2.897000,2.610000,2.610000,2.610000,29800