Date,Open,High,Low,Close,Adj Close,Volume
2019-04-18,20.000000,20.250000,19.600000,19.920000,18.020538,8187000
2019-04-22,20.000000,21.430000,20.000000,20.930000,18.934231,963200
2019-04-23,21.049999,21.740000,20.510000,21.250000,19.223717,435800
2019-04-24,21.379999,21.625999,20.330000,21.250000,19.223717,271300
2019-04-25,21.100000,21.110001,20.402000,20.610001,18.644745,71100
2019-04-26,20.590000,20.709999,20.040001,20.490000,18.536184,81000
2019-04-29,20.459999,20.809999,20.160000,20.420000,18.472860,104000
2019-04-30,20.430000,20.639999,20.190001,20.510000,18.554277,219900
2019-05-01,20.370001,20.690001,20.250000,20.350000,18.409534,209000
2019-05-02,20.170000,20.430000,19.959999,19.959999,18.056723,50400
2019-05-03,19.770000,20.030001,19.110001,19.980000,18.074816,546400
2019-05-06,19.750000,19.990000,19.356001,19.920000,18.020538,117500
2019-05-07,20.020000,20.020000,19.162001,19.879999,17.984350,190000
2019-05-08,19.700001,20.170000,19.360001,19.740000,17.857700,201900
2019-05-09,19.520000,19.680000,19.150000,19.340000,17.495844,128600
2019-05-10,19.309999,19.480000,18.610001,19.450001,17.595354,40300
2019-05-13,19.250000,20.139999,19.100000,19.940001,18.038631,331400
2019-05-14,20.240000,21.290001,20.139999,20.920000,18.925184,426600
2019-05-15,20.920000,21.540001,20.750000,21.490000,19.440830,182600
2019-05-16,21.520000,22.035000,21.340000,21.889999,19.802687,313200
2019-05-17,21.889999,21.889999,21.600000,21.680000,19.612713,175000
2019-05-20,21.820000,22.000000,21.406000,21.730000,19.657946,233100
2019-05-21,21.930000,22.458000,21.770000,22.170000,20.055990,360400
2019-05-22,22.000000,22.230000,21.120001,21.570000,19.513201,227000
2019-05-23,21.400000,21.530001,20.870001,21.000000,18.997553,269100
2019-05-24,21.090000,21.195000,20.180000,20.770000,18.789486,95000
2019-05-28,20.680000,21.070000,20.610001,21.000000,18.997553,155500
2019-05-29,20.870001,21.325001,20.580000,21.059999,19.051834,399800
2019-05-30,21.040001,21.690001,20.840000,21.120001,19.106113,370400
2019-05-31,21.150000,21.184999,20.309999,20.530001,18.572372,144400
2019-06-03,20.530001,21.430000,19.480000,21.240000,19.214670,212000
2019-06-04,21.230000,21.370001,20.320000,21.010000,19.006601,250400
2019-06-05,21.059999,21.143000,20.490000,20.750000,18.771393,265800
2019-06-06,20.850000,20.915001,20.190001,20.510000,18.554277,247900
2019-06-07,20.360001,21.100000,20.200001,20.760000,18.780437,318200
2019-06-10,20.650000,21.090000,20.230000,20.750000,18.771393,235700
2019-06-11,21.010000,21.090000,20.610001,20.900000,18.907089,170300
2019-06-12,20.940001,21.070000,20.330000,20.469999,18.518093,159100
2019-06-13,20.700001,20.809999,20.100000,20.230000,18.300978,292400
2019-06-14,20.180000,20.670000,19.959999,20.500000,18.545233,387900
2019-06-17,20.940001,20.940001,19.799999,20.139999,18.219559,309000
2019-06-18,20.360001,20.750000,20.020000,20.370001,18.427628,105800
2019-06-19,20.440001,21.000000,20.270000,20.360001,18.418581,232600
2019-06-20,20.500000,21.799999,20.500000,21.299999,19.268946,659300
2019-06-21,21.540001,21.790001,21.309999,21.580000,19.522245,777000
2019-06-24,21.500000,22.200001,21.129999,21.190001,19.169439,222900
2019-06-25,21.160000,21.360001,21.000000,21.040001,19.033739,318400
2019-06-26,21.280001,22.100000,21.180000,21.469999,19.422737,238500
2019-06-27,21.600000,21.830000,20.860001,21.030001,19.024694,148400
2019-06-28,21.110001,21.610001,20.700001,21.459999,19.413692,2357200
2019-07-01,21.450001,22.110001,21.370001,21.690001,19.621759,187700
2019-07-02,21.670000,21.860001,20.950001,21.420000,19.377504,173100
2019-07-03,21.500000,21.500000,20.620001,21.219999,19.196577,52400
2019-07-05,21.219999,21.450001,20.809999,20.930000,18.934231,56900
2019-07-08,20.840000,20.930000,20.510000,20.610001,18.644745,96300
2019-07-09,20.410000,21.110001,20.090000,21.110001,19.097067,192700
2019-07-10,21.299999,21.445000,20.629999,20.969999,18.970413,203800
2019-07-11,21.040001,21.299999,20.549999,21.010000,19.006601,139100
2019-07-12,21.180000,22.385000,20.941999,22.340000,20.209780,186500
2019-07-15,22.549999,22.959999,21.010000,21.459999,19.413692,119900
2019-07-16,21.469999,21.549999,20.854000,21.250000,19.223717,109300
2019-07-17,21.459999,21.459999,20.799999,20.870001,18.879953,64700
2019-07-18,20.690001,20.879999,19.840000,20.110001,18.192419,161100
2019-07-19,19.959999,20.299999,19.844000,20.150000,18.228605,79000
2019-07-22,20.330000,20.590000,19.959999,19.990000,18.083862,90900
2019-07-23,20.180000,20.990000,20.000000,20.900000,18.907089,85800
2019-07-24,20.920000,21.959999,20.889999,21.740000,19.666992,123600
2019-07-25,22.000000,22.000000,20.860001,20.870001,18.879953,35600
2019-07-26,20.959999,21.009001,20.471001,20.750000,18.771393,50800
2019-07-29,20.639999,20.870001,20.400000,20.650000,18.680927,54400
2019-07-30,20.559999,21.459999,20.500000,21.379999,19.341318,146800
2019-07-31,21.430000,21.889999,21.330000,21.450001,19.404646,110800
2019-08-01,21.420000,21.500000,20.320000,20.610001,18.644745,114000
2019-08-02,20.620001,20.837999,19.790001,20.440001,18.490952,218100
2019-08-05,19.900000,20.320000,19.540001,20.000000,18.092911,148400
2019-08-06,20.110001,20.389999,19.170000,19.559999,17.694864,139300
2019-08-07,19.160000,19.410000,18.400000,18.820000,17.025425,403800
2019-08-08,19.020000,19.379999,18.360001,18.740000,16.953056,333400
2019-08-09,19.200001,19.990000,18.799999,19.299999,17.459658,208300
2019-08-12,19.350000,19.927999,19.000000,19.750000,17.866747,122600
2019-08-13,19.719999,20.309999,19.320000,19.900000,18.002443,188500
2019-08-14,19.700001,19.860001,19.240000,19.330000,17.486797,127700
2019-08-15,19.200001,19.500000,18.879999,18.959999,17.152077,112800
2019-08-16,19.139999,20.540001,18.639999,20.410000,18.463812,129000
2019-08-19,20.799999,21.500000,20.600000,21.190001,19.169439,133000
2019-08-20,21.020000,21.120001,20.340000,20.610001,18.644745,93000
2019-08-21,20.480000,20.740000,19.990000,20.129999,18.506836,101800
2019-08-22,20.270000,20.430000,19.620001,19.629999,18.047153,57000
2019-08-23,19.570000,19.709999,18.500000,18.770000,17.256500,91100
2019-08-26,19.010000,19.170000,18.740000,18.830000,17.311663,76200
2019-08-27,18.980000,19.200001,18.628000,18.900000,17.376017,118000
2019-08-28,19.049999,20.700001,19.049999,20.389999,18.745872,117900
2019-08-29,20.700001,21.200001,20.030001,20.320000,18.681517,119700
2019-08-30,20.320000,20.629999,19.209999,19.990000,18.378126,87700
2019-09-03,19.879999,19.879999,19.160000,19.530001,17.955219,33900
2019-09-04,20.110001,20.650000,19.740000,20.299999,18.663130,59400
2019-09-05,20.520000,21.370001,20.040001,21.190001,19.481365,101500
2019-09-06,21.070000,21.320000,20.500000,20.629999,18.966520,134800
2019-09-09,20.900000,21.900000,20.610001,21.850000,20.088148,100100
2019-09-10,21.629999,22.100000,21.105000,21.740000,19.987019,173800
2019-09-11,21.809999,22.160000,20.730000,20.980000,19.288300,189100
2019-09-12,20.840000,20.860001,20.100000,20.209999,18.580387,181300
2019-09-13,20.209999,20.209999,19.740000,19.900000,18.295383,149800
2019-09-16,20.629999,23.290001,20.629999,23.040001,21.182194,424900
2019-09-17,23.030001,23.120001,21.260000,21.660000,19.913467,150200
2019-09-18,21.559999,21.709999,21.049999,21.379999,19.656044,145500
2019-09-19,21.600000,21.740000,21.170000,21.240000,19.527334,135600
2019-09-20,21.260000,21.740000,20.990000,21.670000,19.922663,119300
2019-09-23,21.430000,22.650000,21.360001,22.450001,20.639767,61800
2019-09-24,22.150000,22.290001,20.920000,21.459999,19.729593,147800
2019-09-25,21.330000,21.459999,20.770000,21.190001,19.481365,213700
2019-09-26,21.049999,21.049999,20.020000,20.160000,18.534418,246600
2019-09-27,20.000000,20.719999,20.000000,20.290001,18.653936,151000
2019-09-30,20.250000,20.500000,19.615000,19.900000,18.295383,153800
2019-10-01,19.969999,20.490000,19.760000,19.790001,18.194256,423400
2019-10-02,19.629999,19.830000,18.799999,19.219999,17.670214,135900
2019-10-03,19.150000,19.950001,18.635000,19.799999,18.203445,143500
2019-10-04,19.799999,19.850000,18.950001,19.389999,17.826506,139100
2019-10-07,19.389999,19.750000,19.070000,19.379999,17.817312,144400
2019-10-08,19.270000,19.520000,18.559999,18.799999,17.284081,302100
2019-10-09,19.090000,19.490000,18.620001,19.059999,17.523115,129500
2019-10-10,19.260000,19.900000,18.885000,19.469999,17.900055,90400
2019-10-11,19.780001,20.299999,19.500000,19.930000,18.322964,204800
2019-10-14,19.670000,19.781000,18.840000,18.980000,17.449566,134800
2019-10-15,19.070000,19.420000,18.879999,19.309999,17.752956,233200
2019-10-16,19.129999,19.643000,18.620001,18.750000,17.238113,97500
2019-10-17,18.629999,19.750000,18.629999,19.639999,18.056347,156700
2019-10-18,19.889999,19.930000,18.639999,19.120001,17.578278,186800
2019-10-21,19.209999,19.790001,19.120001,19.690001,18.102316,230700
2019-10-22,19.629999,20.540001,19.250000,20.080000,18.460869,129800
2019-10-23,20.049999,20.590000,19.750000,20.500000,18.847004,158900
2019-10-24,20.570000,21.045000,20.139999,20.889999,19.205555,287900
2019-10-25,20.990000,21.639999,20.590000,21.400000,19.674431,310800
2019-10-28,21.430000,21.850000,20.180000,20.360001,18.718294,198700
2019-10-29,20.030001,21.139999,20.030001,20.879999,19.196362,201500
2019-10-30,20.920000,21.219999,19.480000,19.500000,17.927637,367700
2019-10-31,19.530001,19.980000,18.520000,19.090000,17.550697,121300
2019-11-01,19.360001,19.750000,19.010000,19.230000,17.679409,289000
2019-11-04,19.520000,19.629999,19.160000,19.200001,17.651829,166500
2019-11-05,19.270000,19.549999,18.700001,19.219999,17.670214,199100
2019-11-06,19.139999,19.260000,18.100000,18.309999,16.833591,279100
2019-11-07,18.469999,19.340000,18.270000,18.400000,16.916334,338900
2019-11-08,18.600000,20.700001,18.280001,19.700001,18.111513,667200
2019-11-11,19.549999,19.795000,19.170000,19.700001,18.111513,207400
2019-11-12,19.910000,20.490000,19.670000,19.790001,18.194256,134500
2019-11-13,19.610001,20.278000,19.600000,20.040001,18.424095,201700
2019-11-14,20.100000,20.270000,19.790001,20.080000,18.460869,120500
2019-11-15,20.219999,20.580000,19.750000,20.080000,18.460869,139100
2019-11-18,20.040001,20.040001,19.299999,19.410000,17.844894,372900
2019-11-19,19.100000,19.389999,18.740000,18.910000,17.685898,205500
2019-11-20,18.900000,19.215000,18.480000,18.520000,17.321146,297500
2019-11-21,18.730000,19.165001,18.360001,19.080000,17.844894,306100
2019-11-22,19.170000,19.250000,18.889999,19.190001,17.947775,172900
2019-11-25,19.150000,20.049999,19.070000,19.900000,18.611813,143400
2019-11-26,19.830000,19.830000,19.200001,19.639999,18.368643,372200
2019-11-27,19.600000,19.910000,18.809999,18.910000,17.685898,99600
2019-11-29,18.840000,19.730000,18.510000,19.360001,18.106770,135400
2019-12-02,19.420000,19.820000,18.809999,19.670000,18.396702,180700
2019-12-03,19.440001,19.820000,19.150000,19.459999,18.200296,145300
2019-12-04,19.660000,19.797001,19.110001,19.360001,18.106770,226600
2019-12-05,19.400000,19.590000,18.610001,18.809999,17.592373,260400
2019-12-06,18.799999,19.850000,18.799999,19.700001,18.424763,185100
2019-12-09,18.840000,18.840000,17.910000,18.129999,16.956390,809500
2019-12-10,18.090000,18.500000,17.510000,18.200001,17.021862,645200
2019-12-11,18.450001,18.740000,18.110001,18.580000,17.377260,706100
2019-12-12,18.510000,18.990000,18.200001,18.299999,17.115385,5638700
2019-12-13,18.480000,18.830000,18.190001,18.600000,17.395967,916800
2019-12-16,18.719999,18.820000,18.350000,18.660000,17.452082,593300
2019-12-17,18.719999,18.950001,18.510000,18.580000,17.377260,522000
2019-12-18,18.600000,19.094999,18.469999,18.910000,17.685898,631000
2019-12-19,18.850000,18.959999,18.370001,18.420000,17.227619,458700
2019-12-20,18.389999,19.059999,18.290001,18.990000,17.760721,829000
2019-12-23,19.070000,19.840000,18.889999,19.680000,18.406055,566800
2019-12-24,19.709999,20.510000,19.650000,20.459999,19.135563,508700
2019-12-26,20.420000,20.850000,20.323000,20.629999,19.294558,383400
2019-12-27,20.770000,21.020000,20.600000,20.870001,19.519024,787900
2019-12-30,20.850000,21.070000,20.474001,21.049999,19.687370,434100
2019-12-31,20.950001,21.650000,20.870001,21.440001,20.052124,653100
2020-01-02,21.500000,21.591999,20.629999,20.820000,19.472260,464100
2020-01-03,21.160000,21.219999,20.670000,20.950001,19.593843,488300
2020-01-06,21.000000,21.172001,20.480000,20.830000,19.481611,604000
2020-01-07,20.830000,21.139999,20.520000,20.690001,19.350674,346200
2020-01-08,20.680000,20.910000,19.170000,19.370001,18.116123,425000
2020-01-09,19.450001,19.580000,18.780001,19.090000,17.854248,591200
2020-01-10,18.959999,19.240000,18.385000,18.900000,17.676546,591000
2020-01-13,18.809999,19.009001,18.434999,18.809999,17.592373,684900
2020-01-14,18.820000,19.010000,18.620001,18.850000,17.629784,378300
2020-01-15,18.840000,19.600000,18.809999,19.389999,18.134827,320800
2020-01-16,19.510000,19.690001,19.040001,19.320000,18.069359,522700
2020-01-17,19.620001,19.660000,19.250000,19.510000,18.247061,336600
2020-01-21,19.500000,19.570000,19.070000,19.350000,18.097418,549600
2020-01-22,19.690001,19.690001,18.740000,18.889999,17.667192,490200
2020-01-23,18.840000,18.870001,18.250000,18.290001,17.106035,443400
2020-01-24,18.510000,18.510000,17.330000,17.730000,16.582285,779900
2020-01-27,17.420000,17.940001,17.139999,17.610001,16.470053,464400
2020-01-28,17.780001,18.260000,17.780001,17.940001,16.778692,297500
2020-01-29,17.959999,17.959999,17.299999,17.530001,16.395231,506600
2020-01-30,17.370001,17.629999,17.059999,17.389999,16.264292,338800
2020-01-31,17.070000,17.504999,16.770000,17.010000,15.908892,429800
2020-02-03,16.969999,17.230000,16.500000,16.590000,15.516081,386200
2020-02-04,16.860001,17.059999,16.270000,16.330000,15.272911,364100
2020-02-05,16.639999,17.250000,16.590000,17.150000,16.039829,540500
2020-02-06,17.200001,17.520000,16.719999,17.469999,16.339115,266400
2020-02-07,17.350000,17.459999,17.020000,17.040001,15.936951,353400
2020-02-10,16.870001,17.145000,16.590000,17.020000,15.918245,162600
2020-02-11,17.250000,17.250000,16.360001,16.670000,15.590901,206200
2020-02-12,16.950001,17.150000,16.469999,16.830000,15.740543,213100
2020-02-13,16.670000,16.969999,16.670000,16.930000,15.834071,243800
2020-02-14,16.930000,17.120001,16.780001,17.040001,15.936951,221600
2020-02-18,16.990000,16.990000,16.600000,16.920000,15.824718,297100
2020-02-19,17.070000,17.490000,16.860001,17.370001,16.245588,158600
2020-02-20,17.379999,17.820000,16.959999,17.450001,16.320412,232700
2020-02-21,17.219999,17.237000,16.760000,16.930000,15.834071,196900
2020-02-24,16.340000,16.510000,15.810000,15.990000,14.954920,486300
2020-02-25,15.910000,16.139999,14.920000,15.240000,14.253469,398900
2020-02-26,15.240000,15.333000,14.610000,14.890000,13.926126,402800
2020-02-27,14.380000,14.940000,13.810000,14.430000,13.495904,932600
2020-02-28,15.010000,16.584999,14.510000,15.950000,14.917509,1352800
2020-03-02,16.360001,17.309999,15.900000,16.950001,15.852777,417800
2020-03-03,17.170000,17.500000,16.620001,16.950001,15.852777,554700
2020-03-04,17.240000,17.273001,16.094999,16.480000,15.413200,624800
2020-03-05,16.200001,16.895000,16.190001,16.340000,15.282264,399300
2020-03-06,15.620000,15.710000,14.510000,14.960000,13.991595,571100
2020-03-09,13.310000,13.310000,9.750000,10.060000,9.408787,1095000
2020-03-10,10.690000,10.790000,9.700000,10.300000,9.633250,770800
2020-03-11,9.800000,10.070000,9.400000,9.980000,9.691515,1164200
2020-03-12,9.600000,9.680000,8.320000,8.700000,8.448516,782600
2020-03-13,9.240000,10.240000,8.630000,10.030000,9.740070,907000
2020-03-16,8.690000,9.900000,8.690000,8.830000,8.574758,477400
2020-03-17,8.690000,8.860000,7.370000,7.720000,7.496844,650000
2020-03-18,7.510000,7.520000,5.860000,6.040000,5.865407,655500
2020-03-19,6.810000,7.370000,6.210000,7.100000,6.894766,960100
2020-03-20,7.290000,9.020000,6.590000,8.170000,7.933836,2256000
2020-03-23,7.830000,7.940000,6.820000,7.190000,6.982164,610400
2020-03-24,7.600000,8.440000,6.926000,8.020000,7.788173,721900
2020-03-25,7.960000,8.550000,7.160000,8.210000,7.972680,499800
2020-03-26,8.220000,9.060000,8.030000,8.940000,8.681578,335900
2020-03-27,8.680000,8.680000,7.750000,7.960000,7.729907,401900
2020-03-30,7.790000,8.150000,7.310000,8.040000,7.807594,323300
2020-03-31,8.000000,8.420000,7.500000,8.270000,8.030946,673700
2020-04-01,7.900000,8.480000,7.580000,8.230000,7.992101,469400
2020-04-02,8.300000,9.150000,7.780000,9.010000,8.749556,613000
2020-04-03,9.220000,9.660000,8.780000,9.440000,9.167125,759900
2020-04-06,9.440000,9.800000,9.200000,9.610000,9.332211,378200
2020-04-07,9.830000,10.605000,9.720000,10.000000,9.710938,569200
2020-04-08,10.250000,10.530000,9.790000,10.170000,9.876023,545000
2020-04-09,10.610000,10.905000,9.560000,10.220000,9.924579,530100
2020-04-13,10.210000,10.480000,9.300000,10.420000,10.118797,384600
2020-04-14,10.400000,10.520000,9.820000,10.300000,10.002266,379600
2020-04-15,9.830000,10.180000,9.630000,10.040000,9.749782,514800
2020-04-16,9.960000,9.990000,9.340000,9.560000,9.283657,359000
2020-04-17,9.670000,10.150000,9.670000,9.890000,9.604117,408100
2020-04-20,9.600000,9.740000,8.770000,9.150000,8.885508,595200
2020-04-21,8.910000,9.550000,8.810000,9.510000,9.235102,392500
2020-04-22,9.560000,10.040000,9.410000,10.000000,9.710938,563800
2020-04-23,10.250000,11.380000,10.070000,10.980000,10.662609,516700
2020-04-24,11.330000,11.960000,10.660000,11.320000,10.992782,757900
2020-04-27,11.200000,11.570000,10.593000,11.280000,10.953938,348600
2020-04-28,11.560000,12.160000,11.310000,12.000000,11.653126,576700
2020-04-29,12.360000,12.950000,12.260000,12.730000,12.362023,372300
2020-04-30,12.630000,13.160000,12.250000,12.890000,12.517399,351600
2020-05-01,12.430000,12.810000,11.510000,12.070000,11.721102,434400
2020-05-04,11.650000,12.800000,11.650000,12.300000,11.944453,488900
2020-05-05,12.710000,13.270000,12.415000,12.500000,12.138672,486100
2020-05-06,12.440000,12.710000,12.190000,12.220000,11.866766,318200
2020-05-07,12.540000,12.830000,12.260000,12.460000,12.099829,174600
2020-05-08,12.790000,13.450000,12.510000,13.370000,12.983523,528700
2020-05-11,13.110000,13.470000,12.810000,13.340000,12.954391,471300
2020-05-12,13.450000,14.070000,12.940000,12.970000,12.595086,268000
2020-05-13,12.810000,13.060000,12.070000,12.330000,11.973586,344900
2020-05-14,12.250000,13.320000,12.060000,12.620000,12.255203,669200
2020-05-15,12.750000,13.400000,12.750000,13.200000,12.818438,295000
2020-05-18,13.890000,14.365000,13.730000,14.220000,13.808953,545400
2020-05-19,14.130000,14.300000,13.500000,13.530000,13.138899,174500
2020-05-20,13.840000,14.320000,13.250000,13.540000,13.148610,468500
2020-05-21,13.430000,13.780000,13.130000,13.250000,12.866993,507500
2020-05-22,13.000000,13.100000,11.925000,12.800000,12.430000,758200
2020-05-26,12.470000,13.145000,12.000000,12.990000,12.990000,665600
2020-05-27,13.010000,13.950000,12.770000,13.760000,13.760000,566300
2020-05-28,13.800000,14.240000,13.120000,13.210000,13.210000,451000
2020-05-29,13.010000,13.330000,12.540000,13.250000,13.250000,913100
2020-06-01,13.250000,13.740000,12.800000,13.410000,13.410000,436900
2020-06-02,13.630000,13.750000,13.420000,13.680000,13.680000,445100
2020-06-03,14.000000,14.000000,13.350000,13.590000,13.590000,305800
2020-06-04,13.380000,13.810000,13.330000,13.440000,13.440000,332400
2020-06-05,14.080000,15.350000,13.730000,15.140000,15.140000,525900
2020-06-08,15.470000,16.170000,15.100000,15.750000,15.750000,537800
2020-06-09,15.120000,15.500000,14.790000,15.130000,15.130000,266800
2020-06-10,14.570000,14.700000,13.360000,13.600000,13.600000,4416600
2020-06-11,12.630000,13.130000,12.050000,12.490000,12.490000,701100
2020-06-12,13.140000,13.350000,12.010000,12.850000,12.850000,574800
2020-06-15,12.130000,13.280000,11.810000,13.210000,13.210000,618300
2020-06-16,13.880000,13.930000,13.150000,13.460000,13.460000,552100
2020-06-17,13.500000,13.500000,12.460000,12.530000,12.530000,586300
2020-06-18,12.510000,12.810000,12.280000,12.340000,12.340000,348700
2020-06-19,12.640000,12.720000,12.280000,12.280000,12.280000,578600
2020-06-22,12.570000,12.630000,12.145000,12.530000,12.530000,338900
2020-06-23,12.750000,12.910000,12.340000,12.710000,12.710000,329100
2020-06-24,12.510000,12.600000,11.690000,11.750000,11.750000,531300
2020-06-25,11.590000,12.320000,11.590000,12.100000,12.100000,471000
2020-06-26,11.860000,11.940000,11.450000,11.760000,11.760000,988900
2020-06-29,11.940000,12.210000,11.780000,11.930000,11.930000,360900
2020-06-30,11.840000,12.370000,11.600000,12.350000,12.350000,329000
2020-07-01,12.400000,12.690000,12.160000,12.300000,12.300000,448800
2020-07-02,12.680000,12.920000,12.320000,12.540000,12.540000,205300
2020-07-06,12.750000,12.750000,11.880000,12.220000,12.220000,282800
2020-07-07,12.010000,12.140000,11.720000,11.840000,11.840000,234900
2020-07-08,11.750000,11.940000,11.380000,11.620000,11.620000,256800
2020-07-09,11.570000,11.700000,11.010000,11.020000,11.020000,422300
2020-07-10,11.050000,11.620000,10.920000,11.510000,11.510000,444600
2020-07-13,11.680000,11.690000,10.990000,11.220000,11.220000,430200
2020-07-14,11.260000,11.750000,11.150000,11.750000,11.750000,469200
2020-07-15,12.120000,12.120000,11.560000,11.720000,11.720000,292200
2020-07-16,11.590000,11.750000,11.350000,11.510000,11.510000,258400
2020-07-17,11.510000,11.870000,11.050000,11.390000,11.390000,464100
2020-07-20,11.860000,11.980000,11.270000,11.580000,11.580000,441200
2020-07-21,11.900000,12.930000,11.900000,12.490000,12.490000,402600
2020-07-22,12.300000,12.410000,11.720000,12.110000,12.110000,313000
2020-07-23,12.370000,12.440000,11.710000,11.990000,11.990000,370100
2020-07-24,12.070000,12.305000,11.830000,11.920000,11.920000,235900
2020-07-27,11.920000,11.980000,11.480000,11.610000,11.610000,175600
2020-07-28,11.520000,11.680000,11.240000,11.280000,11.280000,271800
2020-07-29,11.360000,11.770000,11.210000,11.760000,11.760000,290400
2020-07-30,11.440000,11.500000,11.000000,11.270000,11.270000,190800
2020-07-31,11.110000,11.260000,10.790000,11.080000,11.080000,353900
2020-08-03,11.080000,11.240000,10.880000,11.040000,11.040000,222500
2020-08-04,11.000000,11.500000,10.960000,11.390000,11.390000,256200
2020-08-05,11.640000,12.060000,11.580000,12.010000,12.010000,353500
2020-08-06,11.950000,12.180000,11.800000,11.900000,11.900000,281700
2020-08-07,11.790000,12.100000,11.620000,12.090000,12.090000,143500
2020-08-10,12.200000,12.770000,12.200000,12.610000,12.610000,361500
2020-08-11,12.880000,13.020000,12.260000,12.310000,12.310000,301400
2020-08-12,12.600000,12.820000,12.310000,12.820000,12.820000,292800