Date,Open,High,Low,Close,Adj Close,Volume
2016-05-24,22.059999,22.180000,21.559999,21.900000,19.132006,1775300
2016-05-25,21.950001,22.320000,21.900000,22.010000,19.228096,313300
2016-05-26,22.000000,22.219999,21.900000,22.080000,19.289251,142600
2016-05-27,22.010000,22.549999,22.010000,22.420000,19.586277,206700
2016-05-31,22.590000,22.870001,22.250000,22.510000,19.664904,187400
2016-06-01,22.530001,22.660000,22.299999,22.570000,19.717319,184500
2016-06-02,22.340000,23.410000,22.340000,22.920000,20.023079,183600
2016-06-03,22.770000,22.799999,22.350000,22.559999,19.708582,30400
2016-06-06,22.730000,23.000000,22.610001,22.940001,20.040552,46100
2016-06-07,22.450001,22.750000,22.450001,22.730000,19.857094,51600
2016-06-08,22.559999,22.920000,22.450001,22.520000,19.673635,15200
2016-06-09,22.350000,22.969999,22.350000,22.389999,19.560068,19200
2016-06-10,22.389999,22.389999,22.030001,22.280001,19.463972,13400
2016-06-13,22.299999,22.299999,22.115000,22.190001,19.385349,21300
2016-06-14,22.299999,22.299999,21.110001,21.870001,19.105791,194400
2016-06-15,21.799999,22.499001,21.530001,21.770000,19.018433,221700
2016-06-16,21.745001,22.090000,21.639999,21.940001,19.166945,32700
2016-06-17,21.750000,22.250000,21.700001,21.990000,19.210629,32900
2016-06-20,22.000000,22.450001,21.959999,22.139999,19.341663,266200
2016-06-21,22.350000,22.350000,21.969999,22.000000,19.219360,116600
2016-06-22,22.000000,22.100000,21.650000,21.830000,19.070850,55200
2016-06-23,21.930000,21.940001,21.750000,21.860001,19.097057,62700
2016-06-24,21.650000,22.000000,21.389999,21.520000,18.800032,452900
2016-06-27,21.610001,21.610001,20.850000,21.250000,18.564157,96400
2016-06-28,21.459999,21.750000,20.799999,21.059999,18.398170,82500
2016-06-29,21.180000,21.802999,21.150000,21.590000,18.861181,36400
2016-06-30,21.740000,21.809999,21.600000,21.690001,18.948542,24800
2016-07-01,21.600000,21.790001,21.549999,21.780001,19.027166,17200
2016-07-05,21.750000,21.980000,21.700001,21.750000,19.000959,69400
2016-07-06,21.719999,22.059999,21.700001,21.950001,19.175682,23700
2016-07-07,21.870001,22.219999,21.760000,21.940001,19.166945,40000
2016-07-08,22.000000,22.250000,21.959999,22.090000,19.297989,32900
2016-07-11,22.000000,22.070000,21.995001,22.040001,19.254303,32300
2016-07-12,22.100000,22.100000,22.000000,22.030001,19.245573,42600
2016-07-13,22.080000,22.129999,22.000000,22.030001,19.245573,40200
2016-07-14,22.170000,22.406000,22.000000,22.049999,19.263042,51500
2016-07-15,22.170000,22.170000,22.030001,22.110001,19.315460,25000
2016-07-18,22.059999,22.155001,22.049999,22.150000,19.350403,17700
2016-07-19,22.160000,22.450001,22.040001,22.340000,19.516386,56300
2016-07-20,22.340000,22.340000,21.959999,22.049999,19.263042,20000
2016-07-21,22.100000,22.139999,22.000000,22.090000,19.297989,24900
2016-07-22,22.150000,22.388000,22.150000,22.350000,19.525124,23000
2016-07-25,22.434999,22.450001,22.000000,22.129999,19.332930,10800
2016-07-26,22.235001,22.340000,22.000000,22.250000,19.437761,18700
2016-07-27,22.250000,22.400000,22.139999,22.250000,19.437761,12200
2016-07-28,22.080000,22.350000,22.020000,22.120001,19.324194,8800
2016-07-29,22.049999,22.930000,22.049999,22.760000,19.883307,48500
2016-08-01,22.490000,22.820000,22.490000,22.730000,19.857094,10000
2016-08-02,22.680000,22.809999,22.549999,22.620001,19.761000,27300
2016-08-03,22.590000,22.750000,22.549999,22.680000,19.813414,12300
2016-08-04,22.660000,22.680000,22.219999,22.459999,19.621218,65800
2016-08-05,22.750000,22.750000,22.450001,22.530001,19.682377,32600
2016-08-08,22.500000,22.670000,22.500000,22.559999,19.708582,16300
2016-08-09,22.590000,22.700001,22.559999,22.610001,19.752262,21900
2016-08-10,22.530001,22.780001,22.459999,22.459999,19.778679,50400
2016-08-11,22.680000,23.200001,22.475000,23.030001,20.280630,129100
2016-08-12,22.990000,23.000000,22.780001,22.950001,20.210178,17900
2016-08-15,23.100000,23.100000,22.500000,22.940001,20.201378,30900
2016-08-16,22.700001,23.389999,22.700001,23.219999,20.447947,32000
2016-08-17,23.000000,23.340000,23.000000,23.260000,20.483170,19500
2016-08-18,23.243999,23.840000,23.240000,23.780001,20.941101,29400
2016-08-19,23.690001,23.760000,23.480000,23.559999,20.747358,43200
2016-08-22,23.549999,24.059999,23.514999,23.910000,21.055578,39200
2016-08-23,24.049999,24.170000,23.790001,23.910000,21.055578,35800
2016-08-24,23.900000,24.000000,23.655001,23.959999,21.099606,42400
2016-08-25,23.809999,24.340000,23.730000,24.080000,21.205280,41300
2016-08-26,24.150000,24.290001,23.879999,24.290001,21.390213,24000
2016-08-29,24.290001,24.490000,24.190001,24.250000,21.354986,29700
2016-08-30,24.299999,24.480000,24.250000,24.400000,21.487080,34800
2016-08-31,24.150000,24.480000,24.139999,24.340000,21.434238,24700
2016-09-01,24.120001,24.490000,24.120001,24.459999,21.539921,46300
2016-09-02,24.500000,24.840000,24.200001,24.780001,21.821714,44400
2016-09-06,24.705000,24.900000,24.670000,24.730000,21.777685,53100
2016-09-07,24.325001,24.889999,24.299999,24.670000,21.724846,25200
2016-09-08,24.740000,24.740000,24.500000,24.590000,21.654400,38800
2016-09-09,24.525000,25.250000,24.299999,25.100000,22.103514,126400
2016-09-12,25.080000,25.490000,24.940001,25.000000,22.015451,97500
2016-09-13,24.969999,25.000000,24.725000,24.820000,21.856939,36700
2016-09-14,24.850000,24.850000,24.500000,24.670000,21.724846,61700
2016-09-15,24.820000,24.850000,24.389999,24.840000,21.874556,27300
2016-09-16,24.850000,24.850000,24.035000,24.120001,21.240505,241400
2016-09-19,24.299999,24.860001,24.209999,24.809999,21.848133,50600
2016-09-20,24.575001,24.879999,24.209999,24.309999,21.407825,31600
2016-09-21,24.459999,24.510000,24.030001,24.330000,21.425436,31800
2016-09-22,24.329000,24.990000,24.309999,24.959999,21.980225,51800
2016-09-23,24.980000,24.980000,24.600000,24.660000,21.716038,27600
2016-09-26,24.600000,25.040001,24.600000,24.820000,21.856939,28400
2016-09-27,24.799999,25.080000,24.658001,24.940001,21.962612,34800
2016-09-28,24.712000,25.049999,24.600000,24.900000,21.927389,64400
2016-09-29,24.900000,24.900000,24.730000,24.740000,21.786491,10700
2016-09-30,24.740000,25.500000,24.600000,25.340000,22.314863,52800
2016-10-03,25.410000,25.410000,25.100000,25.280001,22.262024,18000
2016-10-04,25.240000,25.370001,24.725000,25.170000,22.165155,9800
2016-10-05,25.320000,26.330000,24.660000,26.040001,22.931295,46000
2016-10-06,26.049999,26.360001,25.540001,25.629999,22.570236,21300
2016-10-07,25.980000,26.110001,25.250000,25.490000,22.446953,23900
2016-10-10,25.480000,25.930000,25.480000,25.809999,22.728750,21700
2016-10-11,25.900000,25.900000,25.540001,25.540001,22.490982,11400
2016-10-12,25.620001,25.850000,25.600000,25.690001,22.623077,18300
2016-10-13,25.580000,25.790001,25.580000,25.660000,22.596661,34700
2016-10-14,25.900000,25.930000,25.850000,25.930000,22.834425,24700
2016-10-17,25.818001,25.889999,25.440001,25.670000,22.605467,11900
2016-10-18,25.941000,25.950001,25.750000,25.879999,22.790394,11400
2016-10-19,25.959999,26.190001,25.870001,26.100000,22.984131,24500
2016-10-20,26.100000,27.980000,26.100000,26.469999,23.309958,24000
2016-10-21,26.340000,27.190001,26.340000,26.590000,23.415636,15300
2016-10-24,26.670000,26.670000,26.420000,26.580000,23.406828,32200
2016-10-25,26.420000,26.469999,26.150000,26.150000,23.028158,6900
2016-10-26,26.170000,26.500000,26.170000,26.360001,23.213087,12200
2016-10-27,26.334999,26.350000,25.895000,25.980000,22.878454,14700
2016-10-28,25.930000,26.070000,25.610001,25.840000,22.755171,18500
2016-10-31,25.570000,25.900000,25.520000,25.530001,22.482178,28100
2016-11-01,26.040001,26.040001,25.330000,25.420000,22.385307,18000
2016-11-02,25.480000,25.500000,25.170000,25.184999,22.178364,19200
2016-11-03,25.110001,25.200001,24.799999,24.980000,21.997839,171100
2016-11-04,24.962000,24.962000,24.700001,24.750000,21.795296,17300
2016-11-07,24.830000,25.750000,24.736000,25.100000,22.103514,20300
2016-11-08,25.000000,25.100000,24.770000,24.820000,21.856939,21800
2016-11-09,24.990000,26.059999,24.962000,26.059999,22.948906,41900
2016-11-10,26.270000,27.430000,25.900000,27.090000,23.855944,67300
2016-11-11,27.049999,28.320000,26.080000,27.410000,24.137739,55400
2016-11-14,27.629999,28.230000,26.500000,28.059999,24.710146,33400
2016-11-15,27.799999,29.520000,27.799999,28.610001,25.194485,42600
2016-11-16,28.280001,29.850000,28.000000,28.590000,25.336269,88700
2016-11-17,28.500000,29.010000,28.000000,28.190001,24.981792,27100
2016-11-18,28.090000,29.860001,28.090000,29.250000,25.921158,39500
2016-11-21,29.129999,29.750000,28.750000,29.450001,26.098396,46900
2016-11-22,29.680000,31.580000,29.129999,30.990000,27.463135,138900
2016-11-23,30.990000,32.455002,30.990000,31.990000,28.349333,48700
2016-11-25,31.980000,32.250000,31.570000,31.840000,28.216404,15200
2016-11-28,31.900000,32.230000,31.555000,32.110001,28.455673,76600
2016-11-29,32.080002,32.700001,32.080002,32.439999,28.748116,73300
2016-11-30,33.250000,33.900002,32.349998,32.560001,28.854465,44200
2016-12-01,32.700001,33.009998,32.575001,32.990002,29.235525,45800
2016-12-02,33.000000,33.000000,32.720001,32.970001,29.217800,26300
2016-12-05,33.070000,34.090000,33.070000,33.939999,30.077406,88200
2016-12-06,34.099998,35.404999,34.099998,34.910000,30.937017,65300
2016-12-07,34.520000,35.970001,34.509998,35.240002,31.229462,84500
2016-12-08,35.099998,35.099998,33.020000,33.919998,30.059683,88300
2016-12-09,34.029999,35.520000,30.049999,32.169998,28.508844,131600
2016-12-12,31.990000,34.160000,31.389999,33.410000,29.607723,81100
2016-12-13,33.439999,33.540001,32.810001,33.470001,29.660896,50700
2016-12-14,33.540001,34.264999,33.240002,33.930000,30.068546,47900
2016-12-15,34.000000,34.240002,33.404999,33.950001,30.086269,67900
2016-12-16,34.099998,35.209999,34.007999,34.610001,30.671162,258400
2016-12-19,33.549999,34.279999,32.650002,33.049999,29.288691,51900
2016-12-20,33.325001,35.500000,33.299999,35.349998,31.326933,46000
2016-12-21,35.230000,35.500000,34.740002,35.330002,31.309219,201700
2016-12-22,35.330002,35.419998,35.102001,35.290001,31.273767,32100
2016-12-23,35.299999,37.000000,35.299999,36.549999,32.390369,31900
2016-12-27,36.939999,37.581001,36.130001,36.540001,32.381508,31400
2016-12-28,36.794998,37.099998,36.259998,36.860001,32.665092,19000
2016-12-29,36.900002,37.009998,36.009998,36.509998,32.354923,24100
2016-12-30,36.340000,36.730000,35.724998,36.180000,32.062477,15000
2017-01-03,36.544998,36.615002,35.020000,35.470001,31.433283,61600
2017-01-04,35.450001,36.110001,35.130001,35.450001,31.415550,62300
2017-01-05,35.450001,35.500000,35.080002,35.200001,31.194021,38600
2017-01-06,34.910000,35.450001,34.660000,35.349998,31.326933,27800
2017-01-09,35.005001,35.200001,34.320000,34.889999,30.919291,23600
2017-01-10,34.849998,35.439999,34.660000,35.279999,31.264904,35300
2017-01-11,35.099998,35.669998,35.000000,35.450001,31.415550,22100
2017-01-12,35.180000,35.349998,34.509998,34.580002,30.644571,27400
2017-01-13,34.599998,34.970001,33.950001,34.360001,30.449604,50800
2017-01-17,34.320000,34.320000,33.070000,33.220001,29.439352,25700
2017-01-18,33.209999,33.320000,32.518002,32.990002,29.235525,36100
2017-01-19,33.000000,33.380001,32.799999,33.070000,29.306419,42600
2017-01-20,33.160000,34.750000,32.080002,32.450001,28.756975,50500
2017-01-23,32.500000,33.580002,32.459999,33.240002,29.457075,30800
2017-01-24,33.279999,34.169998,33.105000,33.889999,30.033094,37900
2017-01-25,33.959999,34.980000,33.810001,34.779999,30.821806,19600
2017-01-26,34.529999,34.965000,33.959999,34.720001,30.768639,20800
2017-01-27,35.740002,35.740002,33.139999,34.049999,30.174892,52400
2017-01-30,33.770000,34.180000,32.380001,34.080002,30.201477,20300
2017-01-31,33.900002,34.000000,33.400002,33.860001,30.006514,23400
2017-02-01,33.450001,33.980000,33.080002,33.320000,29.527967,39500
2017-02-02,33.599998,33.840000,32.759998,33.220001,29.439352,36700
2017-02-03,33.450001,33.900002,33.450001,33.900002,30.041952,15000
2017-02-06,33.900002,33.990002,33.430000,33.430000,29.625446,13700
2017-02-07,33.360001,33.450001,32.990002,33.110001,29.341864,13700
2017-02-08,33.200001,33.200001,32.750000,33.200001,29.421625,13200
2017-02-09,33.119999,33.299999,33.000000,33.279999,29.492517,16800
2017-02-10,33.490002,33.560001,32.404999,33.110001,29.341864,32200
2017-02-13,33.330002,34.119999,33.310001,34.060001,30.183754,47200
2017-02-14,33.970001,34.439999,33.555000,34.410000,30.493921,43200
2017-02-15,34.009998,34.930000,33.820000,34.810001,31.028746,48300
2017-02-16,34.889999,34.889999,34.400002,34.799999,31.019831,44800
2017-02-17,34.799999,35.250000,34.744999,35.139999,31.322897,77800
2017-02-21,35.250000,35.279999,35.000000,35.200001,31.376383,34000
2017-02-22,35.284000,35.360001,35.009998,35.290001,31.456604,23400
2017-02-23,35.540001,35.540001,35.099998,35.299999,31.465519,30700
2017-02-24,34.990002,35.340000,34.759998,35.259998,31.429861,31000
2017-02-27,35.340000,35.494999,34.900002,35.450001,31.599218,64800
2017-02-28,35.250000,35.380001,35.014999,35.160000,31.340727,63900
2017-03-01,35.529999,36.080002,35.470001,35.799999,31.911203,66100
2017-03-02,36.000000,36.000000,35.349998,35.520000,31.661621,24900
2017-03-03,35.650002,35.705002,34.980000,35.049999,31.242672,79700
2017-03-06,35.080002,35.610001,34.270000,34.910000,31.117886,79700
2017-03-07,34.529999,35.160000,34.529999,34.930000,31.135708,64600
2017-03-08,35.000000,35.430000,34.799999,34.830002,31.046570,59700
2017-03-09,34.970001,35.000000,34.639999,34.650002,30.886127,20600
2017-03-10,34.660000,34.669998,33.930000,34.000000,30.306726,76200
2017-03-13,34.259998,34.580002,33.877998,34.150002,30.440437,51700
2017-03-14,33.950001,34.279999,33.599998,33.970001,30.279989,18900
2017-03-15,34.349998,34.610001,33.529999,33.939999,30.253242,31600
2017-03-16,33.950001,34.480000,33.810001,34.160000,30.449352,21500
2017-03-17,34.110001,34.669998,33.785000,34.380001,30.645451,37900
2017-03-20,34.439999,34.450001,33.599998,33.910000,30.226511,33000
2017-03-21,33.950001,34.029999,31.559999,32.250000,28.746824,99800
2017-03-22,32.270000,32.759998,32.169998,32.509998,28.978582,74300
2017-03-23,32.340000,33.240002,32.134998,33.119999,29.522320,47200
2017-03-24,33.220001,33.779999,33.099998,33.220001,29.611458,50400
2017-03-27,32.790001,33.119999,32.150002,32.849998,29.281649,24700
2017-03-28,32.790001,33.450001,32.369999,33.230000,29.620367,48300
2017-03-29,33.299999,33.500000,31.955000,33.240002,29.629290,38100
2017-03-30,33.189999,34.360001,33.189999,34.299999,30.574142,41600
2017-03-31,34.139000,34.500000,34.070000,34.389999,30.654362,40000
2017-04-03,34.500000,34.509998,33.775002,34.299999,30.574142,40000
2017-04-04,34.139999,34.500000,33.779999,34.299999,30.574142,45700
2017-04-05,34.500000,34.549999,32.770000,32.919998,29.344044,36400
2017-04-06,33.049999,33.145000,32.290001,33.070000,29.477753,26900
2017-04-07,32.980000,33.369999,32.669998,33.169998,29.566889,34000
2017-04-10,33.080002,33.200001,31.910000,32.130001,28.639862,27200
2017-04-11,32.060001,32.860001,31.660000,32.730000,29.174685,25900
2017-04-12,32.540001,32.630001,31.400000,32.480000,28.951839,45200
2017-04-13,32.500000,32.500000,31.830000,31.910000,28.443760,34500
2017-04-17,32.240002,32.840000,31.600000,31.930000,28.461584,28000
2017-04-18,31.969999,32.000000,31.629999,31.809999,28.354618,35000
2017-04-19,32.230000,32.250000,32.025002,32.180000,28.684427,30500
2017-04-20,32.279999,32.910000,32.220001,32.779999,29.219255,27400
2017-04-21,32.790001,33.400002,32.419998,32.900002,29.326218,26300
2017-04-24,33.320000,33.630001,33.000000,33.430000,29.798649,44800
2017-04-25,33.660000,34.160000,33.650002,33.990002,30.297817,28300
2017-04-26,33.790001,34.369999,33.790001,33.869999,30.190853,16700
2017-04-27,33.939999,34.139999,32.910000,33.290001,29.673857,35300
2017-04-28,34.169998,34.810001,34.000000,34.500000,30.752419,75400
2017-05-01,34.470001,34.889999,34.119999,34.540001,30.788073,78400
2017-05-02,34.430000,34.910000,34.259998,34.840000,31.055489,34800
2017-05-03,34.430000,35.509998,34.430000,35.480000,31.625959,47900
2017-05-04,35.570000,36.139999,35.509998,36.020000,32.107307,89000
2017-05-05,35.990002,36.139999,35.540001,35.959999,32.053822,33900
2017-05-08,35.740002,36.000000,34.950001,35.570000,31.706198,21100
2017-05-09,35.570000,35.689999,35.020000,35.299999,31.465519,20400
2017-05-10,35.380001,35.529999,34.820000,35.320000,31.662735,27500
2017-05-11,35.040001,35.599998,34.549999,35.290001,31.635849,53000
2017-05-12,34.726002,35.560001,34.726002,35.270000,31.617914,17400
2017-05-15,35.299999,35.544998,34.814999,35.340000,31.680662,23100
2017-05-16,35.549999,35.549999,34.169998,34.889999,31.277266,28700
2017-05-17,34.090000,34.450001,33.389999,33.419998,29.959476,39100
2017-05-18,34.209999,34.500000,33.500000,33.950001,30.434595,33200
2017-05-19,33.970001,34.889999,33.970001,34.380001,30.820072,30900
2017-05-22,34.599998,34.970001,34.430000,34.810001,31.205547,28700
2017-05-23,34.919998,35.400002,34.560001,35.209999,31.564127,25300
2017-05-24,35.360001,35.360001,34.500000,34.880001,31.268299,37500
2017-05-25,34.750000,34.860001,34.540001,34.570000,30.990398,24200
2017-05-26,34.290001,34.580002,34.230000,34.299999,30.748354,35700
2017-05-30,34.540001,34.689999,33.790001,34.650002,31.062115,35100
2017-05-31,34.779999,35.049999,34.235001,34.939999,31.322083,88400
2017-06-01,35.020000,35.299999,34.410000,34.560001,30.981436,64800
2017-06-02,35.020000,35.250000,34.669998,35.020000,31.393806,40700
2017-06-05,35.070000,35.580002,34.900002,35.119999,31.483438,41300
2017-06-06,35.880001,35.880001,34.349998,34.779999,31.178654,49000
2017-06-07,34.799999,35.535000,34.509998,34.580002,30.999363,46200
2017-06-08,34.480000,34.950001,34.299999,34.439999,30.873856,59200
2017-06-09,34.830002,35.590000,34.514999,34.950001,31.331047,54300
2017-06-12,34.990002,35.500000,33.340000,34.750000,31.151756,266700
2017-06-13,35.040001,35.490002,34.270000,35.430000,31.761341,160400
2017-06-14,34.950001,35.470001,34.650002,35.250000,31.599987,74200
2017-06-15,35.049999,35.500000,33.689999,34.650002,31.062115,170500
2017-06-16,34.480000,34.900002,34.130001,34.500000,30.927645,250900
2017-06-19,34.619999,34.650002,33.900002,34.349998,30.793173,88100
2017-06-20,34.270000,34.369999,33.860001,33.990002,30.470453,38900
2017-06-21,34.000000,34.299999,33.630001,33.720001,30.228415,44300
2017-06-22,33.770000,34.029999,33.180000,33.349998,29.896725,62000
2017-06-23,33.369999,33.830002,32.740002,33.610001,30.129801,1352500
2017-06-26,33.459999,34.084999,33.459999,33.730000,30.237373,96800
2017-06-27,33.759998,33.799999,33.549999,33.689999,30.201513,54000
2017-06-28,33.810001,34.150002,33.493999,33.669998,30.183590,104900
2017-06-29,34.080002,34.279999,33.400002,33.669998,30.183590,192900
2017-06-30,33.700001,33.730000,33.220001,33.520000,30.049116,56300
2017-07-03,33.820000,34.189999,33.400002,33.939999,30.425627,76300
2017-07-05,33.919998,33.919998,33.299999,33.580002,30.102911,71800
2017-07-06,33.570000,33.700001,33.209999,33.470001,30.004293,91100
2017-07-07,33.590000,33.700001,33.400002,33.650002,30.165659,125000
2017-07-10,33.660000,33.660000,33.349998,33.549999,30.076015,96300
2017-07-11,33.650002,34.299999,33.240002,33.950001,30.434595,232400
2017-07-12,34.020000,34.240002,33.619999,34.029999,30.506311,101500
2017-07-13,34.029999,34.139999,33.490002,33.919998,30.407707,32600
2017-07-14,33.630001,34.000000,33.310001,33.779999,30.282194,33800
2017-07-17,33.790001,34.049999,33.355000,33.919998,30.407707,49800
2017-07-18,33.700001,34.119999,33.700001,33.770000,30.273232,25500
2017-07-19,33.740002,34.320000,33.439999,33.840000,30.335987,43900
2017-07-20,33.799999,34.029999,33.584999,33.889999,30.380812,39000
2017-07-21,34.180000,34.310001,31.301001,33.400002,29.941549,68400
2017-07-24,33.279999,33.959999,33.250000,33.410000,29.950514,45400
2017-07-25,33.630001,34.040001,33.400002,33.880001,30.371845,70300
2017-07-26,33.680000,34.139999,33.580002,33.610001,30.129801,69700
2017-07-27,33.669998,34.009998,33.070000,33.790001,30.291166,80400
2017-07-28,33.430000,33.430000,32.145000,32.250000,28.910624,196100
2017-07-31,32.230000,32.230000,31.629999,31.760000,28.471367,147600
2017-08-01,32.049999,32.380001,31.730000,31.990000,28.677546,111000
2017-08-02,32.000000,32.580002,31.549999,31.730000,28.444469,99500
2017-08-03,31.870001,31.980000,31.264000,31.799999,28.507221,128000
2017-08-04,31.879999,32.490002,31.275000,31.459999,28.202427,116700
2017-08-07,31.379999,31.629999,30.879999,30.990000,27.781094,144400
2017-08-08,30.959999,31.379999,30.660000,30.719999,27.539051,81700
2017-08-09,30.510000,30.580000,30.129999,30.260000,27.126686,58700
2017-08-10,30.010000,30.129999,29.430000,29.450001,26.400555,65000
2017-08-11,29.559999,29.900000,29.280001,29.510000,26.454342,99400
2017-08-14,29.799999,30.990000,29.799999,30.879999,27.682484,101300
2017-08-15,31.000000,31.315001,30.475000,30.500000,27.341831,87200
2017-08-16,30.490000,30.490000,29.760000,29.840000,26.926741,53500
2017-08-17,29.750000,30.100000,29.270000,29.270000,26.412392,82300
2017-08-18,28.959999,29.600000,28.700001,29.330000,26.466532,79300
2017-08-21,29.330000,29.709999,28.968000,29.700001,26.800407,66200
2017-08-22,29.719999,29.940001,29.549999,29.809999,26.899668,71800
2017-08-23,29.549999,29.959999,29.469999,29.889999,26.971859,64300
2017-08-24,30.090000,30.200001,29.430000,29.670000,26.773338,52400
2017-08-25,29.820000,30.000000,29.500000,29.850000,26.935766,35700
2017-08-28,29.889999,30.180000,29.264999,29.780001,26.872601,54800
2017-08-29,29.570000,30.190001,29.525000,29.910000,26.989910,93000
2017-08-30,29.850000,30.100000,29.700001,29.820000,26.908693,68700
2017-08-31,30.010000,30.629999,29.889999,30.540001,27.558399,99200
2017-09-01,30.490000,30.780001,30.490000,30.709999,27.711805,40100
2017-09-05,30.700001,30.700001,30.209999,30.370001,27.405001,81500
2017-09-06,30.469999,30.900000,30.200001,30.219999,27.269640,58300
2017-09-07,30.350000,30.478001,29.410000,29.870001,26.953812,75600
2017-09-08,29.799999,30.490000,29.680000,30.170000,27.224522,68600
2017-09-11,30.400000,30.900000,29.844999,30.570000,27.585468,65700
2017-09-12,30.940001,31.219999,30.790001,30.959999,27.937397,28900
2017-09-13,30.959999,31.270000,30.950001,31.090000,28.054707,41400
2017-09-14,31.180000,31.850000,30.209999,30.410000,27.441093,96100
2017-09-15,30.459999,30.809999,29.879999,30.150000,27.206476,177500
2017-09-18,30.340000,31.290001,30.250000,31.190001,28.144943,69200
2017-09-19,30.990000,31.820000,30.900000,31.410000,28.343466,52000
2017-09-20,31.260000,32.580002,31.100000,32.119999,28.984144,55600
2017-09-21,32.305000,32.349998,31.530001,31.740000,28.641247,95400
2017-09-22,31.700001,31.879999,31.389999,31.670000,28.578077,38600
2017-09-25,31.780001,32.014999,31.209999,31.680000,28.587105,68300
2017-09-26,31.740000,31.850000,31.450001,31.730000,28.632225,115900
2017-09-27,31.730000,32.310001,31.379999,31.600000,28.514914,402300
2017-09-28,31.730000,31.990000,31.410000,31.850000,28.740505,154900
2017-09-29,31.870001,32.439999,31.570000,31.680000,28.587105,117500
2017-10-02,31.690001,32.430000,31.635000,32.299999,29.146572,78500
2017-10-03,32.310001,32.730000,32.215000,32.700001,29.507523,49700
2017-10-04,32.750000,32.820000,32.330002,32.500000,29.327045,45000
2017-10-05,32.570000,33.230000,32.549999,32.900002,29.687994,28900
2017-10-06,32.900002,33.180000,32.709999,33.070000,29.841402,33900
2017-10-09,32.855000,33.395000,32.810001,32.939999,29.724094,24400
2017-10-10,33.150002,33.650002,32.904999,33.250000,30.003822,89200
2017-10-11,32.980000,33.400002,32.980000,33.169998,29.931631,45100
2017-10-12,32.950001,33.270000,32.930000,33.090000,29.859446,43900
2017-10-13,33.099998,33.250000,32.919998,33.099998,29.868469,33600
2017-10-16,33.220001,33.375000,32.860001,33.029999,29.805304,54700
2017-10-17,33.220001,34.090000,33.000000,33.849998,30.545248,158500
2017-10-18,34.139999,36.029999,34.099998,35.340000,31.889776,114500
2017-10-19,34.990002,35.849998,34.990002,35.700001,32.214630,55500
2017-10-20,36.150002,36.500000,35.529999,35.750000,32.259747,80000
2017-10-23,35.709999,36.090000,35.125000,35.349998,31.898804,45000
2017-10-24,35.520000,36.000000,35.430000,35.740002,32.250729,58300
2017-10-25,35.730000,35.750000,35.099998,35.630001,32.151470,106300
2017-10-26,35.810001,36.150002,35.500000,35.990002,32.476322,47900
2017-10-27,33.430000,33.990002,31.610001,32.490002,29.318026,229300
2017-10-30,32.230000,32.480000,31.900000,32.029999,28.902929,121800
2017-10-31,32.119999,32.689999,31.959999,32.450001,29.281927,158500
2017-11-01,32.799999,34.610001,32.099998,32.299999,29.146572,97300
2017-11-02,32.369999,32.950001,32.000000,32.639999,29.453379,59100
2017-11-03,32.660000,32.660000,32.020000,32.130001,28.993174,96600
2017-11-06,32.150002,32.369999,31.900000,31.920000,28.803675,38600
2017-11-07,31.830000,31.830000,30.680000,30.820000,27.811068,91700
2017-11-08,30.680000,30.920000,30.490000,30.660000,27.666687,65100
2017-11-09,30.840000,30.915001,30.309999,30.740000,27.738876,62300
2017-11-10,30.760000,31.315001,30.650000,30.650000,27.657661,38400
2017-11-13,30.650000,31.170000,30.400000,30.770000,27.765947,52400
2017-11-14,30.660000,31.190001,30.510000,31.010000,27.982517,29200
2017-11-15,30.840000,31.450001,30.799999,30.889999,27.874231,32800
2017-11-16,30.959999,31.389999,30.860001,31.030001,28.183039,39500
2017-11-17,30.820000,31.299999,30.700001,31.250000,28.382849,46400
2017-11-20,31.370001,31.719999,30.905001,31.549999,28.655327,40500
2017-11-21,31.690001,32.049999,31.459999,31.750000,28.836977,43600
2017-11-22,31.850000,32.000000,31.480000,31.590000,28.691656,31900
2017-11-24,31.639999,31.639999,31.240000,31.330000,28.455515,26600
2017-11-27,31.350000,31.500000,31.100000,31.270000,28.401018,43300
2017-11-28,31.330000,32.209999,31.250000,32.000000,29.064039,87500
2017-11-29,32.150002,33.220001,31.725000,33.110001,30.072201,67700
2017-11-30,33.290001,33.439999,32.669998,33.250000,30.199352,90200
2017-12-01,33.180000,34.230000,31.959999,32.740002,29.736149,70200
2017-12-04,33.180000,33.750000,32.377998,33.520000,30.444582,103500
2017-12-05,33.560001,33.860001,33.020000,33.500000,30.426416,80500
2017-12-06,33.400002,33.450001,31.261000,32.610001,29.618073,51900
2017-12-07,32.849998,33.064999,32.150002,32.290001,29.327435,35700
2017-12-08,32.439999,33.299999,31.790001,31.820000,28.900557,32600
2017-12-11,31.730000,32.049999,31.445000,31.590000,28.691656,29200
2017-12-12,31.709999,32.139999,31.290001,31.459999,28.573586,38800
2017-12-13,31.530001,31.934999,31.100000,31.280001,28.410103,48400
2017-12-14,31.340000,32.179001,30.799999,31.090000,28.237532,75100
2017-12-15,31.100000,32.500000,31.100000,31.889999,28.964132,119700
2017-12-18,32.200001,32.904999,32.200001,32.610001,29.618073,43500
2017-12-19,32.669998,32.669998,31.760000,32.000000,29.064039,29500
2017-12-20,32.119999,32.119999,31.650000,31.660000,28.755236,11200
2017-12-21,31.799999,32.430000,31.799999,32.349998,29.381929,30600
2017-12-22,32.480000,32.480000,31.990000,32.099998,29.154863,19100
2017-12-26,32.169998,32.599998,32.150002,32.220001,29.263857,33900
2017-12-27,32.250000,32.830002,32.000000,32.470001,29.490919,30200
2017-12-28,32.630001,32.810001,32.430000,32.709999,29.708897,63200
2017-12-29,32.619999,32.759998,31.030001,32.480000,29.500002,42000
2018-01-02,32.650002,33.049999,32.305000,32.470001,29.490919,72400
2018-01-03,32.430000,32.880001,32.259998,32.529999,29.545412,27900
2018-01-04,32.770000,33.009998,32.220001,32.750000,29.745230,53300
2018-01-05,32.799999,32.994999,32.750000,32.900002,29.881470,42200
2018-01-08,32.910000,32.970001,32.730000,32.759998,29.754313,55200
2018-01-09,32.759998,33.200001,32.750000,32.869999,29.854218,42000
2018-01-10,32.860001,34.410000,32.860001,33.549999,30.471832,63500
2018-01-11,33.599998,34.410000,33.599998,34.000000,30.880541,37200
2018-01-12,34.189999,34.279999,33.660000,33.970001,30.853300,42600
2018-01-16,34.220001,34.220001,33.270000,33.599998,30.517235,46100
2018-01-17,33.730000,34.419998,33.709999,34.200001,31.062197,56100
2018-01-18,34.169998,34.340000,33.810001,33.830002,30.726141,33300
2018-01-19,33.860001,34.250000,33.759998,34.250000,31.107609,28700
2018-01-22,33.855000,34.040001,33.834999,33.970001,30.853300,7200
2018-01-23,33.900002,34.250000,33.799999,34.139999,31.007696,17900
2018-01-24,34.160000,34.160000,33.750000,33.880001,30.771555,28200
2018-01-25,33.970001,34.009998,33.770000,33.900002,30.789719,28300
2018-01-26,33.000000,33.500000,31.889999,32.119999,29.173029,82200
2018-01-29,31.000000,32.500000,30.270000,32.070000,29.127619,89600
2018-01-30,31.959999,32.799999,31.959999,32.310001,29.345598,40500
2018-01-31,32.380001,32.740002,31.969999,32.090000,29.145784,109000
2018-02-01,32.049999,32.299999,31.900000,32.169998,29.218439,46700
2018-02-02,32.009998,32.740002,31.975000,32.080002,29.136703,40600
2018-02-05,31.730000,32.380001,30.559999,30.670000,27.856066,98200
2018-02-06,30.230000,30.799999,29.750000,30.170000,27.401943,200400
2018-02-07,30.170000,30.650000,29.980000,30.420000,27.629004,127100
2018-02-08,30.420000,30.844999,29.950001,29.950001,27.202127,47400
2018-02-09,30.270000,30.860001,30.000000,30.500000,27.701664,45300
2018-02-12,30.580000,31.410000,30.309999,30.480000,27.683498,33100
2018-02-13,30.360001,30.930000,30.100000,30.200001,27.429188,25900
2018-02-14,30.010000,30.590000,30.010000,30.309999,27.529095,59800
2018-02-15,30.309999,30.309999,29.940001,30.240000,27.666332,163600
2018-02-16,30.090000,31.500000,29.940001,31.330000,28.663565,51600
2018-02-20,31.209999,31.360001,30.340000,31.100000,28.453136,41900
2018-02-21,31.120001,32.000000,30.850000,31.510000,28.828243,24400
2018-02-22,31.610001,31.660000,31.000000,31.059999,28.416544,67400
2018-02-23,31.250000,31.520000,30.950001,31.440001,28.764200,73800
2018-02-26,31.639999,31.879999,31.500000,31.760000,29.056967,53500
2018-02-27,31.760000,32.259998,31.260000,31.320000,28.654415,69300
2018-02-28,31.420000,31.680000,31.299999,31.350000,28.681860,133300
2018-03-01,31.280001,32.230000,30.870001,31.889999,29.175901,92700
2018-03-02,31.740000,32.250000,31.420000,31.950001,29.230795,58900
2018-03-05,31.690001,32.049999,31.480000,31.770000,29.066114,141500
2018-03-06,31.809999,32.110001,31.559999,31.850000,29.139307,52600
2018-03-07,31.719999,32.259998,31.719999,32.169998,29.432068,39700
2018-03-08,32.209999,32.799999,31.745001,31.920000,29.203348,246400
2018-03-09,32.040001,32.660000,31.650000,32.490002,29.724836,71500
2018-03-12,32.560001,33.134998,32.400002,32.720001,29.935263,36800
2018-03-13,32.779999,33.125000,32.080002,32.130001,29.395475,70600
2018-03-14,32.270000,32.290001,31.760000,31.809999,29.102707,114200
2018-03-15,32.060001,32.270000,31.705000,31.969999,29.249094,65700
2018-03-16,31.910000,32.490002,31.650000,32.169998,29.432068,103700
2018-03-19,32.180000,33.049999,31.840000,32.849998,30.054199,205000
2018-03-20,33.029999,33.299999,32.509998,33.080002,30.264622,107700
2018-03-21,33.150002,33.490002,32.529999,33.000000,30.191433,139500
2018-03-22,32.799999,33.080002,32.208000,32.430000,29.669943,126000
2018-03-23,32.450001,32.450001,31.370001,31.530001,28.846544,543500
2018-03-26,31.879999,32.549999,31.570000,32.330002,29.578455,114100
2018-03-27,32.330002,32.330002,31.100000,31.150000,28.498880,176200
2018-03-28,31.129999,31.389999,31.030001,31.270000,28.608669,207700
2018-03-29,31.350000,31.750000,31.350000,31.559999,28.873985,70700
2018-04-02,31.549999,31.750000,31.049999,31.299999,28.636116,80400
2018-04-03,31.520000,31.980000,31.379999,31.980000,29.258242,69400
2018-04-04,31.580000,32.540001,31.370001,32.419998,29.660797,61000
2018-04-05,32.470001,32.619999,32.040001,32.259998,29.514410,53400
2018-04-06,31.969999,32.340000,31.309999,31.580000,28.892286,46400
2018-04-09,31.709999,32.160000,31.469999,31.500000,28.819096,64600
2018-04-10,31.799999,32.099998,31.500000,31.840000,29.130159,90000
2018-04-11,31.740000,31.940001,31.600000,31.730000,29.029522,34200
2018-04-12,31.840000,32.180000,31.790001,32.040001,29.313135,32900
2018-04-13,32.130001,32.330002,31.650000,31.790001,29.084414,20400
2018-04-16,31.910000,32.180000,31.500000,32.090000,29.358881,65600
2018-04-17,32.230000,32.340000,31.450001,31.809999,29.102707,72300
2018-04-18,31.780001,31.969999,31.590000,31.680000,28.983772,49500
2018-04-19,31.629999,32.070000,31.590000,31.840000,29.130159,128100
2018-04-20,31.719999,32.119999,31.540001,31.959999,29.239946,50700
2018-04-23,31.959999,32.380001,30.940001,32.090000,29.358881,46100
2018-04-24,32.230000,32.549999,32.145000,32.389999,29.633347,68500
2018-04-25,32.369999,32.470001,32.014999,32.099998,29.368027,56900
2018-04-26,32.220001,32.220001,31.830000,31.900000,29.185049,25700
2018-04-27,32.490002,32.639999,31.469999,31.690001,28.992922,85400
2018-04-30,31.639999,32.360001,31.420000,31.500000,28.819096,81300
2018-05-01,31.400000,31.719999,30.510000,31.660000,28.965475,56300
2018-05-02,31.520000,31.927999,31.170000,31.809999,29.102707,50000
2018-05-03,31.709999,31.879999,31.309999,31.719999,29.020369,44100
2018-05-04,31.370001,32.040001,30.459999,31.780001,29.075262,136300
2018-05-07,31.830000,32.084999,31.610001,31.850000,29.139307,37300
2018-05-08,31.840000,32.154999,31.840000,31.990000,29.267391,44700
2018-05-09,32.169998,32.299999,31.920000,32.099998,29.368027,114400
2018-05-10,32.110001,32.439999,31.700001,31.920000,29.203348,133000
2018-05-11,31.959999,32.220001,31.809999,31.850000,29.139307,45600
2018-05-14,31.840000,32.080002,31.590000,31.670000,28.974627,41200
2018-05-15,31.570000,32.099998,31.129999,31.799999,29.093561,25900
2018-05-16,31.809999,32.139999,31.725000,31.889999,29.175901,65700
2018-05-17,31.620001,32.330002,31.480000,32.259998,29.719437,60700
2018-05-18,32.380001,32.450001,31.879999,32.060001,29.535191,75200
2018-05-21,32.060001,32.639999,31.910000,32.369999,29.820774,59200
2018-05-22,32.459999,32.900002,32.209999,32.439999,29.885263,158800
2018-05-23,32.490002,32.880001,31.959999,32.700001,30.124784,81600
2018-05-24,32.310001,32.889999,32.200001,32.639999,30.069513,70500
2018-05-25,32.590000,32.959999,32.490002,32.840000,30.253759,75300
2018-05-29,32.680000,33.189999,32.095001,32.220001,29.682590,53600
2018-05-30,32.330002,32.860001,32.330002,32.590000,30.023453,49300
2018-05-31,32.590000,32.834999,32.320000,32.439999,29.885263,69000
2018-06-01,32.599998,33.040001,32.599998,32.900002,30.309038,44100
2018-06-04,33.020000,33.119999,32.599998,33.009998,30.410368,174800
2018-06-05,32.919998,33.490002,32.090000,33.330002,30.705175,92700
2018-06-06,33.209999,33.910000,33.154999,33.689999,31.036821,83100
2018-06-07,33.700001,34.349998,33.509998,34.169998,31.479021,89100
2018-06-08,34.200001,34.730000,33.814999,34.599998,31.875156,97300
2018-06-11,34.349998,34.609001,33.580002,33.820000,31.156584,89500
2018-06-12,33.910000,33.910000,31.895000,33.380001,30.751238,133000
2018-06-13,33.360001,33.865002,33.209999,33.459999,30.824932,134200
2018-06-14,33.549999,34.160000,33.259998,33.990002,31.313196,107100
2018-06-15,33.910000,35.090000,33.900002,35.070000,32.308144,588300
2018-06-18,35.040001,36.000000,34.959999,35.349998,32.566090,166000
2018-06-19,35.200001,36.000000,35.200001,35.650002,32.842468,98400
2018-06-20,35.759998,35.980000,35.029999,35.860001,33.035923,102700
2018-06-21,35.680000,35.990002,35.340000,35.599998,32.796402,101800
2018-06-22,35.779999,35.820000,35.125000,35.450001,32.658218,844900
2018-06-25,35.299999,35.570000,35.044998,35.320000,32.538448,83900
2018-06-26,35.410000,35.410000,34.950001,35.080002,32.317364,66600
2018-06-27,35.119999,35.220001,34.400002,34.480000,31.764605,119500
2018-06-28,34.400002,34.639999,34.320000,34.450001,31.736971,173300
2018-06-29,34.599998,34.669998,34.250000,34.259998,31.561935,107900
2018-07-02,34.259998,34.450001,34.169998,34.450001,31.736971,132300
2018-07-03,34.450001,34.880001,34.259998,34.570000,31.847515,103200
2018-07-05,34.580002,35.230000,34.410000,34.830002,32.087044,195700
2018-07-06,34.840000,35.279999,34.500000,34.889999,32.142319,105000
2018-07-09,35.000000,36.055000,34.709999,35.900002,33.072784,96500
2018-07-10,35.959999,35.959999,35.000000,35.330002,32.547665,99000
2018-07-11,35.220001,35.439999,34.790001,35.070000,32.308144,39700
2018-07-12,35.150002,35.150002,34.389999,34.770000,32.031769,46600
2018-07-13,34.779999,34.939999,34.570000,34.630001,31.902796,83000
2018-07-16,34.700001,35.209999,34.599998,34.900002,32.151535,46500
2018-07-17,34.970001,35.220001,34.700001,34.730000,31.994915,31300
2018-07-18,34.740002,34.930000,34.599998,34.869999,32.123886,40400
2018-07-19,34.799999,35.130001,34.599998,35.029999,32.271294,46200
2018-07-20,34.990002,35.330002,34.709999,35.040001,32.280502,44800
2018-07-23,34.980000,35.599998,34.980000,35.470001,32.676640,54900
2018-07-24,35.590000,35.650002,35.250000,35.439999,32.649006,55700
2018-07-25,34.875000,35.340000,34.875000,35.110001,32.344990,43200
2018-07-26,35.099998,35.639999,35.099998,35.470001,32.676640,47300
2018-07-27,35.529999,35.529999,34.040001,34.340000,31.635628,155500
2018-07-30,34.259998,34.540001,33.919998,33.930000,31.257917,65300
2018-07-31,33.919998,33.919998,33.355000,33.680000,31.027609,45200
2018-08-01,33.779999,34.340000,33.410000,34.270000,31.571144,92900
2018-08-02,34.090000,34.889999,33.799999,34.889999,32.142319,38800
2018-08-03,34.900002,35.279999,34.259998,34.450001,31.736971,60300
2018-08-06,34.459999,34.695000,34.270000,34.669998,31.939644,32200
2018-08-07,34.779999,35.139999,34.520000,34.669998,31.939644,33300
2018-08-08,34.639999,34.759998,34.070000,34.709999,31.976496,28500
2018-08-09,34.759998,34.860001,34.583000,34.730000,31.994915,18600
2018-08-10,34.580002,34.919998,34.250000,34.660000,31.930431,55000
2018-08-13,34.669998,34.900002,34.220001,34.549999,31.829100,28800
2018-08-14,34.689999,35.230000,34.410000,34.830002,32.087044,61400
2018-08-15,34.840000,35.080002,34.439999,34.560001,31.838308,54600
2018-08-16,34.540001,34.849998,34.290001,34.639999,32.116451,34700
2018-08-17,34.560001,34.860001,34.443001,34.630001,32.107182,37800
2018-08-20,34.639999,34.709999,34.349998,34.650002,32.125721,25800
2018-08-21,34.790001,35.279999,34.599998,35.080002,32.524403,68100
2018-08-22,35.110001,35.160000,34.919998,35.029999,32.478043,42100
2018-08-23,35.000000,35.209999,34.660000,35.080002,32.524403,23100
2018-08-24,35.080002,35.080002,34.820000,34.919998,32.376049,18700
2018-08-27,35.139999,35.275002,34.540001,34.580002,32.060818,42700
2018-08-28,34.610001,34.990002,34.139999,34.240002,31.745586,46100
2018-08-29,34.169998,34.320000,33.959999,34.130001,31.643604,30100
2018-08-30,34.080002,34.439999,33.990002,34.259998,31.764139,28800
2018-08-31,34.270000,34.720001,34.230000,34.430000,31.921749,72300
2018-09-04,34.430000,34.820000,34.220001,34.610001,32.088634,30000
2018-09-05,34.680000,35.020000,34.480000,34.860001,32.320427,24200
2018-09-06,34.869999,35.084999,34.500000,34.590000,32.070091,19400
2018-09-07,34.509998,34.680000,34.209999,34.639999,32.116451,24900
2018-09-10,34.700001,35.000000,34.345001,34.709999,32.181351,41300
2018-09-11,34.419998,34.950001,34.419998,34.790001,32.255527,58900
2018-09-12,34.639999,34.750000,34.049999,34.169998,31.680689,42600
2018-09-13,34.119999,34.480000,33.639999,33.970001,31.495264,55400
2018-09-14,34.040001,34.400002,33.779999,33.990002,31.513805,45700
2018-09-17,34.029999,34.290001,33.090000,33.529999,31.087313,64100
2018-09-18,33.509998,33.509998,32.439999,33.220001,30.799896,69700
2018-09-19,33.160000,33.680000,33.160000,33.490002,31.050236,61100
2018-09-20,33.540001,34.134998,33.540001,33.840000,31.374731,54200
2018-09-21,33.830002,33.900002,32.770000,33.090000,30.679373,264700
2018-09-24,32.630001,33.150002,32.459999,32.930000,30.531023,74300
2018-09-25,32.980000,33.139999,32.599998,32.639999,30.262152,36700
2018-09-26,32.630001,32.759998,32.099998,32.169998,29.826389,60700
2018-09-27,32.160000,32.215000,31.802000,32.009998,29.678047,78300
2018-09-28,31.830000,32.189999,31.650000,32.099998,29.761488,47700
2018-10-01,32.209999,32.279999,31.750999,31.830000,29.511160,65400
2018-10-02,31.790001,31.969999,31.049999,31.150000,28.880699,48800
2018-10-03,31.230000,31.889999,30.020000,31.780001,29.464804,78700
2018-10-04,31.770000,31.840000,31.350000,31.660000,29.353542,69200
2018-10-05,31.660000,31.740000,31.219999,31.270000,28.991955,53700
2018-10-08,31.260000,31.580000,31.100000,31.469999,29.177387,42500
2018-10-09,31.299999,31.690001,31.110001,31.200001,28.927057,72200
2018-10-10,31.150000,31.490000,30.719999,30.760000,28.519112,79400
2018-10-11,30.559999,30.950001,29.860001,29.870001,27.693947,61500
2018-10-12,30.080000,30.100000,28.459999,28.940001,26.831701,104200
2018-10-15,28.889999,29.520000,28.730000,29.250000,27.119116,51700
2018-10-16,29.280001,29.520000,28.930000,29.450001,27.304546,30800
2018-10-17,29.350000,29.605000,29.190001,29.389999,27.248919,24000
2018-10-18,29.350000,29.410000,28.809999,28.920000,26.813156,50300
2018-10-19,28.889999,29.080000,28.250000,28.280001,26.219784,50700
2018-10-22,28.299999,28.379999,27.549999,27.740000,25.719120,75100
2018-10-23,27.459999,28.040001,27.270000,27.730000,25.709850,35400
2018-10-24,27.670000,28.080000,26.360001,26.389999,24.467468,52300
2018-10-25,26.459999,26.795000,25.443001,26.240000,24.328398,79500
2018-10-26,25.820000,26.920000,23.270000,25.730000,23.855553,89900
2018-10-29,25.940001,26.620001,25.700001,26.190001,24.282040,78400
2018-10-30,26.180000,26.952999,25.680000,26.850000,24.893959,48200
2018-10-31,27.070000,27.129999,26.610001,26.969999,25.005215,76600
2018-11-01,27.070000,27.680000,26.350000,27.350000,25.357533,65300
2018-11-02,27.430000,27.879999,27.139999,27.400000,25.403887,61900
2018-11-05,27.389999,27.389999,26.860001,27.030001,25.060844,31500
2018-11-06,26.900000,27.400000,26.879999,26.969999,25.005215,40300
2018-11-07,27.010000,27.010000,26.400000,26.750000,24.801245,44100
2018-11-08,26.709999,26.959999,26.610001,26.750000,24.801245,27600
2018-11-09,26.660000,27.000000,26.320000,26.570000,24.634356,36600
2018-11-12,26.570000,26.740000,26.330000,26.420000,24.495283,65100
2018-11-13,26.500000,27.440001,26.360001,26.420000,24.495283,74400
2018-11-14,26.520000,26.790001,25.629999,25.820000,23.938993,42100
2018-11-15,25.650000,26.795000,25.650000,26.420000,24.495283,79600
2018-11-16,26.100000,26.600000,25.940001,26.049999,24.355043,43100
2018-11-19,26.040001,26.340000,25.420000,25.690001,24.018465,24200
2018-11-20,25.459999,25.799999,25.150000,25.480000,23.822130,47700
2018-11-21,25.490000,25.879999,25.230000,25.309999,23.663191,41600
2018-11-23,25.139999,25.639999,25.120001,25.540001,23.878225,23800
2018-11-26,25.790001,26.350000,25.639999,26.270000,24.560728,64900
2018-11-27,26.180000,26.360001,25.889999,26.270000,24.560728,51100
2018-11-28,26.290001,26.639999,25.490000,26.389999,24.672920,49700
2018-11-29,26.230000,26.719999,25.820000,25.830000,24.149357,34000
2018-11-30,25.750000,26.030001,25.309999,25.950001,24.261551,49800
2018-12-03,26.219999,26.219999,25.480000,25.639999,23.971716,25600
2018-12-04,25.530001,25.530001,23.559999,23.690001,22.148600,80600
2018-12-06,23.559999,24.080000,23.049999,23.459999,21.933559,72400
2018-12-07,23.420000,23.690001,23.040001,23.219999,21.709179,85200
2018-12-10,23.230000,23.290001,22.600000,23.180000,21.671782,70400
2018-12-11,23.459999,23.510000,22.770000,23.000000,21.503492,60400
2018-12-12,23.180000,23.500000,23.000000,23.150000,21.643732,270500
2018-12-13,23.290001,23.350000,22.709999,22.740000,21.260410,60400
2018-12-14,22.570000,23.059999,21.850000,21.959999,20.531160,89500
2018-12-17,21.969999,22.400000,21.690001,21.860001,20.437666,96800
2018-12-18,21.900000,22.040001,21.230000,21.410000,20.016949,88100
2018-12-19,21.360001,21.469999,19.850000,20.170000,18.857626,597900
2018-12-20,19.990000,20.750000,19.559999,20.500000,19.166159,160800
2018-12-21,20.559999,20.799999,20.170000,20.240000,18.923073,177000
2018-12-24,20.150000,20.709999,19.995001,20.240000,18.923073,38300
2018-12-26,20.340000,21.629999,20.340000,21.590000,20.185234,63300
2018-12-27,21.240000,21.469999,20.639999,21.100000,19.727116,85000
2018-12-28,21.170000,22.209999,21.170000,22.139999,20.699450,131500
2018-12-31,22.160000,22.360001,21.590000,22.340000,20.886438,95800
2019-01-02,22.059999,22.790001,22.059999,22.600000,21.129519,93600
2019-01-03,22.480000,22.590000,21.809999,22.240000,20.792944,85800
2019-01-04,22.530001,23.747999,22.530001,22.889999,21.400648,56800
2019-01-07,22.889999,23.410000,22.629999,23.350000,21.830721,137400
2019-01-08,23.559999,23.559999,22.950001,23.320000,21.802670,56300
2019-01-09,23.469999,23.500000,23.129999,23.240000,21.727877,68500
2019-01-10,23.070000,23.400000,22.930000,23.219999,21.709179,39800
2019-01-11,23.059999,23.330000,22.959999,23.180000,21.671782,47400
2019-01-14,23.030001,23.370001,22.860001,22.870001,21.381954,33800
2019-01-15,22.860001,23.049999,22.490000,23.000000,21.503492,40400
2019-01-16,23.129999,24.010000,23.129999,23.799999,22.251438,82400
2019-01-17,23.680000,23.750000,23.318001,23.540001,22.008360,66700
2019-01-18,23.540001,23.870001,23.520000,23.709999,22.167295,47500
2019-01-22,23.549999,23.709999,23.219999,23.340000,21.821369,44000
2019-01-23,23.389999,23.930000,22.975000,23.400000,21.877466,33400
2019-01-24,23.320000,23.549999,22.945000,23.260000,21.746576,28000
2019-01-25,24.990000,24.990000,23.020000,23.250000,21.737226,93700
2019-01-28,23.180000,23.730000,23.180000,23.420000,21.896162,60100
2019-01-29,23.510000,24.379999,23.480000,24.100000,22.531921,84100
2019-01-30,24.250000,24.510000,23.980000,24.190001,22.616064,55800
2019-01-31,24.080000,24.150000,23.500000,24.110001,22.541271,74100
2019-02-01,24.110001,24.320000,23.910000,24.059999,22.494522,44000
2019-02-04,24.049999,24.490000,23.969999,24.469999,22.877850,58400
2019-02-05,24.480000,24.830000,24.120001,24.309999,22.728256,75900
2019-02-06,24.320000,24.680000,24.250000,24.480000,22.887194,30300
2019-02-07,24.490000,24.750000,24.200001,24.420000,22.831102,49500
2019-02-08,24.280001,24.485001,24.170000,24.299999,22.718906,32200
2019-02-11,24.320000,24.500000,24.209999,24.440001,22.849800,27800
2019-02-12,24.500000,24.620001,24.375000,24.580000,22.980688,48200
2019-02-13,24.590000,24.980000,24.350000,24.879999,23.261169,89100
2019-02-14,24.549999,24.948999,23.613001,24.600000,23.226238,96900
2019-02-15,24.790001,25.200001,24.790001,25.190001,23.783287,75900
2019-02-19,25.040001,25.440001,24.959999,25.290001,23.877705,59600
2019-02-20,25.298000,25.500000,25.290001,25.480000,24.057093,65100
2019-02-21,25.540001,25.549999,25.200001,25.540001,24.113741,48600
2019-02-22,25.530001,25.650000,25.400000,25.600000,24.170395,50100
2019-02-25,25.740000,25.839001,25.490000,25.559999,24.132622,51600
2019-02-26,25.540001,25.600000,25.350000,25.370001,23.953236,56500
2019-02-27,25.360001,25.690001,25.170000,25.459999,24.038208,66700
2019-02-28,25.450001,25.600000,25.330000,25.500000,24.075975,33600
2019-03-01,25.639999,25.820000,25.520000,25.549999,24.123184,69600
2019-03-04,25.559999,25.719999,25.200001,25.320000,23.906025,36800
2019-03-05,25.330000,25.670000,24.274000,25.540001,24.113741,61900
2019-03-06,25.360001,25.620001,24.299999,24.459999,23.094053,47000
2019-03-07,24.469999,24.639999,24.129999,24.250000,22.895782,49700
2019-03-08,24.180000,24.480000,23.770000,24.330000,22.971313,43000
2019-03-11,24.330000,24.709999,24.160000,24.570000,23.197910,32500
2019-03-12,24.590000,24.930000,24.540001,24.610001,23.235678,33500
2019-03-13,24.590000,24.860001,24.549999,24.629999,23.254560,33100
2019-03-14,24.719999,24.719999,24.379999,24.389999,23.027960,21800
2019-03-15,24.400000,25.000000,24.309999,24.950001,23.556692,149300
2019-03-18,25.000000,25.200001,24.820000,25.139999,23.736080,78300
2019-03-19,25.200001,25.240000,24.500000,24.650000,23.273441,94400
2019-03-20,24.650000,24.760000,24.266001,24.330000,22.971313,71700
2019-03-21,24.299999,24.879999,24.299999,24.510000,23.141264,77400
2019-03-22,24.320000,24.320000,22.950001,22.969999,21.687263,73800
2019-03-25,22.959999,23.250000,22.610001,23.049999,21.762794,41400
2019-03-26,23.230000,23.780001,22.889999,23.760000,22.433146,42900
2019-03-27,23.650000,23.959999,23.370001,23.870001,22.537003,34900
2019-03-28,23.969999,24.410000,23.910000,24.350000,22.990196,38200
2019-03-29,24.549999,24.629999,23.990000,24.059999,22.716389,67200
2019-04-01,24.270000,24.639999,23.850000,24.459999,23.094053,50000
2019-04-02,24.469999,24.469999,23.990000,24.049999,22.706949,42000
2019-04-03,24.719999,25.917999,23.940001,25.490000,24.066536,118200
2019-04-04,25.900000,25.900000,25.590000,25.850000,24.406431,109900
2019-04-05,25.860001,26.270000,25.860001,26.049999,24.595263,110900
2019-04-08,26.040001,26.280001,26.010000,26.139999,24.680235,49300
2019-04-09,26.049999,26.280001,25.730000,25.750000,24.312017,69200
2019-04-10,25.700001,26.205000,25.559999,26.150000,24.689674,48600
2019-04-11,26.100000,26.250000,25.959999,26.240000,24.774652,62500
2019-04-12,26.400000,26.799999,26.299999,26.600000,25.114550,94100
2019-04-15,26.639999,26.730000,26.139999,26.260000,24.793533,56000
2019-04-16,26.340000,26.740000,26.250000,26.740000,25.246731,56700
2019-04-17,26.790001,26.799999,26.490000,26.790001,25.293940,31200
2019-04-18,26.670000,26.799999,26.430000,26.430000,24.954039,39400
2019-04-22,26.459999,26.459999,25.820000,26.030001,24.576380,37400
2019-04-23,26.139999,26.660000,25.719999,26.639999,25.152315,160900
2019-04-24,26.559999,26.719999,26.250000,26.620001,25.133434,27900
2019-04-25,26.450001,26.520000,26.011000,26.219999,24.755768,32100
2019-04-26,26.270000,27.900000,26.270000,27.330000,25.803782,53100
2019-04-29,27.549999,28.240000,27.469999,27.490000,25.954847,74000
2019-04-30,27.379999,27.400000,26.500000,26.820000,25.322260,112600
2019-05-01,26.830000,26.959999,26.490000,26.549999,25.067339,78300
2019-05-02,26.540001,27.020000,26.500000,26.860001,25.360029,43400
2019-05-03,26.799999,27.200001,26.799999,27.080000,25.567739,68700
2019-05-06,26.570000,27.440001,26.570000,27.250000,25.728251,33100
2019-05-07,26.980000,27.150000,26.410000,26.600000,25.114550,43700
2019-05-08,26.459999,26.770000,26.360001,26.420000,24.944601,34500
2019-05-09,26.170000,26.430000,26.030001,26.290001,24.821861,27200
2019-05-10,25.959999,26.600000,25.959999,26.580000,25.329790,36400
2019-05-13,26.240000,26.240000,25.570000,25.740000,24.529297,59200
2019-05-14,25.770000,26.139999,25.670000,25.980000,24.758011,38300
2019-05-15,25.719999,26.000000,25.570000,26.000000,24.777069,33200
2019-05-16,26.040001,26.419001,26.040001,26.230000,24.996250,16700
2019-05-17,26.030001,26.420000,25.969999,26.059999,24.834248,61500
2019-05-20,26.049999,26.500000,26.049999,26.180000,24.948605,18000
2019-05-21,26.379999,26.600000,26.254999,26.340000,25.101078,16700
2019-05-22,26.250000,26.549999,25.799999,26.110001,24.881897,19600
2019-05-23,26.049999,26.049999,24.860001,25.000000,23.824106,35400
2019-05-24,25.150000,25.570000,25.110001,25.559999,24.357763,23300
2019-05-28,25.580000,25.580000,25.049999,25.240000,24.052816,45300
2019-05-29,25.049999,25.299999,24.830000,25.150000,23.967051,33300
2019-05-30,25.180000,25.549999,24.420000,24.770000,23.604923,26400
2019-05-31,24.400000,24.799999,24.236000,24.500000,23.347624,33100
2019-06-03,24.430000,24.950001,24.340000,24.610001,23.452452,104100
2019-06-04,24.980000,25.513000,24.700001,25.299999,24.109995,70600
2019-06-05,25.309999,25.410000,24.830000,25.030001,23.852697,48900
2019-06-06,24.900000,25.190001,24.410000,24.660000,23.500097,24100
2019-06-07,24.559999,24.830000,24.020000,24.250000,23.109383,46800
2019-06-10,24.530001,25.110001,24.530001,25.000000,23.824106,48500
2019-06-11,25.129999,25.160000,24.860001,25.100000,23.919401,54300
2019-06-12,25.120001,25.320000,24.990000,25.059999,23.881283,97400
2019-06-13,25.309999,25.500000,25.200001,25.340000,24.148115,39200
2019-06-14,25.360001,25.469999,25.129999,25.250000,24.062347,46600
2019-06-17,25.260000,25.740000,25.260000,25.580000,24.376823,68700
2019-06-18,25.500000,26.240000,25.500000,26.170000,24.939074,35900
2019-06-19,26.120001,26.620001,26.120001,26.420000,25.177317,81600
2019-06-20,26.549999,26.639999,25.900000,26.530001,25.282143,66900
2019-06-21,26.500000,26.600000,25.650000,25.900000,24.681772,141400
2019-06-24,25.910000,26.270000,25.570000,25.690001,24.481651,46000
2019-06-25,25.670000,26.340000,25.650000,26.150000,24.920015,58800
2019-06-26,26.280001,26.309999,25.709999,25.860001,24.643656,72200
2019-06-27,25.969999,26.389999,25.969999,26.389999,25.148726,67700
2019-06-28,26.440001,26.780001,25.959999,26.719999,25.463205,500200
2019-07-01,26.930000,26.930000,26.350000,26.500000,25.253551,106200
2019-07-02,26.490000,26.690001,25.820000,26.090000,24.862837,32800
2019-07-03,26.120001,26.240000,26.000000,26.230000,24.996250,12800
2019-07-05,26.270000,26.420000,26.010000,26.400000,25.158257,37700
2019-07-08,26.200001,26.250000,26.000000,26.070000,24.843777,58600
2019-07-09,26.059999,26.209999,25.950001,26.110001,24.881897,31300
2019-07-10,26.219999,26.290001,25.930000,26.059999,24.834248,55300
2019-07-11,25.950001,26.110001,25.680000,25.969999,24.748482,37800
2019-07-12,26.170000,26.490000,25.750000,26.260000,25.024839,60500
2019-07-15,26.250000,26.260000,25.900000,26.020000,24.796131,63000
2019-07-16,26.000000,26.180000,25.900000,26.010000,24.786600,76800
2019-07-17,25.930000,25.930000,25.469999,25.530001,24.329178,46200
2019-07-18,25.420000,25.740000,25.389999,25.600000,24.395884,64000
2019-07-19,25.559999,25.920000,25.559999,25.770000,24.557890,28900
2019-07-22,25.760000,25.760000,25.430000,25.559999,24.357763,53400
2019-07-23,25.690001,25.900000,25.629999,25.879999,24.662716,23400
2019-07-24,25.969999,26.450001,25.879999,26.440001,25.196373,77700
2019-07-25,25.500000,26.500000,25.500000,26.100000,24.872366,40700
2019-07-26,26.950001,26.969999,26.450001,26.559999,25.310730,103600
2019-07-29,26.480000,27.270000,26.280001,26.969999,25.701445,90200
2019-07-30,26.740000,27.209999,26.549999,27.120001,25.844391,52600
2019-07-31,26.990000,27.500000,26.969999,27.120001,25.844391,74800
2019-08-01,27.120001,27.250000,26.020000,26.240000,25.005781,116000
2019-08-02,26.030001,26.319000,25.520000,26.190001,24.958134,72900
2019-08-05,25.690001,25.840000,24.389999,25.490000,24.291058,70000
2019-08-06,25.590000,25.590000,24.969999,25.410000,24.214821,35700
2019-08-07,25.410000,26.504999,25.280001,25.709999,24.500710,69200
2019-08-08,25.959999,26.480000,25.750000,26.200001,24.967665,40300
2019-08-09,26.080000,26.420000,25.450001,26.030001,24.805660,29300
2019-08-12,25.780001,26.090000,25.225000,25.639999,24.434004,27200
2019-08-13,25.559999,26.150000,25.559999,25.950001,24.729424,64300
2019-08-14,25.450001,25.725000,25.264999,25.450001,24.252939,73500
2019-08-15,25.440001,25.590000,25.260000,25.420000,24.457878,64200
2019-08-16,25.559999,26.309999,25.559999,26.190001,25.198736,91400
2019-08-19,26.219999,26.355000,25.250000,26.150000,25.160248,27700
2019-08-20,26.129999,26.290001,25.971001,26.260000,25.266085,36600
2019-08-21,26.500000,26.680000,25.995001,26.370001,25.371922,176600
2019-08-22,26.469999,26.705000,26.355000,26.450001,25.448895,77600
2019-08-23,26.209999,26.500000,25.235001,25.320000,24.361662,59600
2019-08-26,25.280001,25.549999,25.070000,25.549999,24.582956,61600
2019-08-27,25.780001,25.799999,25.100000,25.440001,24.477121,81600
2019-08-28,25.350000,26.020000,25.350000,25.740000,24.765768,30900
2019-08-29,26.049999,26.400000,25.629999,25.860001,24.881226,43100
2019-08-30,26.040001,26.040001,25.590000,25.770000,24.794630,30000
2019-09-03,25.559999,25.660000,25.090000,25.490000,24.525229,62600
2019-09-04,25.780001,25.860001,25.510000,25.629999,24.659929,29900
2019-09-05,25.940001,26.459999,25.790001,25.860001,24.881226,58500
2019-09-06,25.910000,25.910000,25.530001,25.590000,24.621445,20800
2019-09-09,25.690001,26.400000,25.459999,26.290001,25.294952,44700
2019-09-10,26.049999,26.590000,26.049999,26.520000,25.516243,96600
2019-09-11,26.559999,27.270000,25.770000,27.000000,25.978077,64900
2019-09-12,26.910000,27.120001,26.600000,27.040001,26.016563,65100
2019-09-13,27.240000,27.889999,27.240000,27.490000,26.449530,57400
2019-09-16,27.330000,27.584999,27.330000,27.450001,26.411047,34900
2019-09-17,27.420000,27.490000,27.020000,27.370001,26.334074,36500
2019-09-18,27.480000,27.480000,27.030001,27.389999,26.353315,40800
2019-09-19,27.400000,27.809999,27.059999,27.059999,26.035805,56900
2019-09-20,27.030001,27.520000,26.850000,27.120001,26.093534,127900
2019-09-23,26.910000,27.350000,26.750000,27.219999,26.189749,33900
2019-09-24,27.299999,27.299999,26.600000,26.709999,25.699053,43200
2019-09-25,26.639999,27.090000,26.620001,26.910000,25.891483,49700
2019-09-26,26.719999,26.975000,26.350000,26.400000,25.400785,46800
2019-09-27,26.570000,26.820000,26.260000,26.340000,25.343056,41200
2019-09-30,26.480000,26.480000,26.000000,26.049999,25.064032,84600
2019-10-01,26.240000,26.490000,25.240000,25.420000,24.457878,70800
2019-10-02,25.340000,25.600000,25.219999,25.540001,24.573336,48500
2019-10-03,25.379999,25.639999,25.150000,25.510000,24.544472,41600
2019-10-04,25.610001,25.990000,25.530001,25.969999,24.987059,45500
2019-10-07,25.799999,26.059000,25.670000,25.690001,24.717659,38900
2019-10-08,25.459999,25.459999,25.170000,25.240000,24.284691,56500
2019-10-09,25.299999,25.549999,25.299999,25.490000,24.525229,31300
2019-10-10,25.540001,26.030001,25.459999,25.650000,24.679171,33500
2019-10-11,26.030001,26.440001,25.959999,26.000000,25.015924,42200
2019-10-14,25.770000,26.059999,25.510000,25.990000,25.006304,33800
2019-10-15,26.010000,26.420000,25.809999,26.129999,25.141005,91900
2019-10-16,26.110001,26.360001,25.930000,26.190001,25.198736,56100
2019-10-17,26.309999,26.420000,26.020000,26.260000,25.266085,72500
2019-10-18,26.120001,26.410000,25.980000,26.309999,25.314194,91400
2019-10-21,26.490000,26.770000,26.240000,26.500000,25.497000,99300
2019-10-22,26.400000,26.750000,26.230000,26.540001,25.535486,91500
2019-10-23,26.520000,26.570000,26.290001,26.500000,25.497000,75200
2019-10-24,26.559999,26.680000,26.200001,26.440001,25.439270,40000
2019-10-25,25.410000,26.660000,25.400000,26.120001,25.131384,115600
2019-10-28,26.379999,26.990000,26.379999,26.809999,25.795267,94300
2019-10-29,26.750000,26.980000,26.709999,26.850000,25.833754,110800
2019-10-30,26.790001,26.950001,26.490000,26.790001,25.776024,96800
2019-10-31,26.639999,26.809999,26.400000,26.799999,25.785646,89100
2019-11-01,26.910000,27.260000,26.799999,27.170000,26.141642,83700
2019-11-04,27.440001,27.760000,27.290001,27.450001,26.411047,70900
2019-11-05,27.490000,27.980000,27.260000,27.660000,26.613094,78700
2019-11-06,27.650000,27.850000,27.450001,27.740000,26.690067,59400
2019-11-07,27.940001,28.190001,27.660000,27.795000,26.742987,88900
2019-11-08,27.719999,28.120001,27.719999,28.040001,26.978714,64100
2019-11-11,27.860001,28.139999,27.809999,28.080000,27.017199,52700
2019-11-12,28.090000,28.270000,28.004999,28.190001,27.123035,50300
2019-11-13,27.990000,28.150000,27.750000,28.020000,26.959473,66400
2019-11-14,28.000000,28.309999,27.920000,28.070000,27.007578,54500
2019-11-15,28.030001,28.160000,27.809999,28.049999,27.224010,58000
2019-11-18,27.930000,28.049999,27.760000,28.030001,27.204601,129100
2019-11-19,27.950001,28.209999,27.950001,28.110001,27.282246,71900
2019-11-20,27.930000,28.240000,27.665001,27.820000,27.000782,85600
2019-11-21,27.980000,27.980000,27.504999,27.750000,26.932844,61600
2019-11-22,27.870001,27.900000,27.600000,27.799999,26.981373,37600
2019-11-25,27.950001,28.240000,27.660000,28.059999,27.233715,93700
2019-11-26,28.070000,28.280001,28.000000,28.150000,27.321066,103300
2019-11-27,28.240000,28.340000,28.049999,28.190001,27.359888,28000
2019-11-29,28.129999,28.360001,28.020000,28.080000,27.253126,18200
2019-12-02,28.240000,28.309999,27.950001,28.049999,27.224010,65500
2019-12-03,27.830000,27.830000,27.370001,27.790001,26.971668,38600
2019-12-04,27.870001,28.105000,27.870001,28.010000,27.185188,47300
2019-12-05,28.120001,28.260000,27.900000,28.090000,27.262835,64700
2019-12-06,28.280001,28.610001,28.280001,28.400000,27.563704,76800
2019-12-09,28.400000,28.520000,28.240000,28.430000,27.592821,65300
2019-12-10,28.480000,28.559999,28.219999,28.500000,27.660759,38700
2019-12-11,28.360001,28.540001,28.150000,28.500000,27.660759,50000
2019-12-12,28.540001,28.920000,28.299999,28.719999,27.874279,114200
2019-12-13,28.709999,28.760000,28.240000,28.480000,27.641350,49600
2019-12-16,28.820000,29.219999,28.690001,28.920000,28.068394,122500
2019-12-17,29.090000,29.270000,29.090000,29.219999,28.359556,86300
2019-12-18,29.299999,29.330000,28.980000,29.280001,28.417791,55500
2019-12-19,29.270000,29.379999,29.059999,29.340000,28.476025,51900
2019-12-20,29.219999,29.500000,28.981001,29.200001,28.340147,197900
2019-12-23,29.129999,29.209999,28.860001,28.969999,28.116919,42600
2019-12-24,28.850000,29.215000,28.770000,28.910000,28.058685,21400
2019-12-26,28.950001,29.059999,28.930000,28.980000,28.126625,23700
2019-12-27,29.059999,29.059999,28.820000,28.959999,28.107212,46000
2019-12-30,29.080000,29.180000,28.730000,29.040001,28.184860,72400
2019-12-31,28.990000,29.180000,28.945000,28.959999,28.107212,41200
2020-01-02,29.049999,29.070000,28.540001,28.900000,28.048981,64500
2020-01-03,28.700001,28.780001,28.365000,28.590000,27.748110,62200
2020-01-06,28.370001,28.570000,28.219999,28.510000,27.670465,44600
2020-01-07,28.280001,28.629999,28.128000,28.440001,27.602528,61100
2020-01-08,28.450001,28.920000,28.450001,28.639999,27.796637,38200
2020-01-09,28.740000,28.930000,28.490000,28.670000,27.825754,53900
2020-01-10,28.629999,28.730000,28.320000,28.490000,27.651054,64000
2020-01-13,28.430000,28.889999,28.360001,28.860001,28.010160,40700
2020-01-14,28.820000,28.860001,28.489000,28.690001,27.845165,51600
2020-01-15,28.570000,28.770000,28.420000,28.590000,27.748110,174400
2020-01-16,28.700001,28.870001,28.660000,28.830000,27.981041,58100
2020-01-17,28.950001,29.080000,28.540001,28.610001,27.767521,50100
2020-01-21,28.450001,28.580000,28.150000,28.160000,27.330772,88800
2020-01-22,28.170000,28.180000,27.650000,27.709999,26.894022,50900
2020-01-23,27.549999,27.799999,27.275000,27.750000,26.932844,67900
2020-01-24,27.799999,27.799999,26.740000,27.139999,26.340807,76300
2020-01-27,26.610001,26.900000,25.510000,26.690001,25.904060,69300
2020-01-28,26.879999,27.160000,26.750000,26.780001,25.991409,53300
2020-01-29,26.850000,27.174000,26.620001,26.690001,25.904060,73500
2020-01-30,26.400000,27.070000,26.400000,27.070000,26.272869,53200
2020-01-31,26.870001,26.940001,26.340000,26.420000,25.642010,79700
2020-02-03,26.590000,27.000000,26.555000,26.780001,25.991409,65000
2020-02-04,27.030001,27.267000,26.950001,26.980000,26.185518,50900
2020-02-05,27.299999,27.730000,27.299999,27.660000,26.845495,50200
2020-02-06,27.809999,27.809999,27.309999,27.320000,26.515509,38900
2020-02-07,27.250000,27.340000,27.059999,27.120001,26.321396,35500
2020-02-10,27.299999,27.299999,26.940001,27.020000,26.224342,36700
2020-02-11,27.240000,27.430000,27.129999,27.240000,26.437862,41800
2020-02-12,27.520000,27.520000,27.000000,27.090000,26.292280,32500
2020-02-13,26.600000,27.040001,26.600000,27.030001,26.496172,37400
2020-02-14,26.980000,27.209999,26.660000,26.780001,26.251110,36100
2020-02-18,26.610001,26.760000,26.360001,26.580000,26.055059,31700
2020-02-19,26.700001,26.799999,26.639999,26.670000,26.143282,33100
2020-02-20,26.670000,26.980000,26.650000,26.980000,26.447159,36800
2020-02-21,26.980000,27.070000,26.590000,26.780001,26.251110,48900
2020-02-24,26.010000,26.219999,25.660000,26.110001,25.594341,60100
2020-02-25,26.080000,26.120001,25.190001,25.270000,24.770931,100700
2020-02-26,25.440001,25.459999,24.990000,25.110001,24.614092,35400
2020-02-27,24.610001,25.690001,24.610001,24.900000,24.408237,81000
2020-02-28,24.250000,25.014999,23.260000,23.820000,23.349567,146100
2020-03-02,23.820000,25.010000,23.549999,24.850000,24.359226,70800
2020-03-03,24.780001,25.000000,23.920000,24.049999,23.575026,125900
2020-03-04,24.260000,24.420000,23.709999,24.200001,23.722063,87200
2020-03-05,23.709999,23.780001,22.940001,23.170000,22.712404,66400
2020-03-06,22.100000,23.180000,22.100000,22.799999,22.349712,104700
2020-03-09,21.379999,22.440001,19.840000,19.990000,19.595207,111600
2020-03-10,20.850000,21.238001,19.730000,20.910000,20.497038,98800
2020-03-11,20.219999,20.680000,19.350000,19.500000,19.114885,125500
2020-03-12,18.809999,19.410000,17.350000,18.219999,17.860165,188000
2020-03-13,18.920000,19.850000,18.059999,19.850000,19.457973,188400
2020-03-16,17.680000,19.290001,16.670000,16.670000,16.340776,194700
2020-03-17,16.860001,17.780001,16.309999,17.459999,17.115173,191700
2020-03-18,16.549999,16.620001,13.220000,14.010000,13.733311,183200
2020-03-19,13.800000,16.490000,13.600000,16.270000,15.948677,215500
2020-03-20,16.139999,16.450001,15.340000,15.390000,15.086056,271200
2020-03-23,15.490000,16.260000,13.810000,14.880000,14.586128,265300
2020-03-24,15.320000,16.534000,15.290000,16.030001,15.713417,161700
2020-03-25,16.040001,16.950001,15.890000,16.309999,15.987885,289100
2020-03-26,16.309999,17.660000,16.260000,17.510000,17.164186,161500
2020-03-27,16.770000,17.969999,16.219999,16.770000,16.438803,80800
2020-03-30,16.940001,17.370001,16.540001,17.270000,16.928926,92500
2020-03-31,17.150000,17.870001,16.990000,17.490000,17.144581,319900
2020-04-01,16.719999,16.750000,15.960000,16.010000,15.693811,181400
2020-04-02,15.750000,16.320000,15.710000,16.150000,15.831046,171900
2020-04-03,15.810000,16.280001,15.200000,15.620000,15.311513,182200
2020-04-06,16.320000,17.170000,16.290001,17.010000,16.674063,159400
2020-04-07,17.680000,18.020000,16.850000,17.270000,16.928926,127400
2020-04-08,17.780001,17.780001,16.950001,17.520000,17.173990,184100
2020-04-09,16.160000,18.150000,16.160000,17.580000,17.232805,263400
2020-04-13,17.469999,17.760000,16.760000,16.809999,16.478010,101300
2020-04-14,17.270000,17.389999,15.820000,16.440001,16.115320,109500
2020-04-15,15.680000,16.110001,15.490000,15.570000,15.262501,88300
2020-04-16,15.560000,15.830000,14.250000,14.570000,14.282250,128400
2020-04-17,15.200000,16.139999,15.200000,16.020000,15.703614,204500
2020-04-20,15.560000,16.129999,15.140000,15.380000,15.076253,80200
2020-04-21,14.810000,15.350000,14.460000,15.150000,14.850795,101000
2020-04-22,15.250000,15.960000,14.880000,14.950000,14.654745,137500
2020-04-23,15.070000,15.725000,15.040000,15.620000,15.311513,88400
2020-04-24,15.000000,15.230000,13.540000,14.690000,14.399880,164900
2020-04-27,14.700000,15.680000,14.700000,15.250000,14.948821,91300
2020-04-28,15.500000,16.059999,15.290000,15.870000,15.556576,159900
2020-04-29,16.250000,17.770000,16.020000,17.490000,17.144581,230700
2020-04-30,17.230000,17.320000,16.219999,16.219999,15.899663,101800
2020-05-01,15.690000,16.000000,14.530000,15.940000,15.625194,113400
2020-05-04,15.630000,15.990000,15.150000,15.420000,15.115463,64400
2020-05-05,15.790000,15.880000,14.940000,14.940000,14.644942,106100
2020-05-06,15.210000,15.290000,14.680000,14.900000,14.605733,185300
2020-05-07,15.310000,15.660000,15.140000,15.550000,15.242896,207400
2020-05-08,15.990000,16.170000,15.630000,16.100000,15.782034,176600
2020-05-11,15.730000,15.730000,14.890000,14.910000,14.615536,157500
2020-05-12,15.070000,15.188000,14.000000,14.010000,13.733311,130600
2020-05-13,14.050000,14.250000,13.120000,13.570000,13.301999,174800
2020-05-14,12.920000,13.510000,12.490000,13.430000,13.430000,127300
2020-05-15,13.370000,14.030000,13.290000,13.830000,13.830000,127600
2020-05-18,14.400000,14.990000,14.400000,14.830000,14.830000,190700
2020-05-19,14.700000,14.850000,13.570000,13.580000,13.580000,209100
2020-05-20,13.850000,14.650000,13.850000,14.290000,14.290000,191100
2020-05-21,14.250000,14.740000,14.250000,14.470000,14.470000,78300
2020-05-22,14.590000,14.700000,14.216000,14.440000,14.440000,102500
2020-05-26,14.900000,15.540000,14.700000,15.390000,15.390000,172100
2020-05-27,16.070000,17.240000,15.900000,16.570000,16.570000,180500
2020-05-28,16.850000,16.850000,15.570000,15.620000,15.620000,110500
2020-05-29,15.260000,15.510000,14.930000,14.970000,14.970000,115900
2020-06-01,15.090000,15.310000,14.750000,14.790000,14.790000,124400
2020-06-02,15.120000,15.675000,14.840000,15.080000,15.080000,65100
2020-06-03,15.490000,16.219999,15.490000,15.850000,15.850000,125200
2020-06-04,15.790000,16.340000,15.460000,16.049999,16.049999,98100
2020-06-05,17.230000,17.700001,16.924000,17.139999,17.139999,126500
2020-06-08,17.540001,17.995001,17.150000,17.420000,17.420000,82000
2020-06-09,17.000000,17.260000,16.469999,16.950001,16.950001,77800
2020-06-10,16.830000,16.830000,15.630000,15.680000,15.680000,99500
2020-06-11,14.720000,14.945000,14.220000,14.550000,14.550000,144900
2020-06-12,15.280000,15.350000,14.400000,15.070000,15.070000,96000
2020-06-15,14.390000,15.120000,14.260000,15.110000,15.110000,116000
2020-06-16,16.010000,16.030001,15.220000,15.620000,15.620000,83800
2020-06-17,15.570000,15.570000,14.580000,14.670000,14.670000,91700
2020-06-18,14.500000,14.930000,14.350000,14.700000,14.700000,97500
2020-06-19,14.920000,14.920000,14.140000,14.640000,14.640000,244900
2020-06-22,14.430000,15.160000,14.300000,15.050000,15.050000,97700
2020-06-23,15.300000,15.400000,14.520000,14.580000,14.580000,70000
2020-06-24,14.360000,14.360000,13.900000,14.090000,14.090000,110200
2020-06-25,13.990000,14.460000,13.820000,14.430000,14.430000,104000
2020-06-26,14.180000,14.180000,13.510000,13.920000,13.920000,240300
2020-06-29,14.210000,14.720000,14.000000,14.700000,14.700000,81800
2020-06-30,14.600000,15.020000,14.430000,14.950000,14.950000,108500
2020-07-01,14.940000,15.020000,14.300000,14.340000,14.340000,106300
2020-07-02,14.750000,14.870000,14.060000,14.230000,14.230000,78200
2020-07-06,14.650000,14.740000,14.120000,14.370000,14.370000,67600
2020-07-07,14.210000,14.210000,13.660000,13.750000,13.750000,116100
2020-07-08,13.710000,13.900000,13.330000,13.690000,13.690000,92200
2020-07-09,13.570000,13.570000,12.980000,13.100000,13.100000,102900
2020-07-10,13.070000,13.770000,13.010000,13.740000,13.740000,59900
2020-07-13,13.320000,14.020000,13.190000,13.750000,13.750000,160600
2020-07-14,13.710000,13.860000,13.260000,13.380000,13.380000,137100
2020-07-15,13.860000,14.500000,13.840000,14.355000,14.355000,128300
2020-07-16,14.330000,14.560000,14.120000,14.430000,14.430000,101800
2020-07-17,14.400000,14.575000,13.890000,13.900000,13.900000,123700
2020-07-20,13.800000,13.841000,13.510000,13.560000,13.560000,57600
2020-07-21,13.730000,14.410000,13.730000,14.360000,14.360000,100000
2020-07-22,14.310000,14.350000,14.110000,14.200000,14.200000,104000
2020-07-23,14.150000,14.680000,14.150000,14.660000,14.660000,123700
2020-07-24,14.800000,15.060000,14.280000,14.640000,14.640000,209100
2020-07-27,14.850000,15.400000,14.380000,14.430000,14.430000,274500
2020-07-28,14.350000,14.600000,14.230000,14.400000,14.400000,176100
2020-07-29,14.570000,14.570000,14.040000,14.520000,14.520000,176500
2020-07-30,14.310000,14.570000,13.860000,14.460000,14.460000,122800
2020-07-31,14.340000,14.350000,13.780000,14.090000,14.090000,132900
2020-08-03,14.140000,14.155000,13.840000,14.130000,14.130000,182900
2020-08-04,13.940000,14.255000,13.850000,14.230000,14.230000,119700
2020-08-05,14.360000,14.690000,14.170000,14.500000,14.500000,134400
2020-08-06,14.500000,14.580000,14.280000,14.450000,14.450000,134200
2020-08-07,14.390000,14.990000,14.220000,14.920000,14.920000,217700
2020-08-10,15.050000,15.720000,14.930000,15.470000,15.470000,153200
2020-08-11,15.800000,16.129999,15.580000,15.700000,15.700000,129200
2020-08-12,16.070000,16.070000,15.280000,15.490000,15.490000,82600