Date,Open,High,Low,Close,Adj Close,Volume
2015-09-18,11.390000,17.480000,10.800000,13.240000,13.240000,1906600
2015-09-21,14.260000,14.830000,12.580000,12.620000,12.620000,489500
2015-09-22,12.350000,12.890000,10.620000,10.810000,10.810000,354200
2015-09-23,10.930000,11.200000,10.700000,10.790000,10.790000,68100
2015-09-24,10.540000,10.720000,9.630000,9.670000,9.670000,176500
2015-09-25,9.830000,10.350000,9.650000,9.730000,9.730000,136100
2015-09-28,9.680000,9.990000,9.510000,9.770000,9.770000,25600
2015-09-29,9.520000,9.800000,9.220000,9.300000,9.300000,19000
2015-09-30,9.450000,10.650000,8.754000,9.500000,9.500000,96600
2015-10-01,9.250000,9.520000,9.020000,9.230000,9.230000,82900
2015-10-02,9.500000,9.500000,9.000000,9.010000,9.010000,43500
2015-10-05,9.160000,9.979000,9.160000,9.750000,9.750000,59300
2015-10-06,10.180000,10.360000,9.950000,10.270000,10.270000,61100
2015-10-07,10.020000,10.538000,9.810000,10.270000,10.270000,126700
2015-10-08,10.080000,10.080000,9.560000,9.775000,9.775000,20300
2015-10-09,9.600000,9.990000,9.600000,9.860000,9.860000,12000
2015-10-12,9.610000,10.000000,9.610000,10.000000,10.000000,15300
2015-10-13,9.810000,10.330000,9.810000,10.060000,10.060000,34700
2015-10-14,9.960000,10.433000,9.960000,10.240000,10.240000,12900
2015-10-15,10.040000,10.250000,10.000000,10.000000,10.000000,14100
2015-10-16,10.350000,10.520000,9.890000,10.240000,10.240000,127300
2015-10-19,10.280000,10.280000,9.920000,9.920000,9.920000,11700
2015-10-20,9.710000,10.230000,9.500000,10.230000,10.230000,9000
2015-10-21,10.270000,10.270000,9.500000,10.040000,10.040000,14000
2015-10-22,9.720000,10.130000,9.010000,9.530000,9.530000,21400
2015-10-23,9.760000,10.160000,8.920000,9.570000,9.570000,29600
2015-10-26,9.660000,10.120000,9.620000,9.870000,9.870000,12200
2015-10-27,9.796000,10.160000,9.520000,9.830000,9.830000,10100
2015-10-28,9.300000,10.200000,9.110000,10.150000,10.150000,9900
2015-10-29,9.990000,10.160000,9.960000,9.960000,9.960000,3100
2015-10-30,10.197000,10.200000,9.730000,9.950000,9.950000,6600
2015-11-02,10.110000,10.200000,9.990000,10.087000,10.087000,4100
2015-11-03,10.090000,10.100000,10.000000,10.030000,10.030000,2100
2015-11-04,10.030000,10.149000,10.000000,10.000000,10.000000,3100
2015-11-05,10.100000,10.100000,10.000000,10.000000,10.000000,1000
2015-11-06,10.000000,10.080000,9.916000,10.010000,10.010000,4200
2015-11-09,10.090000,10.190000,9.990000,10.045000,10.045000,10000
2015-11-10,10.000000,10.190000,9.990000,10.110000,10.110000,3400
2015-11-11,10.240000,10.240000,9.490000,9.990000,9.990000,11900
2015-11-12,9.990000,10.000000,9.520000,9.520000,9.520000,24800
2015-11-13,9.860000,9.950000,9.340000,9.680000,9.680000,332100
2015-11-16,9.610000,9.990000,9.290000,9.650000,9.650000,18500
2015-11-17,9.780000,9.980000,9.750000,9.870000,9.870000,10900
2015-11-18,9.890000,9.990000,9.200000,9.920000,9.920000,24800
2015-11-19,9.910000,9.980000,9.810000,9.980000,9.980000,25300
2015-11-20,9.970000,10.340000,9.970000,10.340000,10.340000,12700
2015-11-23,10.150000,10.255000,10.000000,10.230000,10.230000,12600
2015-11-24,9.800000,10.340000,9.800000,10.205000,10.205000,2000
2015-11-25,9.990000,10.240000,9.990000,10.010000,10.010000,6600
2015-11-27,10.170000,10.170000,10.060000,10.060000,10.060000,400
2015-11-30,9.660000,10.250000,9.660000,10.192000,10.192000,8400
2015-12-01,10.200000,10.250000,9.930000,9.930000,9.930000,13500
2015-12-02,10.200000,10.220000,10.069000,10.210000,10.210000,8800
2015-12-03,10.300000,10.690000,10.080000,10.239000,10.239000,9800
2015-12-04,9.950000,10.250000,9.524000,10.230000,10.230000,18200
2015-12-07,10.090000,10.090000,9.530000,9.670000,9.670000,24400
2015-12-08,9.950000,10.055000,9.910000,10.000000,10.000000,1900
2015-12-09,9.740000,10.110000,9.540000,9.670000,9.670000,17100
2015-12-10,9.510000,9.980000,9.050000,9.500000,9.500000,42500
2015-12-11,9.320000,9.700000,9.040000,9.170000,9.170000,24400
2015-12-14,9.160000,9.700000,8.920000,9.130000,9.130000,21200
2015-12-15,9.390000,9.640000,8.790000,9.040000,9.040000,43000
2015-12-16,9.390000,9.940000,8.830000,8.830000,8.830000,30600
2015-12-17,8.510000,9.326000,8.510000,8.660000,8.660000,46600
2015-12-18,8.760000,9.400000,8.610000,8.820000,8.820000,45300
2015-12-21,9.070000,9.350000,8.990000,9.190000,9.190000,14000
2015-12-22,9.300000,9.340000,8.970000,9.160000,9.160000,44400
2015-12-23,9.030000,9.410000,8.890000,9.180000,9.180000,55000
2015-12-24,9.090000,9.590000,9.080000,9.260000,9.260000,11600
2015-12-28,9.300000,9.450000,9.010000,9.060000,9.060000,8800
2015-12-29,9.300000,9.690000,8.740000,9.235000,9.235000,14800
2015-12-30,9.370000,9.510000,8.880000,9.005000,9.005000,33900
2015-12-31,9.080000,9.620000,8.900000,9.620000,9.620000,13700
2016-01-04,9.550000,9.800000,8.700000,9.515000,9.515000,8300
2016-01-05,9.550000,9.650000,9.140000,9.290000,9.290000,5800
2016-01-06,8.900000,9.230000,8.900000,9.090000,9.090000,32000
2016-01-07,9.100000,9.280000,8.610000,9.011000,9.011000,22400
2016-01-08,9.100000,9.280000,8.720000,9.280000,9.280000,22700
2016-01-11,9.360000,9.480000,9.040000,9.350000,9.350000,5600
2016-01-12,9.405000,9.570000,9.000000,9.110000,9.110000,19500
2016-01-13,9.270000,9.400000,7.480000,7.930000,7.930000,124700
2016-01-14,8.010000,8.970000,7.690000,7.860000,7.860000,23900
2016-01-15,7.740000,7.970000,6.750000,7.400000,7.400000,72400
2016-01-19,7.470000,8.000000,7.050000,7.290000,7.290000,37100
2016-01-20,7.110000,7.400000,6.910000,7.250000,7.250000,30300
2016-01-21,7.780000,8.250000,7.150000,7.150000,7.150000,28200
2016-01-22,7.290000,8.314000,7.150000,7.800000,7.800000,37400
2016-01-25,7.750000,7.995000,7.320000,7.320000,7.320000,17500
2016-01-26,7.460000,7.910000,6.740000,6.830000,6.830000,36700
2016-01-27,7.120000,7.244000,6.610000,6.845000,6.845000,20700
2016-01-28,6.960000,8.300000,6.950000,8.300000,8.300000,30500
2016-01-29,8.500000,8.650000,8.400000,8.470000,8.470000,137200
2016-02-01,8.620000,8.620000,7.590000,8.370000,8.370000,103400
2016-02-02,8.370000,8.380000,8.050000,8.310000,8.310000,15900
2016-02-03,8.310000,8.370000,8.020000,8.110000,8.110000,33600
2016-02-04,8.240000,8.500000,8.040000,8.300000,8.300000,20000
2016-02-05,8.350000,8.350000,8.062000,8.340000,8.340000,6400
2016-02-08,8.500000,8.500000,8.050000,8.250000,8.250000,17300
2016-02-09,8.350000,8.460000,8.350000,8.460000,8.460000,2000
2016-02-10,8.410000,8.500000,8.250000,8.250000,8.250000,31000
2016-02-11,8.470000,8.520000,8.300000,8.520000,8.520000,15200
2016-02-12,8.520000,8.520000,8.400000,8.520000,8.520000,11500
2016-02-16,8.520000,9.280000,8.520000,8.840000,8.840000,8800
2016-02-17,9.420000,9.420000,8.500000,8.650000,8.650000,45100
2016-02-18,8.550000,9.295000,8.100000,8.900000,8.900000,36900
2016-02-19,9.280000,9.280000,8.510000,8.980000,8.980000,10000
2016-02-22,9.150000,9.787000,8.510000,8.840000,8.840000,23300
2016-02-23,8.780000,8.950000,8.690000,8.738000,8.738000,9300
2016-02-24,8.840000,9.050000,8.500000,9.050000,9.050000,22300
2016-02-25,9.050000,9.400000,8.850000,8.990000,8.990000,12000
2016-02-26,9.350000,9.520000,8.723000,8.980000,8.980000,35700
2016-02-29,9.000000,9.756000,8.580000,9.010000,9.010000,21100
2016-03-01,9.100000,9.450000,8.840000,8.975000,8.975000,19300
2016-03-02,9.110000,9.110000,8.605000,8.785000,8.785000,5300
2016-03-03,8.840000,9.282000,8.700000,8.870000,8.870000,4800
2016-03-04,9.300000,9.475000,8.890000,9.080000,9.080000,4900
2016-03-07,9.280000,9.280000,8.610000,8.900000,8.900000,12500
2016-03-08,8.760000,8.990000,8.750000,8.760000,8.760000,3100
2016-03-09,8.900000,9.190000,8.760000,8.860000,8.860000,5700
2016-03-10,9.190000,9.190000,8.900000,8.920000,8.920000,5600
2016-03-11,9.189000,9.189000,8.870000,8.870000,8.870000,1900
2016-03-14,8.874000,9.250000,8.870000,8.900000,8.900000,2300
2016-03-15,8.940000,9.126000,8.940000,9.090000,9.090000,4000
2016-03-16,9.080000,9.250000,9.000000,9.250000,9.250000,13400
2016-03-17,9.200000,9.330000,8.870000,8.870000,8.870000,10500
2016-03-18,8.824000,8.837000,8.820000,8.820000,8.820000,1100
2016-03-21,8.837000,8.900000,8.820000,8.900000,8.900000,3700
2016-03-22,8.860000,9.245000,8.860000,9.100000,9.100000,5100
2016-03-23,9.020000,9.020000,8.860000,8.950000,8.950000,6900
2016-03-24,8.820000,9.050000,8.800000,8.850000,8.850000,6700
2016-03-28,9.236000,9.236000,8.900000,8.900000,8.900000,3700
2016-03-29,8.880000,9.100000,8.800000,8.840000,8.840000,2300
2016-03-30,8.840000,9.160000,8.840000,9.000000,9.000000,4100
2016-03-31,8.920000,9.100000,8.900000,8.960000,8.960000,6000
2016-04-01,8.930000,8.930000,8.750000,8.910000,8.910000,13700
2016-04-04,8.841000,8.890000,8.660000,8.660000,8.660000,4600
2016-04-05,8.600000,8.890000,8.510000,8.560000,8.560000,6200
2016-04-06,8.550000,8.880000,8.510000,8.590000,8.590000,7600
2016-04-07,8.548000,8.830000,8.548000,8.580000,8.580000,5700
2016-04-08,8.620000,8.850000,8.490000,8.590000,8.590000,122000
2016-04-11,8.530000,8.590000,8.400000,8.400000,8.400000,10400
2016-04-12,8.900000,8.900000,8.440000,8.460000,8.460000,12500
2016-04-13,8.900000,8.900000,8.400000,8.400000,8.400000,7700
2016-04-14,8.450000,8.850000,8.200000,8.410000,8.410000,18900
2016-04-15,8.400000,8.900000,8.400000,8.500000,8.500000,16700
2016-04-18,8.500000,8.630000,8.500000,8.560000,8.560000,6700
2016-04-19,8.710000,8.710000,8.420000,8.430000,8.430000,14000
2016-04-20,8.430000,8.600000,8.350000,8.500000,8.500000,6800
2016-04-21,8.510000,8.520000,8.362000,8.500000,8.500000,27900
2016-04-22,8.460000,9.280000,8.460000,8.580000,8.580000,40600
2016-04-25,9.200000,9.704000,8.670000,8.980000,8.980000,7700
2016-04-26,8.860000,9.100000,8.437000,8.730000,8.730000,9300
2016-04-27,8.780000,8.850000,8.700000,8.820000,8.820000,2000
2016-04-28,8.700000,8.720000,8.350000,8.490000,8.490000,28800
2016-04-29,8.500000,8.950000,8.418000,8.500000,8.500000,61100
2016-05-02,8.500000,8.954000,8.500000,8.800000,8.800000,1700
2016-05-03,8.830000,9.000000,8.500000,9.000000,9.000000,1700
2016-05-04,8.890000,8.890000,8.510000,8.660000,8.660000,6000
2016-05-05,8.660000,9.017000,8.480000,8.490000,8.490000,9800
2016-05-06,8.510000,8.600000,8.430000,8.500000,8.500000,3000
2016-05-09,8.430000,8.710000,8.430000,8.710000,8.710000,2100
2016-05-10,8.750000,8.780000,8.570000,8.740000,8.740000,3500
2016-05-11,8.760000,8.760000,8.430000,8.630000,8.630000,4200
2016-05-12,8.656000,8.656000,8.400000,8.420000,8.420000,2900
2016-05-13,8.490000,8.900000,8.310000,8.360000,8.360000,11200
2016-05-16,8.360000,8.475000,8.200000,8.310000,8.310000,29200
2016-05-17,8.389000,8.460000,8.330000,8.330000,8.330000,2600
2016-05-18,8.430000,8.490000,8.200000,8.490000,8.490000,5600
2016-05-19,8.490000,8.490000,8.490000,8.490000,8.490000,0
2016-05-20,8.460000,8.763000,8.330000,8.330000,8.330000,6300
2016-05-23,8.310000,8.600000,8.000000,8.010000,8.010000,24000
2016-05-24,8.065000,8.400000,8.065000,8.200000,8.200000,5900
2016-05-25,8.190000,8.250000,8.010000,8.010000,8.010000,8800
2016-05-26,8.010000,8.010000,7.500000,7.760000,7.760000,14200
2016-05-27,7.740000,7.805000,7.010000,7.450000,7.450000,28200
2016-05-31,7.480000,7.740000,7.220000,7.250000,7.250000,23600
2016-06-01,7.250000,7.710000,7.250000,7.470000,7.470000,9700
2016-06-02,7.400000,7.720000,7.400000,7.510000,7.510000,5700
2016-06-03,7.500000,7.654000,7.220000,7.380000,7.380000,17600
2016-06-06,7.490000,7.490000,7.100000,7.100000,7.100000,39200
2016-06-07,7.160000,7.310000,7.050000,7.050000,7.050000,28600
2016-06-08,7.100000,7.320000,7.064000,7.110000,7.110000,22100
2016-06-09,7.150000,7.200000,7.100000,7.140000,7.140000,21000
2016-06-10,7.203000,7.250000,7.200000,7.200000,7.200000,10200
2016-06-13,7.200000,7.500000,7.010000,7.070000,7.070000,28900
2016-06-14,7.010000,7.451000,7.010000,7.080000,7.080000,15200
2016-06-15,7.010000,7.210000,7.010000,7.090000,7.090000,9300
2016-06-16,7.010000,7.710000,7.010000,7.420000,7.420000,23400
2016-06-17,7.450000,7.750000,7.450000,7.630000,7.630000,10300
2016-06-20,7.710000,7.750000,7.600000,7.700000,7.700000,4700
2016-06-21,7.650000,7.690000,7.630000,7.690000,7.690000,3000
2016-06-22,7.660000,7.680000,7.190000,7.350000,7.350000,13500
2016-06-23,7.290000,7.770000,7.270000,7.270000,7.270000,1400
2016-06-24,7.180000,7.990000,7.040000,7.150000,7.150000,14800
2016-06-27,7.070000,7.230000,6.850000,6.990000,6.990000,16500
2016-06-28,7.090000,7.400000,7.090000,7.290000,7.290000,1900
2016-06-29,7.390000,7.900000,7.320000,7.900000,7.900000,13600
2016-06-30,7.620000,7.690000,7.270000,7.500000,7.500000,21900
2016-07-01,7.310000,7.750000,7.310000,7.580000,7.580000,8300
2016-07-05,7.550000,7.930000,7.510000,7.510000,7.510000,2300
2016-07-06,7.610000,7.960000,7.595000,7.680000,7.680000,10300
2016-07-07,7.790000,8.050000,7.777000,8.040000,8.040000,2900
2016-07-08,7.940000,8.190000,7.800000,7.980000,7.980000,9600
2016-07-11,8.080000,8.168000,8.000000,8.000000,8.000000,2300
2016-07-12,7.986000,8.080000,7.986000,8.027000,8.027000,1900
2016-07-13,8.000000,8.000000,7.810000,8.000000,8.000000,4000
2016-07-14,7.885000,8.000000,7.885000,7.990000,7.990000,3500
2016-07-15,7.970000,7.970000,7.720000,7.750000,7.750000,2200
2016-07-18,7.730000,7.850000,7.500000,7.500000,7.500000,11900
2016-07-19,7.610000,8.030000,7.515000,8.030000,8.030000,11600
2016-07-20,8.030000,8.105000,8.030000,8.105000,8.105000,600
2016-07-21,8.276000,8.276000,8.152000,8.152000,8.152000,700
2016-07-22,8.440000,8.470000,8.060000,8.320000,8.320000,2500
2016-07-25,8.400000,8.400000,8.290000,8.290000,8.290000,1100
2016-07-26,8.360000,8.360000,8.250000,8.300000,8.300000,5400
2016-07-27,8.250000,8.300000,8.180000,8.200000,8.200000,6200
2016-07-28,8.232000,8.232000,8.010000,8.058000,8.058000,1900
2016-07-29,8.290000,8.430000,8.170000,8.430000,8.430000,5800
2016-08-01,8.310000,8.400000,8.260000,8.330000,8.330000,7300
2016-08-02,8.320000,8.320000,8.020000,8.300000,8.300000,3300
2016-08-03,8.130000,8.130000,8.100000,8.100000,8.100000,2200
2016-08-04,8.120000,8.173000,7.820000,7.820000,7.820000,8800
2016-08-05,7.800000,8.070000,7.120000,7.500000,7.500000,3000
2016-08-08,7.500000,8.370000,7.500000,7.620000,7.620000,9700
2016-08-09,7.630000,7.880000,7.480000,7.570000,7.570000,31700
2016-08-10,7.240000,7.720000,7.240000,7.500000,7.500000,7200
2016-08-11,7.540000,7.700000,7.210000,7.500000,7.500000,15900
2016-08-12,7.420000,7.500000,7.210000,7.210000,7.210000,13500
2016-08-15,7.220000,7.620000,7.220000,7.340000,7.340000,7200
2016-08-16,7.300000,7.626000,7.200000,7.210000,7.210000,8300
2016-08-17,7.190000,7.710000,7.190000,7.520000,7.520000,14400
2016-08-18,7.510000,7.720000,7.450000,7.510000,7.510000,7200
2016-08-19,7.520000,7.631000,7.500000,7.500000,7.500000,3100
2016-08-22,7.450000,7.570000,7.430000,7.500000,7.500000,2700
2016-08-23,7.520000,7.621000,7.520000,7.580000,7.580000,1100
2016-08-24,7.550000,7.719000,7.550000,7.600000,7.600000,2700
2016-08-25,7.600000,7.710000,7.420000,7.470000,7.470000,1100
2016-08-26,7.480000,7.750000,7.480000,7.490000,7.490000,13600
2016-08-29,7.500000,7.650000,7.470000,7.490000,7.490000,7100
2016-08-30,7.480000,7.670000,7.470000,7.640000,7.640000,6100
2016-08-31,7.620000,8.050000,7.470000,7.980000,7.980000,14800
2016-09-01,7.780000,7.990000,7.630000,7.770000,7.770000,11800
2016-09-02,7.860000,7.860000,7.500000,7.630000,7.630000,10800
2016-09-06,7.590000,8.219000,7.590000,8.040000,8.040000,8600
2016-09-07,7.960000,8.170000,7.910000,7.920000,7.920000,2400
2016-09-08,7.950000,8.850000,7.950000,8.220000,8.220000,23100
2016-09-09,8.300000,8.600000,8.220000,8.440000,8.440000,7100
2016-09-12,8.420000,8.420000,7.470000,7.890000,7.890000,27100
2016-09-13,7.890000,7.990000,7.690000,7.890000,7.890000,3600
2016-09-14,7.940000,7.940000,7.520000,7.749000,7.749000,5600
2016-09-15,7.650000,7.720000,7.410000,7.420000,7.420000,61000
2016-09-16,7.410000,7.590000,7.250000,7.500000,7.500000,20900
2016-09-19,7.440000,7.440000,7.200000,7.210000,7.210000,10600
2016-09-20,7.180000,7.310000,7.110000,7.160000,7.160000,4500
2016-09-21,7.110000,7.400000,7.110000,7.290000,7.290000,10200
2016-09-22,7.260000,7.335000,7.101000,7.240000,7.240000,24800
2016-09-23,7.230000,7.430000,7.230000,7.329000,7.329000,1800
2016-09-26,7.340000,7.340000,7.230000,7.230000,7.230000,700
2016-09-27,7.310000,7.480000,7.310000,7.350000,7.350000,7000
2016-09-28,7.350000,7.382000,7.250000,7.250000,7.250000,5600
2016-09-29,7.290000,7.290000,7.010000,7.050000,7.050000,5300
2016-09-30,7.060000,7.590000,7.010000,7.050000,7.050000,6900
2016-10-03,7.100000,7.390000,7.010000,7.070000,7.070000,3900
2016-10-04,7.020000,7.380000,7.000000,7.150000,7.150000,36200
2016-10-05,7.150000,7.500000,7.000000,7.240000,7.240000,62700
2016-10-06,7.270000,7.280000,7.140000,7.160000,7.160000,7000
2016-10-07,7.120000,7.350000,7.065000,7.101000,7.101000,9400
2016-10-10,7.070000,7.467000,7.010000,7.010000,7.010000,6200
2016-10-11,7.060000,7.060000,6.800000,6.940000,6.940000,17600
2016-10-12,6.930000,7.220000,6.760000,6.910000,6.910000,8100
2016-10-13,6.860000,6.860000,6.580000,6.840000,6.840000,16800
2016-10-14,6.850000,6.995000,6.620000,6.910000,6.910000,15000
2016-10-17,6.890000,6.890000,6.260000,6.590000,6.590000,17100
2016-10-18,6.501000,6.543000,6.260000,6.350000,6.350000,36400
2016-10-19,6.370000,6.370000,6.310000,6.340000,6.340000,23100
2016-10-20,6.342000,6.780000,6.300000,6.540000,6.540000,15000
2016-10-21,6.550000,6.550000,6.220000,6.350000,6.350000,23900
2016-10-24,6.300000,6.360000,5.738000,5.910000,5.910000,18500
2016-10-25,5.860000,6.290000,4.990000,6.260000,6.260000,8900
2016-10-26,6.200000,6.200000,5.910000,5.910000,5.910000,6100
2016-10-27,5.940000,6.030000,5.940000,5.940000,5.940000,13900
2016-10-28,5.960000,6.360000,5.770000,6.010000,6.010000,14600
2016-10-31,6.000000,6.000000,5.520000,5.730000,5.730000,29400
2016-11-01,5.620000,6.060000,5.500000,5.500000,5.500000,24900
2016-11-02,5.490000,5.600000,5.201000,5.490000,5.490000,29400
2016-11-03,5.300000,5.300000,4.846000,4.980000,4.980000,87500
2016-11-04,4.810000,4.970000,4.021000,4.750000,4.750000,33200
2016-11-07,4.650000,4.650000,4.140000,4.500000,4.500000,54300
2016-11-08,4.210000,4.500000,4.210000,4.350000,4.350000,48600
2016-11-09,4.400000,4.400000,4.276000,4.340000,4.340000,64300
2016-11-10,4.360000,4.700000,4.360000,4.500000,4.500000,81000
2016-11-11,4.500000,4.600000,4.450000,4.540000,4.540000,66600
2016-11-14,4.500000,5.224000,4.450000,4.980000,4.980000,72500
2016-11-15,4.950000,4.950000,4.380000,4.440000,4.440000,35400
2016-11-16,4.210000,4.840000,3.520000,4.190000,4.190000,54100
2016-11-17,4.030000,4.180000,3.910000,4.000000,4.000000,188500
2016-11-18,4.200000,4.296000,4.130000,4.250000,4.250000,16300
2016-11-21,4.250000,4.250000,4.060000,4.090000,4.090000,7600
2016-11-22,4.000000,4.110000,4.000000,4.080000,4.080000,10300
2016-11-23,4.140000,4.517000,4.100000,4.220000,4.220000,11700
2016-11-25,4.190000,4.200000,4.000000,4.200000,4.200000,12700
2016-11-28,4.300000,4.370000,4.180000,4.250000,4.250000,14500
2016-11-29,4.114000,4.190000,4.000000,4.010000,4.010000,64600
2016-11-30,4.010000,4.100000,4.010000,4.060000,4.060000,10300
2016-12-01,4.101000,4.214000,4.100000,4.170000,4.170000,8700
2016-12-02,4.120000,4.187000,4.060000,4.061000,4.061000,7300
2016-12-05,4.080000,4.160000,4.080000,4.100000,4.100000,7300
2016-12-06,4.360000,4.360000,4.100000,4.220000,4.220000,12200
2016-12-07,4.310000,4.340000,4.220000,4.310000,4.310000,9600
2016-12-08,4.210000,4.760000,4.210000,4.610000,4.610000,21600
2016-12-09,4.760000,4.760000,4.520000,4.650000,4.650000,11700
2016-12-12,4.800000,4.800000,4.477000,4.667000,4.667000,52800
2016-12-13,4.610000,5.340000,4.520000,4.840000,4.840000,103100
2016-12-14,4.960000,5.125000,4.850000,4.850000,4.850000,21600
2016-12-15,4.970000,5.305000,4.920000,5.150000,5.150000,31100
2016-12-16,5.150000,5.250000,5.010000,5.130000,5.130000,23600
2016-12-19,5.200000,5.335000,5.120000,5.220000,5.220000,16200
2016-12-20,5.370000,5.430000,5.030000,5.030000,5.030000,25500
2016-12-21,5.100000,5.200000,5.000000,5.090000,5.090000,6400
2016-12-22,5.100000,5.460000,5.015000,5.230000,5.230000,23600
2016-12-23,5.320000,5.345000,5.230000,5.260000,5.260000,41500
2016-12-27,5.300000,5.510000,5.260000,5.280000,5.280000,24000
2016-12-28,5.390000,5.675000,5.310000,5.410000,5.410000,18500
2016-12-29,5.400000,5.600000,5.230000,5.350000,5.350000,7900
2016-12-30,5.300000,6.283000,5.300000,5.960000,5.960000,29700
2017-01-03,6.130000,6.580000,5.968000,6.290000,6.290000,39900
2017-01-04,6.360000,6.407000,6.190000,6.280000,6.280000,22000
2017-01-05,6.750000,6.800000,6.290000,6.660000,6.660000,31000
2017-01-06,6.610000,6.890000,6.249000,6.660000,6.660000,36200
2017-01-09,6.640000,7.800000,6.530000,7.600000,7.600000,73000
2017-01-10,7.600000,7.970000,7.280000,7.700000,7.700000,27200
2017-01-11,7.700000,7.990000,7.230000,7.830000,7.830000,19300
2017-01-12,7.700000,7.700000,6.808000,7.670000,7.670000,19400
2017-01-13,7.610000,7.840000,7.570000,7.820000,7.820000,12400
2017-01-17,7.950000,7.970000,7.500000,7.900000,7.900000,8600
2017-01-18,7.870000,7.930000,7.658000,7.840000,7.840000,10000
2017-01-19,7.720000,7.840000,7.700000,7.710000,7.710000,10500
2017-01-20,7.762000,7.852000,7.700000,7.780000,7.780000,7700
2017-01-23,7.830000,8.500000,7.600000,7.760000,7.760000,50500
2017-01-24,7.850000,8.500000,7.760000,8.250000,8.250000,15300
2017-01-25,8.340000,8.450000,7.877000,8.210000,8.210000,14700
2017-01-26,8.340000,8.840000,7.820000,8.450000,8.450000,77600
2017-01-27,8.570000,8.600000,8.050000,8.430000,8.430000,21400
2017-01-30,8.033000,8.676000,7.980000,8.175000,8.175000,27000
2017-01-31,8.060000,8.200000,7.970000,7.970000,7.970000,17600
2017-02-01,7.850000,8.047000,7.310000,7.950000,7.950000,22800
2017-02-02,8.090000,8.090000,7.750000,8.010000,8.010000,21500
2017-02-03,7.920000,8.100000,7.870000,8.000000,8.000000,39100
2017-02-06,7.930000,8.090000,7.910000,8.090000,8.090000,12600
2017-02-07,8.090000,8.790000,8.090000,8.500000,8.500000,42500
2017-02-08,8.390000,8.740000,8.390000,8.500000,8.500000,14200
2017-02-09,8.790000,9.790000,8.790000,9.790000,9.790000,35600
2017-02-10,9.800000,10.015000,9.510000,9.510000,9.510000,28300
2017-02-13,9.510000,9.550000,9.310000,9.510000,9.510000,28800
2017-02-14,9.790000,11.000000,9.500000,10.000000,10.000000,85800
2017-02-15,9.800000,10.050000,9.700000,9.820000,9.820000,20900
2017-02-16,9.880000,10.204000,9.780000,9.950000,9.950000,9400
2017-02-17,10.070000,10.990000,10.070000,10.820000,10.820000,92000
2017-02-21,10.850000,10.900000,10.510000,10.790000,10.790000,24900
2017-02-22,10.900000,10.900000,10.600000,10.900000,10.900000,18200
2017-02-23,10.671000,10.800000,10.628000,10.630000,10.630000,6400
2017-02-24,10.660000,10.900000,10.660000,10.900000,10.900000,12400
2017-02-27,10.750000,10.900000,10.721000,10.810000,10.810000,18100
2017-02-28,10.810000,10.850000,10.500000,10.780000,10.780000,15200
2017-03-01,10.750000,11.832000,10.510000,11.490000,11.490000,142500
2017-03-02,11.500000,12.750000,11.290000,12.620000,12.620000,97900
2017-03-03,12.500000,12.500000,11.160000,12.000000,12.000000,28500
2017-03-06,12.000000,12.000000,11.414000,11.700000,11.700000,25500
2017-03-07,11.580000,11.990000,11.310000,11.800000,11.800000,26800
2017-03-08,11.800000,12.000000,11.638000,11.960000,11.960000,18600
2017-03-09,12.000000,12.500000,11.705000,12.380000,12.380000,34800
2017-03-10,12.000000,12.250000,11.510000,11.510000,11.510000,16600
2017-03-13,11.650000,11.990000,11.650000,11.850000,11.850000,19000
2017-03-14,11.970000,12.000000,11.830000,12.000000,12.000000,1300
2017-03-15,12.000000,12.250000,11.512000,11.700000,11.700000,19600
2017-03-16,11.470000,11.710000,11.210000,11.700000,11.700000,19100
2017-03-17,11.550000,11.760000,11.000000,11.500000,11.500000,19900
2017-03-20,11.380000,11.490000,11.150000,11.150000,11.150000,16900
2017-03-21,11.050000,11.390000,11.000000,11.000000,11.000000,28500
2017-03-22,10.870000,11.300000,10.510000,11.060000,11.060000,6700
2017-03-23,11.030000,11.500000,11.005000,11.150000,11.150000,3200
2017-03-24,11.110000,11.110000,10.800000,10.800000,10.800000,500
2017-03-27,10.730000,11.000000,10.510000,10.870000,10.870000,13000
2017-03-28,10.970000,11.280000,10.900000,11.140000,11.140000,9500
2017-03-29,11.500000,11.740000,11.136000,11.400000,11.400000,39500
2017-03-30,11.540000,12.575000,11.240000,12.000000,12.000000,74100
2017-03-31,11.980000,12.000000,10.840000,12.000000,12.000000,16600
2017-04-03,12.540000,12.540000,11.500000,11.760000,11.760000,17600
2017-04-04,11.630000,11.920000,11.480000,11.490000,11.490000,20100
2017-04-05,11.400000,11.970000,11.400000,11.410000,11.410000,20200
2017-04-06,11.350000,11.700000,10.532000,11.000000,11.000000,65500
2017-04-07,11.000000,11.130000,10.518000,10.960000,10.960000,27300
2017-04-10,10.870000,10.990000,10.560000,10.780000,10.780000,61100
2017-04-11,10.770000,11.540000,10.770000,11.500000,11.500000,27700
2017-04-12,11.500000,11.500000,10.930000,11.170000,11.170000,29200
2017-04-13,11.150000,11.200000,11.047000,11.080000,11.080000,23300
2017-04-17,11.500000,11.980000,11.347000,11.410000,11.410000,5300
2017-04-18,11.396000,11.396000,11.036000,11.150000,11.150000,20000
2017-04-19,11.170000,11.200000,10.860000,11.000000,11.000000,16000
2017-04-20,10.979000,11.000000,10.750000,10.800000,10.800000,15200
2017-04-21,10.880000,11.060000,10.810000,10.980000,10.980000,9100
2017-04-24,11.160000,11.160000,10.820000,10.840000,10.840000,6300
2017-04-25,10.810000,11.013000,10.750000,10.760000,10.760000,7800
2017-04-26,10.760000,11.040000,10.750000,11.040000,11.040000,9500
2017-04-27,11.183000,11.199000,10.810000,10.990000,10.990000,8100
2017-04-28,10.950000,11.150000,10.630000,10.890000,10.890000,29600
2017-05-01,10.800000,10.970000,10.800000,10.820000,10.820000,8700
2017-05-02,10.820000,10.888000,10.500000,10.590000,10.590000,12000
2017-05-03,10.690000,10.740000,9.600000,10.640000,10.640000,54900
2017-05-04,10.290000,10.740000,10.261000,10.460000,10.460000,15500
2017-05-05,10.410000,10.440000,10.179000,10.440000,10.440000,12700
2017-05-08,10.310000,10.430000,9.630000,9.960000,9.960000,10200
2017-05-09,9.751000,9.900000,9.540000,9.730000,9.730000,17100
2017-05-10,9.660000,9.890000,9.610000,9.700000,9.700000,8600
2017-05-11,9.700000,9.890000,9.589000,9.750000,9.750000,7200
2017-05-12,9.707000,9.707000,9.600000,9.690000,9.690000,10700
2017-05-15,9.870000,10.290000,9.610000,10.250000,10.250000,43700
2017-05-16,10.300000,10.490000,10.000000,10.150000,10.150000,67200
2017-05-17,9.940000,10.290000,9.620000,9.750000,9.750000,23500
2017-05-18,9.980000,10.050000,9.650000,9.810000,9.810000,10300
2017-05-19,9.910000,9.990000,9.650000,9.790000,9.790000,11300
2017-05-22,9.870000,9.870000,9.485000,9.560000,9.560000,30600
2017-05-23,9.700000,10.000000,9.500000,9.970000,9.970000,16500
2017-05-24,9.951000,10.150000,9.640000,10.000000,10.000000,27900
2017-05-25,10.020000,10.100000,9.755000,10.100000,10.100000,12500
2017-05-26,10.250000,10.377000,9.965000,10.010000,10.010000,24700
2017-05-30,10.150000,10.160000,9.501000,9.990000,9.990000,35800
2017-05-31,9.700000,10.500000,9.680000,10.500000,10.500000,28600
2017-06-01,10.600000,11.535000,9.000000,9.400000,9.400000,64000
2017-06-02,9.260000,10.019000,9.260000,9.510000,9.510000,10600
2017-06-05,9.450000,9.890000,9.317000,9.730000,9.730000,7300
2017-06-06,9.740000,9.835000,9.600000,9.770000,9.770000,11100
2017-06-07,9.790000,9.960000,9.310000,9.950000,9.950000,5800
2017-06-08,9.970000,9.970000,9.599000,9.750000,9.750000,1100
2017-06-09,9.750000,10.218000,9.441000,9.940000,9.940000,3900
2017-06-12,9.940000,9.940000,9.350000,9.500000,9.500000,7800
2017-06-13,9.410000,9.670000,9.040000,9.330000,9.330000,26900
2017-06-14,9.270000,9.610000,9.000000,9.470000,9.470000,21900
2017-06-15,9.130000,9.470000,8.940000,8.940000,8.940000,19500
2017-06-16,8.630000,9.470000,8.630000,9.200000,9.200000,15800
2017-06-19,8.630000,9.173000,8.630000,9.120000,9.120000,3500
2017-06-20,9.000000,9.270000,8.580000,9.070000,9.070000,20300
2017-06-21,9.010000,10.020000,8.720000,9.310000,9.310000,24300
2017-06-22,9.430000,10.500000,9.430000,10.500000,10.500000,29000
2017-06-23,10.500000,12.000000,10.500000,10.550000,10.550000,21100
2017-06-26,11.500000,11.500000,10.350000,10.561000,10.561000,1200
2017-06-27,11.020000,11.200000,10.371000,11.020000,11.020000,14300
2017-06-28,10.910000,11.230000,10.770000,10.910000,10.910000,17700
2017-06-29,10.830000,11.200000,10.600000,10.750000,10.750000,9700
2017-06-30,11.117000,11.117000,10.350000,10.480000,10.480000,7800
2017-07-03,10.830000,11.180000,10.590000,10.850000,10.850000,25300
2017-07-05,10.730000,10.740000,10.435000,10.500000,10.500000,10900
2017-07-06,10.400000,10.610000,10.250000,10.350000,10.350000,10200
2017-07-07,10.340000,10.820000,10.340000,10.500000,10.500000,2000
2017-07-10,10.450000,10.700000,10.250000,10.500000,10.500000,6700
2017-07-11,10.450000,10.740000,10.350000,10.550000,10.550000,31900
2017-07-12,10.750000,10.750000,10.440000,10.550000,10.550000,38500
2017-07-13,10.470000,10.740000,10.450000,10.740000,10.740000,74000
2017-07-14,10.850000,10.850000,10.315000,10.520000,10.520000,42100
2017-07-17,10.430000,10.770000,10.350000,10.350000,10.350000,74300
2017-07-18,10.329000,10.500000,10.310000,10.500000,10.500000,4100
2017-07-19,10.480000,10.500000,10.290000,10.320000,10.320000,78000
2017-07-20,10.460000,10.500000,10.311000,10.490000,10.490000,33000
2017-07-21,10.490000,10.490000,10.490000,10.490000,10.490000,0
2017-07-24,10.500000,10.500000,10.490000,10.490000,10.490000,900
2017-07-25,10.500000,10.500000,10.250000,10.465000,10.465000,1200
2017-07-26,9.816000,10.420000,9.816000,10.360000,10.360000,3900
2017-07-27,10.101000,10.980000,10.100000,10.980000,10.980000,5900
2017-07-28,10.900000,10.900000,10.230000,10.390000,10.390000,14500
2017-07-31,10.390000,10.490000,10.220000,10.480000,10.480000,2900
2017-08-01,10.460000,10.470000,9.490000,9.550000,9.550000,27500
2017-08-02,9.470000,10.040000,9.200000,9.730000,9.730000,10800
2017-08-03,9.940000,10.314000,9.760000,9.780000,9.780000,3700
2017-08-04,9.960000,9.960000,9.500000,9.900000,9.900000,2700
2017-08-07,10.342000,10.510000,10.164000,10.500000,10.500000,53200
2017-08-08,10.510000,10.510000,9.600000,10.500000,10.500000,19500
2017-08-09,10.250000,10.250000,9.770000,9.780000,9.780000,16000
2017-08-10,9.640000,10.000000,9.500000,9.790000,9.790000,9300
2017-08-11,9.970000,10.000000,9.553000,10.000000,10.000000,21500
2017-08-14,9.930000,10.070000,9.560000,9.600000,9.600000,25400
2017-08-15,9.640000,9.910000,9.600000,9.610000,9.610000,26500
2017-08-16,9.610000,9.755000,9.100000,9.370000,9.370000,32800
2017-08-17,9.170000,9.355000,8.820000,8.830000,8.830000,39500
2017-08-18,9.310000,9.430000,8.810000,8.810000,8.810000,3700
2017-08-21,8.900000,9.120000,8.560000,8.850000,8.850000,28700
2017-08-22,8.990000,9.420000,8.599000,8.900000,8.900000,238300
2017-08-23,8.887000,8.900000,8.010000,8.810000,8.810000,93600
2017-08-24,8.730000,8.887000,8.020000,8.020000,8.020000,174300
2017-08-25,8.400000,9.212000,8.160000,8.160000,8.160000,144700
2017-08-28,8.360000,8.760000,8.210000,8.270000,8.270000,123600
2017-08-29,8.350000,8.500000,8.269000,8.500000,8.500000,243900
2017-08-30,8.510000,9.790000,8.500000,9.300000,9.300000,107600
2017-08-31,9.600000,9.615000,8.920000,9.150000,9.150000,44300
2017-09-01,8.210000,8.858000,7.570000,8.440000,8.440000,211300
2017-09-05,8.450000,8.790000,8.400000,8.410000,8.410000,49400
2017-09-06,8.400000,8.411000,8.030000,8.150000,8.150000,54600
2017-09-07,8.170000,8.885000,8.100000,8.740000,8.740000,31500
2017-09-08,8.750000,9.240000,8.330000,8.760000,8.760000,76200
2017-09-11,8.840000,9.132000,8.750000,8.810000,8.810000,37900
2017-09-12,8.880000,8.910000,8.378000,8.500000,8.500000,41600
2017-09-13,8.400000,8.700000,8.310000,8.500000,8.500000,67300
2017-09-14,8.570000,8.690000,8.420000,8.480000,8.480000,13300
2017-09-15,8.540000,8.580000,6.520000,6.860000,6.860000,208800
2017-09-18,13.200000,14.100000,8.650000,8.870000,8.870000,17492500
2017-09-19,9.750000,10.580000,9.160000,9.190000,9.190000,7130500
2017-09-20,8.600000,8.700000,8.200000,8.260000,8.260000,8262300
2017-09-21,8.360000,8.480000,8.250000,8.350000,8.350000,1346500
2017-09-22,8.280000,8.500000,8.000000,8.470000,8.470000,1480700
2017-09-25,8.370000,8.580000,8.150000,8.490000,8.490000,1003100
2017-09-26,8.420000,8.440000,8.050000,8.180000,8.180000,769500
2017-09-27,8.390000,8.480000,8.150000,8.350000,8.350000,969200
2017-09-28,8.300000,8.300000,7.750000,8.120000,8.120000,960200
2017-09-29,8.030000,8.430000,8.030000,8.190000,8.190000,780100
2017-10-02,8.200000,8.290000,8.050000,8.250000,8.250000,549000
2017-10-03,8.190000,8.400000,8.040000,8.330000,8.330000,465900
2017-10-04,8.250000,8.520000,8.080000,8.470000,8.470000,638200
2017-10-05,8.410000,8.540000,8.250000,8.410000,8.410000,481000
2017-10-06,8.400000,8.500000,8.110000,8.300000,8.300000,466000
2017-10-09,8.220000,8.340000,8.115000,8.300000,8.300000,303000
2017-10-10,8.310000,8.420000,8.100000,8.220000,8.220000,245000
2017-10-11,8.100000,8.260000,7.900000,8.110000,8.110000,342400
2017-10-12,8.040000,8.110000,7.510000,7.570000,7.570000,550500
2017-10-13,7.630000,7.680000,7.140000,7.380000,7.380000,557200
2017-10-16,7.430000,7.440000,7.040000,7.120000,7.120000,275300
2017-10-17,7.240000,7.240000,6.510000,6.660000,6.660000,877200
2017-10-18,6.650000,7.170000,6.580000,6.690000,6.690000,315700
2017-10-19,6.610000,6.910000,6.555000,6.640000,6.640000,304200
2017-10-20,6.620000,6.720000,6.180000,6.330000,6.330000,570000
2017-10-23,6.340000,6.450000,6.000000,6.070000,6.070000,589600
2017-10-24,6.040000,6.100000,5.870000,5.900000,5.900000,268000
2017-10-25,5.860000,6.100000,5.530000,5.730000,5.730000,402000
2017-10-26,5.750000,5.799000,5.510000,5.530000,5.530000,265700
2017-10-27,5.560000,5.600000,5.350000,5.440000,5.440000,352200
2017-10-30,5.440000,5.870000,5.408000,5.850000,5.850000,261600
2017-10-31,5.910000,6.240000,5.860000,6.120000,6.120000,386500
2017-11-01,6.270000,6.339000,5.800000,5.950000,5.950000,324600
2017-11-02,5.880000,6.000000,5.660000,5.750000,5.750000,164200
2017-11-03,5.750000,6.150000,5.652000,6.140000,6.140000,361500
2017-11-06,6.180000,6.350000,5.910000,5.940000,5.940000,231400
2017-11-07,5.890000,6.050000,5.730000,5.770000,5.770000,164500
2017-11-08,5.800000,5.889000,5.610000,5.640000,5.640000,96800
2017-11-09,5.790000,5.950000,5.510000,5.690000,5.690000,183300
2017-11-10,5.670000,5.930000,5.540000,5.850000,5.850000,113000
2017-11-13,5.920000,5.990000,5.540000,5.770000,5.770000,820800
2017-11-14,5.940000,5.950000,5.380000,5.600000,5.600000,592000
2017-11-15,5.600000,5.650000,5.410000,5.540000,5.540000,193800
2017-11-16,5.750000,5.910000,5.570000,5.750000,5.750000,287800
2017-11-17,5.870000,5.930000,5.610000,5.800000,5.800000,175300
2017-11-20,5.880000,6.210000,5.800000,6.100000,6.100000,707900
2017-11-21,6.050000,6.310000,5.950000,6.000000,6.000000,356600
2017-11-22,6.040000,6.670000,6.040000,6.560000,6.560000,556400
2017-11-24,6.500000,6.800000,6.310000,6.410000,6.410000,184100
2017-11-27,6.430000,6.570000,6.190000,6.290000,6.290000,193900
2017-11-28,6.250000,6.740000,6.180000,6.610000,6.610000,288800
2017-11-29,6.570000,6.636000,6.110000,6.340000,6.340000,439400
2017-11-30,6.310000,6.620000,6.230000,6.420000,6.420000,182600
2017-12-01,6.470000,6.503000,6.160000,6.330000,6.330000,217900
2017-12-04,6.540000,6.540000,5.811000,6.060000,6.060000,300000
2017-12-05,6.130000,6.160000,5.760000,5.790000,5.790000,238300
2017-12-06,5.830000,5.865000,5.600000,5.740000,5.740000,200800
2017-12-07,5.760000,5.910000,5.682000,5.820000,5.820000,111200
2017-12-08,5.890000,6.110000,5.761000,5.830000,5.830000,179500
2017-12-11,5.880000,5.970000,5.640000,5.680000,5.680000,212100
2017-12-12,5.690000,5.860000,5.580000,5.610000,5.610000,142200
2017-12-13,5.650000,5.685000,5.450000,5.490000,5.490000,259100
2017-12-14,5.490000,5.740000,5.240000,5.350000,5.350000,405400
2017-12-15,5.420000,5.420000,4.751000,5.100000,5.100000,1001500
2017-12-18,5.200000,5.900000,5.200000,5.765000,5.765000,553000
2017-12-19,5.680000,5.990000,5.560000,5.710000,5.710000,545100
2017-12-20,5.670000,6.190000,5.600000,6.110000,6.110000,759600
2017-12-21,6.070000,6.230000,5.970000,6.030000,6.030000,200300
2017-12-22,6.050000,6.080000,5.860000,6.050000,6.050000,102400
2017-12-26,6.000000,6.309000,6.000000,6.220000,6.220000,205100
2017-12-27,6.250000,6.380000,6.160000,6.230000,6.230000,133100
2017-12-28,6.200000,6.340000,6.130000,6.250000,6.250000,200600
2017-12-29,6.260000,6.340000,5.920000,5.980000,5.980000,248800
2018-01-02,5.930000,6.450000,5.911000,6.360000,6.360000,279900
2018-01-03,6.390000,6.500000,6.260000,6.390000,6.390000,118600
2018-01-04,6.430000,6.430000,6.180000,6.350000,6.350000,123000
2018-01-05,6.360000,6.390000,6.310000,6.350000,6.350000,98000
2018-01-08,6.350000,6.420000,6.113000,6.220000,6.220000,150700
2018-01-09,6.230000,6.280000,6.140000,6.230000,6.230000,82600
2018-01-10,6.220000,6.220000,6.100000,6.140000,6.140000,93800
2018-01-11,6.160000,6.240000,6.110000,6.210000,6.210000,113400
2018-01-12,6.260000,6.280000,6.140000,6.180000,6.180000,74200
2018-01-16,6.180000,6.435000,6.000000,6.000000,6.000000,230000
2018-01-17,6.250000,6.609000,6.180000,6.390000,6.390000,390000
2018-01-18,6.600000,6.680000,6.302000,6.530000,6.530000,266400
2018-01-19,6.580000,6.650000,6.450000,6.590000,6.590000,205600
2018-01-22,6.580000,6.850000,6.570000,6.800000,6.800000,221100
2018-01-23,6.770000,6.890000,6.730000,6.820000,6.820000,194800
2018-01-24,6.840000,6.940000,6.520000,6.670000,6.670000,147100
2018-01-25,6.740000,6.930000,6.570000,6.860000,6.860000,155400
2018-01-26,6.850000,6.870000,6.570000,6.680000,6.680000,217300
2018-01-29,6.670000,6.820000,6.590000,6.800000,6.800000,192600
2018-01-30,6.700000,6.740000,6.532000,6.640000,6.640000,177200
2018-01-31,6.590000,6.628000,6.400000,6.470000,6.470000,172900
2018-02-01,6.500000,6.550000,6.250000,6.280000,6.280000,165800
2018-02-02,6.310000,6.310000,5.750000,5.830000,5.830000,324800
2018-02-05,5.730000,5.960000,5.570000,5.730000,5.730000,252700
2018-02-06,5.580000,5.970000,5.270000,5.680000,5.680000,228300
2018-02-07,5.670000,5.990000,5.670000,5.900000,5.900000,98800
2018-02-08,5.950000,6.000000,5.490000,5.570000,5.570000,179700
2018-02-09,5.630000,5.730000,5.100000,5.370000,5.370000,244300
2018-02-12,5.390000,5.840000,5.370000,5.640000,5.640000,108400
2018-02-13,5.630000,5.780000,5.451000,5.720000,5.720000,44500
2018-02-14,5.780000,5.960000,5.590000,5.900000,5.900000,102000
2018-02-15,5.960000,5.980000,5.600000,5.720000,5.720000,115700
2018-02-16,5.670000,5.830000,5.357000,5.500000,5.500000,164500
2018-02-20,5.500000,5.650000,5.430000,5.450000,5.450000,91100
2018-02-21,5.470000,5.690000,5.400000,5.620000,5.620000,160600
2018-02-22,5.670000,5.780000,5.500000,5.530000,5.530000,129200
2018-02-23,5.560000,5.670000,5.360000,5.540000,5.540000,204700
2018-02-26,5.530000,5.650000,5.400000,5.540000,5.540000,188800
2018-02-27,5.550000,5.670000,5.410000,5.430000,5.430000,175400
2018-02-28,5.350000,5.470000,5.120000,5.140000,5.140000,322000
2018-03-01,5.210000,5.490000,5.090000,5.450000,5.450000,360300
2018-03-02,5.370000,5.940000,5.250000,5.920000,5.920000,188700
2018-03-05,5.900000,6.250000,5.860000,6.170000,6.170000,355900
2018-03-06,6.200000,6.400000,5.700000,5.810000,5.810000,141600
2018-03-07,5.740000,5.990000,5.740000,5.840000,5.840000,118700
2018-03-08,5.890000,6.260000,5.890000,6.120000,6.120000,228000
2018-03-09,6.130000,6.140000,5.850000,5.890000,5.890000,125000
2018-03-12,5.910000,6.030000,5.820000,5.860000,5.860000,107400
2018-03-13,5.900000,6.000000,5.770000,5.840000,5.840000,120000
2018-03-14,5.900000,5.930000,5.720000,5.880000,5.880000,94600
2018-03-15,5.900000,5.980000,5.672000,5.690000,5.690000,104700
2018-03-16,5.740000,5.940000,5.660000,5.690000,5.690000,211100
2018-03-19,5.700000,5.740000,5.267000,5.390000,5.390000,206000
2018-03-20,5.400000,5.580000,5.200000,5.390000,5.390000,148000
2018-03-21,5.600000,5.800000,5.510000,5.680000,5.680000,366900
2018-03-22,5.590000,5.880000,5.500000,5.630000,5.630000,3735600
2018-03-23,5.600000,5.930000,5.500000,5.510000,5.510000,205000
2018-03-26,5.570000,5.580000,4.970000,5.260000,5.260000,310200
2018-03-27,5.430000,5.525000,4.911000,5.000000,5.000000,526200
2018-03-28,5.010000,5.080000,4.900000,5.030000,5.030000,197500
2018-03-29,4.950000,5.549000,4.890000,5.030000,5.030000,374400
2018-04-02,5.040000,5.090000,4.620000,4.760000,4.760000,345800
2018-04-03,4.800000,4.840000,4.530000,4.530000,4.530000,193500
2018-04-04,4.530000,4.690000,4.500000,4.560000,4.560000,283300
2018-04-05,4.600000,4.800000,4.540000,4.570000,4.570000,189600
2018-04-06,4.560000,4.890000,4.390000,4.480000,4.480000,213300
2018-04-09,4.490000,4.720000,4.410000,4.560000,4.560000,147800
2018-04-10,4.590000,4.640000,4.530000,4.600000,4.600000,216600
2018-04-11,4.600000,4.860000,4.590000,4.590000,4.590000,139700
2018-04-12,4.590000,5.060000,4.590000,4.980000,4.980000,293100
2018-04-13,5.070000,5.162000,4.770000,4.910000,4.910000,244800
2018-04-16,4.910000,5.028000,4.700000,4.900000,4.900000,206500
2018-04-17,4.970000,5.480000,4.887000,5.270000,5.270000,725300
2018-04-18,5.250000,5.380000,5.120000,5.180000,5.180000,211600
2018-04-19,5.200000,5.240000,5.020000,5.050000,5.050000,187100
2018-04-20,5.060000,5.350000,4.980000,5.230000,5.230000,461900
2018-04-23,5.200000,5.310000,4.700000,4.760000,4.760000,602000
2018-04-24,4.780000,4.850000,4.520000,4.720000,4.720000,245600
2018-04-25,4.710000,4.710000,4.420000,4.590000,4.590000,273300
2018-04-26,4.610000,5.000000,4.410000,4.860000,4.860000,335200
2018-04-27,4.840000,4.940000,4.730000,4.860000,4.860000,134700
2018-04-30,4.880000,5.090000,4.753000,4.800000,4.800000,219600
2018-05-01,4.810000,5.080000,4.790000,4.930000,4.930000,196000
2018-05-02,4.940000,5.010000,4.810000,4.910000,4.910000,130100
2018-05-03,4.860000,4.952000,4.770000,4.780000,4.780000,110500
2018-05-04,4.770000,4.900000,4.710000,4.790000,4.790000,145100
2018-05-07,4.800000,4.990000,4.780000,4.810000,4.810000,235800
2018-05-08,4.790000,4.890000,4.580000,4.750000,4.750000,273600
2018-05-09,4.760000,5.000000,4.670000,4.700000,4.700000,458500
2018-05-10,4.700000,4.945000,4.630000,4.760000,4.760000,322700
2018-05-11,4.740000,5.075000,4.740000,4.850000,4.850000,334300
2018-05-14,4.880000,5.200000,4.880000,4.980000,4.980000,407000
2018-05-15,4.980000,5.250000,4.850000,5.010000,5.010000,337200
2018-05-16,5.030000,5.200000,4.910000,5.170000,5.170000,281700
2018-05-17,5.140000,5.250000,5.050000,5.180000,5.180000,158500
2018-05-18,5.210000,5.470000,5.160000,5.430000,5.430000,354600
2018-05-21,6.000000,6.050000,4.510000,4.530000,4.530000,9356200
2018-05-22,4.700000,4.890000,4.408000,4.550000,4.550000,1730700
2018-05-23,4.580000,4.689000,4.410000,4.590000,4.590000,978900
2018-05-24,4.620000,4.700000,4.460000,4.520000,4.520000,847800
2018-05-25,4.510000,4.515000,4.400000,4.430000,4.430000,570500
2018-05-29,4.500000,4.500000,4.250000,4.410000,4.410000,565500
2018-05-30,4.410000,4.590000,4.330000,4.370000,4.370000,412300
2018-05-31,4.580000,4.600000,4.370000,4.470000,4.470000,738800
2018-06-01,4.480000,4.549000,4.350000,4.410000,4.410000,395800
2018-06-04,4.380000,4.540000,4.360000,4.400000,4.400000,254900
2018-06-05,4.410000,4.630000,4.410000,4.610000,4.610000,478500
2018-06-06,4.610000,4.680000,4.500000,4.520000,4.520000,292800
2018-06-07,4.510000,4.580000,4.420000,4.510000,4.510000,261400
2018-06-08,4.480000,4.590000,4.450000,4.490000,4.490000,179300
2018-06-11,4.500000,4.500000,4.330000,4.370000,4.370000,360200
2018-06-12,4.360000,4.500000,4.360000,4.390000,4.390000,274800
2018-06-13,4.400000,4.450000,4.300000,4.390000,4.390000,330100
2018-06-14,4.430000,4.430000,4.220000,4.340000,4.340000,428300
2018-06-15,4.370000,4.600000,4.250000,4.520000,4.520000,565300
2018-06-18,4.530000,4.580000,4.320000,4.360000,4.360000,232200
2018-06-19,4.320000,4.350000,4.250000,4.280000,4.280000,271000
2018-06-20,4.290000,4.400000,4.200000,4.340000,4.340000,273500
2018-06-21,4.350000,4.350000,3.720000,3.830000,3.830000,1027700
2018-06-22,3.860000,3.951000,3.560000,3.820000,3.820000,514600
2018-06-25,3.780000,3.900000,3.630000,3.780000,3.780000,412900
2018-06-26,3.810000,3.900000,3.700000,3.720000,3.720000,528000
2018-06-27,3.720000,3.755000,3.520000,3.560000,3.560000,405300
2018-06-28,3.580000,3.580000,3.300000,3.390000,3.390000,462100
2018-06-29,3.430000,3.530000,3.400000,3.480000,3.480000,168100
2018-07-02,3.510000,3.540000,3.380000,3.450000,3.450000,250700
2018-07-03,3.390000,3.470000,3.310000,3.450000,3.450000,165700
2018-07-05,3.450000,3.520000,3.400000,3.450000,3.450000,168800
2018-07-06,3.400000,3.540000,3.400000,3.450000,3.450000,225100
2018-07-09,3.490000,3.490000,3.320000,3.460000,3.460000,264600
2018-07-10,3.430000,3.520000,3.350000,3.500000,3.500000,284800
2018-07-11,3.490000,3.520000,3.410000,3.480000,3.480000,82700
2018-07-12,3.480000,3.540000,3.480000,3.530000,3.530000,206900
2018-07-13,3.530000,3.620000,3.520000,3.570000,3.570000,130600
2018-07-16,3.590000,3.600000,3.420000,3.430000,3.430000,150400
2018-07-17,3.430000,3.440000,3.310000,3.390000,3.390000,170000
2018-07-18,3.370000,3.460000,3.340000,3.420000,3.420000,126900
2018-07-19,3.440000,3.490000,3.400000,3.420000,3.420000,121300
2018-07-20,3.420000,3.560000,3.400000,3.460000,3.460000,142500
2018-07-23,3.450000,3.450000,3.300000,3.360000,3.360000,223900
2018-07-24,3.400000,3.430000,3.260000,3.300000,3.300000,306300
2018-07-25,3.550000,3.580000,3.370000,3.530000,3.530000,378200
2018-07-26,3.190000,3.310000,3.080000,3.080000,3.080000,878500
2018-07-27,2.610000,2.650000,2.380000,2.510000,2.510000,5599200
2018-07-30,2.570000,2.730000,2.561000,2.690000,2.690000,1263100
2018-07-31,2.720000,2.730000,2.591000,2.710000,2.710000,677800
2018-08-01,2.730000,2.730000,2.500000,2.530000,2.530000,677700
2018-08-02,2.500000,2.560000,2.460000,2.490000,2.490000,834400
2018-08-03,2.550000,2.630000,2.471000,2.510000,2.510000,725100
2018-08-06,2.530000,2.590000,2.480000,2.520000,2.520000,294500
2018-08-07,2.460000,2.540000,2.360000,2.380000,2.380000,1214600
2018-08-08,2.350000,2.530000,2.330000,2.500000,2.500000,684500
2018-08-09,2.500000,2.600000,2.416000,2.560000,2.560000,509200
2018-08-10,2.560000,2.680000,2.560000,2.660000,2.660000,579000
2018-08-13,2.680000,2.750000,2.640000,2.670000,2.670000,447200
2018-08-14,2.650000,2.740000,2.610000,2.700000,2.700000,470200
2018-08-15,2.740000,2.740000,2.490000,2.540000,2.540000,553700
2018-08-16,2.570000,2.600000,2.521000,2.560000,2.560000,151300
2018-08-17,2.570000,2.600000,2.520000,2.580000,2.580000,224800
2018-08-20,2.610000,2.680000,2.510000,2.670000,2.670000,400400
2018-08-21,2.680000,2.720000,2.620000,2.620000,2.620000,238800
2018-08-22,2.630000,2.710000,2.616000,2.690000,2.690000,160000
2018-08-23,2.710000,2.730000,2.629000,2.650000,2.650000,245100
2018-08-24,2.690000,2.740000,2.640000,2.730000,2.730000,268100
2018-08-27,2.710000,2.739000,2.650000,2.700000,2.700000,382800
2018-08-28,2.700000,2.720000,2.680000,2.690000,2.690000,230400
2018-08-29,2.690000,2.700000,2.570000,2.600000,2.600000,425400
2018-08-30,2.570000,2.620000,2.461000,2.530000,2.530000,656800
2018-08-31,2.520000,2.560000,2.450000,2.540000,2.540000,404500
2018-09-04,2.540000,2.540000,2.450000,2.480000,2.480000,462200
2018-09-05,2.500000,2.520000,2.480000,2.510000,2.510000,226100
2018-09-06,2.540000,2.670000,2.540000,2.620000,2.620000,444300
2018-09-07,2.720000,2.750000,2.660000,2.690000,2.690000,1071400
2018-09-10,2.720000,2.730000,2.630000,2.670000,2.670000,312500
2018-09-11,2.680000,2.770000,2.600000,2.700000,2.700000,340600
2018-09-12,2.680000,2.680000,2.590000,2.600000,2.600000,290100
2018-09-13,2.590000,2.700000,2.560000,2.610000,2.610000,503200
2018-09-14,2.630000,2.662000,2.550000,2.640000,2.640000,392400
2018-09-17,2.610000,2.670000,2.550000,2.570000,2.570000,583700
2018-09-18,2.590000,2.690000,2.520000,2.555000,2.555000,607000
2018-09-19,2.560000,2.640000,2.540000,2.570000,2.570000,410900
2018-09-20,2.550000,2.610000,2.520000,2.540000,2.540000,741200
2018-09-21,2.570000,2.590000,2.530000,2.530000,2.530000,410700
2018-09-24,2.500000,2.560000,2.450000,2.500000,2.500000,577700
2018-09-25,2.530000,2.660000,2.530000,2.610000,2.610000,393300
2018-09-26,2.640000,2.650000,2.560000,2.590000,2.590000,450700
2018-09-27,2.590000,2.800000,2.590000,2.660000,2.660000,935800
2018-09-28,2.700000,2.750000,2.660000,2.700000,2.700000,867400
2018-10-01,2.740000,2.850000,2.710000,2.750000,2.750000,570100
2018-10-02,2.740000,2.790000,2.690000,2.720000,2.720000,419100
2018-10-03,2.780000,3.100000,2.740000,3.060000,3.060000,1169800
2018-10-04,3.050000,3.080000,2.900000,2.950000,2.950000,656500
2018-10-05,3.000000,3.000000,2.850000,2.940000,2.940000,297500
2018-10-08,2.920000,2.960000,2.870000,2.950000,2.950000,385200
2018-10-09,2.950000,2.960000,2.860000,2.900000,2.900000,721200
2018-10-10,2.920000,2.920000,2.700000,2.710000,2.710000,488000
2018-10-11,2.710000,2.750000,2.600000,2.700000,2.700000,461900
2018-10-12,2.730000,2.730000,2.610000,2.640000,2.640000,479900
2018-10-15,2.610000,2.690000,2.560000,2.670000,2.670000,340700
2018-10-16,2.660000,2.850000,2.655000,2.840000,2.840000,374200
2018-10-17,2.800000,2.820000,2.740000,2.810000,2.810000,671500
2018-10-18,2.780000,2.810000,2.650000,2.700000,2.700000,434900
2018-10-19,2.700000,2.815000,2.610000,2.660000,2.660000,442400
2018-10-22,2.650000,2.710000,2.540000,2.560000,2.560000,332800
2018-10-23,2.550000,2.620000,2.460000,2.470000,2.470000,654900
2018-10-24,2.480000,2.500000,2.090000,2.090000,2.090000,781800
2018-10-25,2.100000,2.190000,2.070000,2.085000,2.085000,466500
2018-10-26,2.030000,2.120000,1.960000,2.070000,2.070000,514000
2018-10-29,2.070000,2.130000,1.840000,1.900000,1.900000,409300
2018-10-30,1.890000,2.100000,1.890000,2.010000,2.010000,241000
2018-10-31,2.030000,2.070000,1.880000,1.980000,1.980000,478100
2018-11-01,2.080000,2.320000,2.050000,2.160000,2.160000,504600
2018-11-02,2.190000,2.407000,2.140000,2.390000,2.390000,529400
2018-11-05,2.390000,2.540000,2.290000,2.320000,2.320000,524400
2018-11-06,2.310000,2.360000,2.220000,2.340000,2.340000,341200
2018-11-07,2.340000,2.380000,2.220000,2.340000,2.340000,372900
2018-11-08,2.310000,2.350000,2.250000,2.310000,2.310000,228800
2018-11-09,2.300000,2.300000,2.120000,2.160000,2.160000,258600
2018-11-12,2.160000,2.190000,2.050000,2.050000,2.050000,235600
2018-11-13,2.050000,2.140000,2.010000,2.040000,2.040000,171100
2018-11-14,2.050000,2.086000,1.910000,1.950000,1.950000,444700
2018-11-15,1.940000,2.020000,1.930000,2.000000,2.000000,226800
2018-11-16,2.000000,2.070000,1.915000,2.050000,2.050000,240200
2018-11-19,2.040000,2.050000,1.940000,1.950000,1.950000,173000
2018-11-20,1.920000,1.990000,1.840000,1.950000,1.950000,309900
2018-11-21,1.930000,2.010000,1.900000,1.930000,1.930000,244100
2018-11-23,1.910000,2.030000,1.910000,2.030000,2.030000,114300
2018-11-26,2.050000,2.060000,1.920000,1.930000,1.930000,250500
2018-11-27,1.920000,2.019000,1.920000,1.930000,1.930000,229000
2018-11-28,1.970000,1.990000,1.910000,1.940000,1.940000,225000
2018-11-29,1.930000,2.030000,1.930000,2.020000,2.020000,279100
2018-11-30,2.040000,2.070000,1.980000,2.040000,2.040000,211300
2018-12-03,2.080000,2.087000,1.940000,1.950000,1.950000,442200
2018-12-04,1.980000,2.040000,1.970000,2.010000,2.010000,269000
2018-12-06,2.020000,2.030000,1.950000,1.980000,1.980000,267900
2018-12-07,2.000000,2.030000,1.930000,2.000000,2.000000,362800
2018-12-10,2.040000,2.090000,1.990000,2.090000,2.090000,415900
2018-12-11,2.100000,2.120000,2.020000,2.060000,2.060000,209800
2018-12-12,2.090000,2.110000,2.020000,2.030000,2.030000,229200
2018-12-13,2.010000,2.090000,1.910000,1.950000,1.950000,405400
2018-12-14,1.930000,1.970000,1.930000,1.960000,1.960000,120000
2018-12-17,1.950000,1.963000,1.740000,1.770000,1.770000,602800
2018-12-18,1.790000,1.800000,1.590000,1.660000,1.660000,608300
2018-12-19,1.660000,1.692000,1.510000,1.530000,1.530000,312100
2018-12-20,1.560000,1.620000,1.410000,1.510000,1.510000,553900
2018-12-21,1.560000,1.560000,1.320000,1.320000,1.320000,2342400
2018-12-24,1.300000,1.370000,1.170000,1.200000,1.200000,591600
2018-12-26,1.220000,1.260000,1.120000,1.230000,1.230000,730000
2018-12-27,1.210000,1.360000,1.170000,1.330000,1.330000,1432700
2018-12-28,1.320000,1.520000,1.320000,1.470000,1.470000,604900
2018-12-31,1.510000,1.540000,1.430000,1.460000,1.460000,792700
2019-01-02,1.420000,1.740000,1.420000,1.680000,1.680000,326700
2019-01-03,1.680000,1.860000,1.630000,1.810000,1.810000,515800
2019-01-04,1.840000,1.980000,1.810000,1.890000,1.890000,546300
2019-01-07,1.900000,1.930000,1.800000,1.840000,1.840000,4123300
2019-01-08,1.840000,1.850000,1.720000,1.740000,1.740000,267600
2019-01-09,1.750000,1.750000,1.650000,1.740000,1.740000,363300
2019-01-10,1.750000,1.750000,1.680000,1.720000,1.720000,261300
2019-01-11,1.720000,1.805000,1.710000,1.800000,1.800000,287400
2019-01-14,1.780000,1.950000,1.780000,1.920000,1.920000,1028600
2019-01-15,1.940000,2.040000,1.920000,1.940000,1.940000,674500
2019-01-16,1.950000,2.040000,1.950000,1.980000,1.980000,350800
2019-01-17,1.990000,2.000000,1.950000,1.980000,1.980000,263100
2019-01-18,1.990000,2.000000,1.950000,1.970000,1.970000,225100
2019-01-22,1.960000,1.970000,1.810000,1.910000,1.910000,287600
2019-01-23,1.910000,1.920000,1.830000,1.860000,1.860000,241200
2019-01-24,1.860000,1.950000,1.860000,1.930000,1.930000,386800
2019-01-25,1.950000,1.980000,1.890000,1.920000,1.920000,567500
2019-01-28,1.940000,1.950000,1.850000,1.930000,1.930000,232200
2019-01-29,1.920000,1.980000,1.901000,1.940000,1.940000,233600
2019-01-30,1.950000,1.980000,1.860000,1.910000,1.910000,283800
2019-01-31,1.920000,1.960000,1.885000,1.900000,1.900000,260500
2019-02-01,1.900000,1.920000,1.880000,1.910000,1.910000,205600
2019-02-04,1.910000,2.070000,1.910000,2.040000,2.040000,908200
2019-02-05,2.040000,2.190000,2.040000,2.110000,2.110000,846300
2019-02-06,2.120000,2.185000,2.120000,2.170000,2.170000,584200
2019-02-07,2.170000,2.220000,2.130000,2.140000,2.140000,455700
2019-02-08,2.130000,2.178000,2.055000,2.060000,2.060000,348600
2019-02-11,2.090000,2.130000,2.020000,2.020000,2.020000,286300
2019-02-12,2.060000,2.100000,2.010000,2.030000,2.030000,514600
2019-02-13,2.040000,2.090000,2.030000,2.030000,2.030000,328700
2019-02-14,2.020000,2.060000,2.010000,2.030000,2.030000,292100
2019-02-15,2.040000,2.120000,2.033000,2.060000,2.060000,1211900
2019-02-19,2.120000,2.190000,2.010000,2.050000,2.050000,1349900
2019-02-20,2.060000,2.090000,2.020000,2.060000,2.060000,552500
2019-02-21,2.070000,2.090000,2.020000,2.030000,2.030000,418000
2019-02-22,2.060000,2.100000,2.030000,2.070000,2.070000,810400
2019-02-25,2.110000,2.110000,2.020000,2.020000,2.020000,452300
2019-02-26,2.030000,2.070000,2.010000,2.040000,2.040000,444000
2019-02-27,2.060000,2.116000,2.040000,2.090000,2.090000,417400
2019-02-28,2.100000,2.126000,1.910000,1.980000,1.980000,1551100
2019-03-01,2.000000,2.060000,1.980000,2.050000,2.050000,598100
2019-03-04,2.070000,2.160000,2.030000,2.130000,2.130000,559800
2019-03-05,2.150000,2.280000,2.090000,2.260000,2.260000,822600
2019-03-06,2.280000,2.370000,2.150000,2.190000,2.190000,849900
2019-03-07,2.210000,2.390000,2.160000,2.310000,2.310000,922200
2019-03-08,2.300000,2.350000,2.270000,2.330000,2.330000,400300
2019-03-11,2.340000,2.440000,2.320000,2.400000,2.400000,923700
2019-03-12,2.440000,2.520000,2.390000,2.430000,2.430000,1025400
2019-03-13,2.430000,2.880000,2.430000,2.810000,2.810000,1724000
2019-03-14,2.830000,3.120000,2.740000,2.800000,2.800000,3711500
2019-03-15,2.800000,2.960000,2.800000,2.860000,2.860000,2760400
2019-03-18,2.880000,2.980000,2.830000,2.880000,2.880000,1068300
2019-03-19,2.900000,3.110000,2.860000,2.980000,2.980000,2616100
2019-03-20,3.020000,3.180000,3.010000,3.170000,3.170000,1685300
2019-03-21,3.200000,3.270000,3.100000,3.150000,3.150000,1287900
2019-03-22,3.150000,3.150000,2.900000,3.010000,3.010000,947700
2019-03-25,3.050000,3.140000,2.860000,2.930000,2.930000,1012500
2019-03-26,2.950000,2.970000,2.700000,2.730000,2.730000,1011500
2019-03-27,2.590000,2.680000,2.490000,2.580000,2.580000,2018300
2019-03-28,2.570000,2.610000,2.330000,2.390000,2.390000,1081500
2019-03-29,2.410000,2.520000,2.400000,2.440000,2.440000,822400
2019-04-01,2.480000,2.560000,2.410000,2.510000,2.510000,1166000
2019-04-02,2.530000,2.690000,2.510000,2.650000,2.650000,1217200
2019-04-03,2.720000,2.970000,2.700000,2.850000,2.850000,1979500
2019-04-04,2.900000,2.910000,2.710000,2.820000,2.820000,1205100
2019-04-05,2.850000,2.850000,2.770000,2.800000,2.800000,625000
2019-04-08,2.820000,3.190000,2.820000,3.070000,3.070000,3155100
2019-04-09,3.130000,3.130000,2.960000,3.030000,3.030000,1322000
2019-04-10,3.030000,3.030000,2.870000,2.970000,2.970000,982200
2019-04-11,2.960000,3.000000,2.650000,2.750000,2.750000,1712200
2019-04-12,2.730000,2.770000,2.650000,2.740000,2.740000,701800
2019-04-15,2.750000,2.760000,2.540000,2.610000,2.610000,739800
2019-04-16,2.610000,2.720000,2.550000,2.700000,2.700000,723400
2019-04-17,2.730000,2.789000,2.610000,2.660000,2.660000,816100
2019-04-18,2.670000,2.720000,2.620000,2.720000,2.720000,644100
2019-04-22,2.760000,2.960000,2.760000,2.840000,2.840000,1854200
2019-04-23,2.930000,2.965000,2.760000,2.860000,2.860000,1482500
2019-04-24,2.880000,2.900000,2.770000,2.870000,2.870000,926800
2019-04-25,2.870000,2.870000,2.790000,2.800000,2.800000,912600
2019-04-26,2.820000,2.830000,2.640000,2.770000,2.770000,1834300
2019-04-29,2.850000,2.940000,2.740000,2.850000,2.850000,3217200
2019-04-30,2.900000,3.070000,2.860000,2.990000,2.990000,4491300
2019-05-01,2.370000,2.650000,2.115000,2.170000,2.170000,8628600
2019-05-02,2.230000,2.330000,2.110000,2.150000,2.150000,2129300
2019-05-03,2.180000,2.190000,2.020000,2.160000,2.160000,1622200
2019-05-06,2.100000,2.270000,2.060000,2.240000,2.240000,1194700
2019-05-07,2.220000,2.284000,2.160000,2.180000,2.180000,718700
2019-05-08,2.180000,2.440000,2.180000,2.300000,2.300000,1444000
2019-05-09,2.310000,2.430000,2.310000,2.430000,2.430000,822300
2019-05-10,2.410000,2.690000,2.370000,2.670000,2.670000,1457800
2019-05-13,2.630000,2.640000,2.470000,2.610000,2.610000,989700
2019-05-14,2.600000,2.700000,2.560000,2.650000,2.650000,643800
2019-05-15,2.680000,2.800000,2.600000,2.750000,2.750000,987200
2019-05-16,2.740000,2.809000,2.680000,2.710000,2.710000,582100
2019-05-17,2.710000,2.710000,2.570000,2.580000,2.580000,803300
2019-05-20,2.510000,2.640000,2.365000,2.390000,2.390000,960900
2019-05-21,2.410000,2.480000,2.310000,2.450000,2.450000,708300
2019-05-22,2.450000,2.469000,2.350000,2.360000,2.360000,459400
2019-05-23,2.350000,2.360000,2.220000,2.230000,2.230000,733800
2019-05-24,2.260000,2.400000,2.240000,2.380000,2.380000,661800
2019-05-28,2.360000,2.360000,2.250000,2.260000,2.260000,460000
2019-05-29,2.230000,2.310000,2.210000,2.290000,2.290000,280300
2019-05-30,2.280000,2.350000,2.230000,2.340000,2.340000,400900
2019-05-31,2.300000,2.320000,2.230000,2.290000,2.290000,494600
2019-06-03,2.300000,2.360000,2.240000,2.280000,2.280000,347400
2019-06-04,2.300000,2.360000,2.270000,2.340000,2.340000,493800
2019-06-05,2.340000,2.365000,2.270000,2.350000,2.350000,304100
2019-06-06,2.320000,2.350000,2.220000,2.240000,2.240000,564000
2019-06-07,2.220000,2.230000,1.950000,2.000000,2.000000,2146400
2019-06-10,2.010000,2.029000,1.720000,1.920000,1.920000,1518200
2019-06-11,1.920000,2.140000,1.920000,2.100000,2.100000,1026300
2019-06-12,2.100000,2.100000,1.980000,2.010000,2.010000,463300
2019-06-13,2.010000,2.060000,1.990000,2.040000,2.040000,364000
2019-06-14,2.030000,2.060000,1.980000,1.990000,1.990000,255400
2019-06-17,1.980000,2.075000,1.980000,2.070000,2.070000,333100
2019-06-18,2.070000,2.140000,2.067000,2.100000,2.100000,413800
2019-06-19,2.150000,2.470000,2.130000,2.200000,2.200000,1678200
2019-06-20,2.250000,2.280000,2.160000,2.210000,2.210000,528400
2019-06-21,2.230000,2.255000,2.170000,2.210000,2.210000,498000
2019-06-24,2.220000,2.260000,2.080000,2.100000,2.100000,677400
2019-06-25,2.130000,2.170000,2.070000,2.110000,2.110000,677600
2019-06-26,2.100000,2.180000,2.081000,2.170000,2.170000,453700
2019-06-27,2.210000,2.270000,2.200000,2.220000,2.220000,580900
2019-06-28,2.240000,2.440000,2.230000,2.430000,2.430000,1140500
2019-07-01,2.490000,2.500000,2.330000,2.420000,2.420000,679900
2019-07-02,2.430000,2.453000,2.370000,2.400000,2.400000,406700
2019-07-03,2.380000,2.420000,2.350000,2.400000,2.400000,335700
2019-07-05,2.400000,2.460000,2.350000,2.430000,2.430000,398100
2019-07-08,2.440000,2.490000,2.420000,2.450000,2.450000,368400
2019-07-09,2.420000,2.480000,2.380000,2.390000,2.390000,407200
2019-07-10,2.410000,2.430000,2.330000,2.400000,2.400000,404200
2019-07-11,2.420000,2.440000,2.362000,2.390000,2.390000,333800
2019-07-12,2.390000,2.430000,2.360000,2.420000,2.420000,314800
2019-07-15,2.450000,2.450000,2.390000,2.410000,2.410000,183200
2019-07-16,2.400000,2.410000,2.320000,2.330000,2.330000,418900
2019-07-17,2.350000,2.370000,2.315000,2.340000,2.340000,358300
2019-07-18,2.360000,2.365000,2.290000,2.340000,2.340000,804600
2019-07-19,2.360000,2.460000,2.353000,2.440000,2.440000,654400
2019-07-22,2.450000,2.460000,2.380000,2.420000,2.420000,380900
2019-07-23,2.420000,2.440000,2.380000,2.390000,2.390000,307800
2019-07-24,2.400000,2.410000,2.350000,2.380000,2.380000,218500
2019-07-25,2.390000,2.410000,2.310000,2.330000,2.330000,247600
2019-07-26,2.340000,2.370000,2.320000,2.350000,2.350000,201800
2019-07-29,2.360000,2.390000,2.320000,2.350000,2.350000,363200
2019-07-30,2.350000,2.480000,2.340000,2.390000,2.390000,935400
2019-07-31,2.410000,2.440000,2.325000,2.375000,2.375000,569800
2019-08-01,2.400000,2.440000,2.323000,2.370000,2.370000,473200
2019-08-02,2.390000,2.390000,2.225000,2.280000,2.280000,799100
2019-08-05,2.260000,2.270000,2.121000,2.240000,2.240000,534500
2019-08-06,2.240000,2.244000,2.130000,2.130000,2.130000,450300
2019-08-07,2.130000,2.260000,2.060000,2.160000,2.160000,1497900
2019-08-08,2.250000,2.370000,2.220000,2.280000,2.280000,1041100
2019-08-09,2.310000,2.460000,2.300000,2.450000,2.450000,1443600
2019-08-12,2.510000,2.520000,2.270000,2.310000,2.310000,1403700
2019-08-13,2.330000,2.360000,2.250000,2.280000,2.280000,876500
2019-08-14,2.290000,2.306000,2.180000,2.240000,2.240000,841000
2019-08-15,2.290000,2.300000,2.110000,2.160000,2.160000,1154500
2019-08-16,2.180000,2.430000,2.090000,2.280000,2.280000,2676400
2019-08-19,2.380000,2.450000,1.660000,2.210000,2.210000,6018800
2019-08-20,2.720000,2.770000,2.130000,2.230000,2.230000,17931900
2019-08-21,2.230000,2.230000,2.030000,2.050000,2.050000,4255000
2019-08-22,2.020000,2.090000,1.920000,2.070000,2.070000,2700500
2019-08-23,2.070000,2.070000,1.950000,1.980000,1.980000,2158700
2019-08-26,2.000000,2.040000,1.820000,1.850000,1.850000,2336100
2019-08-27,1.850000,1.870000,1.737000,1.800000,1.800000,1977900
2019-08-28,1.810000,2.170000,1.760000,2.100000,2.100000,2988900
2019-08-29,2.170000,2.180000,2.050000,2.050000,2.050000,1323200
2019-08-30,2.020000,2.050000,2.000000,2.020000,2.020000,1201400
2019-09-03,2.010000,2.030000,1.960000,2.000000,2.000000,757800
2019-09-04,2.010000,2.100000,2.000000,2.050000,2.050000,1181700
2019-09-05,2.050000,2.100000,2.010000,2.020000,2.020000,1131000
2019-09-06,2.040000,2.080000,1.960000,2.060000,2.060000,1389600
2019-09-09,2.040000,2.250000,2.020000,2.210000,2.210000,1960100
2019-09-10,2.220000,2.370000,2.170000,2.320000,2.320000,2744300
2019-09-11,2.330000,2.470000,2.330000,2.420000,2.420000,2354000
2019-09-12,2.460000,2.685000,2.437000,2.540000,2.540000,2960700
2019-09-13,2.580000,2.650000,2.500000,2.580000,2.580000,1244400
2019-09-16,2.630000,2.650000,2.530000,2.540000,2.540000,1347100
2019-09-17,2.500000,2.500000,2.321000,2.350000,2.350000,1768300
2019-09-18,2.350000,2.400000,2.235000,2.260000,2.260000,1198400
2019-09-19,2.290000,2.350000,2.180000,2.210000,2.210000,951900
2019-09-20,2.220000,2.270000,2.150000,2.200000,2.200000,1037600
2019-09-23,2.190000,2.230000,2.160000,2.220000,2.220000,617600
2019-09-24,2.230000,2.270000,2.060000,2.160000,2.160000,967200
2019-09-25,2.150000,2.160000,2.070000,2.090000,2.090000,662600
2019-09-26,2.100000,2.102000,1.990000,2.045000,2.045000,735700
2019-09-27,2.050000,2.096000,1.990000,2.020000,2.020000,784800
2019-09-30,2.010000,2.037000,1.960000,2.000000,2.000000,515100
2019-10-01,2.010000,2.037000,1.860000,1.910000,1.910000,864600
2019-10-02,1.880000,1.923000,1.810000,1.890000,1.890000,983800
2019-10-03,1.910000,1.910000,1.810000,1.870000,1.870000,991600
2019-10-04,1.890000,1.920000,1.820000,1.890000,1.890000,818900
2019-10-07,1.890000,1.910000,1.840000,1.850000,1.850000,433700
2019-10-08,1.850000,1.870000,1.760000,1.850000,1.850000,677600
2019-10-09,1.870000,1.870000,1.730000,1.750000,1.750000,998000
2019-10-10,1.710000,1.810000,1.620000,1.740000,1.740000,1315500
2019-10-11,1.780000,1.848000,1.740000,1.780000,1.780000,771500
2019-10-14,1.800000,1.910000,1.780000,1.910000,1.910000,794600
2019-10-15,1.940000,2.030000,1.920000,1.950000,1.950000,792300
2019-10-16,1.950000,2.040000,1.920000,2.010000,2.010000,806200
2019-10-17,2.030000,2.090000,2.030000,2.050000,2.050000,788800
2019-10-18,2.070000,2.090000,1.980000,1.990000,1.990000,591500
2019-10-21,1.990000,2.000000,1.860000,1.910000,1.910000,898500
2019-10-22,1.930000,1.930000,1.860000,1.910000,1.910000,473000
2019-10-23,1.930000,1.930000,1.850000,1.910000,1.910000,395500
2019-10-24,1.910000,1.910000,1.845000,1.880000,1.880000,333100
2019-10-25,1.880000,1.886000,1.830000,1.860000,1.860000,435000
2019-10-28,1.840000,1.860000,1.760000,1.790000,1.790000,806900
2019-10-29,1.780000,1.830000,1.730000,1.810000,1.810000,653000
2019-10-30,1.830000,1.895000,1.800000,1.850000,1.850000,573900
2019-10-31,1.830000,1.940000,1.805000,1.930000,1.930000,613800
2019-11-01,1.930000,2.045000,1.930000,2.020000,2.020000,757400
2019-11-04,2.020000,2.065000,1.930000,2.000000,2.000000,619900
2019-11-05,2.020000,2.038000,1.970000,1.990000,1.990000,358200
2019-11-06,1.980000,1.990000,1.920000,1.960000,1.960000,693200
2019-11-07,1.960000,2.030000,1.930000,1.960000,1.960000,487100
2019-11-08,2.000000,2.070000,1.960000,2.070000,2.070000,643100
2019-11-11,2.070000,2.080000,1.965000,2.000000,2.000000,604300
2019-11-12,2.000000,2.060000,1.950000,1.980000,1.980000,969800
2019-11-13,2.100000,2.230000,2.060000,2.130000,2.130000,2491100
2019-11-14,2.140000,2.150000,1.970000,1.990000,1.990000,1150400
2019-11-15,2.000000,2.000000,1.840000,1.900000,1.900000,1035500
2019-11-18,1.890000,1.900000,1.820000,1.840000,1.840000,796400
2019-11-19,1.830000,1.855000,1.780000,1.810000,1.810000,936500
2019-11-20,1.820000,1.900000,1.800000,1.830000,1.830000,394000
2019-11-21,1.850000,1.890000,1.830000,1.890000,1.890000,645100
2019-11-22,1.880000,1.920000,1.850000,1.910000,1.910000,472500
2019-11-25,1.920000,2.110000,1.910000,2.070000,2.070000,1593100
2019-11-26,2.060000,2.070000,1.970000,1.980000,1.980000,732200
2019-11-27,1.990000,2.040000,1.970000,2.000000,2.000000,485100
2019-11-29,1.980000,2.040000,1.980000,2.020000,2.020000,286600
2019-12-02,2.000000,2.033000,1.920000,1.970000,1.970000,594700
2019-12-03,1.980000,1.980000,1.940000,1.940000,1.940000,351100
2019-12-04,1.950000,1.960000,1.920000,1.940000,1.940000,364100
2019-12-05,1.950000,1.950000,1.820000,1.870000,1.870000,859500
2019-12-06,1.890000,1.890000,1.770000,1.790000,1.790000,1464600
2019-12-09,1.800000,1.880000,1.800000,1.830000,1.830000,1019200
2019-12-10,1.840000,1.880000,1.790000,1.800000,1.800000,749600
2019-12-11,1.780000,1.829000,1.760000,1.770000,1.770000,756200
2019-12-12,1.780000,1.820000,1.740000,1.780000,1.780000,1033200
2019-12-13,1.780000,1.810000,1.730000,1.750000,1.750000,633200
2019-12-16,1.750000,1.800000,1.710000,1.770000,1.770000,731300
2019-12-17,1.780000,1.800000,1.750000,1.770000,1.770000,467200
2019-12-18,1.780000,1.790000,1.730000,1.780000,1.780000,562700
2019-12-19,1.790000,1.790000,1.710000,1.720000,1.720000,948100
2019-12-20,1.400000,1.400000,1.250000,1.280000,1.280000,12567700
2019-12-23,1.300000,1.370000,1.300000,1.360000,1.360000,2985700
2019-12-24,1.370000,1.380000,1.350000,1.370000,1.370000,868500
2019-12-26,1.380000,1.380000,1.310000,1.330000,1.330000,1475300
2019-12-27,1.340000,1.350000,1.310000,1.320000,1.320000,1254600
2019-12-30,1.340000,1.340000,1.300000,1.320000,1.320000,1311600
2019-12-31,1.340000,1.340000,1.290000,1.320000,1.320000,1592300
2020-01-02,1.330000,1.340000,1.280000,1.320000,1.320000,1510700
2020-01-03,1.300000,1.310000,1.270000,1.270000,1.270000,1126000
2020-01-06,1.280000,1.280000,1.200000,1.210000,1.210000,1716100
2020-01-07,1.210000,1.245000,1.160000,1.240000,1.240000,1807900
2020-01-08,1.240000,1.250000,1.200000,1.230000,1.230000,1828500
2020-01-09,1.320000,1.320000,1.250000,1.290000,1.290000,2301700
2020-01-10,1.300000,1.300000,1.250000,1.260000,1.260000,751000
2020-01-13,1.280000,1.290000,1.250000,1.290000,1.290000,1357800
2020-01-14,1.280000,1.390000,1.280000,1.390000,1.390000,2014500
2020-01-15,1.390000,1.450000,1.375000,1.430000,1.430000,1743300
2020-01-16,1.450000,1.490000,1.430000,1.490000,1.490000,1221500
2020-01-17,1.500000,1.510000,1.425000,1.470000,1.470000,1458800
2020-01-21,1.500000,1.630000,1.490000,1.620000,1.620000,2233500
2020-01-22,1.650000,1.650000,1.550000,1.550000,1.550000,1686900
2020-01-23,1.550000,1.550000,1.420000,1.430000,1.430000,1663900
2020-01-24,1.430000,1.440000,1.340000,1.350000,1.350000,1716600
2020-01-27,1.320000,1.390000,1.260000,1.370000,1.370000,1719400
2020-01-28,1.370000,1.430000,1.350000,1.360000,1.360000,1392800
2020-01-29,1.360000,1.650000,1.360000,1.440000,1.440000,1827700
2020-01-30,1.450000,1.460000,1.400000,1.400000,1.400000,717200
2020-01-31,1.400000,1.418000,1.320000,1.350000,1.350000,985100
2020-02-03,1.360000,1.400000,1.330000,1.390000,1.390000,673200
2020-02-04,1.380000,1.410000,1.340000,1.340000,1.340000,922300
2020-02-05,1.360000,1.400000,1.340000,1.360000,1.360000,986700
2020-02-06,1.360000,1.403000,1.340000,1.350000,1.350000,772400
2020-02-07,1.350000,1.380000,1.330000,1.330000,1.330000,670900
2020-02-10,1.350000,1.400000,1.320000,1.380000,1.380000,859500
2020-02-11,1.370000,1.540000,1.350000,1.440000,1.440000,1170900
2020-02-12,1.480000,1.500000,1.460000,1.470000,1.470000,633100
2020-02-13,1.470000,1.510000,1.420000,1.500000,1.500000,944200
2020-02-14,1.510000,1.620000,1.460000,1.550000,1.550000,1388800
2020-02-18,1.570000,1.600000,1.520000,1.560000,1.560000,826200
2020-02-19,1.560000,1.620000,1.540000,1.590000,1.590000,1017200
2020-02-20,1.580000,1.600000,1.510000,1.560000,1.560000,775900
2020-02-21,1.540000,1.580000,1.520000,1.560000,1.560000,538100
2020-02-24,1.510000,1.550000,1.450000,1.480000,1.480000,1249200
2020-02-25,1.460000,1.490000,1.390000,1.410000,1.410000,1260600
2020-02-26,1.420000,1.430000,1.350000,1.370000,1.370000,779400
2020-02-27,1.390000,1.390000,1.230000,1.290000,1.290000,1998200
2020-02-28,1.250000,1.360000,1.220000,1.350000,1.350000,1124100
2020-03-02,1.350000,1.620000,1.340000,1.350000,1.350000,1165100
2020-03-03,1.380000,1.420000,1.330000,1.350000,1.350000,1139400
2020-03-04,1.360000,1.440000,1.350000,1.380000,1.380000,922900
2020-03-05,1.380000,1.540000,1.375000,1.540000,1.540000,1320200
2020-03-06,1.520000,1.544000,1.460000,1.530000,1.530000,1095900
2020-03-09,1.450000,1.470000,1.280000,1.340000,1.340000,1242200
2020-03-10,1.390000,1.410000,1.280000,1.310000,1.310000,701900
2020-03-11,1.310000,1.310000,1.190000,1.210000,1.210000,1661700
2020-03-12,1.020000,1.170000,1.010000,1.020000,1.020000,1767200
2020-03-13,0.825000,0.890000,0.510000,0.581000,0.581000,9366800
2020-03-16,0.546000,0.678000,0.500000,0.626000,0.626000,3320900
2020-03-17,0.627000,0.627000,0.520000,0.602000,0.602000,1236400
2020-03-18,0.579000,0.579000,0.500000,0.500000,0.500000,1400800
2020-03-19,0.530000,0.579000,0.498000,0.570000,0.570000,2082700
2020-03-20,0.610000,0.610000,0.530000,0.580000,0.580000,902800
2020-03-23,0.600000,0.607000,0.520000,0.547000,0.547000,770800
2020-03-24,0.600000,0.600000,0.565000,0.590000,0.590000,777600
2020-03-25,0.590000,0.790000,0.571000,0.740000,0.740000,4078400
2020-03-26,0.737000,0.740000,0.660000,0.660000,0.660000,1630800
2020-03-27,0.660000,0.682000,0.600000,0.615000,0.615000,2373300
2020-03-30,0.616000,0.635000,0.552000,0.598000,0.598000,1413200
2020-03-31,0.608000,0.624000,0.560000,0.575000,0.575000,1083400
2020-04-01,0.573000,0.620000,0.501000,0.608000,0.608000,5877700
2020-04-02,0.589000,0.607000,0.520000,0.529000,0.529000,2554400
2020-04-03,0.530000,0.538000,0.505000,0.515000,0.515000,1869100
2020-04-06,0.515000,0.550000,0.505000,0.526000,0.526000,2883100
2020-04-07,0.530000,0.570000,0.514000,0.560000,0.560000,1923700
2020-04-08,0.525000,0.559000,0.510000,0.540000,0.540000,1749600
2020-04-09,0.540000,0.550000,0.517000,0.534000,0.534000,2036800
2020-04-13,0.539000,0.540000,0.510000,0.520000,0.520000,1195400
2020-04-14,0.547000,0.570000,0.521000,0.540000,0.540000,2998200
2020-04-15,0.550000,0.560000,0.510000,0.523000,0.523000,1815200
2020-04-16,0.520000,0.539000,0.505000,0.507000,0.507000,1826700
2020-04-17,0.529000,0.529000,0.513000,0.522000,0.522000,917600
2020-04-20,0.527000,0.529000,0.505000,0.510000,0.510000,1665100
2020-04-21,0.511000,0.520000,0.485000,0.499000,0.499000,1916900
2020-04-22,0.510000,0.520000,0.490000,0.502000,0.502000,1316600
2020-04-23,0.518000,0.528000,0.502000,0.511000,0.511000,1108500
2020-04-24,0.529000,0.529000,0.510000,0.516000,0.516000,832800
2020-04-27,0.530000,0.565000,0.516000,0.553000,0.553000,4117300
2020-04-28,0.560000,0.571000,0.531000,0.540000,0.540000,2076000
2020-04-29,0.540000,0.580000,0.535000,0.580000,0.580000,2874900
2020-04-30,0.610000,0.610000,0.530000,0.548000,0.548000,2998300
2020-05-01,0.540000,0.550000,0.516000,0.531000,0.531000,1444000
2020-05-04,0.528000,0.574000,0.522000,0.556000,0.556000,1793300
2020-05-05,0.600000,0.605000,0.550000,0.558000,0.558000,4703400
2020-05-06,0.566000,0.572000,0.539000,0.552000,0.552000,1341800
2020-05-07,0.570000,0.575000,0.547000,0.570000,0.570000,1306400
2020-05-08,0.565000,0.620000,0.540000,0.610000,0.610000,2871300
2020-05-11,0.620000,0.760000,0.616000,0.730000,0.730000,10561400
2020-05-12,0.643000,0.650000,0.611000,0.620000,0.620000,4430600
2020-05-13,0.636000,0.640000,0.525000,0.548000,0.548000,4236700
2020-05-14,0.549000,0.570000,0.530000,0.539000,0.539000,1495500
2020-05-15,0.535000,0.575000,0.530000,0.552000,0.552000,1699400
2020-05-18,0.580000,0.610000,0.570000,0.610000,0.610000,2111600
2020-05-19,0.610000,0.699000,0.610000,0.645000,0.645000,2956100
2020-05-20,0.661000,0.680000,0.642000,0.654000,0.654000,1423500
2020-05-21,0.650000,0.690000,0.640000,0.670000,0.670000,1368700
2020-05-22,0.670000,0.740000,0.650000,0.740000,0.740000,2593800
2020-05-26,0.810000,0.960000,0.810000,0.850000,0.850000,12759100
2020-05-27,0.890000,0.890000,0.765000,0.848000,0.848000,5328000
2020-05-28,0.860000,0.880000,0.820000,0.851000,0.851000,1945600
2020-05-29,0.876000,1.200000,0.856000,1.140000,1.140000,23105100
2020-06-01,0.860000,0.860000,0.759000,0.781000,0.781000,26150900
2020-06-02,0.825000,0.830000,0.730000,0.753000,0.753000,19104600
2020-06-03,0.770000,0.785000,0.722000,0.749000,0.749000,11333900
2020-06-04,0.770000,0.800000,0.750000,0.793000,0.793000,15703300
2020-06-05,0.820000,0.825000,0.750000,0.789000,0.789000,15123000
2020-06-08,0.799000,0.800000,0.770000,0.789000,0.789000,10134400
2020-06-09,0.800000,0.990000,0.775000,0.878000,0.878000,25207600
2020-06-10,0.920000,0.930000,0.850000,0.866000,0.866000,12218300
2020-06-11,0.800000,0.860000,0.771000,0.780000,0.780000,9319200
2020-06-12,0.820000,0.825000,0.780000,0.810000,0.810000,6107100
2020-06-15,0.820000,0.965000,0.820000,0.899000,0.899000,24303800
2020-06-16,0.975000,1.020000,0.920000,0.968000,0.968000,19851300
2020-06-17,0.939000,0.940000,0.800000,0.906000,0.906000,13404300
2020-06-18,0.919000,0.920000,0.850000,0.870000,0.870000,12722800
2020-06-19,0.866000,0.960000,0.690000,0.826000,0.826000,27091000
2020-06-22,0.678000,0.821000,0.660000,0.790000,0.790000,20593300
2020-06-23,0.750000,0.790000,0.730000,0.735000,0.735000,7084600
2020-06-24,0.730000,0.735000,0.681000,0.700000,0.700000,7203900
2020-06-25,0.684000,0.749000,0.675000,0.721000,0.721000,6213100
2020-06-26,0.731000,0.738000,0.685000,0.700000,0.700000,5043400
2020-06-29,0.693000,0.700000,0.670000,0.693000,0.693000,3337200
2020-06-30,0.690000,0.690000,0.670000,0.675000,0.675000,3045100
2020-07-01,0.688000,0.689000,0.650000,0.679000,0.679000,3424100
2020-07-02,0.660000,0.680000,0.652000,0.678000,0.678000,3217900
2020-07-06,0.681000,0.691000,0.660000,0.670000,0.670000,2671100
2020-07-07,0.668000,0.700000,0.650000,0.699000,0.699000,3844000
2020-07-08,0.725000,0.729000,0.680000,0.690000,0.690000,2814800
2020-07-09,0.695000,0.703000,0.671000,0.691000,0.691000,1883600
2020-07-10,0.690000,0.690000,0.673000,0.689000,0.689000,2079900
2020-07-13,0.680000,0.685000,0.650000,0.662000,0.662000,2717900
2020-07-14,0.665000,0.665000,0.600000,0.637000,0.637000,3245400
2020-07-15,0.636000,0.693000,0.633000,0.665000,0.665000,15364100
2020-07-16,1.020000,1.150000,0.805000,0.840000,0.840000,102391600
2020-07-17,0.971000,0.988000,0.900000,0.912000,0.912000,27235100
2020-07-20,0.900000,0.901000,0.822000,0.841000,0.841000,12338500
2020-07-21,0.800000,0.870000,0.780000,0.833000,0.833000,10145400
2020-07-22,0.810000,0.820000,0.791000,0.812000,0.812000,4206000
2020-07-23,0.850000,0.852000,0.800000,0.838000,0.838000,8011100
2020-07-24,0.810000,0.840000,0.794000,0.830000,0.830000,3121100
2020-07-27,0.830000,0.830000,0.800000,0.810000,0.810000,2320100
2020-07-28,0.800000,0.895000,0.794000,0.820000,0.820000,11676900
2020-07-29,0.805000,0.810000,0.770000,0.788000,0.788000,4756400
2020-07-30,0.750000,0.782000,0.735000,0.769000,0.769000,4484500
2020-07-31,0.765000,0.778000,0.750000,0.760000,0.760000,2223900
2020-08-03,0.770000,0.779000,0.750000,0.776000,0.776000,2205300
2020-08-04,0.780000,0.815000,0.770000,0.809000,0.809000,3062100
2020-08-05,0.807000,0.834000,0.786000,0.826000,0.826000,2877700
2020-08-06,0.823000,0.829000,0.792000,0.810000,0.810000,2335100