Date,Open,High,Low,Close,Adj Close,Volume
2018-03-15,4.070000,4.100000,4.020000,4.020000,4.020000,8200
2018-03-16,4.100000,4.150000,4.000000,4.100000,4.100000,3400
2018-03-19,4.100000,4.200000,4.090000,4.200000,4.200000,1500
2018-03-20,4.200000,4.220000,4.200000,4.200000,4.200000,500
2018-03-21,4.170000,4.170000,4.000000,4.170000,4.170000,900
2018-03-22,3.810000,3.810000,3.810000,3.810000,3.810000,100
2018-03-23,3.810000,3.810000,3.810000,3.810000,3.810000,300
2018-03-26,3.810000,3.810000,3.810000,3.810000,3.810000,0
2018-03-27,3.810000,3.810000,3.810000,3.810000,3.810000,0
2018-03-28,3.810000,3.810000,3.810000,3.810000,3.810000,0
2018-03-29,3.810000,3.810000,3.810000,3.810000,3.810000,0
2018-04-02,3.810000,3.810000,3.810000,3.810000,3.810000,0
2018-04-03,3.740000,3.740000,3.740000,3.740000,3.740000,200
2018-04-04,4.150000,4.150000,4.000000,4.130000,4.130000,10700
2018-04-05,4.050000,4.060000,4.020000,4.060000,4.060000,3400
2018-04-06,4.040000,4.070000,4.020000,4.070000,4.070000,1200
2018-04-09,4.070000,4.100000,4.070000,4.080000,4.080000,4200
2018-04-10,4.150000,4.300000,4.050000,4.050000,4.050000,4500
2018-04-11,4.050000,4.060000,4.050000,4.060000,4.060000,1000
2018-04-12,4.400000,4.400000,3.800000,4.070000,4.070000,6300
2018-04-13,4.070000,4.070000,3.800000,4.000000,4.000000,2300
2018-04-16,4.000000,4.070000,3.850000,4.000000,4.000000,12000
2018-04-17,4.060000,4.060000,4.000000,4.000000,4.000000,7200
2018-04-18,3.950000,4.060000,3.830000,4.060000,4.060000,1100
2018-04-19,4.060000,4.060000,4.060000,4.060000,4.060000,0
2018-04-20,4.050000,4.060000,3.950000,4.060000,4.060000,2000
2018-04-23,3.900000,4.000000,3.900000,4.000000,4.000000,4100
2018-04-24,3.950000,4.000000,3.950000,4.000000,4.000000,1800
2018-04-25,4.000000,4.050000,4.000000,4.000000,4.000000,3000
2018-04-26,4.000000,4.000000,4.000000,4.000000,4.000000,100
2018-04-27,3.850000,3.850000,3.830000,3.830000,3.830000,400
2018-04-30,3.830000,3.830000,3.830000,3.830000,3.830000,100
2018-05-01,3.900000,3.900000,3.900000,3.900000,3.900000,600
2018-05-02,3.900000,3.900000,3.900000,3.900000,3.900000,0
2018-05-03,3.990000,4.140000,3.850000,4.140000,4.140000,15600
2018-05-04,4.000000,4.140000,3.700000,4.070000,4.070000,4400
2018-05-07,6.000000,6.000000,4.000000,4.120000,4.120000,14400
2018-05-08,4.100000,4.200000,4.050000,4.140000,4.140000,3500
2018-05-09,4.120000,4.120000,3.950000,3.950000,3.950000,400
2018-05-10,4.100000,4.100000,3.850000,3.850000,3.850000,3500
2018-05-11,3.850000,3.850000,3.850000,3.850000,3.850000,0
2018-05-14,3.840000,3.840000,3.840000,3.840000,3.840000,1400
2018-05-15,3.840000,3.840000,3.840000,3.840000,3.840000,100
2018-05-16,4.050000,4.050000,3.850000,3.850000,3.850000,600
2018-05-17,3.610000,3.900000,3.610000,3.900000,3.900000,700
2018-05-18,3.900000,3.900000,3.900000,3.900000,3.900000,100
2018-05-21,3.900000,3.900000,3.900000,3.900000,3.900000,0
2018-05-22,4.000000,4.000000,4.000000,4.000000,4.000000,100
2018-05-23,4.010000,4.010000,3.950000,4.000000,4.000000,2200
2018-05-24,4.000000,4.000000,4.000000,4.000000,4.000000,0
2018-05-25,3.800000,4.050000,3.550000,4.050000,4.050000,21600
2018-05-29,4.080000,4.080000,4.050000,4.050000,4.050000,1200
2018-05-30,4.050000,4.070000,4.050000,4.070000,4.070000,2700
2018-05-31,4.350000,4.350000,3.600000,4.040000,4.040000,3600
2018-06-01,4.050000,4.150000,4.000000,4.150000,4.150000,3400
2018-06-04,4.300000,4.300000,3.560000,4.100000,4.100000,8300
2018-06-05,4.000000,4.070000,4.000000,4.070000,4.070000,3000
2018-06-06,4.000000,4.270000,3.950000,4.270000,4.270000,9400
2018-06-07,4.200000,4.200000,4.200000,4.200000,4.200000,300
2018-06-08,4.050000,4.050000,4.050000,4.050000,4.050000,200
2018-06-11,3.650000,4.100000,3.650000,4.000000,4.000000,8800
2018-06-12,4.000000,4.000000,3.950000,3.950000,3.950000,200
2018-06-13,3.950000,4.150000,3.950000,3.950000,3.950000,9100
2018-06-14,3.900000,3.900000,3.660000,3.840000,3.840000,500
2018-06-15,3.840000,4.020000,3.750000,4.020000,4.020000,6300
2018-06-18,4.150000,4.150000,4.050000,4.080000,4.080000,1300
2018-06-19,4.100000,4.100000,4.000000,4.000000,4.000000,1400
2018-06-20,4.050000,4.120000,4.050000,4.120000,4.120000,600
2018-06-21,4.150000,4.150000,3.660000,4.130000,4.130000,8600
2018-06-22,4.250000,4.250000,3.970000,4.130000,4.130000,5100
2018-06-25,4.130000,4.220000,3.650000,3.850000,3.850000,8200
2018-06-26,4.000000,4.100000,4.000000,4.000000,4.000000,2200
2018-06-27,4.200000,4.200000,3.760000,3.760000,3.760000,5400
2018-06-28,4.150000,4.150000,3.825000,3.850000,3.850000,1000
2018-06-29,3.850000,3.850000,3.800000,3.850000,3.850000,2100
2018-07-02,3.850000,4.100000,3.650000,3.890000,3.890000,22100
2018-07-03,4.000000,4.000000,3.850000,3.850000,3.850000,3800
2018-07-05,4.000000,4.000000,3.710000,3.710000,3.710000,2700
2018-07-06,3.720000,3.950000,3.700000,3.950000,3.950000,2200
2018-07-09,3.950000,3.950000,3.700000,3.700000,3.700000,5300
2018-07-10,3.750000,3.940000,3.710000,3.940000,3.940000,900
2018-07-11,3.940000,3.940000,3.940000,3.940000,3.940000,2000
2018-07-12,3.940000,3.950000,3.940000,3.950000,3.950000,200
2018-07-13,3.950000,3.950000,3.950000,3.950000,3.950000,100
2018-07-16,3.720000,3.800000,3.000000,3.300000,3.300000,4000
2018-07-17,3.400000,3.650000,3.400000,3.650000,3.650000,3600
2018-07-18,3.650000,3.650000,3.260000,3.260000,3.260000,1300
2018-07-19,3.260000,3.420000,3.000000,3.420000,3.420000,1500
2018-07-20,3.420000,3.420000,3.420000,3.420000,3.420000,0
2018-07-23,3.420000,3.840000,3.010000,3.840000,3.840000,1900
2018-07-24,3.840000,3.840000,3.840000,3.840000,3.840000,0
2018-07-25,3.950000,4.000000,3.890000,4.000000,4.000000,22100
2018-07-26,4.000000,4.250000,4.000000,4.000000,4.000000,22300
2018-07-27,4.050000,4.080000,3.760000,3.760000,3.760000,3300
2018-07-30,4.003000,4.040000,3.990000,4.000000,4.000000,2700
2018-07-31,4.050000,4.300000,4.050000,4.050000,4.050000,1800
2018-08-01,3.330000,4.000000,3.050000,3.950000,3.950000,12800
2018-08-02,3.750000,3.800000,3.750000,3.800000,3.800000,1300
2018-08-03,3.875000,3.875000,3.750000,3.875000,3.875000,700
2018-08-06,3.750000,3.750000,3.750000,3.750000,3.750000,1800
2018-08-07,3.900000,4.000000,3.700000,4.000000,4.000000,6500
2018-08-08,4.000000,4.000000,3.800000,3.900000,3.900000,3800
2018-08-09,4.000000,4.000000,3.200000,4.000000,4.000000,800
2018-08-10,4.000000,4.000000,4.000000,4.000000,4.000000,0
2018-08-13,4.000000,4.000000,4.000000,4.000000,4.000000,0
2018-08-14,3.340000,4.450000,3.300000,4.100000,4.100000,12000
2018-08-15,3.410000,4.000000,3.410000,4.000000,4.000000,1400
2018-08-16,3.400000,3.600000,3.400000,3.600000,3.600000,400
2018-08-17,3.600000,4.000000,3.600000,3.630000,3.630000,500
2018-08-20,3.630000,3.950000,3.630000,3.950000,3.950000,1600
2018-08-21,4.000000,10.000000,4.000000,5.000000,5.000000,44800
2018-08-22,5.480000,7.000000,5.480000,6.550000,6.550000,39100
2018-08-23,6.560000,7.000000,6.560000,6.998000,6.998000,8700
2018-08-24,7.000000,9.300000,6.800000,7.600000,7.600000,16500
2018-08-27,7.375000,8.120000,5.600000,7.300000,7.300000,54700
2018-08-28,7.290000,7.290000,6.240000,7.164000,7.164000,3900
2018-08-29,6.140000,7.150000,5.250000,6.240000,6.240000,14800
2018-08-30,5.700000,6.000000,5.350000,5.990000,5.990000,10400
2018-08-31,5.700000,5.990000,5.400000,5.800000,5.800000,9900
2018-09-04,5.320000,5.785000,5.320000,5.343000,5.343000,1500
2018-09-05,5.310000,5.310000,5.000000,5.000000,5.000000,3600
2018-09-06,5.000000,5.300000,5.000000,5.000000,5.000000,2300
2018-09-07,5.000000,5.250000,5.000000,5.000000,5.000000,2300
2018-09-10,4.510000,5.200000,4.510000,5.200000,5.200000,600
2018-09-11,5.900000,5.900000,4.563000,4.800000,4.800000,3600
2018-09-12,5.200000,5.200000,4.430000,4.520000,4.520000,4700
2018-09-13,4.530000,4.530000,4.500000,4.500000,4.500000,1300
2018-09-14,4.990000,5.100000,4.700000,5.100000,5.100000,500
2018-09-17,5.200000,5.240000,4.800000,5.150000,5.150000,2100
2018-09-18,5.140000,5.140000,5.000000,5.000000,5.000000,1500
2018-09-19,5.000000,5.450000,4.330000,5.100000,5.100000,8900
2018-09-20,5.100000,5.100000,5.000000,5.050000,5.050000,1300
2018-09-21,5.150000,5.150000,4.010000,4.950000,4.950000,4700
2018-09-24,5.010000,5.010000,4.950000,5.000000,5.000000,4200
2018-09-25,5.010000,5.010000,4.950000,4.950000,4.950000,1000
2018-09-26,5.050000,5.050000,4.140000,4.950000,4.950000,5500
2018-09-27,5.000000,5.000000,5.000000,5.000000,5.000000,300
2018-09-28,4.320000,5.100000,4.320000,4.500000,4.500000,5400
2018-10-01,5.325000,7.790000,5.050000,5.500000,5.500000,45300
2018-10-02,5.850000,7.750000,5.780000,7.000000,7.000000,27000
2018-10-03,7.100000,7.100000,6.150000,6.480000,6.480000,8100
2018-10-04,6.480000,6.480000,5.250000,6.380000,6.380000,5800
2018-10-05,5.500000,6.000000,5.400000,5.940000,5.940000,6900
2018-10-08,6.000000,6.000000,6.000000,6.000000,6.000000,200
2018-10-09,5.500000,5.900000,5.500000,5.840000,5.840000,2300
2018-10-10,5.850000,7.750000,5.800000,5.800000,5.800000,13500
2018-10-11,5.610000,5.650000,5.400000,5.500000,5.500000,2600
2018-10-12,5.850000,5.850000,5.150000,5.500000,5.500000,3300
2018-10-15,5.700000,5.700000,5.400000,5.400000,5.400000,800
2018-10-16,5.500000,5.500000,5.160000,5.500000,5.500000,1900
2018-10-17,5.450000,5.450000,5.180000,5.450000,5.450000,700
2018-10-18,5.450000,5.450000,5.450000,5.450000,5.450000,300
2018-10-19,5.450000,5.500000,5.250000,5.250000,5.250000,4200
2018-10-22,5.300000,5.350000,5.300000,5.350000,5.350000,200
2018-10-23,5.180000,5.750000,5.180000,5.750000,5.750000,5400
2018-10-24,5.190000,5.390000,5.010000,5.350000,5.350000,2300
2018-10-25,5.210000,5.400000,5.010000,5.400000,5.400000,400
2018-10-26,5.150000,5.400000,5.150000,5.400000,5.400000,900
2018-10-29,5.010000,5.250000,5.000000,5.010000,5.010000,1600
2018-10-30,5.010000,5.360000,5.010000,5.360000,5.360000,1200
2018-10-31,5.000000,5.347000,5.000000,5.347000,5.347000,700
2018-11-01,5.340000,5.340000,4.770000,5.330000,5.330000,7600
2018-11-02,4.980000,5.490000,4.780000,5.490000,5.490000,700
2018-11-05,4.830000,5.420000,4.790000,5.420000,5.420000,800
2018-11-06,5.420000,5.420000,5.420000,5.420000,5.420000,0
2018-11-07,5.470000,5.890000,4.760000,5.320000,5.320000,3600
2018-11-08,5.320000,5.320000,5.320000,5.320000,5.320000,100
2018-11-09,5.110000,5.310000,4.800000,5.280000,5.280000,2000
2018-11-12,5.280000,5.280000,5.280000,5.280000,5.280000,100
2018-11-13,5.240000,5.240000,5.240000,5.240000,5.240000,300
2018-11-14,5.240000,5.240000,5.240000,5.240000,5.240000,100
2018-11-15,5.240000,5.240000,5.240000,5.240000,5.240000,100
2018-11-16,5.050000,5.090000,5.050000,5.090000,5.090000,300
2018-11-19,5.480000,5.480000,5.480000,5.480000,5.480000,100
2018-11-20,4.800000,5.440000,4.800000,5.440000,5.440000,200
2018-11-21,5.000000,5.520000,4.988000,5.070000,5.070000,600
2018-11-23,5.070000,5.070000,5.070000,5.070000,5.070000,100
2018-11-26,5.150000,5.150000,5.090000,5.100000,5.100000,600
2018-11-27,5.100000,5.200000,4.900000,5.200000,5.200000,3200
2018-11-28,5.530000,5.600000,4.710000,5.600000,5.600000,1000
2018-11-29,5.500000,5.500000,5.500000,5.500000,5.500000,1300
2018-11-30,5.500000,5.500000,5.500000,5.500000,5.500000,700
2018-12-03,5.500000,5.500000,4.750000,5.500000,5.500000,700
2018-12-04,5.550000,5.550000,4.750000,5.500000,5.500000,1200
2018-12-06,4.770000,5.550000,4.600000,5.550000,5.550000,4200
2018-12-07,5.890000,5.890000,5.831000,5.890000,5.890000,2100
2018-12-10,5.000000,5.000000,4.690000,4.700000,4.700000,1800
2018-12-11,5.240000,5.240000,5.240000,5.240000,5.240000,100
2018-12-12,5.100000,5.250000,5.100000,5.250000,5.250000,2800
2018-12-13,5.450000,5.800000,5.450000,5.800000,5.800000,1200
2018-12-14,5.800000,5.800000,4.600000,5.800000,5.800000,2200
2018-12-17,5.800000,5.800000,4.630000,5.800000,5.800000,2400
2018-12-18,5.800000,5.800000,5.800000,5.800000,5.800000,100
2018-12-19,5.800000,5.800000,5.800000,5.800000,5.800000,0
2018-12-20,4.700000,4.990000,4.668000,4.750000,4.750000,2000
2018-12-21,5.000000,5.520000,5.000000,5.520000,5.520000,2100
2018-12-24,5.520000,5.520000,5.520000,5.520000,5.520000,100
2018-12-26,4.760000,5.570000,4.750000,5.570000,5.570000,1700
2018-12-27,5.850000,5.850000,4.801000,4.801000,4.801000,1100
2018-12-28,4.800000,5.500000,4.800000,5.500000,5.500000,20200
2018-12-31,4.900000,5.560000,4.750000,5.560000,5.560000,1400
2019-01-02,5.560000,5.560000,5.010000,5.010000,5.010000,2200
2019-01-03,5.510000,5.510000,5.510000,5.510000,5.510000,100
2019-01-04,5.510000,5.510000,5.510000,5.510000,5.510000,100
2019-01-07,4.810000,4.810000,4.810000,4.810000,4.810000,300
2019-01-08,5.490000,5.490000,5.000000,5.450000,5.450000,2700
2019-01-09,5.820000,5.820000,4.830000,5.490000,5.490000,2600
2019-01-10,4.870000,4.892000,4.870000,4.892000,4.892000,700
2019-01-11,4.950000,5.480000,4.876000,5.250000,5.250000,3200
2019-01-14,5.100000,5.400000,5.100000,5.400000,5.400000,1900
2019-01-15,5.400000,5.400000,5.400000,5.400000,5.400000,0
2019-01-16,5.400000,5.400000,5.400000,5.400000,5.400000,100
2019-01-17,5.350000,5.350000,5.350000,5.350000,5.350000,200
2019-01-18,5.350000,5.350000,5.350000,5.350000,5.350000,100
2019-01-22,5.340000,5.340000,5.100000,5.100000,5.100000,600
2019-01-23,4.880000,5.100000,4.880000,5.100000,5.100000,500
2019-01-24,5.000000,5.000000,5.000000,5.000000,5.000000,1000
2019-01-25,5.080000,5.080000,4.950000,4.950000,4.950000,1400
2019-01-28,4.890000,4.950000,4.890000,4.950000,4.950000,900
2019-01-29,5.000000,5.010000,4.830000,5.000000,5.000000,1900
2019-01-30,4.910000,5.000000,4.820000,5.000000,5.000000,800
2019-01-31,4.800000,5.050000,4.800000,5.000000,5.000000,1400
2019-02-01,5.100000,5.100000,5.100000,5.100000,5.100000,100
2019-02-04,4.760000,5.400000,4.760000,5.350000,5.350000,1600
2019-02-05,5.400000,5.400000,5.400000,5.400000,5.400000,1000
2019-02-06,5.350000,5.350000,5.350000,5.350000,5.350000,600
2019-02-07,5.100000,5.200000,4.660000,4.940000,4.940000,4600
2019-02-08,4.990000,4.990000,4.990000,4.990000,4.990000,200
2019-02-11,5.000000,5.250000,5.000000,5.050000,5.050000,700
2019-02-12,5.050000,5.050000,5.050000,5.050000,5.050000,100
2019-02-13,5.080000,5.080000,4.800000,5.040000,5.040000,1100
2019-02-14,4.710000,4.879000,3.860000,4.879000,4.879000,4600
2019-02-15,4.950000,4.970000,4.950000,4.970000,4.970000,500
2019-02-19,4.970000,4.970000,4.970000,4.970000,4.970000,0
2019-02-20,4.580000,4.990000,4.560000,4.980000,4.980000,1600
2019-02-21,4.600000,4.800000,4.400000,4.400000,4.400000,2200
2019-02-22,4.700000,6.000000,4.700000,5.918000,5.918000,117200
2019-02-25,6.250000,9.890000,5.950000,8.990000,8.990000,214800
2019-02-26,9.450000,9.450000,6.020000,6.600000,6.600000,96900
2019-02-27,6.600000,6.840000,5.570000,5.610000,5.610000,58100
2019-02-28,5.750000,6.320000,5.730000,6.000000,6.000000,27200
2019-03-01,6.000000,7.580000,5.600000,5.800000,5.800000,23100
2019-03-04,5.600000,5.950000,5.600000,5.810000,5.810000,6100
2019-03-05,5.850000,5.850000,5.800000,5.850000,5.850000,29600
2019-03-06,5.850000,5.850000,5.800000,5.850000,5.850000,43100
2019-03-07,5.850000,6.000000,5.400000,5.500000,5.500000,11800
2019-03-08,5.400000,5.500000,5.350000,5.500000,5.500000,2900
2019-03-11,5.400000,5.400000,5.000000,5.400000,5.400000,24500
2019-03-12,5.320000,5.320000,5.290000,5.290000,5.290000,2700
2019-03-13,5.320000,5.750000,5.000000,5.000000,5.000000,27200
2019-03-14,5.400000,5.400000,4.850000,4.850000,4.850000,32200
2019-03-15,5.000000,5.000000,4.720000,5.000000,5.000000,11400
2019-03-18,5.000000,5.200000,4.850000,4.900000,4.900000,5200
2019-03-19,4.950000,4.950000,4.800000,4.850000,4.850000,4000
2019-03-20,4.860000,4.860000,4.700000,4.738000,4.738000,3400
2019-03-21,4.710000,5.000000,4.700000,5.000000,5.000000,12300
2019-03-22,4.750000,5.000000,4.750000,5.000000,5.000000,6900
2019-03-25,5.000000,5.000000,4.610000,4.990000,4.990000,24400
2019-03-26,4.600000,4.740000,3.710000,4.740000,4.740000,26000
2019-03-27,4.100000,4.300000,3.800000,4.188000,4.188000,19100
2019-03-28,4.150000,4.150000,3.810000,4.150000,4.150000,7700
2019-03-29,4.080000,4.200000,4.000000,4.140000,4.140000,4300
2019-04-01,4.500000,4.500000,4.000000,4.450000,4.450000,1300
2019-04-02,4.540000,4.550000,4.250000,4.500000,4.500000,6500
2019-04-03,4.500000,4.740000,4.160000,4.740000,4.740000,5600
2019-04-04,4.740000,4.950000,4.060000,4.460000,4.460000,3800
2019-04-05,4.260000,4.750000,4.070000,4.619000,4.619000,18100
2019-04-08,4.210000,4.635000,3.800000,3.950000,3.950000,46200
2019-04-09,4.000000,4.000000,3.960000,4.000000,4.000000,15900
2019-04-10,4.000000,4.240000,3.990000,4.240000,4.240000,22700
2019-04-11,4.060000,4.440000,3.950000,4.050000,4.050000,5200
2019-04-12,4.100000,4.150000,3.930000,4.150000,4.150000,5300
2019-04-15,4.100000,5.000000,4.100000,4.170000,4.170000,7200
2019-04-16,4.200000,4.640000,4.000000,4.500000,4.500000,2900
2019-04-17,4.250000,4.350000,4.250000,4.350000,4.350000,1200
2019-04-18,4.150000,4.200000,4.050000,4.075000,4.075000,1400
2019-04-22,4.110000,4.250000,4.000000,4.050000,4.050000,5400
2019-04-23,4.200000,4.440000,4.150000,4.260000,4.260000,2800
2019-04-24,4.310000,4.350000,4.010000,4.250000,4.250000,4200
2019-04-25,4.250000,4.250000,4.250000,4.250000,4.250000,1800
2019-04-26,4.250000,4.250000,4.250000,4.250000,4.250000,100
2019-04-29,4.250000,4.250000,3.750000,3.975000,3.975000,7200
2019-04-30,4.000000,4.020000,3.950000,3.950000,3.950000,5200
2019-05-01,3.960000,4.000000,3.950000,3.950000,3.950000,8900
2019-05-02,3.925000,3.950000,3.900000,3.900000,3.900000,1900
2019-05-03,3.850000,3.940000,3.750000,3.940000,3.940000,5200
2019-05-06,3.950000,4.000000,3.950000,3.960000,3.960000,1300
2019-05-07,3.800000,3.800000,3.800000,3.800000,3.800000,300
2019-05-08,3.910000,3.950000,3.900000,3.950000,3.950000,1100
2019-05-09,3.960000,4.000000,3.960000,3.980000,3.980000,1500
2019-05-10,3.990000,3.990000,3.760000,3.990000,3.990000,1400
2019-05-13,4.000000,4.000000,3.760000,3.760000,3.760000,2800
2019-05-14,3.805000,3.900000,3.805000,3.900000,3.900000,5300
2019-05-15,3.900000,3.900000,3.900000,3.900000,3.900000,0
2019-05-16,3.900000,3.900000,3.900000,3.900000,3.900000,100
2019-05-17,4.000000,4.075000,3.810000,3.810000,3.810000,1300
2019-05-20,3.779000,3.779000,3.700000,3.724000,3.724000,3300
2019-05-21,3.700000,3.700000,3.700000,3.700000,3.700000,300
2019-05-22,3.150000,3.840000,3.150000,3.840000,3.840000,200
2019-05-23,3.840000,3.840000,3.840000,3.840000,3.840000,100
2019-05-24,3.890000,4.000000,3.100000,4.000000,4.000000,1000
2019-05-28,3.170000,3.890000,3.160000,3.890000,3.890000,3200
2019-05-29,3.500000,3.850000,3.500000,3.510000,3.510000,1800
2019-05-30,3.550000,3.550000,3.510000,3.510000,3.510000,1900
2019-05-31,3.550000,3.730000,3.200000,3.320000,3.320000,1800
2019-06-03,3.830000,3.830000,3.300000,3.490000,3.490000,1600
2019-06-04,3.300000,3.300000,3.300000,3.300000,3.300000,1100
2019-06-05,3.350000,3.820000,3.350000,3.350000,3.350000,2000
2019-06-06,3.350000,3.350000,3.330000,3.330000,3.330000,700
2019-06-07,3.200000,3.430000,3.060000,3.430000,3.430000,3000
2019-06-10,2.890000,3.790000,2.890000,3.100000,3.100000,3300
2019-06-11,2.850000,3.350000,2.850000,3.350000,3.350000,2900
2019-06-12,3.350000,3.600000,3.350000,3.600000,3.600000,300
2019-06-13,3.350000,3.350000,3.350000,3.350000,3.350000,1000
2019-06-14,3.010000,3.340000,3.000000,3.340000,3.340000,2400
2019-06-17,3.010000,3.250000,3.010000,3.250000,3.250000,900
2019-06-18,3.200000,3.350000,3.200000,3.350000,3.350000,3200
2019-06-19,3.350000,3.350000,3.350000,3.350000,3.350000,3700
2019-06-20,3.500000,4.000000,3.500000,4.000000,4.000000,5100
2019-06-21,3.990000,3.990000,3.370000,3.650000,3.650000,1600
2019-06-24,3.650000,4.250000,3.650000,4.000000,4.000000,9200
2019-06-25,4.010000,4.050000,3.600000,3.600000,3.600000,10600
2019-06-26,3.690000,4.400000,3.690000,3.900000,3.900000,36000
2019-06-27,4.000000,4.000000,3.350000,3.410000,3.410000,11100
2019-06-28,3.710000,3.710000,2.140000,3.500000,3.500000,7400
2019-07-01,3.510000,3.510000,3.490000,3.490000,3.490000,8600
2019-07-02,3.350000,3.350000,3.200000,3.200000,3.200000,11200
2019-07-03,3.200000,3.290000,3.200000,3.200000,3.200000,7800
2019-07-05,3.200000,3.200000,3.200000,3.200000,3.200000,500
2019-07-08,3.200000,3.200000,3.200000,3.200000,3.200000,0
2019-07-09,3.230000,3.700000,3.230000,3.500000,3.500000,1200
2019-07-10,3.650000,3.650000,3.500000,3.520000,3.520000,1300
2019-07-11,3.600000,3.700000,3.550000,3.690000,3.690000,2400
2019-07-12,3.540000,3.540000,3.250000,3.300000,3.300000,2700
2019-07-15,3.500000,3.650000,3.500000,3.650000,3.650000,1600
2019-07-16,3.600000,3.700000,3.600000,3.700000,3.700000,1400
2019-07-17,3.650000,3.650000,3.480000,3.480000,3.480000,1200
2019-07-18,3.360000,3.550000,3.300000,3.550000,3.550000,1600
2019-07-19,3.600000,3.650000,3.600000,3.600000,3.600000,2900
2019-07-22,3.800000,3.800000,3.630000,3.630000,3.630000,9900
2019-07-23,3.700000,3.700000,3.650000,3.700000,3.700000,5000
2019-07-24,3.700000,3.700000,3.500000,3.504000,3.504000,2500
2019-07-25,3.504000,3.504000,3.504000,3.504000,3.504000,100
2019-07-26,3.500000,3.690000,3.360000,3.360000,3.360000,3900
2019-07-29,3.500000,3.690000,3.360000,3.360000,3.360000,100
2019-07-30,3.500000,3.690000,3.360000,3.360000,3.360000,100
2019-07-31,3.700000,3.700000,3.700000,3.700000,3.700000,100
2019-08-01,3.360000,3.700000,3.360000,3.700000,3.700000,800
2019-08-02,3.700000,3.700000,3.500000,3.500000,3.500000,3100
2019-08-05,3.500000,3.700000,3.500000,3.500000,3.500000,7200
2019-08-06,3.410000,3.740000,3.410000,3.740000,3.740000,4000
2019-08-07,3.410000,3.740000,3.410000,3.740000,3.740000,4000
2019-08-08,3.410000,3.740000,3.410000,3.740000,3.740000,4000
2019-08-09,3.600000,3.600000,3.550000,3.550000,3.550000,5100
2019-08-12,3.500000,3.500000,3.500000,3.500000,3.500000,300
2019-08-13,3.563000,3.563000,3.450000,3.450000,3.450000,300
2019-08-14,3.450000,3.450000,2.815000,2.900000,2.900000,13200
2019-08-15,3.000000,3.150000,2.250000,2.400000,2.400000,66900
2019-08-16,2.400000,2.400000,2.400000,2.400000,2.400000,1400
2019-08-19,2.500000,2.500000,2.450000,2.500000,2.500000,40800
2019-08-20,2.500000,2.550000,2.470000,2.550000,2.550000,18900
2019-08-21,2.550000,2.550000,2.260000,2.500000,2.500000,24200
2019-08-22,2.400000,2.450000,2.000000,2.440000,2.440000,19100
2019-08-23,2.450000,2.450000,2.060000,2.440000,2.440000,4100
2019-08-26,2.300000,2.450000,2.260000,2.350000,2.350000,8100
2019-08-27,2.350000,2.450000,2.340000,2.440000,2.440000,3700
2019-08-28,2.120000,2.350000,2.120000,2.350000,2.350000,5300
2019-08-29,2.340000,2.350000,2.220000,2.340000,2.340000,3700
2019-08-30,2.350000,2.370000,2.350000,2.350000,2.350000,2800
2019-09-03,2.350000,2.350000,2.250000,2.250000,2.250000,600
2019-09-04,2.390000,2.390000,2.150000,2.150000,2.150000,7100
2019-09-05,2.490000,2.490000,2.000000,2.370000,2.370000,28400
2019-09-06,2.350000,2.350000,2.110000,2.350000,2.350000,1400
2019-09-09,2.200000,2.340000,2.200000,2.340000,2.340000,2800
2019-09-10,2.300000,2.300000,2.300000,2.300000,2.300000,2000
2019-09-11,2.340000,2.340000,2.150000,2.340000,2.340000,800
2019-09-12,2.217000,2.400000,2.217000,2.300000,2.300000,6900
2019-09-13,2.290000,2.300000,2.284000,2.300000,2.300000,11200
2019-09-16,2.300000,2.300000,2.300000,2.300000,2.300000,2300
2019-09-17,2.300000,2.300000,2.300000,2.300000,2.300000,0
2019-09-18,2.250000,2.250000,2.039000,2.070000,2.070000,22400
2019-09-19,2.000000,2.150000,2.000000,2.100000,2.100000,6000
2019-09-20,2.100000,2.250000,2.000000,2.100000,2.100000,11800
2019-09-23,2.150000,2.150000,2.020000,2.150000,2.150000,11400
2019-09-24,2.150000,2.150000,1.960000,2.040000,2.040000,10000
2019-09-25,2.150000,2.150000,2.140000,2.150000,2.150000,17500
2019-09-26,2.080000,2.080000,1.890000,2.050000,2.050000,8500
2019-09-27,2.030000,2.030000,2.000000,2.010000,2.010000,2800
2019-09-30,2.000000,2.000000,1.770000,1.870000,1.870000,5800
2019-10-01,1.890000,2.000000,1.770000,2.000000,2.000000,35000
2019-10-02,2.000000,2.000000,2.000000,2.000000,2.000000,3600
2019-10-03,2.000000,2.000000,2.000000,2.000000,2.000000,600
2019-10-04,2.000000,2.000000,1.810000,2.000000,2.000000,4100
2019-10-07,1.850000,2.000000,1.210000,1.950000,1.950000,12200
2019-10-08,1.850000,1.950000,1.800000,1.800000,1.800000,4400
2019-10-09,2.050000,2.150000,1.810000,2.150000,2.150000,7400
2019-10-10,2.000000,2.000000,1.990000,2.000000,2.000000,1200
2019-10-11,2.000000,2.000000,2.000000,2.000000,2.000000,500
2019-10-14,2.000000,2.000000,1.860000,1.950000,1.950000,10500
2019-10-15,2.000000,2.000000,1.760000,2.000000,2.000000,2400
2019-10-16,2.000000,2.150000,1.985000,2.010000,2.010000,13400
2019-10-17,2.000000,2.000000,1.820000,1.860000,1.860000,23100
2019-10-18,2.000000,2.000000,1.880000,1.880000,1.880000,6000
2019-10-21,1.880000,1.900000,1.820000,1.820000,1.820000,13200
2019-10-22,2.150000,2.150000,1.840000,1.870000,1.870000,7700
2019-10-23,2.000000,2.250000,2.000000,2.150000,2.150000,5900
2019-10-24,2.150000,2.150000,1.998000,2.100000,2.100000,800
2019-10-25,2.100000,2.100000,2.100000,2.100000,2.100000,200
2019-10-28,2.030000,2.050000,1.950000,2.050000,2.050000,2600
2019-10-29,2.050000,2.050000,2.050000,2.050000,2.050000,100
2019-10-30,2.150000,2.150000,2.050000,2.050000,2.050000,1900
2019-10-31,2.075000,2.075000,2.000000,2.000000,2.000000,400
2019-11-01,2.110000,2.150000,2.110000,2.150000,2.150000,5600
2019-11-04,2.150000,2.150000,2.150000,2.150000,2.150000,1000
2019-11-05,2.150000,2.150000,2.140000,2.140000,2.140000,2100
2019-11-06,2.140000,2.140000,2.140000,2.140000,2.140000,100
2019-11-07,2.150000,2.150000,2.138000,2.138000,2.138000,500
2019-11-08,2.150000,2.150000,2.100000,2.150000,2.150000,7500
2019-11-11,2.150000,2.150000,1.950000,2.000000,2.000000,12500
2019-11-12,2.150000,2.150000,2.150000,2.150000,2.150000,1800
2019-11-13,2.220000,2.220000,1.750000,1.916000,1.916000,3000
2019-11-14,2.100000,2.150000,2.090000,2.146000,2.146000,5600
2019-11-15,2.146000,2.150000,2.100000,2.100000,2.100000,2300
2019-11-18,2.110000,2.110000,2.000000,2.100000,2.100000,900
2019-11-19,2.100000,2.100000,2.100000,2.100000,2.100000,100
2019-11-20,2.150000,2.150000,1.830000,1.830000,1.830000,6700
2019-11-21,2.150000,2.150000,2.100000,2.150000,2.150000,3700
2019-11-22,2.230000,2.240000,1.890000,1.890000,1.890000,34900
2019-11-25,2.240000,2.900000,2.020000,2.400000,2.400000,122900
2019-11-26,2.500000,2.600000,2.300000,2.350000,2.350000,37600
2019-11-27,2.450000,2.770000,2.420000,2.650000,2.650000,105900
2019-11-29,2.760000,3.740000,2.685000,3.730000,3.730000,34400
2019-12-02,3.500000,3.500000,3.060000,3.200000,3.200000,85000
2019-12-03,3.195000,3.195000,2.900000,2.930000,2.930000,20900
2019-12-04,3.000000,3.000000,2.600000,2.740000,2.740000,17300
2019-12-05,2.800000,3.000000,2.800000,2.800000,2.800000,22400
2019-12-06,2.600000,2.990000,2.590000,2.980000,2.980000,13200
2019-12-09,2.980000,2.980000,2.900000,2.900000,2.900000,2600
2019-12-10,2.710000,2.970000,2.690000,2.890000,2.890000,10900
2019-12-11,2.880000,2.880000,2.750000,2.800000,2.800000,7900
2019-12-12,2.805000,2.890000,2.510000,2.620000,2.620000,19400
2019-12-13,2.550000,2.800000,2.550000,2.660000,2.660000,12800
2019-12-16,2.700000,2.790000,2.650000,2.730000,2.730000,700
2019-12-17,2.690000,2.690000,2.650000,2.650000,2.650000,14600
2019-12-18,2.670000,2.670000,2.500000,2.620000,2.620000,16400
2019-12-19,2.650000,2.650000,2.450000,2.500000,2.500000,25400
2019-12-20,2.560000,2.670000,2.540000,2.540000,2.540000,19200
2019-12-23,2.450000,2.500000,2.050000,2.450000,2.450000,16400
2019-12-24,2.320000,2.400000,2.250000,2.400000,2.400000,4300
2019-12-26,2.310000,2.440000,2.114000,2.440000,2.440000,18000
2019-12-27,2.310000,2.310000,2.071000,2.260000,2.260000,24300
2019-12-30,2.000000,2.300000,2.000000,2.300000,2.300000,15000
2019-12-31,2.260000,2.440000,2.171000,2.380000,2.380000,9500
2020-01-02,2.390000,2.500000,2.390000,2.450000,2.450000,14600
2020-01-03,2.450000,2.500000,2.450000,2.500000,2.500000,8200
2020-01-06,2.500000,2.550000,2.450000,2.450000,2.450000,1100
2020-01-07,2.600000,2.600000,2.230000,2.500000,2.500000,3400
2020-01-08,2.520000,2.520000,2.520000,2.520000,2.520000,1100
2020-01-09,2.535000,2.570000,2.350000,2.500000,2.500000,11000
2020-01-10,2.550000,2.550000,2.202000,2.475000,2.475000,5900
2020-01-13,2.300000,2.300000,2.250000,2.250000,2.250000,2900
2020-01-14,2.300000,2.370000,2.300000,2.350000,2.350000,9100
2020-01-15,2.450000,2.450000,2.300000,2.340000,2.340000,7400
2020-01-16,2.300000,2.320000,2.220000,2.320000,2.320000,27900
2020-01-17,2.340000,2.450000,2.340000,2.450000,2.450000,3200
2020-01-21,2.410000,2.500000,2.340000,2.430000,2.430000,16300
2020-01-22,2.300000,2.440000,2.300000,2.400000,2.400000,6600
2020-01-23,2.400000,2.400000,2.300000,2.390000,2.390000,5000
2020-01-24,2.600000,2.600000,2.500000,2.500000,2.500000,5900
2020-01-27,2.240000,2.460000,2.150000,2.300000,2.300000,20500
2020-01-28,2.350000,2.440000,2.310000,2.440000,2.440000,7500
2020-01-29,2.450000,2.480000,2.350000,2.420000,2.420000,8900
2020-01-30,2.400000,2.590000,2.300000,2.410000,2.410000,16700
2020-01-31,2.550000,2.550000,2.435000,2.480000,2.480000,5600
2020-02-03,2.400000,2.490000,2.130000,2.400000,2.400000,19500
2020-02-04,2.120000,2.465000,2.120000,2.300000,2.300000,16200
2020-02-05,2.150000,2.480000,2.150000,2.400000,2.400000,17400
2020-02-06,2.275000,2.400000,2.240000,2.240000,2.240000,7500
2020-02-07,2.210000,2.390000,2.210000,2.380000,2.380000,8900
2020-02-10,2.330000,2.370000,2.330000,2.370000,2.370000,1800
2020-02-11,2.305000,2.330000,2.250000,2.330000,2.330000,7500
2020-02-12,2.250000,2.305000,2.250000,2.305000,2.305000,8600
2020-02-13,2.310000,2.310000,2.270000,2.300000,2.300000,4600
2020-02-14,2.340000,2.430000,2.300000,2.350000,2.350000,5100
2020-02-18,2.300000,2.400000,2.300000,2.350000,2.350000,1500
2020-02-19,2.300000,2.390000,2.100000,2.200000,2.200000,36800
2020-02-20,2.110000,2.320000,2.110000,2.320000,2.320000,13000
2020-02-21,2.410000,2.410000,2.320000,2.410000,2.410000,1800
2020-02-24,2.150000,2.500000,2.010000,2.440000,2.440000,42400
2020-02-25,2.335000,2.395000,2.300000,2.335000,2.335000,4400
2020-02-26,2.350000,2.430000,2.100000,2.420000,2.420000,11300
2020-02-27,2.400000,2.500000,2.200000,2.370000,2.370000,15500
2020-02-28,2.190000,2.230000,2.100000,2.220000,2.220000,13600
2020-03-02,2.200000,2.210000,2.200000,2.210000,2.210000,3100
2020-03-03,2.220000,2.305000,2.220000,2.300000,2.300000,900
2020-03-04,2.100000,2.440000,2.100000,2.190000,2.190000,4200
2020-03-05,2.200000,2.200000,2.130000,2.130000,2.130000,6500
2020-03-06,2.200000,2.200000,2.000000,2.110000,2.110000,3100
2020-03-09,2.110000,2.110000,2.000000,2.070000,2.070000,6600
2020-03-10,2.020000,2.140000,1.860000,2.130000,2.130000,8500
2020-03-11,2.100000,2.140000,2.100000,2.130000,2.130000,6400
2020-03-12,2.000000,2.190000,1.610000,2.090000,2.090000,9500
2020-03-13,2.200000,2.200000,1.720000,2.020000,2.020000,2000
2020-03-16,2.200000,2.290000,2.140000,2.140000,2.140000,3000
2020-03-17,1.760000,2.280000,1.670000,2.000000,2.000000,3800
2020-03-18,2.240000,2.240000,1.510000,1.980000,1.980000,1700
2020-03-19,1.980000,1.990000,1.980000,1.990000,1.990000,1300
2020-03-20,2.000000,2.120000,1.530000,2.000000,2.000000,5700
2020-03-23,2.090000,2.090000,1.650000,1.800000,1.800000,3600
2020-03-24,1.940000,2.080000,1.790000,2.080000,2.080000,5300
2020-03-25,1.790000,2.050000,1.790000,2.000000,2.000000,2700
2020-03-26,1.750000,2.000000,1.700000,1.980000,1.980000,3700
2020-03-27,1.650000,1.950000,1.650000,1.950000,1.950000,6800
2020-03-30,1.650000,1.880000,1.650000,1.880000,1.880000,5800
2020-03-31,1.950000,1.950000,1.880000,1.880000,1.880000,2200
2020-04-01,1.880000,1.880000,1.660000,1.800000,1.800000,2200
2020-04-02,1.800000,1.800000,1.370000,1.700000,1.700000,4500
2020-04-03,1.500000,1.600000,1.500000,1.600000,1.600000,13000
2020-04-06,1.500000,1.900000,1.500000,1.850000,1.850000,14900
2020-04-07,1.900000,2.100000,1.900000,2.100000,2.100000,41000
2020-04-08,2.100000,2.100000,1.800000,2.090000,2.090000,10900
2020-04-09,1.970000,2.140000,1.930000,1.930000,1.930000,8500
2020-04-13,1.780000,2.000000,1.780000,1.800000,1.800000,4000
2020-04-14,1.850000,2.090000,1.850000,2.050000,2.050000,6200
2020-04-15,2.050000,2.050000,2.050000,2.050000,2.050000,700
2020-04-16,1.810000,2.050000,1.810000,2.050000,2.050000,3500
2020-04-17,2.140000,2.140000,2.050000,2.050000,2.050000,1600
2020-04-20,2.050000,2.050000,1.870000,1.900000,1.900000,4400
2020-04-21,2.020000,2.020000,1.900000,1.900000,1.900000,200
2020-04-22,2.050000,2.140000,2.050000,2.100000,2.100000,30200
2020-04-23,2.170000,2.400000,2.170000,2.350000,2.350000,23500
2020-04-24,2.250000,2.490000,2.250000,2.490000,2.490000,18400
2020-04-27,2.490000,2.490000,2.260000,2.400000,2.400000,7900
2020-04-28,2.400000,2.400000,2.300000,2.300000,2.300000,500
2020-04-29,2.320000,2.320000,2.200000,2.200000,2.200000,20300
2020-04-30,2.200000,2.280000,2.200000,2.200000,2.200000,3500
2020-05-01,2.100000,2.200000,1.870000,1.930000,1.930000,9000
2020-05-04,1.915000,2.160000,1.915000,2.160000,2.160000,2500
2020-05-05,2.180000,2.200000,2.180000,2.180000,2.180000,600
2020-05-06,2.160000,2.160000,1.930000,2.050000,2.050000,2000
2020-05-07,2.000000,2.000000,1.910000,1.930000,1.930000,5100
2020-05-08,2.150000,2.190000,1.970000,1.970000,1.970000,5600
2020-05-11,1.980000,2.300000,1.980000,2.100000,2.100000,21900
2020-05-12,2.100000,2.100000,1.990000,2.000000,2.000000,10900
2020-05-13,2.000000,2.000000,1.900000,1.900000,1.900000,25400
2020-05-14,1.850000,1.900000,1.790000,1.790000,1.790000,5500
2020-05-15,1.690000,1.800000,1.690000,1.800000,1.800000,4200
2020-05-18,1.680000,1.790000,1.510000,1.630000,1.630000,7600
2020-05-19,1.750000,1.800000,1.700000,1.700000,1.700000,41600
2020-05-20,1.990000,1.990000,1.825000,1.825000,1.825000,1100
2020-05-21,1.850000,1.850000,1.750000,1.750000,1.750000,6400
2020-05-22,1.800000,1.800000,1.650000,1.740000,1.740000,11300
2020-05-26,1.700000,1.790000,1.520000,1.540000,1.540000,52500
2020-05-27,1.550000,1.650000,1.550000,1.580000,1.580000,4500
2020-05-28,1.580000,1.580000,1.510000,1.530000,1.530000,18800
2020-05-29,1.510000,1.590000,1.480000,1.490000,1.490000,13700
2020-06-01,1.500000,1.500000,1.450000,1.480000,1.480000,5100
2020-06-02,1.490000,1.500000,1.400000,1.400000,1.400000,21500
2020-06-03,1.350000,1.420000,1.310000,1.420000,1.420000,36100
2020-06-04,1.420000,1.420000,1.330000,1.400000,1.400000,3900
2020-06-05,1.400000,1.560000,1.330000,1.560000,1.560000,37300
2020-06-08,1.590000,1.700000,1.590000,1.610000,1.610000,4500
2020-06-09,1.640000,1.640000,1.610000,1.610000,1.610000,500
2020-06-10,1.610000,1.620000,1.570000,1.600000,1.600000,6100
2020-06-11,1.570000,1.605000,1.425000,1.425000,1.425000,21700