Date,Open,High,Low,Close,Adj Close,Volume
2016-08-05,231.250000,232.500000,212.500000,230.000000,230.000000,26800
2016-08-08,236.250000,236.250000,222.000000,222.000000,222.000000,1500
2016-08-09,225.000000,225.000000,220.750000,224.000000,224.000000,500
2016-08-10,224.500000,234.524994,220.750000,233.500000,233.500000,1400
2016-08-11,250.000000,250.000000,220.000000,221.750000,221.750000,2600
2016-08-12,237.500000,240.250000,220.250000,238.050003,238.050003,1600
2016-08-15,243.449997,262.500000,239.475006,253.000000,253.000000,3300
2016-08-16,241.750000,254.949997,240.500000,249.750000,249.750000,2400
2016-08-17,250.399994,253.500000,232.750000,250.000000,250.000000,2400
2016-08-18,250.250000,252.500000,225.250000,251.250000,251.250000,1200
2016-08-19,255.000000,255.000000,250.750000,250.750000,250.750000,400
2016-08-22,250.000000,252.500000,250.000000,250.000000,250.000000,1100
2016-08-23,250.000000,256.250000,250.000000,253.250000,253.250000,1000
2016-08-24,262.500000,262.500000,255.000000,255.000000,255.000000,100
2016-08-25,262.500000,262.500000,252.500000,252.750000,252.750000,400
2016-08-26,256.000000,256.250000,250.250000,253.500000,253.500000,500
2016-08-29,251.750000,253.750000,249.250000,253.750000,253.750000,700
2016-08-30,262.250000,299.500000,259.975006,282.500000,282.500000,7400
2016-08-31,300.000000,349.500000,299.100006,331.000000,331.000000,20000
2016-09-01,327.000000,346.750000,326.500000,336.250000,336.250000,2500
2016-09-02,327.750000,337.500000,327.750000,330.750000,330.750000,1100
2016-09-06,337.250000,337.500000,328.250000,332.000000,332.000000,1500
2016-09-07,337.500000,337.500000,313.750000,320.750000,320.750000,1500
2016-09-08,316.250000,319.250000,301.250000,308.750000,308.750000,2600
2016-09-09,314.975006,314.975006,302.500000,310.000000,310.000000,800
2016-09-12,313.500000,313.500000,299.899994,307.500000,307.500000,500
2016-09-13,275.250000,307.500000,262.500000,285.000000,285.000000,1300
2016-09-14,296.250000,296.250000,279.500000,280.250000,280.250000,700
2016-09-15,275.250000,291.375000,247.500000,254.750000,254.750000,2000
2016-09-16,233.100006,274.000000,225.250000,240.750000,240.750000,2500
2016-09-19,247.750000,267.299988,242.500000,250.000000,250.000000,1800
2016-09-20,247.250000,256.625000,244.800003,249.750000,249.750000,700
2016-09-21,250.000000,261.750000,237.500000,261.250000,261.250000,800
2016-09-22,263.000000,324.750000,237.750000,290.250000,290.250000,1700
2016-09-23,286.500000,286.500000,269.250000,272.750000,272.750000,300
2016-09-26,291.000000,293.000000,271.524994,282.250000,282.250000,600
2016-09-27,284.750000,285.000000,278.625000,285.000000,285.000000,400
2016-09-28,279.000000,312.750000,279.000000,309.000000,309.000000,800
2016-09-29,318.725006,318.750000,272.000000,282.500000,282.500000,1100
2016-09-30,276.250000,317.000000,250.750000,273.000000,273.000000,2500
2016-10-03,274.250000,286.750000,257.500000,275.000000,275.000000,2400
2016-10-04,275.000000,291.750000,251.524994,260.500000,260.500000,2100
2016-10-05,268.375000,272.000000,257.750000,270.000000,270.000000,700
2016-10-06,271.500000,277.250000,262.500000,277.250000,277.250000,1100
2016-10-07,277.750000,277.750000,255.750000,268.750000,268.750000,900
2016-10-10,272.500000,283.750000,256.500000,283.750000,283.750000,1300
2016-10-11,279.250000,287.750000,263.750000,287.750000,287.750000,1100
2016-10-12,286.500000,298.750000,281.500000,282.250000,282.250000,1300
2016-10-13,279.750000,292.750000,277.250000,277.250000,277.250000,1700
2016-10-14,279.750000,284.500000,252.500000,252.750000,252.750000,1500
2016-10-17,255.000000,277.250000,250.500000,250.500000,250.500000,1400
2016-10-18,258.250000,260.000000,250.000000,250.250000,250.250000,900
2016-10-19,252.000000,267.100006,252.000000,255.500000,255.500000,300
2016-10-20,263.750000,270.350006,260.750000,261.250000,261.250000,100
2016-10-21,261.250000,261.250000,252.750000,258.000000,258.000000,100
2016-10-24,261.475006,264.000000,255.000000,255.000000,255.000000,100
2016-10-25,259.000000,259.725006,254.500000,257.000000,257.000000,200
2016-10-26,255.000000,261.975006,241.000000,253.000000,253.000000,900
2016-10-27,250.250000,256.975006,244.125000,247.250000,247.250000,500
2016-10-28,249.750000,257.225006,244.000000,244.000000,244.000000,300
2016-10-31,247.250000,253.250000,234.000000,234.750000,234.750000,500
2016-11-01,238.574997,248.625000,237.500000,237.500000,237.500000,100
2016-11-02,231.699997,239.000000,231.699997,239.000000,239.000000,100
2016-11-03,233.750000,234.100006,225.500000,225.500000,225.500000,100
2016-11-04,227.250000,236.425003,227.250000,227.500000,227.500000,100
2016-11-07,232.250000,249.750000,232.250000,249.750000,249.750000,600
2016-11-08,242.250000,247.500000,234.750000,234.750000,234.750000,400
2016-11-09,230.000000,232.850006,225.000000,230.250000,230.250000,1200
2016-11-10,234.500000,247.750000,226.000000,235.500000,235.500000,1100
2016-11-11,232.000000,236.500000,228.000000,228.000000,228.000000,100
2016-11-14,235.000000,235.000000,227.500000,229.500000,229.500000,0
2016-11-15,229.750000,245.800003,227.500000,235.000000,235.000000,100
2016-11-16,231.250000,238.100006,231.250000,238.100006,238.100006,100
2016-11-17,238.750000,246.500000,238.750000,239.750000,239.750000,100
2016-11-18,245.100006,245.100006,236.750000,236.750000,236.750000,0
2016-11-21,234.750000,234.750000,234.750000,234.750000,234.750000,0
2016-11-22,229.574997,240.000000,229.250000,240.000000,240.000000,100
2016-11-23,240.000000,240.000000,240.000000,240.000000,240.000000,0
2016-11-25,235.550003,242.500000,227.500000,242.500000,242.500000,0
2016-11-28,230.250000,237.500000,227.500000,235.500000,235.500000,200
2016-11-29,227.500000,240.500000,227.500000,233.750000,233.750000,200
2016-11-30,241.500000,241.500000,232.500000,238.250000,238.250000,0
2016-12-01,230.000000,236.250000,227.750000,236.250000,236.250000,200
2016-12-02,234.250000,237.250000,226.250000,230.000000,230.000000,400
2016-12-05,225.500000,234.500000,225.500000,234.500000,234.500000,200
2016-12-06,227.500000,229.875000,212.000000,218.750000,218.750000,200
2016-12-07,227.250000,236.500000,208.000000,228.500000,228.500000,1400
2016-12-08,225.000000,237.000000,223.500000,223.750000,223.750000,1400
2016-12-09,223.750000,224.500000,220.000000,220.250000,220.250000,200
2016-12-12,220.000000,221.250000,210.250000,213.000000,213.000000,600
2016-12-13,215.750000,215.750000,181.250000,202.500000,202.500000,1800
2016-12-14,221.500000,228.500000,200.500000,204.500000,204.500000,1300
2016-12-15,201.250000,214.000000,185.250000,190.250000,190.250000,1700
2016-12-16,196.824997,196.824997,187.750000,187.750000,187.750000,900
2016-12-19,191.000000,194.649994,191.000000,192.500000,192.500000,100
2016-12-20,191.000000,202.500000,189.074997,200.000000,200.000000,200
2016-12-21,198.250000,199.750000,192.750000,199.750000,199.750000,300
2016-12-22,192.750000,200.000000,192.500000,198.500000,198.500000,300
2016-12-23,190.000000,205.000000,190.000000,204.750000,204.750000,0
2016-12-27,206.250000,216.000000,191.000000,216.000000,216.000000,300
2016-12-28,196.300003,220.000000,196.300003,205.250000,205.250000,200
2016-12-29,205.500000,205.500000,204.500000,204.500000,204.500000,0
2016-12-30,196.699997,205.250000,191.500000,196.000000,196.000000,800
2017-01-03,215.500000,215.500000,197.250000,197.250000,197.250000,100
2017-01-04,205.024994,205.500000,187.750000,200.000000,200.000000,300
2017-01-05,200.000000,208.500000,200.000000,208.500000,208.500000,0
2017-01-06,217.649994,232.250000,213.875000,230.750000,230.750000,1200
2017-01-09,250.000000,250.000000,231.449997,237.500000,237.500000,500
2017-01-10,241.000000,254.250000,241.000000,254.250000,254.250000,100
2017-01-11,253.274994,254.225006,249.975006,249.975006,249.975006,100
2017-01-12,235.750000,247.875000,235.000000,247.000000,247.000000,100
2017-01-13,248.750000,253.500000,248.750000,250.000000,250.000000,100
2017-01-17,226.000000,246.875000,225.500000,246.875000,246.875000,100
2017-01-18,245.000000,252.250000,244.250000,251.000000,251.000000,200
2017-01-19,251.000000,270.000000,251.000000,261.250000,261.250000,200
2017-01-20,268.000000,268.875000,267.500000,267.750000,267.750000,100
2017-01-23,266.250000,266.250000,262.750000,262.750000,262.750000,100
2017-01-24,263.500000,263.750000,251.750000,251.750000,251.750000,100
2017-01-25,263.750000,264.250000,257.750000,264.250000,264.250000,100
2017-01-26,264.825012,264.825012,249.000000,252.500000,252.500000,500
2017-01-27,252.500000,266.000000,252.500000,266.000000,266.000000,200
2017-01-30,265.250000,265.750000,256.250000,259.024994,259.024994,200
2017-01-31,267.500000,275.750000,267.500000,275.000000,275.000000,200
2017-02-01,274.200012,274.750000,261.924988,274.750000,274.750000,100
2017-02-02,271.000000,272.000000,251.500000,271.750000,271.750000,500
2017-02-03,272.500000,274.750000,264.250000,272.000000,272.000000,600
2017-02-06,275.000000,275.000000,268.000000,268.000000,268.000000,300
2017-02-07,256.250000,265.000000,256.250000,262.500000,262.500000,200
2017-02-08,258.750000,263.450012,256.549988,262.500000,262.500000,1000
2017-02-09,260.000000,262.500000,253.000000,257.000000,257.000000,300
2017-02-10,258.750000,258.750000,250.750000,252.000000,252.000000,300
2017-02-13,252.250000,263.250000,247.000000,255.250000,255.250000,900
2017-02-14,257.500000,262.125000,257.500000,259.000000,259.000000,100
2017-02-15,259.000000,259.000000,250.500000,250.500000,250.500000,100
2017-02-16,254.750000,259.500000,243.750000,243.750000,243.750000,700
2017-02-17,247.000000,252.000000,243.750000,247.500000,247.500000,200
2017-02-21,247.000000,250.000000,245.250000,245.250000,245.250000,700
2017-02-22,250.000000,250.000000,242.500000,242.500000,242.500000,100
2017-02-23,242.500000,243.750000,225.675003,225.750000,225.750000,400
2017-02-24,242.024994,243.250000,229.074997,230.000000,230.000000,300
2017-02-27,241.500000,242.250000,227.500000,242.250000,242.250000,200
2017-02-28,237.500000,237.500000,232.274994,234.750000,234.750000,200
2017-03-01,230.000000,234.375000,230.000000,232.500000,232.500000,200
2017-03-02,237.500000,237.500000,233.000000,234.024994,234.024994,800
2017-03-03,235.000000,235.250000,232.750000,235.000000,235.000000,300
2017-03-06,244.475006,244.475006,235.975006,237.500000,237.500000,500
2017-03-07,236.250000,236.625000,235.000000,235.000000,235.000000,400
2017-03-08,235.725006,237.500000,235.000000,235.500000,235.500000,300
2017-03-09,236.500000,238.250000,235.074997,236.250000,236.250000,100
2017-03-10,237.500000,240.625000,228.750000,229.250000,229.250000,1400
2017-03-13,230.000000,234.475006,227.500000,228.000000,228.000000,1800
2017-03-14,225.000000,231.250000,203.750000,228.750000,228.750000,1600
2017-03-15,235.000000,235.000000,230.274994,231.250000,231.250000,900
2017-03-16,232.149994,243.750000,231.500000,243.750000,243.750000,2900
2017-03-17,235.725006,237.500000,225.250000,225.250000,225.250000,2100
2017-03-20,230.250000,261.250000,230.000000,253.100006,253.100006,3800
2017-03-21,254.250000,274.575012,250.925003,260.000000,260.000000,4000
2017-03-22,269.000000,295.000000,260.000000,291.500000,291.500000,7700
2017-03-23,297.500000,300.000000,279.924988,295.250000,295.250000,3300
2017-03-24,299.750000,325.000000,285.000000,306.500000,306.500000,4200
2017-03-27,302.500000,312.250000,281.250000,290.500000,290.500000,4100
2017-03-28,287.750000,294.500000,275.700012,278.750000,278.750000,1000
2017-03-29,280.000000,281.500000,261.250000,269.500000,269.500000,1200
2017-03-30,268.750000,268.750000,258.750000,262.750000,262.750000,1800
2017-03-31,264.500000,264.500000,259.799988,262.500000,262.500000,400
2017-04-03,262.500000,268.500000,251.250000,259.250000,259.250000,1600
2017-04-04,261.500000,268.500000,259.250000,267.000000,267.000000,600
2017-04-05,266.750000,267.500000,252.000000,252.500000,252.500000,1600
2017-04-06,255.250000,258.500000,251.500000,251.500000,251.500000,300
2017-04-07,258.750000,259.000000,256.750000,256.750000,256.750000,200
2017-04-10,265.250000,298.750000,265.250000,281.750000,281.750000,4800
2017-04-11,288.500000,288.500000,277.750000,283.750000,283.750000,1400
2017-04-12,281.075012,292.250000,278.850006,287.500000,287.500000,800
2017-04-13,287.500000,301.500000,287.500000,291.250000,291.250000,1100
2017-04-17,293.250000,303.750000,289.250000,290.750000,290.750000,1700
2017-04-18,296.700012,300.750000,278.000000,293.250000,293.250000,1200
2017-04-19,294.000000,296.500000,291.500000,293.000000,293.000000,1400
2017-04-20,300.000000,303.049988,286.250000,293.250000,293.250000,1800
2017-04-21,291.750000,291.750000,270.000000,272.750000,272.750000,3800
2017-04-24,274.750000,278.750000,264.174988,272.500000,272.500000,1400
2017-04-25,266.250000,275.000000,263.750000,273.250000,273.250000,8000
2017-04-26,270.000000,274.750000,262.500000,271.250000,271.250000,900
2017-04-27,263.750000,274.500000,263.750000,266.500000,266.500000,1200
2017-04-28,268.500000,274.500000,262.750000,274.500000,274.500000,1500
2017-05-01,274.750000,279.725006,262.750000,277.500000,277.500000,600
2017-05-02,277.500000,277.500000,271.375000,275.750000,275.750000,700
2017-05-03,276.750000,281.000000,276.250000,278.750000,278.750000,1900
2017-05-04,279.799988,281.500000,277.500000,281.250000,281.250000,1900
2017-05-05,281.000000,288.750000,267.625000,280.250000,280.250000,1400
2017-05-08,280.500000,280.500000,271.000000,279.000000,279.000000,900
2017-05-09,278.750000,279.200012,262.750000,272.750000,272.750000,1300
2017-05-10,274.750000,277.500000,272.500000,275.000000,275.000000,700
2017-05-11,276.250000,276.250000,263.250000,275.000000,275.000000,300
2017-05-12,265.750000,274.500000,265.350006,274.500000,274.500000,1800
2017-05-15,274.500000,289.000000,264.000000,270.000000,270.000000,1300
2017-05-16,273.250000,275.500000,263.750000,265.000000,265.000000,1800
2017-05-17,265.000000,267.500000,254.000000,267.250000,267.250000,1800
2017-05-18,261.250000,263.250000,254.250000,260.500000,260.500000,600
2017-05-19,262.500000,262.500000,257.000000,258.750000,258.750000,600
2017-05-22,257.750000,258.000000,250.000000,251.500000,251.500000,1200
2017-05-23,250.250000,262.250000,246.375000,250.750000,250.750000,1400
2017-05-24,249.600006,261.250000,249.500000,250.000000,250.000000,1600
2017-05-25,257.500000,280.149994,252.050003,252.750000,252.750000,900
2017-05-26,253.500000,269.750000,253.500000,262.500000,262.500000,700
2017-05-30,263.250000,267.500000,250.399994,256.500000,256.500000,400
2017-05-31,229.000000,257.750000,225.250000,247.500000,247.500000,4100
2017-06-01,244.750000,281.000000,244.524994,269.000000,269.000000,2100
2017-06-02,257.500000,262.500000,253.750000,261.250000,261.250000,800
2017-06-05,258.250000,274.450012,256.250000,265.000000,265.000000,1800
2017-06-06,269.750000,283.750000,265.000000,265.000000,265.000000,1700
2017-06-07,274.500000,276.250000,265.750000,270.250000,270.250000,1200
2017-06-08,269.250000,274.500000,266.500000,270.000000,270.000000,1100
2017-06-09,270.750000,275.000000,268.750000,272.750000,272.750000,900
2017-06-12,277.500000,277.500000,264.399994,272.500000,272.500000,1200
2017-06-13,268.500000,281.250000,268.500000,270.250000,270.250000,1300
2017-06-14,270.750000,272.500000,265.750000,272.250000,272.250000,1100
2017-06-15,269.000000,291.250000,269.000000,276.500000,276.500000,3400
2017-06-16,283.524994,287.625000,263.750000,269.500000,269.500000,4000
2017-06-19,272.500000,281.575012,267.000000,267.000000,267.000000,1000
2017-06-20,271.850006,274.000000,262.500000,270.250000,270.250000,1900
2017-06-21,272.725006,283.750000,271.250000,283.000000,283.000000,6200
2017-06-22,285.000000,287.500000,280.500000,282.500000,282.500000,2900
2017-06-23,281.250000,306.250000,275.774994,303.500000,303.500000,3600
2017-06-26,305.250000,331.250000,295.000000,320.000000,320.000000,7100
2017-06-27,320.000000,322.500000,293.500000,296.000000,296.000000,2900
2017-06-28,299.750000,314.750000,299.750000,306.750000,306.750000,4600
2017-06-29,328.750000,336.250000,293.524994,319.000000,319.000000,16600
2017-06-30,318.250000,331.000000,306.750000,320.000000,320.000000,3500
2017-07-03,321.250000,339.725006,321.250000,324.750000,324.750000,1700
2017-07-05,325.000000,339.000000,322.250000,326.750000,326.750000,3800
2017-07-06,328.149994,331.250000,322.000000,325.250000,325.250000,2100
2017-07-07,325.250000,329.000000,312.500000,326.250000,326.250000,2500
2017-07-10,328.750000,329.000000,319.500000,321.250000,321.250000,1900
2017-07-11,323.750000,333.924988,313.024994,329.750000,329.750000,2500
2017-07-12,330.000000,368.399994,327.250000,360.000000,360.000000,7900
2017-07-13,365.750000,412.750000,361.450012,395.000000,395.000000,12600
2017-07-14,395.000000,411.375000,382.250000,407.750000,407.750000,3400
2017-07-17,417.500000,443.750000,408.750000,424.500000,424.500000,7000
2017-07-18,421.250000,435.500000,401.750000,433.750000,433.750000,5100
2017-07-19,435.000000,442.500000,409.750000,417.500000,417.500000,3200
2017-07-20,420.000000,428.250000,405.000000,424.500000,424.500000,2500
2017-07-21,422.000000,437.500000,414.375000,436.250000,436.250000,2800
2017-07-24,442.500000,475.000000,440.000000,473.000000,473.000000,9300
2017-07-25,475.000000,475.000000,445.250000,467.500000,467.500000,5900
2017-07-26,470.250000,487.500000,461.250000,487.250000,487.250000,5400
2017-07-27,487.500000,512.500000,477.500000,505.250000,505.250000,8600
2017-07-28,505.250000,531.750000,496.750000,515.250000,515.250000,3400
2017-07-31,520.000000,536.825012,499.700012,526.750000,526.750000,3000
2017-08-01,537.500000,539.750000,485.500000,488.250000,488.250000,6000
2017-08-02,488.250000,490.000000,465.250000,472.250000,472.250000,7600
2017-08-03,478.000000,494.125000,468.375000,489.375000,489.375000,2800
2017-08-04,493.500000,493.750000,463.000000,466.500000,466.500000,4500
2017-08-07,280.000000,285.500000,215.000000,248.250000,248.250000,65800
2017-08-08,251.750000,253.500000,214.050003,220.000000,220.000000,19900
2017-08-09,227.000000,233.750000,202.250000,210.000000,210.000000,10800
2017-08-10,211.750000,214.750000,180.000000,201.500000,201.500000,11800
2017-08-11,202.000000,220.000000,194.750000,215.750000,215.750000,12400
2017-08-14,215.500000,227.250000,208.750000,222.500000,222.500000,8300
2017-08-15,221.500000,223.750000,210.000000,213.250000,213.250000,4400
2017-08-16,216.250000,218.750000,206.500000,213.250000,213.250000,3000
2017-08-17,214.250000,218.500000,211.750000,215.000000,215.000000,3700
2017-08-18,213.250000,216.250000,204.750000,206.000000,206.000000,2500
2017-08-21,205.000000,206.000000,191.250000,192.500000,192.500000,2700
2017-08-22,191.324997,198.000000,182.750000,193.500000,193.500000,2800
2017-08-23,194.574997,202.250000,190.899994,198.750000,198.750000,1100
2017-08-24,213.000000,219.750000,195.000000,202.000000,202.000000,2100
2017-08-25,200.000000,200.000000,186.250000,192.500000,192.500000,3400
2017-08-28,192.750000,218.750000,190.250000,214.750000,214.750000,5400
2017-08-29,212.000000,231.000000,206.774994,222.000000,222.000000,4500
2017-08-30,222.750000,230.500000,217.750000,229.250000,229.250000,1600
2017-08-31,243.750000,254.750000,232.750000,241.000000,241.000000,4600
2017-09-01,242.500000,248.250000,238.000000,241.750000,241.750000,2100
2017-09-05,240.000000,262.500000,230.000000,261.750000,261.750000,3000
2017-09-06,266.000000,266.000000,247.000000,251.000000,251.000000,2300
2017-09-07,250.500000,262.000000,227.000000,250.750000,250.750000,2000
2017-09-08,252.500000,262.375000,239.000000,252.750000,252.750000,3700
2017-09-11,249.000000,251.750000,236.500000,243.750000,243.750000,4100
2017-09-12,243.000000,251.250000,220.250000,228.750000,228.750000,5600
2017-09-13,230.000000,236.250000,225.475006,229.250000,229.250000,4100
2017-09-14,229.250000,232.000000,219.250000,224.250000,224.250000,2900
2017-09-15,219.000000,229.000000,216.500000,223.750000,223.750000,1200
2017-09-18,221.250000,234.250000,221.250000,227.750000,227.750000,1300
2017-09-19,231.250000,247.125000,230.000000,241.250000,241.250000,2100
2017-09-20,281.250000,284.174988,250.000000,255.500000,255.500000,16100
2017-09-21,257.500000,258.500000,239.125000,256.000000,256.000000,3500
2017-09-22,255.000000,255.750000,240.250000,247.000000,247.000000,2900
2017-09-25,249.750000,252.500000,241.000000,241.000000,241.000000,1900
2017-09-26,245.975006,250.000000,238.000000,240.000000,240.000000,4800
2017-09-27,244.699997,245.500000,232.500000,240.000000,240.000000,1900
2017-09-28,243.500000,245.500000,235.250000,238.750000,238.750000,1300
2017-09-29,233.675003,244.750000,230.000000,237.500000,237.500000,1600
2017-10-02,237.750000,248.250000,237.750000,243.750000,243.750000,4300
2017-10-03,243.250000,245.774994,231.250000,231.250000,231.250000,1800
2017-10-04,230.500000,243.250000,230.500000,235.000000,235.000000,1500
2017-10-05,236.000000,252.000000,236.000000,252.000000,252.000000,1100
2017-10-06,249.500000,268.500000,248.274994,259.500000,259.500000,2300
2017-10-09,258.750000,261.975006,249.750000,249.750000,249.750000,900
2017-10-10,262.000000,262.500000,252.500000,261.000000,261.000000,1300
2017-10-11,263.500000,263.500000,256.750000,258.000000,258.000000,1200
2017-10-12,254.750000,256.750000,239.750000,245.250000,245.250000,4300
2017-10-13,251.000000,254.500000,236.500000,238.000000,238.000000,1300
2017-10-16,241.750000,249.500000,239.000000,243.750000,243.750000,2000
2017-10-17,238.449997,243.000000,237.750000,240.500000,240.500000,1000
2017-10-18,243.250000,243.250000,232.824997,238.500000,238.500000,1000
2017-10-19,248.500000,248.500000,228.500000,237.000000,237.000000,1700
2017-10-20,245.000000,247.250000,232.500000,233.000000,233.000000,1900
2017-10-23,245.750000,245.750000,234.250000,238.000000,238.000000,2000
2017-10-24,239.500000,242.500000,231.250000,241.000000,241.000000,1700
2017-10-25,240.000000,244.250000,238.250000,240.000000,240.000000,900
2017-10-26,238.000000,239.250000,231.250000,232.375000,232.375000,1400
2017-10-27,239.000000,270.500000,233.250000,255.500000,255.500000,4200
2017-10-30,257.250000,269.174988,249.250000,254.750000,254.750000,1500
2017-10-31,253.750000,253.750000,241.000000,242.500000,242.500000,1300
2017-11-01,244.000000,260.250000,234.000000,247.500000,247.500000,1700
2017-11-02,246.250000,246.250000,235.250000,239.250000,239.250000,1700
2017-11-03,238.250000,243.750000,233.000000,240.000000,240.000000,400
2017-11-06,242.250000,247.125000,238.500000,243.250000,243.250000,900
2017-11-07,240.750000,245.000000,227.250000,233.750000,233.750000,1300
2017-11-08,233.750000,234.824997,223.500000,227.000000,227.000000,1400
2017-11-09,227.250000,234.250000,221.500000,224.750000,224.750000,700
2017-11-10,225.500000,237.250000,224.000000,232.500000,232.500000,400
2017-11-13,232.500000,238.250000,224.125000,224.125000,224.125000,1200
2017-11-14,230.000000,249.750000,229.250000,229.500000,229.500000,1900
2017-11-15,228.250000,237.625000,228.250000,232.250000,232.250000,1000
2017-11-16,237.500000,237.500000,233.750000,234.000000,234.000000,700
2017-11-17,235.000000,237.500000,231.250000,237.500000,237.500000,600
2017-11-20,242.000000,242.000000,233.750000,237.000000,237.000000,800
2017-11-21,237.500000,237.500000,229.250000,230.750000,230.750000,1000
2017-11-22,233.000000,233.000000,222.250000,225.000000,225.000000,900
2017-11-24,227.500000,231.250000,224.500000,229.750000,229.750000,100
2017-11-27,228.000000,231.250000,223.425003,230.000000,230.000000,1100
2017-11-28,225.750000,232.250000,225.000000,231.250000,231.250000,900
2017-11-29,231.500000,232.250000,222.500000,222.500000,222.500000,1100
2017-11-30,224.000000,230.250000,213.750000,227.000000,227.000000,1900
2017-12-01,215.300003,225.250000,215.300003,221.250000,221.250000,900
2017-12-04,219.500000,219.500000,204.500000,206.500000,206.500000,1800
2017-12-05,202.524994,208.250000,196.175003,200.500000,200.500000,800
2017-12-06,201.024994,204.500000,192.750000,196.500000,196.500000,900
2017-12-07,194.250000,208.750000,193.250000,194.250000,194.250000,1300
2017-12-08,200.750000,202.250000,187.750000,200.024994,200.024994,1400
2017-12-11,200.000000,210.949997,200.000000,205.500000,205.500000,1100
2017-12-12,205.399994,206.250000,191.000000,191.000000,191.000000,2000
2017-12-13,193.750000,204.750000,193.750000,203.000000,203.000000,1600
2017-12-14,205.000000,208.500000,194.500000,200.250000,200.250000,1600
2017-12-15,202.500000,202.500000,187.500000,196.500000,196.500000,1200
2017-12-18,199.750000,202.050003,199.500000,200.000000,200.000000,800
2017-12-19,200.000000,202.300003,186.500000,196.500000,196.500000,700
2017-12-20,196.000000,202.500000,193.350006,199.500000,199.500000,1400
2017-12-21,199.250000,204.500000,196.500000,196.750000,196.750000,2100
2017-12-22,198.250000,205.750000,196.000000,203.250000,203.250000,1000
2017-12-26,204.500000,204.500000,196.500000,197.250000,197.250000,1700
2017-12-27,194.750000,200.750000,194.750000,198.500000,198.500000,1300
2017-12-28,199.000000,200.250000,196.250000,197.500000,197.500000,1300
2017-12-29,198.750000,200.750000,194.024994,198.625000,198.625000,1500
2018-01-02,198.000000,204.500000,186.250000,196.250000,196.250000,2800
2018-01-03,196.250000,198.750000,188.750000,198.000000,198.000000,1400
2018-01-04,199.000000,201.875000,198.000000,200.625000,200.625000,1300
2018-01-05,198.750000,211.500000,198.750000,203.750000,203.750000,2500
2018-01-08,201.024994,201.500000,194.250000,198.000000,198.000000,1200
2018-01-09,197.000000,197.000000,185.750000,187.250000,187.250000,1700
2018-01-10,188.500000,191.750000,175.000000,191.500000,191.500000,3600
2018-01-11,191.000000,193.750000,181.000000,186.000000,186.000000,2200
2018-01-12,183.824997,188.000000,182.600006,188.000000,188.000000,200
2018-01-16,183.750000,185.000000,165.500000,171.750000,171.750000,3200
2018-01-17,175.250000,196.750000,165.250000,184.250000,184.250000,2100
2018-01-18,188.250000,198.000000,187.500000,198.000000,198.000000,1100
2018-01-19,197.500000,213.750000,195.000000,204.250000,204.250000,2100
2018-01-22,205.500000,245.250000,205.500000,244.000000,244.000000,2600
2018-01-23,238.750000,239.000000,220.000000,224.500000,224.500000,3100
2018-01-24,232.250000,248.750000,226.500000,240.000000,240.000000,3000
2018-01-25,247.500000,269.750000,240.000000,256.250000,256.250000,5000
2018-01-26,271.750000,271.750000,245.800003,252.500000,252.500000,5500
2018-01-29,254.750000,270.000000,254.750000,261.000000,261.000000,3300
2018-01-30,259.500000,265.750000,254.750000,257.250000,257.250000,700
2018-01-31,259.750000,259.750000,245.750000,245.750000,245.750000,1900
2018-02-01,249.250000,253.225006,239.000000,242.250000,242.250000,1200
2018-02-02,249.500000,250.000000,237.250000,239.500000,239.500000,1800
2018-02-05,234.750000,239.500000,218.750000,221.000000,221.000000,1400
2018-02-06,218.000000,232.500000,208.750000,220.250000,220.250000,2000
2018-02-07,218.500000,225.750000,213.750000,215.750000,215.750000,2300
2018-02-08,180.000000,181.000000,154.024994,156.000000,156.000000,69800
2018-02-09,166.750000,168.000000,154.500000,159.500000,159.500000,11600
2018-02-12,161.000000,161.225006,151.750000,156.500000,156.500000,8400
2018-02-13,160.000000,160.750000,154.000000,155.000000,155.000000,5400
2018-02-14,153.750000,173.250000,152.500000,168.750000,168.750000,14000
2018-02-15,170.000000,170.000000,162.750000,165.500000,165.500000,3000
2018-02-16,166.000000,168.000000,160.000000,165.000000,165.000000,3500
2018-02-20,165.000000,177.500000,165.000000,173.750000,173.750000,13100
2018-02-21,173.500000,175.750000,165.250000,167.000000,167.000000,9600
2018-02-22,168.750000,176.000000,165.250000,169.750000,169.750000,5000
2018-02-23,171.500000,171.500000,161.250000,166.500000,166.500000,7900
2018-02-26,167.850006,172.250000,163.024994,170.500000,170.500000,3700
2018-02-27,173.250000,175.375000,165.750000,169.250000,169.250000,2700
2018-02-28,169.750000,174.000000,162.500000,169.750000,169.750000,2300
2018-03-01,170.250000,175.750000,163.000000,175.000000,175.000000,4000
2018-03-02,173.000000,185.250000,165.500000,176.000000,176.000000,4600
2018-03-05,177.500000,192.750000,172.000000,189.500000,189.500000,7800
2018-03-06,191.250000,195.425003,183.250000,187.000000,187.000000,6200
2018-03-07,187.500000,206.250000,187.500000,206.250000,206.250000,6900
2018-03-08,202.500000,208.500000,191.250000,194.250000,194.250000,7000
2018-03-09,195.500000,198.500000,191.250000,192.750000,192.750000,4400
2018-03-12,193.750000,193.750000,187.000000,189.750000,189.750000,4400
2018-03-13,191.750000,194.500000,187.000000,187.250000,187.250000,3400
2018-03-14,190.250000,190.250000,176.250000,180.750000,180.750000,3900
2018-03-15,183.000000,184.000000,173.750000,176.500000,176.500000,3700
2018-03-16,170.500000,188.350006,163.750000,181.750000,181.750000,10400
2018-03-19,180.250000,180.250000,170.000000,175.250000,175.250000,9500
2018-03-20,175.000000,179.750000,173.000000,177.000000,177.000000,2900
2018-03-21,176.000000,184.250000,173.750000,179.000000,179.000000,1600
2018-03-22,177.750000,180.250000,171.000000,175.750000,175.750000,1700
2018-03-23,175.000000,175.500000,171.750000,173.250000,173.250000,1600
2018-03-26,176.000000,176.000000,160.524994,170.000000,170.000000,3400
2018-03-27,169.250000,169.250000,158.000000,159.250000,159.250000,3300
2018-03-28,156.750000,162.000000,153.100006,158.250000,158.250000,2600
2018-03-29,157.750000,168.500000,157.500000,162.750000,162.750000,2200
2018-04-02,161.500000,161.500000,146.800003,156.250000,156.250000,4500
2018-04-03,157.250000,168.750000,152.625000,165.750000,165.750000,2500
2018-04-04,156.000000,164.750000,156.000000,161.000000,161.000000,1400
2018-04-05,164.000000,164.000000,155.000000,157.500000,157.500000,800
2018-04-06,156.000000,156.500000,149.500000,152.250000,152.250000,1300
2018-04-09,155.000000,159.750000,149.750000,150.500000,150.500000,1200
2018-04-10,150.500000,162.250000,149.774994,162.000000,162.000000,2300
2018-04-11,150.000000,163.500000,149.750000,153.000000,153.000000,1800
2018-04-12,154.000000,155.500000,147.000000,148.250000,148.250000,3400
2018-04-13,148.250000,148.449997,138.750000,147.500000,147.500000,4800
2018-04-16,148.250000,148.250000,139.000000,142.500000,142.500000,1500
2018-04-17,141.500000,148.250000,140.000000,145.750000,145.750000,2300
2018-04-18,146.000000,156.000000,145.500000,154.750000,154.750000,1900
2018-04-19,158.500000,158.500000,143.250000,148.250000,148.250000,2800
2018-04-20,145.500000,148.500000,144.750000,146.500000,146.500000,1000
2018-04-23,147.500000,147.500000,140.000000,141.250000,141.250000,1100
2018-04-24,140.750000,143.750000,138.000000,140.750000,140.750000,1600
2018-04-25,140.250000,144.125000,138.000000,143.750000,143.750000,1900
2018-04-26,142.250000,150.000000,140.375000,148.750000,148.750000,2000
2018-04-27,148.750000,148.750000,140.800003,145.750000,145.750000,700
2018-04-30,139.000000,144.500000,136.750000,136.750000,136.750000,1800
2018-05-01,136.250000,139.250000,133.750000,139.000000,139.000000,900
2018-05-02,139.500000,139.750000,132.250000,133.750000,133.750000,2500
2018-05-03,135.000000,135.000000,128.000000,129.250000,129.250000,2300
2018-05-04,128.750000,131.500000,122.500000,129.250000,129.250000,3800
2018-05-07,128.750000,130.750000,118.750000,124.250000,124.250000,4300
2018-05-08,122.750000,127.000000,119.500000,125.000000,125.000000,1000
2018-05-09,121.250000,142.500000,121.250000,131.000000,131.000000,4400
2018-05-10,133.000000,133.500000,125.500000,126.000000,126.000000,2100
2018-05-11,126.125000,129.750000,126.000000,127.250000,127.250000,1100
2018-05-14,125.000000,154.725006,124.750000,143.000000,143.000000,7400
2018-05-15,141.000000,145.750000,125.000000,138.750000,138.750000,1500
2018-05-16,163.500000,192.500000,152.750000,158.250000,158.250000,56500
2018-05-17,160.250000,162.500000,148.750000,159.250000,159.250000,12200
2018-05-18,159.250000,161.750000,155.000000,157.000000,157.000000,3000
2018-05-21,159.000000,159.000000,147.750000,154.500000,154.500000,5400
2018-05-22,154.250000,155.500000,148.500000,150.750000,150.750000,5200
2018-05-23,147.500000,154.000000,143.750000,152.000000,152.000000,5600
2018-05-24,151.750000,154.500000,146.500000,152.000000,152.000000,2100
2018-05-25,150.750000,161.000000,148.250000,158.750000,158.750000,2700
2018-05-29,158.000000,161.500000,153.000000,159.000000,159.000000,3600
2018-05-30,160.500000,160.500000,146.250000,148.750000,148.750000,7000
2018-05-31,150.000000,157.500000,146.250000,155.000000,155.000000,4500
2018-06-01,156.000000,173.250000,153.500000,168.000000,168.000000,12600
2018-06-04,168.500000,186.500000,168.500000,178.000000,178.000000,10700
2018-06-05,178.750000,187.250000,175.500000,178.000000,178.000000,7300
2018-06-06,178.750000,182.500000,171.024994,179.000000,179.000000,4700
2018-06-07,178.500000,181.250000,171.000000,173.750000,173.750000,3100
2018-06-08,174.000000,183.475006,172.500000,177.750000,177.750000,3700
2018-06-11,178.750000,183.250000,161.750000,163.000000,163.000000,7500
2018-06-12,164.000000,182.250000,163.000000,180.500000,180.500000,5900
2018-06-13,182.500000,189.000000,170.750000,180.750000,180.750000,8300
2018-06-14,180.750000,190.750000,179.250000,185.000000,185.000000,9200
2018-06-15,184.250000,187.250000,176.000000,181.500000,181.500000,4000
2018-06-18,182.500000,183.500000,175.000000,182.250000,182.250000,2900
2018-06-19,181.250000,186.750000,173.225006,182.000000,182.000000,8200
2018-06-20,175.250000,183.750000,175.250000,179.500000,179.500000,7400
2018-06-21,181.250000,181.250000,156.750000,157.250000,157.250000,13300
2018-06-22,155.250000,160.000000,131.000000,143.750000,143.750000,15400
2018-06-25,143.750000,157.750000,139.500000,148.500000,148.500000,10700
2018-06-26,150.250000,154.274994,132.000000,136.000000,136.000000,7900
2018-06-27,135.500000,140.449997,133.500000,138.000000,138.000000,5800
2018-06-28,136.500000,136.500000,125.500000,131.000000,131.000000,58300
2018-06-29,275.750000,285.750000,229.500000,254.750000,254.750000,448900
2018-07-02,245.250000,247.500000,205.500000,209.000000,209.000000,54400
2018-07-03,208.500000,210.750000,191.250000,199.250000,199.250000,23700
2018-07-05,201.750000,214.500000,200.250000,210.500000,210.500000,22000
2018-07-06,212.000000,213.375000,200.750000,202.250000,202.250000,12700
2018-07-09,202.500000,205.824997,192.875000,196.250000,196.250000,9600
2018-07-10,196.250000,204.500000,191.250000,194.250000,194.250000,8100
2018-07-11,194.000000,196.675003,184.500000,186.500000,186.500000,6200
2018-07-12,188.750000,198.750000,182.750000,196.750000,196.750000,8200
2018-07-13,198.000000,210.500000,198.000000,200.250000,200.250000,13200
2018-07-16,202.750000,202.750000,178.750000,181.500000,181.500000,19300
2018-07-17,181.500000,194.750000,181.500000,194.750000,194.750000,10300
2018-07-18,193.250000,206.750000,188.750000,196.500000,196.500000,15500
2018-07-19,196.250000,204.250000,195.750000,197.750000,197.750000,9100
2018-07-20,196.750000,206.250000,196.000000,196.750000,196.750000,9300
2018-07-23,198.000000,198.000000,190.000000,194.750000,194.750000,6600
2018-07-24,192.250000,197.000000,181.500000,184.250000,184.250000,8900
2018-07-25,183.250000,189.975006,183.250000,186.250000,186.250000,6000
2018-07-26,187.500000,194.000000,182.500000,189.500000,189.500000,6700
2018-07-27,194.000000,198.250000,176.500000,178.250000,178.250000,21200
2018-07-30,178.250000,188.500000,175.500000,186.750000,186.750000,7400
2018-07-31,188.500000,188.750000,175.000000,183.000000,183.000000,6600
2018-08-01,181.750000,193.500000,181.750000,186.750000,186.750000,5300
2018-08-02,187.000000,189.250000,183.750000,187.250000,187.250000,2900
2018-08-03,186.250000,189.750000,181.250000,187.750000,187.750000,3700
2018-08-06,188.750000,190.500000,181.750000,183.500000,183.500000,9700
2018-08-07,120.250000,122.000000,77.500000,90.750000,90.750000,141200
2018-08-08,88.250000,88.750000,81.250000,83.750000,83.750000,27300
2018-08-09,84.500000,85.250000,80.250000,81.750000,81.750000,15300
2018-08-10,25.750000,48.250000,20.799999,45.000000,45.000000,615800
2018-08-13,40.250000,47.250000,38.000000,41.500000,41.500000,92000
2018-08-14,43.250000,44.500000,36.750000,38.750000,38.750000,56400
2018-08-15,38.250000,38.500000,33.250000,34.000000,34.000000,36300
2018-08-16,34.000000,39.000000,34.000000,35.250000,35.250000,39000
2018-08-17,35.250000,41.250000,34.250000,41.250000,41.250000,51700
2018-08-20,41.500000,42.500000,38.750000,39.250000,39.250000,19100
2018-08-21,39.000000,39.750000,37.500000,38.500000,38.500000,13300
2018-08-22,38.500000,40.575001,38.000000,38.750000,38.750000,14900
2018-08-23,39.250000,39.275002,35.500000,37.500000,37.500000,14100
2018-08-24,37.500000,37.974998,35.750000,36.000000,36.000000,6600
2018-08-27,36.500000,37.500000,34.250000,34.500000,34.500000,15500
2018-08-28,35.000000,36.250000,33.750000,35.500000,35.500000,11200
2018-08-29,36.000000,37.750000,35.000000,36.250000,36.250000,12300
2018-08-30,36.000000,37.500000,34.250000,36.000000,36.000000,13000
2018-08-31,36.000000,36.000000,34.250000,35.000000,35.000000,5700
2018-09-04,35.750000,35.750000,33.750000,34.250000,34.250000,7200
2018-09-05,34.500000,39.250000,34.150002,39.250000,39.250000,31000
2018-09-06,39.250000,57.750000,36.000000,55.750000,55.750000,203800
2018-09-07,51.500000,66.250000,47.500000,50.250000,50.250000,335000
2018-09-10,50.000000,60.000000,49.000000,52.750000,52.750000,85300
2018-09-11,52.750000,52.750000,45.000000,47.500000,47.500000,40300
2018-09-12,47.500000,48.250000,44.750000,48.000000,48.000000,14700
2018-09-13,48.500000,58.750000,47.525002,53.750000,53.750000,66500
2018-09-14,53.250000,61.500000,49.500000,54.250000,54.250000,70100
2018-09-17,53.750000,58.750000,53.250000,55.000000,55.000000,17800
2018-09-18,55.000000,56.750000,52.000000,56.250000,56.250000,17700
2018-09-19,56.250000,61.250000,54.250000,57.750000,57.750000,48700
2018-09-20,58.250000,63.000000,56.500000,57.000000,57.000000,29600
2018-09-21,57.250000,60.250000,52.750000,59.750000,59.750000,38200
2018-09-24,59.000000,60.750000,56.049999,57.250000,57.250000,16500
2018-09-25,50.500000,56.000000,50.000000,55.500000,55.500000,15500
2018-09-26,55.500000,56.250000,53.750000,55.500000,55.500000,7400
2018-09-27,55.500000,56.000000,53.500000,53.750000,53.750000,11600
2018-09-28,53.250000,54.674999,51.000000,51.500000,51.500000,6800
2018-10-01,52.500000,52.500000,48.000000,51.500000,51.500000,5600
2018-10-02,51.250000,52.500000,49.000000,49.500000,49.500000,5800
2018-10-03,49.500000,52.250000,49.000000,49.500000,49.500000,6100
2018-10-04,50.000000,51.750000,44.125000,46.000000,46.000000,11500
2018-10-05,45.250000,48.250000,45.000000,47.500000,47.500000,6800
2018-10-08,51.250000,56.250000,47.500000,53.500000,53.500000,21000
2018-10-09,54.000000,54.500000,50.750000,51.500000,51.500000,6000
2018-10-10,51.250000,53.250000,45.000000,47.000000,47.000000,9400
2018-10-11,45.500000,46.250000,44.250000,44.500000,44.500000,5900
2018-10-12,45.250000,46.500000,42.750000,44.250000,44.250000,4100
2018-10-15,42.000000,45.000000,40.250000,40.500000,40.500000,9100
2018-10-16,40.250000,43.500000,39.250000,42.250000,42.250000,12600
2018-10-17,42.250000,43.750000,39.750000,41.000000,41.000000,3400
2018-10-18,40.849998,41.500000,37.750000,38.500000,38.500000,5800
2018-10-19,38.250000,40.750000,35.500000,35.750000,35.750000,10900
2018-10-22,33.250000,35.250000,29.250000,34.750000,34.750000,35700
2018-10-23,34.000000,35.250000,31.750000,33.500000,33.500000,7200
2018-10-24,33.750000,35.625000,32.000000,33.500000,33.500000,6600
2018-10-25,33.250000,34.000000,31.500000,32.250000,32.250000,6300
2018-10-26,32.250000,33.000000,31.250000,32.500000,32.500000,3000
2018-10-29,33.250000,33.750000,30.500000,31.250000,31.250000,3200
2018-10-30,31.250000,33.250000,30.500000,31.000000,31.000000,4100
2018-10-31,31.000000,31.500000,30.000000,30.500000,30.500000,2600
2018-11-01,30.250000,33.000000,30.250000,31.750000,31.750000,3500
2018-11-02,32.000000,35.750000,31.250000,33.750000,33.750000,11200
2018-11-05,34.500000,40.000000,34.250000,35.000000,35.000000,10100
2018-11-06,34.500000,35.750000,32.674999,33.500000,33.500000,2400
2018-11-07,35.750000,39.500000,33.275002,35.250000,35.250000,3900
2018-11-08,33.049999,35.825001,33.000000,33.750000,33.750000,800
2018-11-09,33.500000,33.625000,31.750000,31.750000,31.750000,2600
2018-11-12,31.750000,32.950001,30.000000,30.250000,30.250000,2700
2018-11-13,30.500000,30.750000,30.000000,30.250000,30.250000,1600
2018-11-14,30.750000,35.000000,30.250000,31.000000,31.000000,4300
2018-11-15,31.000000,33.599998,30.750000,32.250000,32.250000,2400
2018-11-16,31.525000,32.250000,28.225000,29.750000,29.750000,3000
2018-11-19,30.000000,33.750000,26.750000,28.750000,28.750000,4700
2018-11-20,26.750000,28.250000,26.750000,27.250000,27.250000,2900
2018-11-21,27.750000,30.250000,27.500000,29.500000,29.500000,1800
2018-11-23,29.250000,33.500000,28.775000,30.000000,30.000000,2300
2018-11-26,30.250000,32.275002,28.500000,29.250000,29.250000,2900
2018-11-27,31.250000,31.250000,28.750000,30.500000,30.500000,3800
2018-11-28,30.500000,31.250000,29.000000,29.750000,29.750000,1300
2018-11-29,29.250000,31.250000,28.250000,29.250000,29.250000,1700
2018-11-30,29.000000,30.750000,28.250000,29.250000,29.250000,1000
2018-12-03,30.750000,33.500000,28.000000,29.000000,29.000000,13800
2018-12-04,28.750000,37.250000,28.000000,30.250000,30.250000,35000
2018-12-06,30.000000,30.500000,27.750000,28.000000,28.000000,10200
2018-12-07,27.750000,28.850000,27.750000,28.000000,28.000000,2200
2018-12-10,27.750000,28.025000,25.275000,26.500000,26.500000,3300
2018-12-11,26.750000,27.250000,25.000000,25.875000,25.875000,3600
2018-12-12,25.750000,27.500000,24.250000,24.750000,24.750000,2800
2018-12-13,25.375000,25.500000,21.750000,22.500000,22.500000,6100
2018-12-14,22.500000,24.750000,21.950001,22.500000,22.500000,3300
2018-12-17,22.000000,22.500000,21.250000,21.250000,21.250000,4200
2018-12-18,21.250000,22.325001,18.049999,19.049999,19.049999,14800
2018-12-19,19.250000,20.000000,17.500000,18.250000,18.250000,4300
2018-12-20,18.250000,18.750000,17.250000,17.975000,17.975000,2200
2018-12-21,18.750000,19.200001,14.550000,14.950000,14.950000,8100
2018-12-24,16.250000,16.900000,14.250000,14.750000,14.750000,2800
2018-12-26,15.000000,19.174999,15.000000,15.375000,15.375000,9800
2018-12-27,16.000000,16.250000,14.750000,15.375000,15.375000,3800
2018-12-28,15.000000,20.150000,15.000000,19.225000,19.225000,8700
2018-12-31,17.775000,20.250000,17.775000,20.250000,20.250000,3500
2019-01-02,18.500000,21.125000,18.500000,20.250000,20.250000,1900
2019-01-03,20.500000,21.375000,20.000000,20.500000,20.500000,900
2019-01-04,21.500000,22.500000,17.875000,20.875000,20.875000,2100
2019-01-07,22.250000,22.500000,21.250000,21.750000,21.750000,3200
2019-01-08,22.500000,23.750000,21.000000,22.200001,22.200001,3800
2019-01-09,22.750000,22.750000,17.850000,22.174999,22.174999,3000
2019-01-10,22.500000,22.625000,18.825001,21.549999,21.549999,1800
2019-01-11,20.750000,22.750000,18.825001,22.250000,22.250000,1700
2019-01-14,22.700001,22.750000,20.250000,22.500000,22.500000,900
2019-01-15,22.500000,28.750000,21.850000,25.750000,25.750000,10400
2019-01-16,26.250000,27.000000,25.000000,26.250000,26.250000,2600
2019-01-17,26.000000,26.500000,24.625000,25.000000,25.000000,2000
2019-01-18,26.250000,26.250000,23.750000,25.150000,25.150000,3600
2019-01-22,25.000000,28.000000,24.575001,27.000000,27.000000,7000
2019-01-23,28.250000,28.750000,24.750000,27.500000,27.500000,3700
2019-01-24,27.500000,27.500000,25.950001,26.625000,26.625000,400
2019-01-25,26.750000,27.250000,26.250000,26.750000,26.750000,700
2019-01-28,26.500000,26.750000,25.500000,26.075001,26.075001,1300
2019-01-29,25.750000,27.000000,25.500000,25.500000,25.500000,900
2019-01-30,25.000000,26.500000,24.750000,24.750000,24.750000,1200
2019-01-31,25.750000,27.000000,25.750000,26.750000,26.750000,900
2019-02-01,26.750000,26.750000,23.000000,25.250000,25.250000,2700
2019-02-04,25.500000,27.750000,25.250000,26.750000,26.750000,7900
2019-02-05,26.500000,27.500000,26.500000,27.000000,27.000000,1700
2019-02-06,27.000000,27.575001,26.750000,27.000000,27.000000,1500
2019-02-07,27.000000,35.000000,26.375000,31.750000,31.750000,14900
2019-02-08,27.750000,29.250000,26.375000,26.500000,26.500000,4000
2019-02-11,26.750000,29.750000,25.750000,28.500000,28.500000,4000
2019-02-12,29.000000,29.475000,27.500000,27.750000,27.750000,1800
2019-02-13,28.600000,28.750000,27.750000,28.000000,28.000000,1300
2019-02-14,27.750000,28.750000,27.500000,27.750000,27.750000,1300
2019-02-15,28.250000,29.000000,26.250000,28.500000,28.500000,1000
2019-02-19,30.250000,30.250000,28.250000,29.250000,29.250000,1900
2019-02-20,29.500000,29.500000,28.375000,28.750000,28.750000,500
2019-02-21,28.500000,29.000000,27.000000,29.000000,29.000000,1000
2019-02-22,28.500000,30.250000,27.500000,29.500000,29.500000,2000
2019-02-25,29.500000,31.250000,28.750000,30.000000,30.000000,900
2019-02-26,29.500000,32.250000,29.250000,30.750000,30.750000,1300
2019-02-27,31.000000,36.250000,31.000000,32.424999,32.424999,2600
2019-02-28,32.500000,34.750000,32.500000,33.000000,33.000000,2500
2019-03-01,33.000000,33.625000,31.750000,32.500000,32.500000,1700
2019-03-04,32.500000,36.075001,32.500000,34.750000,34.750000,2300
2019-03-05,34.500000,35.450001,33.000000,33.000000,33.000000,1100
2019-03-06,34.250000,37.125000,33.750000,35.000000,35.000000,6000
2019-03-07,35.250000,35.750000,33.250000,35.750000,35.750000,2500
2019-03-08,36.750000,36.750000,31.000000,32.000000,32.000000,3400
2019-03-11,32.500000,32.750000,31.000000,31.250000,31.250000,2700
2019-03-12,31.500000,33.250000,30.000000,30.250000,30.250000,18900
2019-03-13,30.750000,30.750000,27.750000,28.500000,28.500000,7100
2019-03-14,28.000000,28.750000,27.000000,27.250000,27.250000,4700
2019-03-15,28.000000,30.250000,27.250000,28.500000,28.500000,4500
2019-03-18,28.750000,29.500000,27.500000,28.000000,28.000000,2900
2019-03-19,28.750000,30.500000,27.500000,29.750000,29.750000,4900
2019-03-20,29.500000,33.250000,29.500000,31.750000,31.750000,3400
2019-03-21,31.250000,32.000000,30.000000,31.250000,31.250000,2300
2019-03-22,31.750000,32.000000,30.000000,30.025000,30.025000,1500
2019-03-25,30.250000,30.250000,28.625000,29.000000,29.000000,900
2019-03-26,29.000000,30.000000,27.750000,29.250000,29.250000,1400
2019-03-27,28.750000,29.850000,27.750000,28.250000,28.250000,500
2019-03-28,28.750000,30.000000,27.775000,28.900000,28.900000,800
2019-03-29,29.500000,30.000000,28.750000,28.750000,28.750000,1200
2019-04-01,29.000000,30.000000,29.000000,29.700001,29.700001,800
2019-04-02,29.500000,32.500000,29.500000,32.500000,32.500000,3600
2019-04-03,32.500000,35.750000,30.750000,33.000000,33.000000,5400
2019-04-04,33.500000,35.474998,32.775002,33.750000,33.750000,1000
2019-04-05,33.750000,35.000000,32.750000,33.750000,33.750000,800
2019-04-08,33.750000,34.000000,33.349998,33.750000,33.750000,300
2019-04-09,34.250000,35.000000,32.750000,32.750000,32.750000,1100
2019-04-10,33.250000,34.174999,32.750000,33.000000,33.000000,1100
2019-04-11,33.125000,33.500000,32.250000,33.000000,33.000000,1000
2019-04-12,32.750000,33.000000,31.250000,32.500000,32.500000,700
2019-04-15,32.500000,32.750000,30.750000,30.750000,30.750000,700
2019-04-16,31.750000,34.250000,31.500000,33.250000,33.250000,900
2019-04-17,33.325001,34.000000,31.500000,32.500000,32.500000,500
2019-04-18,32.000000,33.750000,31.674999,31.750000,31.750000,800
2019-04-22,32.500000,33.250000,31.500000,33.125000,33.125000,1700
2019-04-23,32.500000,33.000000,30.250000,32.500000,32.500000,400
2019-04-24,31.750000,32.500000,30.250000,30.500000,30.500000,1100
2019-04-25,30.750000,32.500000,30.750000,32.500000,32.500000,400
2019-04-26,32.825001,33.000000,30.500000,32.750000,32.750000,1400
2019-04-29,31.250000,33.000000,30.500000,31.950001,31.950001,1000
2019-04-30,31.025000,32.025002,30.750000,31.000000,31.000000,1000
2019-05-01,31.500000,31.750000,30.250000,31.000000,31.000000,2200
2019-05-02,31.000000,31.674999,30.250000,30.250000,30.250000,200
2019-05-03,30.750000,32.000000,30.500000,31.750000,31.750000,400
2019-05-06,31.500000,32.250000,30.500000,31.000000,31.000000,1000
2019-05-07,31.000000,32.250000,31.000000,31.500000,31.500000,600
2019-05-08,31.100000,31.500000,30.250000,30.250000,30.250000,500
2019-05-09,30.000000,33.750000,28.900000,30.500000,30.500000,1600
2019-05-10,29.500000,29.500000,25.000000,26.250000,26.250000,5100
2019-05-13,26.250000,29.100000,25.500000,27.000000,27.000000,3300
2019-05-14,27.250000,28.975000,25.775000,28.000000,28.000000,800
2019-05-15,28.500000,30.000000,28.500000,29.500000,29.500000,600
2019-05-16,30.500000,30.500000,28.000000,28.625000,28.625000,400
2019-05-17,28.750000,28.750000,27.250000,27.500000,27.500000,500
2019-05-20,27.250000,28.000000,26.025000,27.875000,27.875000,800
2019-05-21,29.000000,29.000000,27.750000,27.875000,27.875000,900
2019-05-22,26.500000,28.500000,25.000000,25.750000,25.750000,900
2019-05-23,26.500000,28.250000,25.500000,26.000000,26.000000,800
2019-05-24,26.000000,27.500000,25.750000,26.000000,26.000000,200
2019-05-28,25.250000,26.500000,25.000000,25.250000,25.250000,500
2019-05-29,25.500000,26.250000,22.500000,23.250000,23.250000,2400
2019-05-30,22.500000,22.575001,18.025000,19.424999,19.424999,4200
2019-05-31,18.025000,22.250000,18.025000,21.000000,21.000000,700
2019-06-03,22.500000,22.500000,20.500000,21.750000,21.750000,600
2019-06-04,22.250000,26.000000,22.000000,25.500000,25.500000,2000
2019-06-05,23.250000,24.500000,23.250000,23.750000,23.750000,1000
2019-06-06,24.250000,24.650000,23.250000,23.250000,23.250000,700
2019-06-07,23.250000,23.250000,20.000000,21.225000,21.225000,1400
2019-06-10,21.250000,21.750000,20.000000,20.225000,20.225000,1700
2019-06-11,20.375000,24.250000,20.375000,23.250000,23.250000,1800
2019-06-12,23.250000,24.150000,20.799999,22.950001,22.950001,600
2019-06-13,24.100000,24.100000,21.500000,23.000000,23.000000,600
2019-06-14,23.250000,24.000000,21.850000,22.225000,22.225000,400
2019-06-17,23.750000,24.000000,21.250000,23.750000,23.750000,500
2019-06-18,23.975000,24.250000,22.750000,23.174999,23.174999,700
2019-06-19,22.750000,24.250000,22.750000,24.000000,24.000000,600
2019-06-20,22.500000,24.250000,22.000000,22.750000,22.750000,2800
2019-06-21,24.000000,24.000000,21.750000,22.625000,22.625000,1000
2019-06-24,23.750000,23.750000,22.750000,23.250000,23.250000,1800
2019-06-25,24.125000,36.224998,23.750000,30.125000,30.125000,30000
2019-06-26,26.000000,28.200001,21.750000,23.750000,23.750000,61700
2019-06-27,23.750000,23.750000,20.000000,20.000000,20.000000,15900
2019-06-28,21.000000,22.500000,20.250000,20.250000,20.250000,8900
2019-07-01,21.275000,21.350000,20.000000,20.150000,20.150000,3800
2019-07-02,20.500000,20.500000,20.000000,20.000000,20.000000,74000
2019-07-03,20.000000,20.000000,19.150000,19.500000,19.500000,49700
2019-07-05,19.799999,19.799999,18.150000,19.000000,19.000000,55500
2019-07-08,18.775000,20.000000,18.775000,19.350000,19.350000,25300
2019-07-09,19.750000,19.750000,18.225000,19.000000,19.000000,67600
2019-07-10,19.250000,19.250000,16.525000,17.750000,17.750000,99300
2019-07-11,17.750000,18.750000,17.750000,18.750000,18.750000,69400
2019-07-12,18.775000,18.775000,17.775000,18.000000,18.000000,27500
2019-07-15,17.250000,19.000000,17.250000,17.750000,17.750000,44700
2019-07-16,18.500000,19.750000,17.500000,19.500000,19.500000,27100
2019-07-17,19.500000,19.500000,17.500000,17.700001,17.700001,13900
2019-07-18,18.000000,18.700001,18.000000,18.250000,18.250000,26000
2019-07-19,18.250000,18.500000,17.500000,18.500000,18.500000,13500
2019-07-22,18.500000,18.500000,17.500000,17.750000,17.750000,29700
2019-07-23,17.750000,18.500000,17.750000,18.000000,18.000000,32400
2019-07-24,19.500000,19.500000,17.500000,18.000000,18.000000,227700
2019-07-25,27.500000,27.750000,20.000000,23.125000,23.125000,8508800
2019-07-26,23.375000,23.475000,18.250000,20.500000,20.500000,891700
2019-07-29,20.000000,20.000000,16.825001,16.825001,16.825001,566300
2019-07-30,17.075001,17.475000,15.025000,15.625000,15.625000,305400
2019-07-31,16.250000,16.799999,15.175000,15.775000,15.775000,136900
2019-08-01,16.250000,17.375000,15.500000,16.299999,16.299999,152700
2019-08-02,16.750000,16.750000,15.000000,15.250000,15.250000,172400
2019-08-05,16.000000,16.600000,15.500000,16.174999,16.174999,179100
2019-08-06,15.825000,16.000000,14.250000,15.375000,15.375000,85500
2019-08-07,15.250000,16.000000,15.000000,15.250000,15.250000,85000
2019-08-08,15.350000,17.500000,15.000000,16.924999,16.924999,224500
2019-08-09,16.900000,16.900000,15.500000,16.875000,16.875000,127900
2019-08-12,16.900000,16.900000,14.825000,16.000000,16.000000,75000
2019-08-13,16.000000,16.250000,15.500000,15.975000,15.975000,49300
2019-08-14,16.000000,16.250000,15.525000,15.950000,15.950000,32300
2019-08-15,15.550000,15.550000,13.025000,14.150000,14.150000,173800
2019-08-16,14.000000,15.000000,13.750000,14.000000,14.000000,72700
2019-08-19,13.750000,15.000000,13.750000,14.025000,14.025000,59100
2019-08-20,13.750000,14.125000,13.325000,13.375000,13.375000,25500
2019-08-21,13.250000,14.450000,12.775000,14.250000,14.250000,48400
2019-08-22,14.250000,14.250000,13.750000,14.000000,14.000000,33100
2019-08-23,14.250000,15.000000,14.000000,14.125000,14.125000,17300
2019-08-26,14.750000,14.750000,13.250000,14.025000,14.025000,17700
2019-08-27,14.025000,14.025000,12.775000,12.825000,12.825000,46100
2019-08-28,13.250000,13.675000,12.800000,13.250000,13.250000,51700
2019-08-29,13.500000,13.750000,12.800000,12.800000,12.800000,31200
2019-08-30,12.825000,13.750000,12.825000,13.500000,13.500000,16300
2019-09-03,12.500000,13.750000,12.500000,12.500000,12.500000,47900
2019-09-04,13.000000,13.375000,12.750000,13.250000,13.250000,29400
2019-09-05,13.250000,13.350000,12.500000,12.750000,12.750000,24200
2019-09-06,13.250000,13.300000,12.300000,12.300000,12.300000,64900
2019-09-09,12.300000,12.500000,10.525000,11.525000,11.525000,161700
2019-09-10,10.750000,12.350000,10.550000,12.125000,12.125000,73100
2019-09-11,12.000000,12.125000,10.750000,10.750000,10.750000,191900
2019-09-12,11.000000,11.725000,10.950000,11.575000,11.575000,96200
2019-09-13,11.450000,11.700000,10.975000,11.450000,11.450000,32100
2019-09-16,11.250000,13.325000,11.125000,12.250000,12.250000,186300
2019-09-17,12.750000,14.225000,12.375000,13.375000,13.375000,164000
2019-09-18,14.000000,14.000000,12.500000,13.275000,13.275000,110800
2019-09-19,13.250000,14.000000,12.500000,13.250000,13.250000,66700
2019-09-20,13.000000,13.500000,12.250000,12.500000,12.500000,143700
2019-09-23,12.375000,12.500000,10.750000,12.475000,12.475000,87600
2019-09-24,12.450000,12.950000,11.500000,11.875000,11.875000,41300
2019-09-25,12.375000,12.375000,10.500000,11.700000,11.700000,81800
2019-09-26,10.975000,11.575000,9.250000,9.750000,9.750000,612500
2019-09-27,10.000000,10.250000,9.750000,9.800000,9.800000,60100
2019-09-30,9.875000,10.150000,9.400000,9.550000,9.550000,64000
2019-10-01,9.700000,10.250000,9.000000,9.000000,9.000000,150300
2019-10-02,9.225000,9.700000,8.750000,8.750000,8.750000,99200
2019-10-03,9.000000,9.975000,8.800000,9.175000,9.175000,263800
2019-10-04,9.075000,9.500000,8.750000,8.750000,8.750000,60900
2019-10-07,8.775000,9.200000,8.325000,8.375000,8.375000,112100
2019-10-08,8.375000,9.000000,8.375000,8.425000,8.425000,210200
2019-10-09,8.800000,9.225000,8.375000,8.725000,8.725000,83900
2019-10-10,8.925000,8.925000,7.100000,7.950000,7.950000,143400
2019-10-11,8.000000,9.000000,8.000000,8.500000,8.500000,48500
2019-10-14,8.500000,9.000000,8.250000,8.750000,8.750000,69100
2019-10-15,8.700000,9.200000,7.525000,8.250000,8.250000,100300
2019-10-16,8.500000,9.000000,8.375000,8.500000,8.500000,57800
2019-10-17,8.750000,9.000000,8.500000,8.775000,8.775000,45900
2019-10-18,9.075000,9.450000,8.875000,9.000000,9.000000,82000
2019-10-21,9.000000,9.400000,9.000000,9.025000,9.025000,39800
2019-10-22,9.400000,11.000000,9.350000,9.675000,9.675000,164100
2019-10-23,9.750000,10.125000,9.350000,9.425000,9.425000,61000
2019-10-24,9.650000,9.750000,9.000000,9.000000,9.000000,28300
2019-10-25,9.000000,9.725000,8.825000,9.200000,9.200000,102400
2019-10-28,9.250000,9.250000,8.825000,9.100000,9.100000,53300
2019-10-29,9.125000,9.375000,8.750000,8.900000,8.900000,65100
2019-10-30,8.525000,9.225000,8.500000,8.750000,8.750000,42100
2019-10-31,9.025000,9.500000,8.750000,9.125000,9.125000,26300
2019-11-01,9.025000,9.500000,8.875000,8.950000,8.950000,9700
2019-11-04,9.500000,9.500000,9.000000,9.450000,9.450000,55100
2019-11-05,9.275000,10.000000,9.275000,9.750000,9.750000,72900
2019-11-06,9.750000,10.025000,9.375000,9.525000,9.525000,67400
2019-11-07,9.500000,9.500000,8.525000,8.750000,8.750000,121100
2019-11-08,9.000000,9.200000,8.775000,9.050000,9.050000,35700
2019-11-11,8.750000,9.200000,8.750000,8.775000,8.775000,12100
2019-11-12,9.000000,9.200000,8.750000,9.000000,9.000000,46000
2019-11-13,8.900000,9.000000,8.025000,8.350000,8.350000,104200
2019-11-14,8.525000,8.825000,8.100000,8.150000,8.150000,28500
2019-11-15,8.750000,9.200000,8.700000,8.975000,8.975000,95700
2019-11-18,9.000000,9.125000,8.500000,8.625000,8.625000,55000
2019-11-19,8.900000,9.200000,8.550000,8.950000,8.950000,41700
2019-11-20,8.900000,8.950000,8.500000,8.600000,8.600000,92400
2019-11-21,8.500000,8.900000,8.500000,8.825000,8.825000,20600
2019-11-22,8.725000,9.600000,8.550000,9.475000,9.475000,324200
2019-11-25,9.600000,9.925000,9.250000,9.900000,9.900000,243400
2019-11-26,9.750000,10.375000,8.375000,8.625000,8.625000,799700
2019-11-27,8.450000,9.125000,8.450000,8.725000,8.725000,157000
2019-11-29,9.825000,9.825000,8.550000,8.975000,8.975000,120300
2019-12-02,8.575000,9.250000,8.500000,8.650000,8.650000,183000
2019-12-03,8.525000,9.675000,8.525000,8.750000,8.750000,124400
2019-12-04,8.975000,9.200000,8.250000,8.400000,8.400000,98500
2019-12-05,8.300000,8.625000,8.100000,8.325000,8.325000,73300
2019-12-06,8.500000,9.000000,5.950000,7.400000,7.400000,705500
2019-12-09,7.150000,7.200000,6.650000,6.825000,6.825000,146400
2019-12-10,6.750000,8.000000,6.750000,7.650000,7.650000,144400
2019-12-11,7.650000,7.950000,6.750000,7.500000,7.500000,119300
2019-12-12,7.500000,8.000000,6.875000,7.925000,7.925000,72600
2019-12-13,7.825000,7.925000,6.850000,7.325000,7.325000,56000
2019-12-16,7.750000,7.750000,6.300000,7.500000,7.500000,53200
2019-12-17,7.425000,7.875000,7.125000,7.275000,7.275000,61100
2019-12-18,7.875000,7.875000,6.875000,7.225000,7.225000,39200
2019-12-19,7.475000,7.750000,6.725000,7.225000,7.225000,76800
2019-12-20,7.500000,7.500000,6.900000,7.500000,7.500000,100800
2019-12-23,7.500000,8.200000,7.250000,7.825000,7.825000,90800
2019-12-24,7.300000,7.825000,7.275000,7.500000,7.500000,25700
2019-12-26,8.250000,8.500000,7.250000,7.525000,7.525000,97300
2019-12-27,7.000000,8.000000,7.000000,7.525000,7.525000,49000
2019-12-30,7.700000,8.500000,7.250000,7.500000,7.500000,191100
2019-12-31,7.250000,11.430000,7.250000,8.750000,8.750000,13200
2020-01-02,9.150000,9.150000,7.210000,7.240000,7.240000,10300
2020-01-03,7.670000,7.670000,7.250000,7.500000,7.500000,3700
2020-01-06,7.490000,7.650000,7.350000,7.585000,7.585000,6100
2020-01-07,7.953000,8.844000,7.300000,7.909000,7.909000,11600
2020-01-08,7.970000,10.500000,7.880000,9.000000,9.000000,37600
2020-01-09,9.000000,9.400000,8.625000,9.233000,9.233000,10900
2020-01-10,9.190000,11.190000,9.190000,9.260000,9.260000,20800
2020-01-13,9.330000,9.735000,8.241000,8.390000,8.390000,10300
2020-01-14,8.490000,8.490000,7.510000,7.680000,7.680000,10400
2020-01-15,7.680000,8.464000,7.670000,7.780000,7.780000,13900
2020-01-16,7.550000,7.570000,7.281000,7.570000,7.570000,7000
2020-01-17,7.600000,8.913000,7.388000,8.090000,8.090000,18100
2020-01-21,8.010000,8.579000,7.880000,8.360000,8.360000,6900
2020-01-22,8.358000,8.358000,7.870000,8.190000,8.190000,7400
2020-01-23,8.139000,9.980000,8.139000,9.100000,9.100000,33300
2020-01-24,9.330000,9.330000,8.210000,8.210000,8.210000,9100
2020-01-27,8.100000,8.370000,7.950000,8.350000,8.350000,9500
2020-01-28,8.290000,8.290000,7.880000,8.190000,8.190000,10600
2020-01-29,8.290000,9.000000,8.070000,8.780000,8.780000,4300
2020-01-30,8.110000,8.515000,7.970000,8.515000,8.515000,3400
2020-01-31,8.510000,9.480000,8.294000,9.100000,9.100000,4500
2020-02-03,9.100000,11.250000,9.000000,9.750000,9.750000,22700
2020-02-04,9.880000,11.980000,9.260000,11.210000,11.210000,72100
2020-02-05,10.250000,11.720000,9.350000,10.780000,10.780000,33000
2020-02-06,10.680000,11.350000,10.530000,10.905000,10.905000,19500
2020-02-07,11.500000,15.925000,11.158000,12.790000,12.790000,86800
2020-02-10,12.290000,12.550000,11.078000,12.550000,12.550000,20800
2020-02-11,11.210000,17.000000,11.210000,14.700000,14.700000,45000
2020-02-12,15.260000,30.000000,15.260000,30.000000,30.000000,389800
2020-02-13,24.500000,26.450001,18.799999,23.500000,23.500000,134700
2020-02-14,21.360001,26.268000,21.000000,23.770000,23.770000,48300
2020-02-18,24.070000,24.070000,18.790001,18.860001,18.860001,52500
2020-02-19,18.350000,21.490000,18.010000,19.250000,19.250000,47200
2020-02-20,18.049999,18.915001,17.950001,18.180000,18.180000,27100
2020-02-21,17.760000,18.980000,17.665001,17.860001,17.860001,14800
2020-02-24,17.650000,17.650000,16.309999,17.510000,17.510000,16600
2020-02-25,17.350000,19.500000,17.030001,17.360001,17.360001,37600
2020-02-26,16.874001,18.790001,16.219999,17.030001,17.030001,29000
2020-02-27,16.760000,18.200001,16.320000,16.940001,16.940001,20700
2020-02-28,15.900000,17.659000,13.860000,15.400000,15.400000,35600
2020-03-02,15.100000,16.450001,14.000000,14.000000,14.000000,30600
2020-03-03,13.160000,16.299999,13.160000,13.330000,13.330000,17600
2020-03-04,13.530000,15.320000,13.253000,15.180000,15.180000,14900
2020-03-05,15.820000,16.240000,14.165000,16.000000,16.000000,15000
2020-03-06,15.770000,16.480000,15.001000,16.480000,16.480000,17100
2020-03-09,13.200000,15.990000,13.200000,15.140000,15.140000,12200
2020-03-10,15.630000,15.939000,13.550000,14.500000,14.500000,25900
2020-03-11,13.660000,14.935000,12.500000,12.500000,12.500000,19000
2020-03-12,12.300000,12.300000,8.750000,9.100000,9.100000,18800
2020-03-13,9.540000,9.800000,8.000000,9.460000,9.460000,14800
2020-03-16,8.990000,9.280000,8.190000,8.490000,8.490000,7900
2020-03-17,8.267000,9.810000,8.164000,8.710000,8.710000,5500
2020-03-18,8.090000,8.630000,7.710000,8.110000,8.110000,11000
2020-03-19,8.110000,8.910000,7.330000,8.610000,8.610000,4700
2020-03-20,9.390000,9.430000,8.490000,8.910000,8.910000,6000
2020-03-23,8.910000,9.740000,8.760000,8.970000,8.970000,8800
2020-03-24,9.220000,10.970000,9.220000,10.970000,10.970000,10200
2020-03-25,11.620000,12.490000,10.050000,11.650000,11.650000,4400
2020-03-26,12.400000,14.490000,12.400000,14.160000,14.160000,8400
2020-03-27,14.500000,14.600000,14.178000,14.570000,14.570000,2900
2020-03-30,14.760000,14.940000,11.542000,12.930000,12.930000,4500
2020-03-31,12.510000,13.900000,10.671000,13.900000,13.900000,4900
2020-04-01,15.000000,15.000000,11.500000,11.500000,11.500000,5800
2020-04-02,12.840000,15.000000,12.840000,14.270000,14.270000,6300
2020-04-03,14.010000,16.240000,14.010000,15.800000,15.800000,11900
2020-04-06,17.000000,19.000000,15.300000,18.040001,18.040001,16800
2020-04-07,18.612000,21.000000,15.180000,21.000000,21.000000,15500
2020-04-08,23.070000,29.299999,21.687000,27.209999,27.209999,16700
2020-04-09,29.709999,29.709999,23.469999,28.860001,28.860001,13500
2020-04-13,28.000000,29.490000,28.000000,29.440001,29.440001,6800
2020-04-14,20.000000,20.860001,15.610000,16.700001,16.700001,153200
2020-04-15,16.799999,16.851999,15.000000,15.010000,15.010000,43300
2020-04-16,14.710000,14.875000,12.200000,12.450000,12.450000,40500
2020-04-17,12.000000,13.930000,12.000000,13.160000,13.160000,41600
2020-04-20,13.450000,13.603000,12.340000,12.800000,12.800000,25500
2020-04-21,12.800000,13.180000,12.420000,12.980000,12.980000,25900
2020-04-22,13.000000,14.590000,13.000000,14.200000,14.200000,60600
2020-04-23,14.250000,14.971000,14.250000,14.560000,14.560000,47100
2020-04-24,14.700000,14.930000,14.250000,14.930000,14.930000,21600
2020-04-27,14.900000,15.220000,14.520000,15.100000,15.100000,15700
2020-04-28,15.100000,15.155000,14.490000,15.155000,15.155000,8500
2020-04-29,15.110000,15.110000,14.353000,14.890000,14.890000,22100
2020-04-30,14.840000,14.840000,13.810000,14.210000,14.210000,26800
2020-05-01,13.520000,13.625000,12.720000,12.870000,12.870000,20700
2020-05-04,13.000000,13.730000,13.000000,13.730000,13.730000,67800
2020-05-05,13.990000,14.949000,13.570000,14.400000,14.400000,37400
2020-05-06,14.570000,14.860000,14.080000,14.800000,14.800000,22000
2020-05-07,14.800000,14.800000,13.310000,13.310000,13.310000,15400
2020-05-08,13.390000,14.020000,13.390000,14.000000,14.000000,18300
2020-05-11,13.920000,14.020000,13.550000,13.550000,13.550000,15400
2020-05-12,13.800000,14.620000,13.730000,13.810000,13.810000,37300
2020-05-13,13.560000,14.290000,13.135000,13.260000,13.260000,18000
2020-05-14,13.000000,13.490000,12.475000,13.090000,13.090000,16100
2020-05-15,13.290000,13.895000,12.535000,13.510000,13.510000,11700
2020-05-18,13.580000,14.290000,13.285000,14.000000,14.000000,26100
2020-05-19,14.150000,14.290000,13.385000,14.290000,14.290000,17300
2020-05-20,14.150000,14.300000,13.810000,14.300000,14.300000,14800
2020-05-21,14.300000,14.300000,13.015000,13.570000,13.570000,16100
2020-05-22,13.750000,13.800000,13.105000,13.740000,13.740000,11500
2020-05-26,13.600000,13.820000,13.010000,13.010000,13.010000,14600
2020-05-27,13.400000,13.600000,12.760000,12.930000,12.930000,48900
2020-05-28,13.000000,13.200000,12.962000,13.170000,13.170000,27200
2020-05-29,12.961000,13.350000,12.800000,13.220000,13.220000,44700
2020-06-01,13.220000,14.300000,13.220000,13.870000,13.870000,42100
2020-06-02,13.900000,14.190000,13.770000,14.100000,14.100000,40500
2020-06-03,14.050000,14.290000,13.934000,14.250000,14.250000,23400
2020-06-04,14.400000,14.430000,13.570000,14.100000,14.100000,31400
2020-06-05,14.000000,14.100000,13.420000,13.730000,13.730000,58900
2020-06-08,13.730000,13.960000,12.300000,12.300000,12.300000,33000
2020-06-09,12.500000,12.965000,12.200000,12.245000,12.245000,18800
2020-06-10,12.220000,12.540000,10.510000,10.670000,10.670000,55400
2020-06-11,10.670000,10.670000,9.605000,9.780000,9.780000,25300
2020-06-12,10.090000,10.570000,9.430000,9.730000,9.730000,20600
2020-06-15,10.240000,10.330000,9.500000,9.500000,9.500000,42800
2020-06-16,9.810000,10.350000,9.615000,9.810000,9.810000,33100
2020-06-17,10.190000,10.500000,9.700000,9.900000,9.900000,114500
2020-06-18,9.950000,10.290000,9.250000,9.840000,9.840000,91100
2020-06-19,10.030000,10.400000,9.370000,9.370000,9.370000,79700
2020-06-22,9.560000,9.999000,9.500000,9.930000,9.930000,47900
2020-06-23,9.800000,10.065000,9.410000,9.520000,9.520000,80300
2020-06-24,9.830000,9.860000,9.370000,9.540000,9.540000,39200
2020-06-25,9.540000,9.990000,9.540000,9.850000,9.850000,93400
2020-06-26,9.850000,10.150000,8.930000,9.080000,9.080000,571400
2020-06-29,9.070000,9.500000,8.110000,8.310000,8.310000,142100
2020-06-30,8.310000,8.720000,8.031000,8.050000,8.050000,55500
2020-07-01,8.010000,8.660000,7.590000,7.990000,7.990000,103300
2020-07-02,8.020000,8.760000,8.000000,8.580000,8.580000,107200
2020-07-06,8.700000,8.880000,7.780000,8.020000,8.020000,107800
2020-07-07,8.020000,8.380000,7.520000,7.730000,7.730000,196600
2020-07-08,8.160000,8.430000,7.800000,8.080000,8.080000,177800
2020-07-09,8.010000,8.120000,7.622000,7.760000,7.760000,68900
2020-07-10,8.090000,8.170000,7.760000,7.940000,7.940000,71700
2020-07-13,7.990000,8.040000,7.520000,7.580000,7.580000,78600
2020-07-14,7.640000,7.890000,6.800000,7.690000,7.690000,103400
2020-07-15,7.520000,7.640000,7.200000,7.260000,7.260000,61200
2020-07-16,7.120000,7.860000,7.120000,7.660000,7.660000,59400
2020-07-17,7.570000,8.990000,7.570000,8.670000,8.670000,228900
2020-07-20,8.910000,9.040000,8.006000,8.290000,8.290000,66500
2020-07-21,8.500000,8.650000,8.040000,8.140000,8.140000,92500
2020-07-22,8.060000,8.143000,7.342000,7.950000,7.950000,46900
2020-07-23,7.840000,7.880000,7.360000,7.430000,7.430000,67300