Date,Open,High,Low,Close,Adj Close,Volume
2015-05-05,2650.000000,2715.000000,2285.000000,2425.000000,2425.000000,1400
2015-05-06,2720.000000,2720.000000,2275.000000,2325.000000,2325.000000,200
2015-05-07,2350.000000,2490.000000,2280.000000,2325.000000,2325.000000,0
2015-05-08,2400.000000,2400.000000,2095.000000,2200.000000,2200.000000,0
2015-05-11,2145.000000,2160.000000,2025.000000,2075.000000,2075.000000,0
2015-05-12,2010.000000,2015.000000,1935.000000,1975.000000,1975.000000,100
2015-05-13,1975.000000,2095.000000,1925.000000,1955.000000,1955.000000,100
2015-05-14,1900.000000,2000.000000,1895.000000,1950.000000,1950.000000,0
2015-05-15,1910.000000,2000.000000,1910.000000,1995.000000,1995.000000,0
2015-05-18,1975.000000,2000.000000,1925.000000,1980.000000,1980.000000,0
2015-05-19,1925.000000,1940.000000,1705.000000,1915.000000,1915.000000,0
2015-05-20,1850.000000,1950.000000,1620.000000,1725.000000,1725.000000,100
2015-05-21,1785.000000,1790.000000,1560.000000,1680.000000,1680.000000,200
2015-05-22,1665.000000,1780.000000,1660.000000,1700.000000,1700.000000,100
2015-05-26,1780.000000,1850.000000,1635.000000,1825.000000,1825.000000,0
2015-05-27,1870.000000,1870.000000,1750.000000,1765.000000,1765.000000,0
2015-05-28,1735.000000,1965.000000,1670.000000,1950.000000,1950.000000,0
2015-05-29,1885.000000,2075.000000,1845.000000,1995.000000,1995.000000,0
2015-06-01,2120.000000,2120.000000,1977.000000,2060.000000,2060.000000,0
2015-06-02,2085.000000,2200.000000,2000.000000,2200.000000,2200.000000,100
2015-06-03,2150.000000,2425.000000,2150.000000,2315.000000,2315.000000,0
2015-06-04,2360.000000,2425.000000,2350.000000,2375.000000,2375.000000,0
2015-06-05,2375.000000,2375.000000,2150.000000,2365.000000,2365.000000,0
2015-06-08,2265.000000,2350.000000,2250.000000,2255.000000,2255.000000,0
2015-06-09,2140.000000,2245.000000,2075.000000,2170.000000,2170.000000,0
2015-06-10,2225.000000,2250.000000,2075.000000,2105.000000,2105.000000,0
2015-06-11,2085.000000,2260.000000,2085.000000,2200.000000,2200.000000,0
2015-06-12,2200.000000,2350.000000,2090.000000,2135.000000,2135.000000,0
2015-06-15,2080.000000,2325.000000,2080.000000,2275.000000,2275.000000,0
2015-06-16,2234.500000,2300.000000,2180.000000,2280.000000,2280.000000,0
2015-06-17,2300.000000,2300.000000,2151.000000,2235.000000,2235.000000,0
2015-06-18,2220.000000,2225.000000,1905.000000,2060.000000,2060.000000,0
2015-06-19,2065.000000,2080.000000,1935.000000,1935.000000,1935.000000,0
2015-06-22,1990.000000,1995.000000,1930.000000,1940.000000,1940.000000,0
2015-06-23,2041.000000,2115.000000,1945.000000,1950.000000,1950.000000,0
2015-06-24,2120.000000,2120.000000,1925.000000,2012.500000,2012.500000,0
2015-06-25,1970.000000,2185.000000,1875.000000,2012.500000,2012.500000,100
2015-06-26,2035.000000,2050.000000,1895.000000,1935.000000,1935.000000,0
2015-06-29,1885.000000,1910.000000,1830.000000,1830.000000,1830.000000,0
2015-06-30,1825.000000,1945.500000,1825.000000,1860.000000,1860.000000,0
2015-07-01,1820.000000,1825.000000,1810.000000,1825.000000,1825.000000,0
2015-07-02,1835.000000,1940.000000,1775.000000,1860.000000,1860.000000,0
2015-07-06,1755.000000,2045.000000,1755.000000,1810.000000,1810.000000,0
2015-07-07,1775.500000,1800.000000,1675.000000,1675.000000,1675.000000,0
2015-07-08,1670.000000,1695.000000,1625.000000,1635.000000,1635.000000,0
2015-07-09,1750.000000,1755.000000,1630.000000,1675.000000,1675.000000,0
2015-07-10,1635.000000,1750.000000,1620.000000,1715.000000,1715.000000,200
2015-07-13,1705.000000,2140.000000,1630.000000,1895.000000,1895.000000,100
2015-07-14,2000.000000,2025.000000,1875.000000,2020.000000,2020.000000,200
2015-07-15,2040.000000,2145.000000,1930.000000,2050.000000,2050.000000,0
2015-07-16,2066.000000,2125.000000,1980.000000,2040.000000,2040.000000,0
2015-07-17,2029.000000,2095.000000,2029.000000,2074.000000,2074.000000,0
2015-07-20,2080.000000,2215.000000,2075.000000,2215.000000,2215.000000,0
2015-07-21,2200.000000,2200.000000,1970.000000,1980.000000,1980.000000,0
2015-07-22,1980.000000,2095.000000,1930.000000,2095.000000,2095.000000,0
2015-07-23,2085.000000,2085.000000,1990.000000,1990.000000,1990.000000,0
2015-07-24,1960.000000,1960.000000,1815.000000,1835.000000,1835.000000,0
2015-07-27,1795.000000,1875.000000,1585.000000,1800.000000,1800.000000,200
2015-07-28,1865.000000,1983.000000,1730.000000,1770.000000,1770.000000,100
2015-07-29,1750.000000,1831.000000,1640.000000,1745.000000,1745.000000,100
2015-07-30,1670.000000,1855.000000,1670.000000,1695.000000,1695.000000,0
2015-07-31,1735.000000,1910.000000,1665.000000,1665.000000,1665.000000,0
2015-08-03,1650.000000,1705.000000,1535.500000,1535.500000,1535.500000,0
2015-08-04,1555.000000,1625.000000,1555.000000,1575.000000,1575.000000,0
2015-08-05,1665.000000,1665.000000,1575.000000,1610.000000,1610.000000,0
2015-08-06,1650.000000,1650.000000,1545.000000,1545.000000,1545.000000,0
2015-08-07,1595.000000,1595.000000,1540.000000,1540.000000,1540.000000,0
2015-08-10,1565.000000,1597.000000,1515.000000,1515.000000,1515.000000,0
2015-08-11,1600.000000,1600.000000,1325.000000,1425.000000,1425.000000,0
2015-08-12,1600.000000,1600.000000,1200.000000,1275.000000,1275.000000,0
2015-08-13,1285.000000,1375.000000,1250.000000,1360.000000,1360.000000,0
2015-08-14,1375.000000,1375.000000,1225.000000,1245.000000,1245.000000,0
2015-08-17,1235.000000,1285.000000,1180.000000,1275.000000,1275.000000,0
2015-08-18,1265.000000,1350.000000,1246.000000,1335.000000,1335.000000,0
2015-08-19,1325.000000,1325.000000,1310.000000,1315.000000,1315.000000,0
2015-08-20,1200.000000,1290.000000,1180.000000,1290.000000,1290.000000,0
2015-08-21,1295.000000,1315.000000,1170.000000,1265.000000,1265.000000,0
2015-08-24,1170.000000,1185.000000,1129.500000,1185.000000,1185.000000,0
2015-08-25,1320.000000,1335.000000,1245.000000,1325.000000,1325.000000,0
2015-08-26,1330.000000,1330.000000,1179.000000,1245.000000,1245.000000,0
2015-08-27,1175.000000,1220.000000,1175.000000,1220.000000,1220.000000,0
2015-08-28,1160.000000,1385.000000,1160.000000,1293.500000,1293.500000,0
2015-08-31,1140.000000,1365.000000,1120.000000,1332.000000,1332.000000,0
2015-09-01,1165.000000,1400.000000,1165.000000,1180.000000,1180.000000,0
2015-09-02,1147.500000,1235.000000,1147.500000,1235.000000,1235.000000,0
2015-09-03,1225.000000,1270.000000,1200.000000,1245.000000,1245.000000,0
2015-09-04,1145.000000,1195.000000,1110.000000,1125.000000,1125.000000,0
2015-09-08,1180.000000,1225.000000,1105.000000,1150.000000,1150.000000,0
2015-09-09,1190.000000,1230.000000,1125.000000,1145.000000,1145.000000,0
2015-09-10,1225.000000,1235.000000,1125.000000,1230.000000,1230.000000,0
2015-09-11,1235.000000,1235.000000,1125.000000,1150.000000,1150.000000,0
2015-09-14,1175.000000,1215.000000,1130.000000,1150.000000,1150.000000,0
2015-09-15,1200.000000,1225.000000,1125.000000,1210.000000,1210.000000,0
2015-09-16,1235.000000,1245.000000,1155.000000,1155.000000,1155.000000,0
2015-09-17,1230.000000,1235.000000,1160.000000,1230.000000,1230.000000,0
2015-09-18,1140.000000,1840.000000,1130.000000,1840.000000,1840.000000,300
2015-09-21,1455.000000,1565.000000,1335.000000,1445.000000,1445.000000,0
2015-09-22,1455.000000,1545.000000,1370.000000,1545.000000,1545.000000,0
2015-09-23,1420.000000,1540.000000,1420.000000,1540.000000,1540.000000,0
2015-09-24,1620.000000,1620.000000,1395.000000,1555.000000,1555.000000,0
2015-09-25,1575.000000,1625.000000,1520.000000,1525.000000,1525.000000,0
2015-09-28,1470.000000,1610.000000,1450.000000,1450.000000,1450.000000,0
2015-09-29,1455.000000,1550.000000,1345.000000,1420.000000,1420.000000,0
2015-09-30,1370.000000,1550.000000,1270.000000,1290.000000,1290.000000,0
2015-10-01,1270.000000,1385.000000,1145.000000,1185.000000,1185.000000,0
2015-10-02,1285.000000,1340.000000,1160.000000,1160.000000,1160.000000,0
2015-10-05,1150.000000,1395.000000,1150.000000,1300.000000,1300.000000,0
2015-10-06,1200.000000,1230.000000,1200.000000,1200.000000,1200.000000,0
2015-10-07,1310.000000,1310.000000,1165.000000,1250.000000,1250.000000,0
2015-10-08,1215.000000,1300.000000,1175.000000,1270.000000,1270.000000,0
2015-10-09,1275.000000,1325.000000,1150.000000,1200.000000,1200.000000,0
2015-10-12,1190.000000,1291.000000,1180.000000,1220.000000,1220.000000,0
2015-10-13,1205.000000,1256.000000,1190.000000,1225.000000,1225.000000,0
2015-10-14,1145.000000,1245.000000,1125.000000,1140.000000,1140.000000,0
2015-10-15,1185.000000,1250.000000,1150.000000,1245.000000,1245.000000,0
2015-10-16,1175.000000,1380.000000,1155.000000,1380.000000,1380.000000,0
2015-10-19,1225.000000,1350.000000,1225.000000,1230.000000,1230.000000,0
2015-10-20,1200.000000,1280.000000,1145.000000,1205.000000,1205.000000,0
2015-10-21,1225.000000,1230.000000,1145.000000,1150.000000,1150.000000,0
2015-10-22,1200.000000,1230.000000,1105.000000,1143.500000,1143.500000,0
2015-10-23,1175.000000,1205.000000,1075.000000,1100.000000,1100.000000,0
2015-10-26,1125.000000,1280.000000,1080.000000,1090.000000,1090.000000,0
2015-10-27,1095.000000,1175.000000,1030.000000,1055.000000,1055.000000,0
2015-10-28,1155.000000,1165.000000,1075.000000,1095.000000,1095.000000,0
2015-10-29,1070.000000,1130.000000,1050.000000,1075.000000,1075.000000,0
2015-10-30,1100.000000,1100.000000,960.000000,1060.000000,1060.000000,0
2015-11-02,1025.000000,1025.000000,970.000000,980.000000,980.000000,0
2015-11-03,995.000000,1035.000000,935.000000,950.000000,950.000000,0
2015-11-04,990.000000,1000.000000,935.000000,940.000000,940.000000,0
2015-11-05,994.000000,994.000000,845.000000,875.000000,875.000000,0
2015-11-06,875.000000,950.000000,865.000000,950.000000,950.000000,0
2015-11-09,860.000000,945.000000,860.000000,915.000000,915.000000,0
2015-11-10,907.500000,920.000000,850.000000,850.000000,850.000000,0
2015-11-11,855.000000,855.000000,820.000000,837.500000,837.500000,0
2015-11-12,820.000000,860.000000,820.000000,825.000000,825.000000,0
2015-11-13,820.000000,825.000000,820.000000,820.000000,820.000000,0
2015-11-16,817.500000,817.500000,790.000000,797.500000,797.500000,0
2015-11-17,809.000000,880.000000,800.000000,832.500000,832.500000,0
2015-11-18,835.000000,885.000000,790.000000,805.000000,805.000000,0
2015-11-19,780.000000,780.000000,725.000000,755.000000,755.000000,0
2015-11-20,852.500000,875.000000,765.000000,875.000000,875.000000,0
2015-11-23,885.000000,885.000000,765.000000,765.000000,765.000000,0
2015-11-24,755.000000,800.000000,755.000000,800.000000,800.000000,0
2015-11-25,827.000000,870.000000,815.000000,855.000000,855.000000,0
2015-11-27,950.000000,950.000000,885.500000,945.000000,945.000000,0
2015-11-30,860.000000,933.000000,860.000000,895.000000,895.000000,0
2015-12-01,895.000000,915.000000,865.000000,910.000000,910.000000,0
2015-12-02,870.000000,945.000000,835.000000,935.000000,935.000000,0
2015-12-03,882.000000,940.000000,880.000000,925.000000,925.000000,0
2015-12-04,885.000000,940.000000,840.000000,885.000000,885.000000,0
2015-12-07,875.000000,920.000000,855.000000,890.000000,890.000000,0
2015-12-08,795.000000,912.500000,795.000000,905.000000,905.000000,0
2015-12-09,870.000000,910.000000,795.000000,835.000000,835.000000,0
2015-12-10,833.000000,915.000000,825.000000,890.000000,890.000000,0
2015-12-11,780.000000,925.000000,780.000000,885.000000,885.000000,0
2015-12-14,769.500000,895.000000,769.500000,845.000000,845.000000,0
2015-12-15,860.000000,860.000000,775.000000,845.000000,845.000000,0
2015-12-16,805.000000,815.000000,775.000000,790.000000,790.000000,0
2015-12-17,800.000000,800.000000,775.000000,780.000000,780.000000,0
2015-12-18,775.000000,790.000000,740.000000,765.000000,765.000000,0
2015-12-21,795.000000,795.000000,765.000000,775.000000,775.000000,0
2015-12-22,795.000000,935.000000,795.000000,895.000000,895.000000,100
2015-12-23,900.000000,935.000000,850.000000,895.000000,895.000000,0
2015-12-24,920.000000,925.000000,905.000000,925.000000,925.000000,0
2015-12-28,880.000000,935.000000,795.000000,875.000000,875.000000,100
2015-12-29,940.000000,945.000000,905.000000,925.000000,925.000000,0
2015-12-30,935.000000,960.000000,907.000000,960.000000,960.000000,0
2015-12-31,965.000000,975.000000,890.000000,950.000000,950.000000,0
2016-01-04,855.000000,900.000000,855.000000,881.500000,881.500000,0
2016-01-05,910.000000,945.000000,910.000000,937.500000,937.500000,0
2016-01-06,950.000000,950.000000,940.000000,940.000000,940.000000,0
2016-01-07,935.000000,975.000000,900.000000,975.000000,975.000000,0
2016-01-08,940.000000,984.000000,915.000000,920.000000,920.000000,0
2016-01-11,910.000000,950.000000,795.000000,930.000000,930.000000,0
2016-01-12,875.000000,965.000000,865.000000,875.000000,875.000000,0
2016-01-13,855.000000,855.000000,855.000000,855.000000,855.000000,0
2016-01-14,882.000000,882.000000,835.000000,835.000000,835.000000,0
2016-01-15,825.000000,945.000000,750.000000,790.000000,790.000000,0
2016-01-19,790.000000,809.500000,790.000000,809.500000,809.500000,0
2016-01-20,782.000000,795.000000,730.000000,735.000000,735.000000,0
2016-01-21,735.000000,735.000000,735.000000,735.000000,735.000000,0
2016-01-22,810.000000,810.000000,810.000000,810.000000,810.000000,0
2016-01-25,810.000000,810.000000,710.000000,710.000000,710.000000,100
2016-01-26,775.000000,800.000000,755.000000,790.000000,790.000000,0
2016-01-27,700.000000,795.000000,700.000000,790.000000,790.000000,0
2016-01-28,702.000000,765.000000,700.000000,700.000000,700.000000,0
2016-01-29,760.000000,900.000000,755.000000,875.000000,875.000000,0
2016-02-01,875.000000,875.000000,875.000000,875.000000,875.000000,0
2016-02-02,755.000000,755.000000,755.000000,755.000000,755.000000,0
2016-02-03,755.000000,755.000000,755.000000,755.000000,755.000000,0
2016-02-04,765.000000,771.500000,760.000000,771.500000,771.500000,0
2016-02-05,775.000000,775.000000,765.000000,765.000000,765.000000,0
2016-02-08,775.000000,881.500000,755.000000,860.000000,860.000000,0
2016-02-09,825.000000,852.500000,760.000000,760.000000,760.000000,0
2016-02-10,775.000000,835.000000,775.000000,790.000000,790.000000,0
2016-02-11,810.000000,855.000000,780.000000,835.000000,835.000000,0
2016-02-12,835.000000,835.000000,835.000000,835.000000,835.000000,0
2016-02-16,865.000000,875.000000,860.000000,860.000000,860.000000,0
2016-02-17,860.000000,980.000000,760.000000,980.000000,980.000000,0
2016-02-18,875.000000,900.000000,875.000000,900.000000,900.000000,0
2016-02-19,824.000000,870.000000,824.000000,840.000000,840.000000,0
2016-02-22,777.000000,842.500000,775.000000,820.000000,820.000000,0
2016-02-23,770.000000,805.000000,760.000000,805.000000,805.000000,0
2016-02-24,800.000000,800.000000,800.000000,800.000000,800.000000,0
2016-02-25,836.000000,836.000000,836.000000,836.000000,836.000000,0
2016-02-26,800.000000,840.000000,800.000000,800.000000,800.000000,0
2016-02-29,755.000000,765.000000,755.000000,765.000000,765.000000,0
2016-03-01,800.000000,800.000000,770.000000,800.000000,800.000000,0
2016-03-02,795.000000,795.000000,790.000000,790.000000,790.000000,0
2016-03-03,840.000000,840.000000,765.000000,765.000000,765.000000,0
2016-03-04,775.000000,840.000000,775.000000,840.000000,840.000000,0
2016-03-07,835.000000,845.000000,765.000000,840.000000,840.000000,0
2016-03-08,775.000000,845.000000,760.000000,835.000000,835.000000,0
2016-03-09,840.000000,845.000000,765.000000,835.000000,835.000000,0
2016-03-10,840.000000,840.000000,765.000000,790.000000,790.000000,0
2016-03-11,765.000000,850.000000,765.000000,825.000000,825.000000,0
2016-03-14,772.500000,845.000000,760.000000,790.000000,790.000000,0
2016-03-15,800.000000,800.000000,720.000000,795.000000,795.000000,0
2016-03-16,760.000000,765.000000,725.000000,725.000000,725.000000,0
2016-03-17,725.000000,805.000000,725.000000,725.000000,725.000000,0
2016-03-18,725.000000,790.000000,680.000000,680.000000,680.000000,0
2016-03-21,720.000000,780.000000,720.000000,780.000000,780.000000,0
2016-03-22,790.000000,792.500000,699.500000,786.500000,786.500000,0
2016-03-23,800.000000,811.500000,785.000000,785.000000,785.000000,0
2016-03-24,785.000000,785.000000,765.000000,765.000000,765.000000,0
2016-03-28,768.000000,780.000000,765.000000,770.000000,770.000000,0
2016-03-29,795.000000,824.000000,760.000000,760.000000,760.000000,0
2016-03-30,850.000000,850.000000,725.000000,745.000000,745.000000,0
2016-03-31,725.000000,733.000000,699.500000,705.000000,705.000000,0
2016-04-01,750.000000,750.000000,715.000000,715.000000,715.000000,0
2016-04-04,725.000000,725.000000,700.000000,700.000000,700.000000,0
2016-04-05,700.000000,725.000000,695.000000,725.000000,725.000000,0
2016-04-06,700.000000,800.000000,700.000000,730.000000,730.000000,0
2016-04-07,750.000000,750.000000,705.000000,710.000000,710.000000,0
2016-04-08,725.000000,770.000000,705.000000,705.000000,705.000000,0
2016-04-11,750.000000,770.000000,715.000000,770.000000,770.000000,0
2016-04-12,763.500000,763.500000,763.500000,763.500000,763.500000,0
2016-04-13,755.000000,775.000000,705.000000,749.500000,749.500000,0
2016-04-14,717.000000,731.000000,710.000000,731.000000,731.000000,0
2016-04-15,715.000000,715.000000,715.000000,715.000000,715.000000,0
2016-04-18,700.000000,740.000000,700.000000,736.500000,736.500000,0
2016-04-19,700.000000,700.000000,700.000000,700.000000,700.000000,0
2016-04-20,706.000000,724.000000,700.000000,700.000000,700.000000,0
2016-04-21,730.000000,730.000000,680.000000,680.000000,680.000000,0
2016-04-22,690.000000,705.500000,665.000000,665.000000,665.000000,0
2016-04-25,670.000000,670.000000,670.000000,670.000000,670.000000,0
2016-04-26,670.000000,670.000000,670.000000,670.000000,670.000000,0
2016-04-27,674.500000,674.500000,674.500000,674.500000,674.500000,0
2016-04-28,675.500000,675.500000,675.500000,675.500000,675.500000,0
2016-04-29,665.000000,667.500000,665.000000,667.000000,667.000000,0
2016-05-02,671.500000,671.500000,665.000000,665.000000,665.000000,0
2016-05-03,672.000000,672.500000,644.500000,644.500000,644.500000,0
2016-05-04,675.000000,675.000000,612.500000,622.000000,622.000000,0
2016-05-05,646.000000,646.000000,610.000000,616.000000,616.000000,0
2016-05-06,612.000000,623.000000,570.000000,570.000000,570.000000,0
2016-05-09,575.000000,604.500000,575.000000,575.000000,575.000000,0
2016-05-10,570.000000,575.500000,530.000000,550.000000,550.000000,0
2016-05-11,530.000000,550.000000,520.000000,520.000000,520.000000,0
2016-05-12,545.000000,585.000000,510.000000,515.000000,515.000000,0
2016-05-13,565.000000,575.000000,517.500000,570.000000,570.000000,0
2016-05-16,529.500000,529.500000,525.000000,525.000000,525.000000,0
2016-05-17,540.000000,580.000000,537.000000,550.000000,550.000000,0
2016-05-18,575.000000,575.000000,550.000000,550.000000,550.000000,0
2016-05-19,615.000000,675.000000,615.000000,627.000000,627.000000,0
2016-05-20,660.000000,662.500000,587.500000,615.000000,615.000000,0
2016-05-23,560.000000,645.000000,550.000000,645.000000,645.000000,0
2016-05-24,645.000000,645.000000,607.500000,615.000000,615.000000,0
2016-05-25,585.000000,675.000000,585.000000,653.000000,653.000000,0
2016-05-26,625.000000,655.000000,580.000000,610.000000,610.000000,0
2016-05-27,626.000000,675.000000,590.000000,590.000000,590.000000,0
2016-05-31,640.000000,1090.000000,640.000000,890.000000,890.000000,1700
2016-06-01,805.000000,900.000000,715.000000,835.000000,835.000000,500
2016-06-02,840.000000,1050.000000,725.000000,790.000000,790.000000,1400
2016-06-03,850.000000,850.000000,765.000000,770.000000,770.000000,0
2016-06-06,775.000000,810.000000,765.000000,775.000000,775.000000,100
2016-06-07,800.000000,825.000000,720.000000,730.000000,730.000000,0
2016-06-08,730.000000,752.500000,700.000000,705.000000,705.000000,0
2016-06-09,715.000000,810.000000,705.000000,720.000000,720.000000,0
2016-06-10,720.000000,885.000000,705.000000,761.000000,761.000000,500
2016-06-13,755.000000,805.000000,730.000000,775.000000,775.000000,0
2016-06-14,775.000000,775.000000,725.000000,725.000000,725.000000,0
2016-06-15,735.000000,775.000000,725.000000,750.000000,750.000000,0
2016-06-16,770.000000,775.000000,715.000000,725.000000,725.000000,0
2016-06-17,725.000000,760.000000,715.000000,760.000000,760.000000,0
2016-06-20,755.000000,855.000000,715.000000,761.500000,761.500000,300
2016-06-21,785.000000,785.000000,715.000000,745.000000,745.000000,0
2016-06-22,730.000000,738.500000,665.000000,675.000000,675.000000,100
2016-06-23,675.000000,725.000000,675.000000,690.000000,690.000000,100
2016-06-24,650.500000,710.000000,620.000000,710.000000,710.000000,100
2016-06-27,654.500000,700.000000,620.000000,700.000000,700.000000,0
2016-06-28,705.000000,780.000000,655.000000,780.000000,780.000000,100
2016-06-29,780.000000,835.000000,750.000000,790.000000,790.000000,300
2016-06-30,825.000000,825.000000,750.000000,760.000000,760.000000,0
2016-07-01,755.000000,814.500000,755.000000,790.000000,790.000000,100
2016-07-05,800.000000,805.000000,775.000000,800.000000,800.000000,0
2016-07-06,800.000000,800.000000,762.500000,780.000000,780.000000,0
2016-07-07,782.500000,782.500000,700.000000,746.000000,746.000000,0
2016-07-08,780.000000,780.000000,750.000000,780.000000,780.000000,0
2016-07-11,750.000000,772.500000,720.000000,740.000000,740.000000,0
2016-07-12,755.000000,790.000000,740.000000,740.000000,740.000000,0
2016-07-13,715.000000,715.000000,680.000000,680.000000,680.000000,0
2016-07-14,700.000000,736.000000,680.000000,690.000000,690.000000,0
2016-07-15,686.500000,686.500000,686.500000,686.500000,686.500000,0
2016-07-18,695.000000,716.000000,680.000000,699.500000,699.500000,0
2016-07-19,705.000000,825.000000,704.500000,785.000000,785.000000,0
2016-07-20,875.000000,2325.000000,817.000000,1850.000000,1850.000000,42800
2016-07-21,1710.000000,1875.000000,1390.000000,1500.000000,1500.000000,10000
2016-07-22,1460.000000,1855.000000,1430.000000,1460.000000,1460.000000,5100
2016-07-25,1450.000000,1550.000000,1365.000000,1420.000000,1420.000000,1300
2016-07-26,1410.000000,1426.000000,1120.000000,1200.000000,1200.000000,1500
2016-07-27,1185.000000,1320.000000,1125.000000,1190.000000,1190.000000,1800
2016-07-28,1175.000000,1290.000000,1140.000000,1165.000000,1165.000000,900
2016-07-29,1165.000000,1225.000000,1120.000000,1165.000000,1165.000000,500
2016-08-01,1165.000000,1165.000000,1050.000000,1124.500000,1124.500000,400
2016-08-02,1025.000000,1175.000000,1025.000000,1085.000000,1085.000000,600
2016-08-03,1070.000000,1195.000000,1065.000000,1130.000000,1130.000000,600
2016-08-04,1220.000000,1290.000000,1120.000000,1120.000000,1120.000000,1000
2016-08-05,1135.000000,1145.000000,1050.500000,1105.000000,1105.000000,500
2016-08-08,1115.000000,1200.000000,1075.000000,1090.000000,1090.000000,800
2016-08-09,1080.000000,1120.500000,1015.000000,1040.000000,1040.000000,400
2016-08-10,1200.000000,1370.000000,1050.000000,1110.000000,1110.000000,12600
2016-08-11,1085.000000,1092.000000,950.000000,965.000000,965.000000,1900
2016-08-12,955.000000,990.000000,890.000000,990.000000,990.000000,1300
2016-08-15,985.000000,1050.000000,960.000000,985.000000,985.000000,700
2016-08-16,975.000000,1045.000000,935.000000,935.000000,935.000000,500
2016-08-17,935.000000,970.000000,894.000000,920.000000,920.000000,300
2016-08-18,925.000000,960.000000,905.000000,920.000000,920.000000,200
2016-08-19,925.000000,936.500000,876.000000,900.000000,900.000000,100
2016-08-22,925.000000,950.000000,855.000000,915.000000,915.000000,300
2016-08-23,895.000000,944.500000,860.000000,865.000000,865.000000,600
2016-08-24,860.000000,900.000000,810.500000,845.000000,845.000000,500
2016-08-25,830.000000,875.000000,815.000000,850.000000,850.000000,200
2016-08-26,836.000000,870.000000,825.000000,840.000000,840.000000,200
2016-08-29,835.000000,850.000000,795.000000,830.000000,830.000000,400
2016-08-30,825.000000,985.000000,810.000000,835.000000,835.000000,1500
2016-08-31,835.000000,850.000000,760.000000,800.000000,800.000000,600
2016-09-01,795.000000,845.000000,785.000000,805.000000,805.000000,300
2016-09-02,825.000000,865.000000,810.000000,835.000000,835.000000,200
2016-09-06,850.000000,875.000000,810.000000,815.000000,815.000000,300
2016-09-07,830.000000,906.500000,830.000000,845.000000,845.000000,700
2016-09-08,850.000000,860.000000,825.000000,845.000000,845.000000,300
2016-09-09,845.000000,865.000000,830.000000,830.000000,830.000000,300
2016-09-12,835.000000,850.000000,810.000000,845.000000,845.000000,100
2016-09-13,831.500000,845.000000,815.000000,835.000000,835.000000,100
2016-09-14,820.500000,865.000000,820.500000,845.000000,845.000000,200
2016-09-15,850.000000,895.000000,830.000000,835.000000,835.000000,500
2016-09-16,850.000000,861.500000,820.000000,825.000000,825.000000,200
2016-09-19,830.000000,875.000000,830.000000,845.000000,845.000000,100
2016-09-20,863.500000,863.500000,830.000000,835.000000,835.000000,100
2016-09-21,840.000000,850.000000,830.000000,835.000000,835.000000,100
2016-09-22,830.000000,850.000000,800.000000,830.000000,830.000000,300
2016-09-23,800.000000,845.000000,800.000000,835.000000,835.000000,0
2016-09-26,840.000000,845.000000,810.500000,825.000000,825.000000,0
2016-09-27,830.000000,830.000000,825.000000,830.000000,830.000000,100
2016-09-28,830.000000,865.000000,830.000000,845.000000,845.000000,200
2016-09-29,850.000000,850.000000,775.500000,800.000000,800.000000,300
2016-09-30,850.000000,850.000000,800.000000,820.000000,820.000000,100
2016-10-03,810.000000,834.500000,805.000000,805.000000,805.000000,0
2016-10-04,825.000000,825.000000,800.000000,800.000000,800.000000,100
2016-10-05,815.000000,845.000000,795.000000,834.500000,834.500000,200
2016-10-06,810.000000,830.000000,810.000000,825.000000,825.000000,0
2016-10-07,833.000000,835.000000,810.000000,830.000000,830.000000,0
2016-10-10,825.000000,825.000000,785.000000,800.000000,800.000000,100
2016-10-11,800.000000,825.000000,780.000000,805.000000,805.000000,600
2016-10-12,795.000000,796.500000,780.000000,780.000000,780.000000,0
2016-10-13,785.000000,785.000000,750.000000,760.000000,760.000000,200
2016-10-14,755.000000,775.000000,710.000000,725.000000,725.000000,100
2016-10-17,740.000000,740.000000,700.000000,705.000000,705.000000,0
2016-10-18,711.000000,715.000000,680.000000,702.500000,702.500000,200
2016-10-19,700.000000,710.000000,675.000000,690.000000,690.000000,100
2016-10-20,680.000000,694.500000,667.500000,680.000000,680.000000,100
2016-10-21,680.000000,950.000000,680.000000,850.500000,850.500000,6600
2016-10-24,945.000000,975.000000,860.000000,880.000000,880.000000,5100
2016-10-25,770.000000,770.000000,650.000000,685.000000,685.000000,1600
2016-10-26,705.000000,705.000000,515.000000,645.000000,645.000000,2800
2016-10-27,640.000000,640.000000,570.000000,575.000000,575.000000,500
2016-10-28,585.000000,589.500000,565.000000,568.500000,568.500000,200
2016-10-31,565.000000,572.000000,510.000000,525.000000,525.000000,500
2016-11-01,535.000000,540.000000,500.000000,500.000000,500.000000,300
2016-11-02,620.000000,620.000000,500.000000,515.000000,515.000000,700
2016-11-03,505.000000,520.000000,455.000000,490.000000,490.000000,300
2016-11-04,490.000000,500.000000,460.000000,490.000000,490.000000,100
2016-11-07,490.000000,495.000000,455.000000,480.000000,480.000000,500
2016-11-08,435.000000,470.000000,435.000000,445.000000,445.000000,200
2016-11-09,445.000000,525.000000,445.000000,477.500000,477.500000,200
2016-11-10,500.000000,555.000000,465.000000,550.000000,550.000000,200
2016-11-11,556.500000,589.000000,510.000000,555.000000,555.000000,200
2016-11-14,585.000000,585.000000,525.000000,580.000000,580.000000,400
2016-11-15,580.000000,592.500000,515.000000,555.000000,555.000000,300
2016-11-16,555.000000,615.000000,530.000000,555.000000,555.000000,400
2016-11-17,580.000000,600.000000,550.000000,580.000000,580.000000,500
2016-11-18,595.000000,695.000000,580.000000,670.000000,670.000000,1600
2016-11-21,650.000000,730.000000,630.000000,655.000000,655.000000,600
2016-11-22,655.000000,672.500000,630.000000,650.000000,650.000000,300
2016-11-23,645.000000,655.000000,630.000000,640.000000,640.000000,100
2016-11-25,625.000000,675.000000,606.000000,635.000000,635.000000,100
2016-11-28,630.000000,634.500000,590.000000,605.000000,605.000000,100
2016-11-29,605.000000,605.000000,540.000000,570.000000,570.000000,100
2016-11-30,575.000000,575.000000,545.000000,555.000000,555.000000,100
2016-12-01,578.500000,595.000000,560.000000,560.000000,560.000000,0
2016-12-02,555.000000,575.000000,515.000000,560.000000,560.000000,100
2016-12-05,555.000000,605.000000,550.000000,585.000000,585.000000,100
2016-12-06,570.000000,590.000000,535.000000,580.000000,580.000000,100
2016-12-07,585.000000,585.000000,540.500000,545.000000,545.000000,100
2016-12-08,550.000000,570.000000,550.000000,550.000000,550.000000,100
2016-12-09,550.000000,594.000000,550.000000,565.000000,565.000000,100
2016-12-12,560.000000,595.000000,520.000000,545.000000,545.000000,1300
2016-12-13,600.000000,1550.000000,550.000000,595.000000,595.000000,58100
2016-12-14,600.000000,615.000000,505.000000,525.000000,525.000000,6100
2016-12-15,525.000000,525.000000,490.000000,500.000000,500.000000,2300
2016-12-16,500.000000,665.000000,495.000000,570.000000,570.000000,17400
2016-12-19,555.000000,600.000000,525.000000,530.000000,530.000000,3200
2016-12-20,520.000000,585.000000,520.000000,565.000000,565.000000,2300
2016-12-21,625.000000,720.000000,555.000000,555.000000,555.000000,9100
2016-12-22,555.000000,575.000000,535.000000,560.000000,560.000000,1600
2016-12-23,595.000000,605.000000,565.000000,595.000000,595.000000,1000
2016-12-27,590.000000,600.000000,575.000000,575.000000,575.000000,800
2016-12-28,605.000000,605.000000,560.000000,570.000000,570.000000,1000
2016-12-29,600.000000,600.000000,565.000000,575.500000,575.500000,1000
2016-12-30,600.000000,600.000000,550.000000,575.000000,575.000000,500
2017-01-03,580.000000,600.000000,550.000000,600.000000,600.000000,800
2017-01-04,595.000000,625.000000,586.000000,600.000000,600.000000,900
2017-01-05,620.000000,620.000000,585.000000,590.000000,590.000000,400
2017-01-06,595.000000,610.000000,575.000000,585.000000,585.000000,200
2017-01-09,585.000000,600.000000,575.000000,595.000000,595.000000,300
2017-01-10,595.000000,645.000000,575.000000,635.000000,635.000000,1600
2017-01-11,650.000000,835.000000,635.000000,750.000000,750.000000,16700
2017-01-12,845.000000,925.000000,680.000000,705.000000,705.000000,8100
2017-01-13,680.000000,690.000000,616.000000,680.000000,680.000000,1900
2017-01-17,655.000000,690.000000,625.000000,645.000000,645.000000,700
2017-01-18,635.000000,650.000000,610.000000,610.000000,610.000000,600
2017-01-19,600.000000,610.000000,575.000000,582.500000,582.500000,700
2017-01-20,585.000000,595.000000,575.000000,590.000000,590.000000,400
2017-01-23,595.000000,595.000000,575.000000,590.000000,590.000000,400
2017-01-24,580.000000,665.000000,580.000000,640.000000,640.000000,1000
2017-01-25,660.000000,660.000000,600.000000,640.000000,640.000000,400
2017-01-26,635.000000,640.000000,605.000000,615.000000,615.000000,300
2017-01-27,610.000000,645.000000,580.000000,595.000000,595.000000,600
2017-01-30,580.000000,592.500000,575.000000,590.000000,590.000000,400
2017-01-31,585.000000,590.000000,550.000000,570.000000,570.000000,500
2017-02-01,565.000000,580.000000,545.000000,550.000000,550.000000,400
2017-02-02,545.000000,575.000000,535.000000,550.000000,550.000000,500
2017-02-03,545.000000,560.000000,545.000000,560.000000,560.000000,400
2017-02-06,570.000000,570.000000,550.000000,560.000000,560.000000,200
2017-02-07,555.000000,560.000000,545.000000,555.000000,555.000000,400
2017-02-08,555.000000,595.000000,555.000000,565.000000,565.000000,300
2017-02-09,575.000000,575.000000,550.000000,552.500000,552.500000,300
2017-02-10,550.000000,559.000000,540.000000,545.000000,545.000000,300
2017-02-13,545.000000,555.000000,535.000000,550.000000,550.000000,300
2017-02-14,530.000000,650.000000,530.000000,565.000000,565.000000,4000
2017-02-15,570.000000,575.000000,530.000000,535.000000,535.000000,1700
2017-02-16,540.000000,540.000000,515.000000,520.000000,520.000000,800
2017-02-17,520.000000,550.000000,520.000000,530.000000,530.000000,500
2017-02-21,535.000000,535.000000,515.000000,525.000000,525.000000,900
2017-02-22,550.000000,550.000000,515.000000,515.000000,515.000000,700
2017-02-23,515.000000,520.000000,505.000000,515.000000,515.000000,300
2017-02-24,515.000000,524.000000,490.000000,515.000000,515.000000,700
2017-02-27,515.000000,525.000000,500.000000,510.000000,510.000000,400
2017-02-28,510.000000,525.000000,510.000000,510.000000,510.000000,300
2017-03-01,520.000000,540.000000,515.000000,520.000000,520.000000,300
2017-03-02,515.000000,535.000000,515.000000,517.000000,517.000000,200
2017-03-03,545.000000,545.000000,515.000000,515.000000,515.000000,1500
2017-03-06,520.000000,520.000000,495.500000,500.000000,500.000000,300
2017-03-07,500.000000,540.000000,495.000000,515.000000,515.000000,700
2017-03-08,525.000000,525.000000,515.000000,515.000000,515.000000,100
2017-03-09,515.000000,540.000000,515.000000,515.000000,515.000000,700
2017-03-10,525.000000,525.000000,505.000000,510.000000,510.000000,200
2017-03-13,525.000000,525.000000,500.000000,505.000000,505.000000,700
2017-03-14,500.000000,525.000000,495.000000,520.000000,520.000000,400
2017-03-15,515.000000,520.000000,495.000000,495.000000,495.000000,1300
2017-03-16,505.000000,525.000000,500.000000,515.000000,515.000000,500
2017-03-17,520.000000,555.000000,510.000000,515.000000,515.000000,1200
2017-03-20,520.000000,525.000000,500.000000,515.000000,515.000000,300
2017-03-21,510.000000,525.000000,500.000000,520.000000,520.000000,400
2017-03-22,520.000000,580.000000,520.000000,565.000000,565.000000,2700
2017-03-23,585.000000,595.000000,530.000000,560.000000,560.000000,1700
2017-03-24,515.000000,550.000000,505.000000,535.000000,535.000000,800
2017-03-27,535.000000,575.000000,535.000000,570.000000,570.000000,700
2017-03-28,570.000000,590.000000,555.000000,560.000000,560.000000,900
2017-03-29,560.000000,585.000000,560.000000,575.000000,575.000000,400
2017-03-30,570.000000,580.000000,555.000000,575.000000,575.000000,600
2017-03-31,570.000000,580.000000,560.000000,575.000000,575.000000,100
2017-04-03,570.000000,585.000000,555.000000,560.000000,560.000000,200
2017-04-04,560.000000,580.000000,560.000000,565.000000,565.000000,500
2017-04-05,565.000000,570.000000,555.000000,555.000000,555.000000,300
2017-04-06,555.000000,560.000000,520.000000,530.000000,530.000000,400
2017-04-07,530.000000,545.000000,520.000000,530.000000,530.000000,200
2017-04-10,530.000000,615.000000,530.000000,560.000000,560.000000,1600
2017-04-11,550.000000,565.000000,550.000000,555.000000,555.000000,200
2017-04-12,555.000000,595.000000,550.000000,580.000000,580.000000,600
2017-04-13,590.000000,625.000000,562.000000,587.500000,587.500000,1700
2017-04-17,585.000000,589.000000,555.000000,555.000000,555.000000,400
2017-04-18,555.500000,569.000000,540.000000,550.000000,550.000000,300
2017-04-19,545.000000,553.000000,530.000000,540.000000,540.000000,300
2017-04-20,535.000000,564.000000,530.000000,535.000000,535.000000,200
2017-04-21,535.000000,560.000000,530.000000,530.000000,530.000000,300
2017-04-24,535.000000,550.000000,525.000000,525.000000,525.000000,100
2017-04-25,540.000000,565.000000,525.000000,560.000000,560.000000,700
2017-04-26,555.000000,565.000000,535.000000,545.000000,545.000000,600
2017-04-27,525.000000,530.000000,500.000000,515.000000,515.000000,700
2017-04-28,520.000000,520.000000,500.000000,505.000000,505.000000,300
2017-05-01,505.000000,520.000000,495.000000,497.500000,497.500000,400
2017-05-02,495.000000,505.000000,460.000000,475.000000,475.000000,1000
2017-05-03,475.000000,492.000000,451.000000,483.000000,483.000000,300
2017-05-04,485.000000,496.000000,446.000000,455.000000,455.000000,700
2017-05-05,450.000000,450.000000,350.000000,403.500000,403.500000,1700
2017-05-08,423.500000,425.000000,412.500000,419.000000,419.000000,100
2017-05-09,415.000000,419.000000,355.500000,398.500000,398.500000,1000
2017-05-10,395.000000,450.000000,395.000000,423.000000,423.000000,600
2017-05-11,420.000000,435.000000,410.000000,417.500000,417.500000,700
2017-05-12,425.000000,425.000000,400.000000,400.000000,400.000000,400
2017-05-15,405.000000,415.000000,405.000000,410.000000,410.000000,100
2017-05-16,415.000000,415.500000,387.500000,390.000000,390.000000,700
2017-05-17,390.000000,410.000000,386.500000,400.000000,400.000000,300
2017-05-18,395.000000,405.000000,360.000000,378.500000,378.500000,200
2017-05-19,375.000000,385.000000,375.000000,385.000000,385.000000,0
2017-05-22,390.000000,390.000000,329.000000,330.000000,330.000000,500
2017-05-23,305.000000,324.500000,260.000000,270.000000,270.000000,1300
2017-05-24,280.000000,300.000000,262.500000,270.000000,270.000000,1500
2017-05-25,275.000000,397.500000,275.000000,370.000000,370.000000,1500
2017-05-26,373.000000,375.000000,315.000000,346.000000,346.000000,1300
2017-05-30,363.000000,363.000000,290.000000,334.000000,334.000000,200
2017-05-31,325.000000,350.000000,325.000000,330.500000,330.500000,100
2017-06-01,330.000000,375.000000,330.000000,355.000000,355.000000,300
2017-06-02,340.000000,360.000000,340.000000,355.000000,355.000000,0
2017-06-05,362.000000,362.000000,340.000000,350.000000,350.000000,0
2017-06-06,350.000000,360.000000,331.000000,349.500000,349.500000,100
2017-06-07,340.500000,350.000000,325.000000,327.500000,327.500000,100
2017-06-08,326.000000,344.000000,325.000000,330.000000,330.000000,0
2017-06-09,325.000000,352.500000,325.000000,335.000000,335.000000,200
2017-06-12,335.000000,350.000000,305.000000,325.000000,325.000000,300
2017-06-13,325.000000,350.000000,325.000000,350.000000,350.000000,700
2017-06-14,340.000000,345.000000,325.000000,335.000000,335.000000,100
2017-06-15,330.000000,340.000000,310.000000,315.500000,315.500000,400
2017-06-16,320.000000,325.000000,291.000000,295.000000,295.000000,300
2017-06-19,315.000000,345.000000,295.000000,315.000000,315.000000,200
2017-06-20,330.000000,330.000000,300.500000,310.000000,310.000000,0
2017-06-21,310.000000,344.500000,307.000000,330.000000,330.000000,200
2017-06-22,332.000000,390.000000,328.000000,369.500000,369.500000,600
2017-06-23,385.000000,387.000000,365.000000,370.000000,370.000000,500
2017-06-26,385.000000,389.500000,340.000000,360.000000,360.000000,100
2017-06-27,345.000000,365.000000,345.000000,355.000000,355.000000,0
2017-06-28,345.000000,371.500000,345.000000,370.000000,370.000000,0
2017-06-29,370.000000,385.000000,305.000000,332.500000,332.500000,400
2017-06-30,325.000000,335.000000,315.000000,320.000000,320.000000,100
2017-07-03,310.000000,325.000000,310.000000,315.000000,315.000000,0
2017-07-05,315.000000,335.000000,300.000000,310.000000,310.000000,500
2017-07-06,310.000000,315.500000,290.000000,300.000000,300.000000,300
2017-07-07,290.000000,300.000000,274.500000,275.000000,275.000000,700
2017-07-10,275.000000,285.000000,226.000000,230.000000,230.000000,1400
2017-07-11,235.000000,245.000000,210.000000,224.000000,224.000000,500
2017-07-12,232.500000,282.000000,190.000000,209.500000,209.500000,18700
2017-07-13,165.000000,180.500000,151.000000,160.000000,160.000000,10700
2017-07-14,165.000000,167.500000,155.000000,155.500000,155.500000,2600
2017-07-17,160.000000,160.000000,145.000000,152.500000,152.500000,3100
2017-07-18,155.000000,165.000000,146.000000,151.000000,151.000000,5200
2017-07-19,170.000000,175.000000,152.500000,160.000000,160.000000,11200
2017-07-20,170.000000,207.500000,165.500000,190.000000,190.000000,38200
2017-07-21,205.000000,209.500000,170.000000,172.500000,172.500000,20800
2017-07-24,182.500000,183.500000,162.500000,177.500000,177.500000,6300
2017-07-25,179.500000,182.500000,166.000000,167.500000,167.500000,3300
2017-07-26,165.000000,182.500000,165.000000,172.500000,172.500000,5300
2017-07-27,173.000000,174.500000,160.000000,167.000000,167.000000,4400
2017-07-28,160.000000,168.500000,158.000000,164.500000,164.500000,3100
2017-07-31,160.000000,165.500000,141.500000,152.500000,152.500000,4300
2017-08-01,150.000000,165.000000,150.000000,160.500000,160.500000,2600
2017-08-02,164.500000,172.500000,160.500000,162.000000,162.000000,2500
2017-08-03,165.000000,165.000000,150.000000,153.500000,153.500000,2000
2017-08-04,152.500000,159.500000,150.000000,155.000000,155.000000,1700
2017-08-07,162.500000,164.000000,155.000000,160.000000,160.000000,1300
2017-08-08,165.000000,173.000000,152.500000,160.000000,160.000000,3400
2017-08-09,150.500000,160.000000,145.000000,147.500000,147.500000,3100
2017-08-10,147.500000,150.000000,132.500000,132.500000,132.500000,4600
2017-08-11,139.000000,140.000000,131.000000,136.000000,136.000000,1300
2017-08-14,138.000000,139.500000,120.000000,129.000000,129.000000,2300
2017-08-15,125.000000,133.500000,122.500000,125.000000,125.000000,1200
2017-08-16,125.000000,129.000000,106.000000,122.500000,122.500000,2800
2017-08-17,125.000000,125.000000,115.500000,117.000000,117.000000,1900
2017-08-18,122.500000,123.500000,114.000000,122.000000,122.000000,3000
2017-08-21,122.500000,147.000000,120.000000,135.500000,135.500000,7800
2017-08-22,130.000000,134.500000,125.000000,130.000000,130.000000,1700
2017-08-23,133.000000,133.000000,125.000000,128.000000,128.000000,1300
2017-08-24,130.000000,132.500000,125.000000,130.000000,130.000000,1300
2017-08-25,130.000000,130.500000,123.000000,127.500000,127.500000,700
2017-08-28,130.000000,130.000000,125.000000,126.000000,126.000000,700
2017-08-29,126.500000,129.000000,125.000000,127.000000,127.000000,800
2017-08-30,126.000000,130.000000,125.000000,129.500000,129.500000,1300
2017-08-31,135.000000,142.500000,129.000000,133.500000,133.500000,2900
2017-09-01,142.500000,152.500000,134.500000,145.000000,145.000000,3500
2017-09-05,145.000000,160.000000,145.000000,148.500000,148.500000,3000
2017-09-06,155.500000,155.500000,131.500000,138.500000,138.500000,1900
2017-09-07,144.500000,155.000000,138.500000,150.000000,150.000000,2700
2017-09-08,164.500000,165.000000,150.500000,152.000000,152.000000,3900
2017-09-11,160.000000,165.000000,152.000000,161.000000,161.000000,2600
2017-09-12,170.000000,175.000000,153.000000,160.000000,160.000000,4300
2017-09-13,165.000000,165.000000,150.000000,150.000000,150.000000,2000
2017-09-14,150.000000,159.500000,145.500000,145.500000,145.500000,2100
2017-09-15,149.500000,149.500000,135.000000,141.500000,141.500000,1800
2017-09-18,145.000000,147.500000,135.000000,135.000000,135.000000,1400
2017-09-19,140.000000,140.000000,130.500000,133.500000,133.500000,1800
2017-09-20,130.000000,137.000000,125.000000,133.000000,133.000000,1100
2017-09-21,136.000000,140.000000,127.500000,140.000000,140.000000,1400
2017-09-22,145.000000,155.000000,137.500000,146.500000,146.500000,2100
2017-09-25,150.000000,152.500000,136.500000,143.500000,143.500000,1100
2017-09-26,147.500000,150.000000,141.000000,145.000000,145.000000,1700
2017-09-27,149.500000,166.000000,145.000000,164.500000,164.500000,7100
2017-09-28,177.500000,185.000000,160.000000,160.500000,160.500000,9700
2017-09-29,167.500000,167.500000,145.000000,155.000000,155.000000,2500
2017-10-02,155.000000,165.000000,150.000000,155.500000,155.500000,1700
2017-10-03,159.500000,162.000000,152.500000,153.000000,153.000000,1600
2017-10-04,152.500000,157.500000,151.000000,151.000000,151.000000,1900
2017-10-05,151.000000,152.500000,137.500000,145.000000,145.000000,4600
2017-10-06,141.500000,159.500000,140.000000,147.500000,147.500000,4400
2017-10-09,150.000000,164.500000,145.500000,152.500000,152.500000,3800
2017-10-10,151.000000,152.500000,145.000000,147.500000,147.500000,1800
2017-10-11,147.500000,179.500000,146.500000,165.500000,165.500000,13100
2017-10-12,175.000000,175.000000,155.000000,158.000000,158.000000,4800
2017-10-13,157.500000,160.000000,150.000000,154.500000,154.500000,1900
2017-10-16,159.500000,164.500000,150.000000,159.500000,159.500000,2100
2017-10-17,154.500000,190.000000,150.500000,184.500000,184.500000,16200
2017-10-18,185.000000,205.000000,165.500000,179.000000,179.000000,16000
2017-10-19,179.000000,187.500000,163.000000,183.000000,183.000000,5800
2017-10-20,185.000000,185.000000,175.000000,182.500000,182.500000,4400
2017-10-23,180.000000,205.000000,167.500000,180.000000,180.000000,16800
2017-10-24,182.500000,182.500000,162.500000,167.000000,167.000000,6300
2017-10-25,165.000000,165.000000,152.500000,162.500000,162.500000,3900
2017-10-26,160.500000,162.000000,150.500000,157.000000,157.000000,2200
2017-10-27,155.000000,156.000000,147.500000,150.000000,150.000000,2400
2017-10-30,153.000000,153.000000,147.500000,148.500000,148.500000,1600
2017-10-31,150.000000,151.500000,140.000000,144.000000,144.000000,2100
2017-11-01,140.000000,145.000000,135.500000,142.500000,142.500000,2000
2017-11-02,149.000000,151.000000,141.000000,144.000000,144.000000,3200
2017-11-03,142.500000,155.000000,142.500000,151.500000,151.500000,2100
2017-11-06,165.000000,166.000000,151.500000,155.500000,155.500000,2600
2017-11-07,154.000000,158.500000,143.500000,155.000000,155.000000,2800
2017-11-08,145.000000,155.000000,140.000000,142.000000,142.000000,3000
2017-11-09,142.000000,149.500000,140.000000,141.500000,141.500000,1500
2017-11-10,144.000000,144.000000,132.500000,136.000000,136.000000,2300
2017-11-13,142.500000,142.500000,135.500000,139.000000,139.000000,800
2017-11-14,135.000000,141.500000,131.000000,137.000000,137.000000,2000
2017-11-15,132.500000,137.500000,127.500000,129.000000,129.000000,2400
2017-11-16,130.000000,134.500000,130.000000,131.000000,131.000000,700
2017-11-17,135.000000,142.500000,132.500000,138.500000,138.500000,1400
2017-11-20,140.000000,142.500000,132.500000,135.000000,135.000000,1400
2017-11-21,132.500000,139.500000,122.500000,125.500000,125.500000,3500
2017-11-22,122.500000,130.000000,122.000000,123.000000,123.000000,1700
2017-11-24,130.000000,130.000000,121.000000,124.500000,124.500000,1200
2017-11-27,122.500000,129.500000,100.000000,122.000000,122.000000,2000
2017-11-28,117.500000,125.000000,110.000000,125.000000,125.000000,2100
2017-11-29,124.500000,132.500000,121.000000,130.000000,130.000000,5000
2017-11-30,135.000000,135.000000,115.500000,125.000000,125.000000,4400
2017-12-01,115.500000,123.500000,115.500000,117.500000,117.500000,1700
2017-12-04,124.500000,125.000000,116.000000,124.000000,124.000000,1700
2017-12-05,125.000000,125.000000,116.000000,120.000000,120.000000,1900
2017-12-06,120.000000,122.500000,110.000000,115.000000,115.000000,2900
2017-12-07,111.500000,115.500000,107.500000,109.500000,109.500000,2100
2017-12-08,110.500000,114.500000,108.500000,112.500000,112.500000,2000
2017-12-11,109.500000,122.500000,108.500000,115.000000,115.000000,1300
2017-12-12,115.000000,115.000000,108.500000,111.000000,111.000000,900
2017-12-13,111.000000,115.000000,89.500000,100.000000,100.000000,3000
2017-12-14,99.500000,107.500000,97.500000,100.500000,100.500000,1300
2017-12-15,104.500000,104.500000,97.500000,97.500000,97.500000,2100
2017-12-18,104.000000,105.000000,90.000000,97.500000,97.500000,1700
2017-12-19,86.000000,92.000000,86.000000,88.500000,88.500000,4100
2017-12-20,95.000000,95.000000,82.500000,86.000000,86.000000,2300
2017-12-21,95.000000,95.000000,83.500000,83.500000,83.500000,2200
2017-12-22,88.000000,88.000000,78.000000,84.000000,84.000000,2800
2017-12-26,80.000000,82.500000,78.000000,79.000000,79.000000,2100
2017-12-27,80.000000,84.500000,75.500000,80.000000,80.000000,4700
2017-12-28,80.000000,105.000000,80.000000,95.000000,95.000000,6900
2017-12-29,95.000000,100.000000,87.500000,93.500000,93.500000,4100
2018-01-02,98.000000,100.000000,90.500000,93.500000,93.500000,1300
2018-01-03,95.000000,105.000000,91.000000,95.000000,95.000000,5100
2018-01-04,90.500000,96.500000,90.500000,94.000000,94.000000,1200
2018-01-05,99.000000,104.500000,94.500000,99.500000,99.500000,2700
2018-01-08,110.000000,115.000000,100.000000,106.500000,106.500000,4800
2018-01-09,109.000000,109.500000,91.000000,95.500000,95.500000,3000
2018-01-10,91.500000,99.000000,90.000000,95.000000,95.000000,1100
2018-01-11,94.000000,100.000000,92.000000,97.500000,97.500000,1000
2018-01-12,97.500000,97.500000,84.500000,86.500000,86.500000,2800
2018-01-16,86.500000,107.500000,84.000000,93.500000,93.500000,3900
2018-01-17,90.000000,93.500000,76.500000,85.000000,85.000000,3400
2018-01-18,84.500000,85.000000,77.000000,77.000000,77.000000,4200
2018-01-19,74.800003,81.300003,65.400002,66.199997,66.199997,14800
2018-01-22,67.800003,83.940002,66.199997,80.400002,80.400002,20700
2018-01-23,79.400002,88.599998,77.199997,80.400002,80.400002,14500
2018-01-24,81.599998,152.000000,81.599998,104.199997,104.199997,170500
2018-01-25,101.400002,139.779999,100.000000,131.399994,131.399994,57200
2018-01-26,129.399994,139.399994,117.000000,118.000000,118.000000,35100
2018-01-29,125.199997,125.199997,95.099998,97.099998,97.099998,31300
2018-01-30,100.000000,113.580002,94.239998,100.000000,100.000000,47600
2018-01-31,102.599998,111.000000,74.400002,77.000000,77.000000,58200
2018-02-01,94.000000,95.599998,73.000000,73.000000,73.000000,55600
2018-02-02,59.000000,59.259998,56.599998,59.000000,59.000000,77500
2018-02-05,58.799999,58.799999,54.000000,55.000000,55.000000,8300
2018-02-06,54.000000,55.980000,50.000000,50.200001,50.200001,11500
2018-02-07,51.599998,54.720001,47.000000,48.200001,48.200001,19300
2018-02-08,48.000000,50.980000,46.400002,46.400002,46.400002,18500
2018-02-09,47.000000,47.400002,41.000000,45.779999,45.779999,16900
2018-02-12,45.799999,46.400002,42.799999,44.799999,44.799999,12400
2018-02-13,45.000000,53.000000,41.000000,41.599998,41.599998,78000
2018-02-14,41.799999,43.000000,39.000000,42.000000,42.000000,22300
2018-02-15,42.000000,42.799999,37.000000,37.200001,37.200001,16700
2018-02-16,37.599998,40.799999,37.599998,40.599998,40.599998,20400
2018-02-20,40.599998,44.779999,40.599998,41.000000,41.000000,31800
2018-02-21,41.200001,42.799999,37.799999,39.400002,39.400002,13300
2018-02-22,39.200001,40.000000,35.599998,37.000000,37.000000,11500
2018-02-23,36.799999,39.200001,36.400002,38.400002,38.400002,4300
2018-02-26,39.200001,46.400002,38.900002,45.000000,45.000000,33400
2018-02-27,45.799999,48.799999,42.200001,44.200001,44.200001,36700
2018-02-28,43.799999,44.980000,43.200001,44.200001,44.200001,6600
2018-03-01,44.000000,44.779999,42.799999,44.200001,44.200001,5600
2018-03-02,43.599998,44.380001,42.400002,42.799999,42.799999,3200
2018-03-05,42.799999,44.000000,42.599998,43.000000,43.000000,3100
2018-03-06,43.000000,47.799999,42.000000,46.599998,46.599998,18400
2018-03-07,46.400002,53.000000,45.200001,45.599998,45.599998,46900
2018-03-08,44.799999,46.799999,44.799999,45.599998,45.599998,7500
2018-03-09,45.599998,47.980000,45.020000,46.200001,46.200001,10100
2018-03-12,46.000000,49.200001,45.200001,48.799999,48.799999,14600
2018-03-13,50.000000,51.400002,47.000000,48.000000,48.000000,20400
2018-03-14,48.000000,48.980000,44.400002,45.400002,45.400002,16300
2018-03-15,45.400002,49.180000,44.220001,45.599998,45.599998,18100
2018-03-16,48.200001,50.799999,46.000000,46.400002,46.400002,19300
2018-03-19,46.000000,46.000000,41.400002,42.000000,42.000000,14700
2018-03-20,42.000000,42.000000,39.000000,39.799999,39.799999,8200
2018-03-21,39.599998,40.299999,38.200001,40.000000,40.000000,4100
2018-03-22,39.799999,39.799999,37.000000,37.200001,37.200001,9700
2018-03-23,37.799999,37.799999,37.200001,37.799999,37.799999,5100
2018-03-26,38.000000,38.520000,35.000000,35.000000,35.000000,8600
2018-03-27,35.000000,37.599998,35.000000,35.599998,35.599998,2600
2018-03-28,36.000000,36.200001,32.599998,32.599998,32.599998,5100
2018-03-29,33.000000,35.000000,32.599998,33.599998,33.599998,3300
2018-04-02,33.599998,34.799999,32.599998,33.599998,33.599998,2600
2018-04-03,33.799999,34.599998,32.599998,32.599998,32.599998,2300
2018-04-04,32.599998,36.200001,32.400002,35.799999,35.799999,5200
2018-04-05,36.799999,40.200001,34.000000,38.799999,38.799999,10700
2018-04-06,38.400002,40.000000,36.200001,38.200001,38.200001,5600
2018-04-09,38.799999,38.799999,36.200001,37.000000,37.000000,1600
2018-04-10,38.400002,38.400002,36.099998,37.200001,37.200001,2900
2018-04-11,37.400002,37.599998,35.000000,37.599998,37.599998,1700
2018-04-12,38.400002,42.000000,35.599998,37.400002,37.400002,11700
2018-04-13,37.220001,38.200001,36.220001,38.200001,38.200001,2000
2018-04-16,39.000000,39.000000,37.700001,38.799999,38.799999,2400
2018-04-17,39.599998,48.799999,37.799999,41.400002,41.400002,39400
2018-04-18,41.200001,42.400002,39.619999,41.799999,41.799999,2700
2018-04-19,47.000000,55.799999,41.619999,43.599998,43.599998,726300
2018-04-20,42.000000,45.160000,39.000000,41.000000,41.000000,52200
2018-04-23,42.200001,42.980000,39.400002,41.000000,41.000000,10200
2018-04-24,40.799999,42.459999,37.200001,38.000000,38.000000,34400
2018-04-25,38.400002,41.000000,37.000000,40.000000,40.000000,11400
2018-04-26,41.000000,41.000000,38.400002,38.400002,38.400002,11600
2018-04-27,38.200001,39.220001,37.400002,37.599998,37.599998,10400
2018-04-30,37.400002,38.599998,36.000000,37.200001,37.200001,16500
2018-05-01,37.599998,39.580002,35.599998,36.799999,36.799999,12500
2018-05-02,36.799999,43.000000,36.220001,42.400002,42.400002,36500
2018-05-03,43.200001,43.200001,38.619999,41.400002,41.400002,14300
2018-05-04,41.200001,43.000000,40.000000,41.000000,41.000000,8300
2018-05-07,40.799999,41.980000,38.799999,39.799999,39.799999,7600
2018-05-08,40.200001,40.200001,37.220001,38.000000,38.000000,7800
2018-05-09,39.000000,39.020000,35.799999,36.720001,36.720001,10700
2018-05-10,36.599998,38.779999,36.000000,37.400002,37.400002,10500
2018-05-11,36.619999,36.860001,35.099998,36.000000,36.000000,14500
2018-05-14,36.000000,36.400002,34.599998,35.200001,35.200001,6300
2018-05-15,35.200001,35.799999,34.400002,35.400002,35.400002,3600
2018-05-16,35.400002,37.599998,35.000000,37.200001,37.200001,6100
2018-05-17,37.000000,37.400002,36.000000,36.000000,36.000000,3800
2018-05-18,36.200001,37.000000,35.200001,35.400002,35.400002,4800
2018-05-21,35.400002,36.000000,34.799999,35.599998,35.599998,3200
2018-05-22,35.599998,35.799999,34.799999,34.900002,34.900002,6300
2018-05-23,34.799999,39.000000,34.419998,36.599998,36.599998,43900
2018-05-24,38.200001,40.400002,37.020000,38.200001,38.200001,20900
2018-05-25,37.799999,45.000000,37.400002,42.599998,42.599998,48100
2018-05-29,42.000000,48.599998,40.400002,44.799999,44.799999,56900
2018-05-30,45.000000,46.580002,41.000000,42.799999,42.799999,20300
2018-05-31,44.000000,45.000000,42.000000,42.799999,42.799999,7900
2018-06-01,42.799999,46.639999,42.400002,45.400002,45.400002,10700
2018-06-04,47.599998,50.799999,45.000000,47.400002,47.400002,27200
2018-06-05,48.000000,53.799999,48.000000,50.799999,50.799999,72100
2018-06-06,50.400002,53.779999,49.599998,51.599998,51.599998,19500
2018-06-07,51.599998,53.000000,48.400002,49.799999,49.799999,15300
2018-06-08,49.599998,52.000000,49.599998,51.400002,51.400002,14800
2018-06-11,52.200001,56.000000,51.000000,56.000000,56.000000,42600
2018-06-12,56.599998,58.000000,48.000000,49.400002,49.400002,28500
2018-06-13,48.799999,49.400002,44.200001,46.000000,46.000000,23600
2018-06-14,46.400002,46.400002,41.200001,43.200001,43.200001,22400
2018-06-15,42.799999,44.840000,42.200001,44.799999,44.799999,5100
2018-06-18,43.799999,45.340000,42.200001,42.599998,42.599998,6800
2018-06-19,42.599998,42.919998,41.200001,41.599998,41.599998,5700
2018-06-20,41.599998,43.180000,40.200001,41.200001,41.200001,6400
2018-06-21,41.400002,42.599998,39.200001,41.000000,41.000000,7700
2018-06-22,40.599998,41.380001,39.400002,39.400002,39.400002,5700
2018-06-25,39.599998,39.799999,37.400002,38.799999,38.799999,4700
2018-06-26,38.000000,38.820000,36.599998,37.799999,37.799999,5000
2018-06-27,38.200001,38.200001,34.599998,35.200001,35.200001,6900
2018-06-28,34.400002,35.200001,33.200001,34.799999,34.799999,4900
2018-06-29,35.000000,36.779999,34.599998,35.599998,35.599998,2700
2018-07-02,35.400002,38.000000,34.599998,37.599998,37.599998,5800
2018-07-03,38.200001,38.400002,37.000000,37.200001,37.200001,2500
2018-07-05,37.000000,37.500000,35.599998,37.000000,37.000000,2300
2018-07-06,37.000000,38.000000,36.020000,37.599998,37.599998,1400
2018-07-09,37.400002,40.939999,37.000000,38.799999,38.799999,5500
2018-07-10,39.200001,42.980000,39.000000,41.200001,41.200001,8500
2018-07-11,42.400002,46.000000,41.200001,44.000000,44.000000,26800
2018-07-12,43.799999,44.119999,41.200001,42.200001,42.200001,4700
2018-07-13,43.200001,43.200001,41.000000,41.200001,41.200001,1900
2018-07-16,42.200001,42.840000,39.119999,40.599998,40.599998,2800
2018-07-17,40.200001,43.000000,39.340000,41.799999,41.799999,4800
2018-07-18,42.000000,43.779999,41.400002,41.799999,41.799999,6000
2018-07-19,40.799999,41.400002,39.040001,40.200001,40.200001,2400
2018-07-20,40.599998,41.200001,39.200001,39.599998,39.599998,3500
2018-07-23,39.419998,40.360001,39.200001,40.360001,40.360001,800
2018-07-24,40.200001,41.799999,37.200001,38.000000,38.000000,4400
2018-07-25,38.200001,39.500000,37.060001,38.799999,38.799999,2500
2018-07-26,39.000000,39.180000,35.200001,37.599998,37.599998,2200
2018-07-27,37.439999,38.400002,37.000000,37.000000,37.000000,2000
2018-07-30,37.200001,38.599998,35.599998,37.799999,37.799999,1300
2018-07-31,38.419998,39.200001,37.000000,37.599998,37.599998,1100
2018-08-01,37.599998,39.000000,37.599998,38.200001,38.200001,1100
2018-08-02,38.799999,40.580002,38.000000,39.200001,39.200001,4400
2018-08-03,38.799999,40.580002,35.599998,37.000000,37.000000,5500
2018-08-06,36.799999,36.799999,35.000000,35.400002,35.400002,3300
2018-08-07,35.939999,37.799999,35.599998,36.000000,36.000000,2000
2018-08-08,35.200001,37.700001,35.200001,35.200001,35.200001,1400
2018-08-09,35.520000,37.400002,35.000000,36.799999,36.799999,3800
2018-08-10,36.799999,36.799999,35.200001,35.400002,35.400002,6700
2018-08-13,35.400002,37.400002,35.400002,36.200001,36.200001,1500
2018-08-14,37.200001,37.380001,36.000000,36.000000,36.000000,1800
2018-08-15,36.799999,37.000000,36.000000,36.000000,36.000000,1800
2018-08-16,36.200001,36.799999,35.200001,35.900002,35.900002,2000
2018-08-17,36.740002,36.799999,35.400002,35.599998,35.599998,3400
2018-08-20,35.799999,36.599998,35.799999,36.400002,36.400002,5100
2018-08-21,36.400002,39.799999,36.400002,38.799999,38.799999,9300
2018-08-22,39.599998,40.400002,38.799999,39.000000,39.000000,7100
2018-08-23,39.000000,40.779999,37.599998,37.599998,37.599998,2300
2018-08-24,38.200001,39.000000,37.799999,38.200001,38.200001,1200
2018-08-27,38.200001,39.000000,37.080002,37.200001,37.200001,2600
2018-08-28,38.980000,38.980000,37.400002,38.400002,38.400002,1100
2018-08-29,38.599998,38.599998,37.799999,38.599998,38.599998,1200
2018-08-30,38.599998,39.200001,38.000000,38.400002,38.400002,1900
2018-08-31,38.000000,39.799999,38.000000,38.400002,38.400002,2600
2018-09-04,38.599998,39.599998,38.000000,38.200001,38.200001,1400
2018-09-05,38.799999,39.799999,37.200001,38.599998,38.599998,4200
2018-09-06,39.660000,39.799999,37.400002,37.840000,37.840000,3800
2018-09-07,38.000000,39.799999,37.360001,39.599998,39.599998,3100
2018-09-10,38.740002,42.000000,38.400002,40.000000,40.000000,9200
2018-09-11,40.139999,40.939999,37.400002,37.400002,37.400002,3700
2018-09-12,38.200001,39.400002,37.200001,38.000000,38.000000,3800
2018-09-13,38.599998,38.799999,37.599998,37.799999,37.799999,1000
2018-09-14,37.599998,38.400002,37.400002,37.400002,37.400002,3400
2018-09-17,37.880001,39.000000,37.880001,38.000000,38.000000,700
2018-09-18,39.000000,40.200001,37.599998,39.599998,39.599998,5800
2018-09-19,40.939999,42.000000,38.000000,38.599998,38.599998,8900
2018-09-20,40.779999,43.000000,38.200001,42.599998,42.599998,16700
2018-09-21,42.000000,45.000000,42.000000,43.200001,43.200001,19100
2018-09-24,47.000000,48.200001,41.220001,44.000000,44.000000,34400
2018-09-25,44.000000,44.799999,42.000000,43.000000,43.000000,6400
2018-09-26,43.000000,44.000000,41.200001,42.000000,42.000000,5700
2018-09-27,41.200001,42.799999,40.000000,41.000000,41.000000,4300
2018-09-28,41.000000,41.200001,40.000000,40.599998,40.599998,6000
2018-10-01,40.599998,42.000000,39.000000,39.799999,39.799999,7600
2018-10-02,40.000000,41.200001,38.799999,39.599998,39.599998,6600
2018-10-03,40.000000,40.000000,38.000000,39.799999,39.799999,5100
2018-10-04,39.599998,40.599998,38.599998,40.200001,40.200001,2900
2018-10-05,40.000000,40.799999,38.900002,40.400002,40.400002,2900
2018-10-08,39.200001,41.000000,38.419998,39.599998,39.599998,3900
2018-10-09,39.400002,40.000000,38.400002,39.799999,39.799999,1000
2018-10-10,40.000000,40.820000,38.400002,38.400002,38.400002,5500
2018-10-11,38.599998,39.779999,38.400002,38.799999,38.799999,2200
2018-10-12,39.000000,40.400002,37.599998,39.000000,39.000000,5100
2018-10-15,38.200001,39.000000,37.000000,37.799999,37.799999,3000
2018-10-16,37.320000,39.599998,37.000000,37.200001,37.200001,4400
2018-10-17,37.119999,37.119999,33.599998,33.799999,33.799999,16200
2018-10-18,28.400000,29.000000,26.120001,26.600000,26.600000,63200
2018-10-19,27.000000,27.799999,26.799999,27.600000,27.600000,19000
2018-10-22,27.600000,28.520000,27.000000,27.000000,27.000000,7900
2018-10-23,27.000000,27.700001,26.600000,26.799999,26.799999,6500
2018-10-24,26.799999,26.799999,25.400000,25.600000,25.600000,6300
2018-10-25,25.600000,26.680000,25.400000,25.799999,25.799999,2000
2018-10-26,25.799999,25.799999,24.600000,24.799999,24.799999,6400
2018-10-29,25.200001,25.480000,23.799999,24.400000,24.400000,8400
2018-10-30,23.799999,24.400000,23.600000,23.700001,23.700001,2100
2018-10-31,24.200001,26.000000,23.799999,24.400000,24.400000,6500
2018-11-01,24.400000,27.400000,24.000000,26.799999,26.799999,3700
2018-11-02,27.200001,27.740000,25.799999,26.799999,26.799999,4100
2018-11-05,27.600000,27.900000,25.600000,26.799999,26.799999,3000
2018-11-06,26.600000,27.400000,26.000000,27.200001,27.200001,1300
2018-11-07,27.000000,27.520000,26.400000,26.400000,26.400000,1000
2018-11-08,26.400000,27.400000,26.000000,26.480000,26.480000,2800
2018-11-09,26.000000,26.700001,25.200001,26.600000,26.600000,3700
2018-11-12,26.000000,27.000000,25.600000,25.600000,25.600000,2600
2018-11-13,26.000000,27.400000,25.799999,25.799999,25.799999,2200
2018-11-14,26.600000,27.200001,25.600000,25.799999,25.799999,5400
2018-11-15,25.799999,26.400000,25.000000,25.400000,25.400000,3400
2018-11-16,25.400000,26.180000,24.000000,24.900000,24.900000,1600
2018-11-19,24.799999,24.799999,22.600000,23.000000,23.000000,3400
2018-11-20,22.799999,24.780001,21.200001,21.299999,21.299999,3000
2018-11-21,21.799999,25.600000,21.799999,25.000000,25.000000,2000
2018-11-23,24.200001,24.600000,22.799999,23.200001,23.200001,800
2018-11-26,23.600000,24.000000,22.320000,23.000000,23.000000,1300
2018-11-27,23.000000,23.000000,22.000000,23.000000,23.000000,1100
2018-11-28,22.799999,22.799999,21.200001,22.000000,22.000000,1500
2018-11-29,21.200001,23.000000,21.200001,22.000000,22.000000,1600
2018-11-30,22.200001,23.100000,21.600000,21.799999,21.799999,3500
2018-12-03,21.840000,22.299999,21.799999,21.900000,21.900000,1400
2018-12-04,22.000000,26.799999,21.200001,21.700001,21.700001,45900
2018-12-06,21.799999,22.400000,20.400000,21.000000,21.000000,3500
2018-12-07,21.000000,23.000000,20.840000,21.000000,21.000000,3400
2018-12-10,21.200001,21.520000,19.400000,19.600000,19.600000,6300
2018-12-11,20.000000,20.600000,18.320000,20.000000,20.000000,2600
2018-12-12,19.400000,20.000000,18.260000,18.940001,18.940001,5100
2018-12-13,19.200001,20.299999,18.700001,18.799999,18.799999,2700
2018-12-14,18.700001,21.600000,18.600000,19.200001,19.200001,12400
2018-12-17,20.000000,21.799999,19.000000,21.799999,21.799999,11200
2018-12-18,21.799999,22.000000,15.200000,18.000000,18.000000,17300
2018-12-19,18.900000,19.400000,15.600000,18.340000,18.340000,19800
2018-12-20,18.600000,21.400000,16.820000,18.920000,18.920000,13200
2018-12-21,18.000000,20.600000,17.600000,20.600000,20.600000,8100
2018-12-24,19.200001,21.000000,18.000000,21.000000,21.000000,4400
2018-12-26,21.000000,21.200001,19.600000,20.799999,20.799999,2300
2018-12-27,20.799999,21.200001,20.600000,20.799999,20.799999,5600
2018-12-28,21.000000,26.000000,20.600000,25.200001,25.200001,23600
2018-12-31,25.600000,26.600000,24.740000,26.000000,26.000000,13000
2019-01-02,26.000000,29.200001,25.600000,28.680000,28.680000,5700
2019-01-03,28.600000,28.600000,26.200001,27.600000,27.600000,2400
2019-01-04,28.200001,29.000000,26.200001,28.540001,28.540001,4100
2019-01-07,29.000000,29.200001,28.200001,29.200001,29.200001,4200
2019-01-08,30.000000,30.000000,28.200001,29.200001,29.200001,8400
2019-01-09,29.200001,40.599998,29.200001,34.200001,34.200001,52700
2019-01-10,33.400002,37.939999,33.000000,36.000000,36.000000,14100
2019-01-11,35.799999,36.000000,34.459999,34.599998,34.599998,4100
2019-01-14,34.860001,35.799999,32.599998,33.500000,33.500000,7800
2019-01-15,35.200001,36.200001,32.799999,35.000000,35.000000,12900
2019-01-16,34.400002,34.900002,34.000000,34.200001,34.200001,4200
2019-01-17,34.400002,35.200001,33.799999,33.799999,33.799999,5000
2019-01-18,33.799999,34.520000,33.000000,34.000000,34.000000,1600
2019-01-22,33.200001,33.200001,31.600000,31.600000,31.600000,3100
2019-01-23,32.599998,33.000000,31.000000,31.600000,31.600000,3200
2019-01-24,33.200001,33.200001,31.400000,31.799999,31.799999,2500
2019-01-25,31.799999,33.000000,28.799999,30.799999,30.799999,27100
2019-01-28,32.040001,32.040001,30.000000,30.600000,30.600000,15000
2019-01-29,30.400000,30.400000,30.000000,30.200001,30.200001,5500
2019-01-30,31.000000,31.000000,29.799999,29.980000,29.980000,5300
2019-01-31,30.240000,31.600000,28.000000,28.600000,28.600000,8600
2019-02-01,29.200001,30.299999,29.000000,29.000000,29.000000,1200
2019-02-04,29.400000,29.400000,28.000000,28.200001,28.200001,2000
2019-02-05,31.000000,31.400000,29.000000,29.799999,29.799999,9500
2019-02-06,29.799999,29.799999,27.459999,28.459999,28.459999,5300
2019-02-07,28.200001,29.020000,28.200001,28.799999,28.799999,900
2019-02-08,29.000000,29.000000,28.000000,28.400000,28.400000,2900
2019-02-11,28.000000,28.260000,26.940001,27.600000,27.600000,2000
2019-02-12,27.600000,28.200001,27.480000,27.700001,27.700001,900
2019-02-13,27.660000,29.000000,27.400000,27.799999,27.799999,1600
2019-02-14,28.400000,30.020000,27.600000,28.799999,28.799999,14200
2019-02-15,28.600000,28.799999,28.240000,28.600000,28.600000,1400
2019-02-19,29.200001,29.600000,28.600000,29.600000,29.600000,5000
2019-02-20,28.400000,30.200001,28.400000,28.799999,28.799999,3800
2019-02-21,29.000000,29.379999,28.280001,29.200001,29.200001,1600
2019-02-22,29.600000,29.600000,28.400000,29.100000,29.100000,1500
2019-02-25,29.600000,31.799999,28.600000,30.000000,30.000000,5400
2019-02-26,30.799999,30.799999,28.600000,28.799999,28.799999,4000
2019-02-27,28.600000,29.760000,28.120001,29.200001,29.200001,5300
2019-02-28,28.799999,29.400000,28.240000,28.600000,28.600000,1000
2019-03-01,28.799999,29.600000,27.600000,29.600000,29.600000,2300
2019-03-04,27.600000,28.000000,25.500000,26.799999,26.799999,3200
2019-03-05,27.000000,27.799999,27.000000,27.020000,27.020000,1200
2019-03-06,27.200001,28.000000,26.200001,26.200001,26.200001,1400
2019-03-07,26.400000,27.160000,24.000000,24.160000,24.160000,3700
2019-03-08,24.000000,25.799999,23.400000,25.400000,25.400000,1400
2019-03-11,24.400000,25.400000,23.799999,25.400000,25.400000,18100
2019-03-12,24.600000,25.799999,24.600000,25.799999,25.799999,43400
2019-03-13,25.400000,25.680000,23.559999,24.400000,24.400000,67800
2019-03-14,24.400000,24.500000,23.400000,23.799999,23.799999,41000
2019-03-15,23.799999,24.980000,23.799999,24.000000,24.000000,14900
2019-03-18,25.000000,25.379999,23.799999,24.200001,24.200001,28400
2019-03-19,24.200001,25.100000,21.600000,22.000000,22.000000,107700
2019-03-20,21.980000,22.000000,21.000000,21.000000,21.000000,73400
2019-03-21,19.000000,21.000000,18.600000,19.600000,19.600000,127800
2019-03-22,19.600000,19.600000,17.200001,17.200001,17.200001,134400
2019-03-25,18.100000,20.799999,17.600000,17.600000,17.600000,924700
2019-03-26,10.800000,11.600000,10.600000,11.480000,11.480000,4754700
2019-03-27,11.280000,11.640000,10.900000,11.300000,11.300000,1628900
2019-03-28,11.400000,12.160000,11.240000,11.940000,11.940000,664800
2019-03-29,12.200000,12.380000,12.000000,12.080000,12.080000,806000
2019-04-01,12.780000,12.780000,12.020000,12.300000,12.300000,521600
2019-04-02,12.400000,12.400000,11.800000,12.000000,12.000000,601700
2019-04-03,12.400000,12.400000,11.500000,11.780000,11.780000,1044200
2019-04-04,11.860000,11.940000,11.420000,11.760000,11.760000,261000
2019-04-05,11.680000,11.780000,11.440000,11.560000,11.560000,268100
2019-04-08,12.160000,12.160000,11.600000,12.000000,12.000000,417000
2019-04-09,12.000000,12.100000,11.480000,11.660000,11.660000,273800
2019-04-10,11.640000,12.000000,11.500000,11.840000,11.840000,473900
2019-04-11,12.000000,12.000000,11.800000,12.000000,12.000000,244400
2019-04-12,12.000000,12.000000,11.700000,11.700000,11.700000,159200
2019-04-15,11.920000,12.100000,11.100000,11.400000,11.400000,350100
2019-04-16,11.380000,11.760000,11.200000,11.680000,11.680000,279700
2019-04-17,11.680000,11.900000,11.200000,11.200000,11.200000,183000
2019-04-18,11.400000,11.500000,11.000000,11.240000,11.240000,112300
2019-04-22,11.240000,11.620000,11.020000,11.060000,11.060000,116600
2019-04-23,11.120000,11.360000,10.820000,10.960000,10.960000,166200
2019-04-24,11.000000,11.000000,10.800000,10.840000,10.840000,146800
2019-04-25,10.800000,11.000000,10.400000,10.600000,10.600000,341300
2019-04-26,10.600000,10.860000,10.520000,10.640000,10.640000,68300
2019-04-29,10.600000,10.680000,7.200000,10.000000,10.000000,665900
2019-04-30,10.600000,10.600000,9.760000,10.200000,10.200000,52400
2019-05-01,10.000000,10.200000,9.200000,9.580000,9.580000,95400
2019-05-02,9.560000,9.980000,8.060000,9.680000,9.680000,178000
2019-05-03,9.400000,10.080000,9.400000,9.860000,9.860000,50900
2019-05-06,9.400000,10.080000,9.400000,9.800000,9.800000,59800
2019-05-07,9.800000,10.600000,9.780000,10.360000,10.360000,43900
2019-05-08,10.400000,10.620000,9.920000,10.200000,10.200000,60900
2019-05-09,10.280000,10.300000,10.000000,10.200000,10.200000,54400
2019-05-10,10.580000,10.580000,9.100000,10.000000,10.000000,106800
2019-05-13,9.700000,10.560000,9.600000,9.720000,9.720000,88100
2019-05-14,10.600000,10.600000,8.400000,8.600000,8.600000,700100
2019-05-15,8.380000,9.080000,8.200000,8.200000,8.200000,147100
2019-05-16,8.420000,9.000000,8.200000,8.400000,8.400000,231600
2019-05-17,8.600000,8.960000,8.200000,8.840000,8.840000,78000
2019-05-20,8.600000,10.000000,8.240000,10.000000,10.000000,175100
2019-05-21,9.940000,10.000000,8.360000,9.780000,9.780000,119700
2019-05-22,9.980000,9.980000,8.560000,9.180000,9.180000,139500
2019-05-23,9.400000,9.400000,8.560000,9.040000,9.040000,58100
2019-05-24,9.020000,9.040000,8.640000,8.900000,8.900000,21900
2019-05-28,8.900000,8.900000,8.760000,8.780000,8.780000,51600
2019-05-29,8.760000,8.900000,8.660000,8.700000,8.700000,36200
2019-05-30,8.780000,9.000000,8.220000,8.800000,8.800000,218700
2019-05-31,8.700000,9.020000,8.360000,9.020000,9.020000,32200
2019-06-03,8.520000,9.000000,8.460000,8.980000,8.980000,51400
2019-06-04,8.980000,9.000000,8.800000,8.960000,8.960000,67500
2019-06-05,9.000000,9.000000,8.660000,8.740000,8.740000,100300
2019-06-06,8.700000,8.840000,8.020000,8.260000,8.260000,70600
2019-06-07,8.400000,9.100000,8.300000,8.420000,8.420000,62500
2019-06-10,8.700000,8.840000,8.200000,8.640000,8.640000,47400
2019-06-11,8.800000,9.060000,8.000000,8.680000,8.680000,57300
2019-06-12,8.780000,8.900000,8.020000,8.460000,8.460000,126600
2019-06-13,13.600000,15.200000,8.900000,9.800000,9.800000,16129900
2019-06-14,8.640000,9.200000,8.000000,9.200000,9.200000,1485900
2019-06-17,8.500000,8.680000,8.200000,8.400000,8.400000,475500
2019-06-18,8.200000,8.200000,7.400000,7.940000,7.940000,334000
2019-06-19,8.000000,8.000000,7.620000,7.960000,7.960000,340600
2019-06-20,8.340000,9.460000,8.000000,8.760000,8.760000,1287100
2019-06-21,8.600000,9.400000,8.400000,9.100000,9.100000,781000
2019-06-24,9.100000,9.100000,8.400000,8.780000,8.780000,407200
2019-06-25,8.420000,8.580000,8.040000,8.360000,8.360000,169700
2019-06-26,8.400000,8.600000,7.800000,8.060000,8.060000,322100
2019-06-27,8.200000,8.600000,8.080000,8.200000,8.200000,333100
2019-06-28,8.120000,8.180000,7.700000,7.860000,7.860000,419400
2019-07-01,8.080000,8.360000,7.660000,7.900000,7.900000,236400
2019-07-02,8.080000,8.200000,7.600000,7.600000,7.600000,187300
2019-07-03,7.600000,7.600000,6.900000,7.040000,7.040000,424000
2019-07-05,7.000000,7.600000,7.000000,7.540000,7.540000,412900
2019-07-08,7.600000,7.600000,7.320000,7.440000,7.440000,140900
2019-07-09,7.380000,7.380000,7.200000,7.320000,7.320000,51400
2019-07-10,7.000000,7.580000,7.000000,7.360000,7.360000,110100
2019-07-11,7.600000,7.600000,7.020000,7.340000,7.340000,56800
2019-07-12,7.200000,7.400000,7.200000,7.200000,7.200000,58900
2019-07-15,7.360000,7.560000,6.500000,6.960000,6.960000,162100
2019-07-16,6.960000,6.960000,6.420000,6.640000,6.640000,178500
2019-07-17,6.700000,6.720000,6.380000,6.400000,6.400000,150700
2019-07-18,6.440000,6.600000,6.320000,6.580000,6.580000,136600
2019-07-19,6.580000,6.980000,6.360000,6.760000,6.760000,101500
2019-07-22,6.760000,6.780000,6.400000,6.540000,6.540000,102600
2019-07-23,6.440000,6.780000,6.420000,6.660000,6.660000,57700
2019-07-24,6.400000,6.600000,6.400000,6.600000,6.600000,96300
2019-07-25,6.520000,6.980000,6.460000,6.940000,6.940000,47800
2019-07-26,6.980000,7.540000,6.900000,7.360000,7.360000,160700
2019-07-29,7.500000,7.800000,6.740000,7.180000,7.180000,65700
2019-07-30,7.220000,7.260000,6.900000,6.900000,6.900000,61200
2019-07-31,7.540000,7.540000,6.620000,7.000000,7.000000,104500
2019-08-01,7.000000,7.160000,6.160000,6.260000,6.260000,247100
2019-08-02,6.360000,6.660000,6.200000,6.340000,6.340000,31500
2019-08-05,6.340000,7.000000,6.020000,6.600000,6.600000,169500
2019-08-06,6.620000,6.620000,6.220000,6.220000,6.220000,24100
2019-08-07,6.980000,6.980000,6.200000,6.500000,6.500000,75600
2019-08-08,6.300000,6.600000,4.200000,4.900000,4.900000,698700
2019-08-09,4.980000,6.200000,4.900000,5.460000,5.460000,319900
2019-08-12,5.480000,5.960000,5.340000,5.760000,5.760000,123400
2019-08-13,5.800000,5.800000,5.400000,5.400000,5.400000,48500
2019-08-14,6.100000,6.100000,5.340000,5.440000,5.440000,180400
2019-08-15,5.380000,5.600000,5.340000,5.360000,5.360000,58800
2019-08-16,5.340000,5.780000,4.860000,5.280000,5.280000,278700
2019-08-19,5.360000,5.360000,5.020000,5.140000,5.140000,51700
2019-08-20,5.020000,5.480000,4.800000,5.480000,5.480000,108800
2019-08-21,5.400000,5.400000,4.900000,5.400000,5.400000,46200
2019-08-22,5.200000,5.800000,5.200000,5.700000,5.700000,144700
2019-08-23,5.400000,5.800000,5.200000,5.740000,5.740000,22300
2019-08-26,5.760000,5.760000,4.820000,5.300000,5.300000,51100
2019-08-27,5.400000,5.500000,4.720000,4.980000,4.980000,168000
2019-08-28,4.800000,5.800000,4.800000,5.600000,5.600000,343100
2019-08-29,6.000000,6.827000,5.260000,6.180000,6.180000,87900
2019-08-30,6.320000,8.680000,6.280000,7.300000,7.300000,1699600
2019-09-03,6.710000,7.140000,6.450000,6.520000,6.520000,218300
2019-09-04,10.300000,12.800000,7.830000,8.020000,8.020000,11954300
2019-09-05,7.900000,8.800000,7.300000,7.680000,7.680000,838200
2019-09-06,7.500000,7.800000,6.710000,7.000000,7.000000,289700
2019-09-09,7.260000,7.350000,6.500000,6.640000,6.640000,120500
2019-09-10,6.540000,6.550000,6.000000,6.290000,6.290000,78800
2019-09-11,6.250000,7.310000,6.250000,7.180000,7.180000,76100
2019-09-12,7.740000,7.740000,6.480000,6.590000,6.590000,34000
2019-09-13,6.640000,9.120000,6.640000,8.000000,8.000000,601300
2019-09-16,7.940000,8.460000,7.075000,7.090000,7.090000,128500
2019-09-17,7.060000,7.410000,6.793000,7.060000,7.060000,33600
2019-09-18,7.230000,7.600000,6.900000,6.910000,6.910000,59400
2019-09-19,6.970000,7.280000,6.670000,6.700000,6.700000,22300
2019-09-20,6.730000,6.910000,6.390000,6.880000,6.880000,107600
2019-09-23,7.230000,7.720000,6.440000,7.300000,7.300000,102500
2019-09-24,7.411000,7.649000,6.830000,7.640000,7.640000,58500
2019-09-25,7.000000,7.544000,6.884000,7.252000,7.252000,17100
2019-09-26,7.390000,7.510000,6.740000,6.890000,6.890000,18800
2019-09-27,6.830000,7.660000,6.826000,7.240000,7.240000,26200
2019-09-30,7.180000,7.390000,7.030000,7.080000,7.080000,13800
2019-10-01,7.020000,7.370000,6.946000,7.020000,7.020000,4300
2019-10-02,7.109000,7.200000,6.830000,6.840000,6.840000,8400
2019-10-03,6.890000,7.270000,6.890000,7.070000,7.070000,4700
2019-10-04,6.640000,7.030000,6.550000,6.900000,6.900000,4800
2019-10-07,6.910000,7.290000,6.560000,6.690000,6.690000,29500
2019-10-08,6.690000,6.740000,6.440000,6.630000,6.630000,3300
2019-10-09,6.600000,6.881000,6.440000,6.547000,6.547000,9400
2019-10-10,6.510000,6.540000,6.152000,6.520000,6.520000,17400
2019-10-11,6.590000,6.800000,6.010000,6.770000,6.770000,29500
2019-10-14,6.710000,8.330000,6.010000,7.185000,7.185000,91000
2019-10-15,6.850000,7.300000,6.091000,6.200000,6.200000,241400
2019-10-16,6.310000,6.749000,5.870000,5.990000,5.990000,78600
2019-10-17,6.190000,6.280000,5.550000,5.830000,5.830000,59800
2019-10-18,5.940000,6.340000,5.850000,6.315000,6.315000,16600
2019-10-21,6.390000,7.285000,6.020000,6.250000,6.250000,111400
2019-10-22,6.120000,6.770000,5.550000,5.900000,5.900000,165800
2019-10-23,5.390000,7.050000,3.260000,3.660000,3.660000,4538500
2019-10-24,1.650000,1.780000,1.600000,1.640000,1.640000,7253000
2019-10-25,1.670000,1.680000,1.350000,1.545000,1.545000,1085800
2019-10-28,1.550000,1.690000,1.480000,1.610000,1.610000,970500
2019-10-29,1.610000,1.630000,1.430000,1.485000,1.485000,683900
2019-10-30,1.450000,1.490000,1.350000,1.360000,1.360000,538500
2019-10-31,1.360000,1.474000,1.260000,1.320000,1.320000,771200
2019-11-01,1.370000,1.430000,1.320000,1.360000,1.360000,401900
2019-11-04,1.400000,1.420000,1.330000,1.360000,1.360000,397300
2019-11-05,1.350000,1.350000,1.260000,1.270000,1.270000,430900
2019-11-06,1.280000,1.330000,1.250000,1.320000,1.320000,338000
2019-11-07,1.190000,1.380000,1.150000,1.320000,1.320000,969800
2019-11-08,1.230000,1.321000,1.230000,1.260000,1.260000,195400
2019-11-11,1.260000,1.420000,1.200000,1.320000,1.320000,788700
2019-11-12,1.320000,1.450000,1.210000,1.230000,1.230000,955300
2019-11-13,1.180000,1.210000,1.105000,1.120000,1.120000,367700
2019-11-14,1.120000,1.120000,1.000000,1.030000,1.030000,398000
2019-11-15,1.050000,1.070000,0.920000,1.070000,1.070000,630100
2019-11-18,1.090000,1.150000,1.040000,1.105000,1.105000,383500
2019-11-19,1.130000,1.130000,1.020000,1.060000,1.060000,230300
2019-11-20,1.000000,1.060000,0.970000,1.020000,1.020000,182500
2019-11-21,1.000000,1.070000,0.960000,1.040000,1.040000,140300
2019-11-22,1.042000,1.310000,1.025000,1.270000,1.270000,1234400
2019-11-25,1.290000,1.290000,1.160000,1.240000,1.240000,406400
2019-11-26,1.250000,1.250000,1.140000,1.150000,1.150000,186300
2019-11-27,1.150000,1.260000,1.140000,1.220000,1.220000,378400
2019-11-29,1.200000,1.240000,1.161000,1.210000,1.210000,128400
2019-12-02,1.250000,1.271000,1.190000,1.250000,1.250000,381400
2019-12-03,1.240000,1.250000,1.158000,1.230000,1.230000,172600
2019-12-04,1.250000,1.340000,1.150000,1.260000,1.260000,495100
2019-12-05,1.270000,1.330000,1.160000,1.190000,1.190000,215400
2019-12-06,1.200000,1.220000,1.100000,1.170000,1.170000,206300
2019-12-09,1.190000,1.194000,1.100000,1.170000,1.170000,112100
2019-12-10,1.140000,1.170000,1.140000,1.140000,1.140000,55300
2019-12-11,1.151000,1.200000,1.151000,1.170000,1.170000,63300
2019-12-12,1.170000,1.190000,1.160000,1.177000,1.177000,68000
2019-12-13,1.200000,1.250000,1.130000,1.230000,1.230000,158300
2019-12-16,1.250000,1.250000,1.180000,1.190000,1.190000,146000
2019-12-17,1.210000,1.340000,1.180000,1.320000,1.320000,762700
2019-12-18,1.310000,1.433000,1.260000,1.400000,1.400000,913400
2019-12-19,1.440000,1.460000,1.360000,1.400000,1.400000,625400
2019-12-20,1.410000,1.440000,1.370000,1.440000,1.440000,256000
2019-12-23,1.390000,1.580000,1.390000,1.393000,1.393000,1966700
2019-12-24,1.360000,1.390000,1.300000,1.330000,1.330000,290400
2019-12-26,1.330000,1.370000,1.260000,1.320000,1.320000,232300
2019-12-27,1.310000,1.320000,1.230000,1.310000,1.310000,262200
2019-12-30,1.290000,1.310000,1.060000,1.175000,1.175000,1357700
2019-12-31,1.160000,1.160000,1.020000,1.130000,1.130000,932100
2020-01-02,1.150000,1.194000,1.120000,1.157000,1.157000,261900
2020-01-03,1.150000,1.170000,1.110000,1.140000,1.140000,230200
2020-01-06,1.130000,1.300000,1.130000,1.270000,1.270000,541600
2020-01-07,1.270000,1.280000,1.200000,1.230000,1.230000,182500
2020-01-08,1.200000,1.340000,1.170000,1.320000,1.320000,823300
2020-01-09,1.350000,1.400000,1.280000,1.300000,1.300000,554300
2020-01-10,1.280000,1.375000,1.250000,1.360000,1.360000,598600
2020-01-13,1.360000,1.700000,1.340000,1.520000,1.520000,4030500
2020-01-14,1.430000,1.630000,1.360000,1.620000,1.620000,1505000
2020-01-15,1.670000,1.690000,1.530000,1.560000,1.560000,564200
2020-01-16,1.560000,1.700000,1.500000,1.650000,1.650000,2061500
2020-01-17,1.800000,2.130000,1.670000,1.910000,1.910000,5043500
2020-01-21,1.960000,2.051000,1.570000,1.760000,1.760000,2188900
2020-01-22,1.750000,1.790000,1.640000,1.700000,1.700000,531800
2020-01-23,1.630000,1.650000,1.530000,1.540000,1.540000,792200
2020-01-24,1.540000,1.750000,1.510000,1.710000,1.710000,737600
2020-01-27,1.800000,1.816000,1.600000,1.670000,1.670000,438600
2020-01-28,1.540000,1.540000,1.420000,1.500000,1.500000,1130800
2020-01-29,1.480000,1.490000,1.390000,1.420000,1.420000,230000
2020-01-30,1.540000,1.620000,1.410000,1.520000,1.520000,1382200
2020-01-31,1.650000,1.680000,1.530000,1.570000,1.570000,768000
2020-02-03,1.660000,2.830000,1.600000,2.270000,2.270000,15290000
2020-02-04,2.190000,2.230000,1.770000,1.800000,1.800000,2660100
2020-02-05,1.810000,2.029000,1.810000,1.910000,1.910000,1060200
2020-02-06,1.800000,1.830000,1.700000,1.720000,1.720000,699700
2020-02-07,1.720000,1.870000,1.700000,1.820000,1.820000,573900
2020-02-10,1.880000,1.900000,1.740000,1.760000,1.760000,350800
2020-02-11,1.770000,1.850000,1.760000,1.780000,1.780000,214100
2020-02-12,1.760000,1.800000,1.670000,1.700000,1.700000,582200
2020-02-13,1.670000,1.720000,1.650000,1.670000,1.670000,196500
2020-02-14,1.670000,1.684000,1.610000,1.630000,1.630000,203000
2020-02-18,1.740000,1.740000,1.610000,1.700000,1.700000,214700
2020-02-19,1.700000,1.770000,1.660000,1.750000,1.750000,1568700
2020-02-20,1.860000,1.900000,1.640000,1.700000,1.700000,1496500
2020-02-21,1.810000,1.810000,1.550000,1.620000,1.620000,557700
2020-02-24,1.600000,1.720000,1.540000,1.640000,1.640000,623000
2020-02-25,1.650000,1.650000,1.450000,1.490000,1.490000,454900
2020-02-26,1.460000,1.560000,1.450000,1.486000,1.486000,344900
2020-02-27,1.750000,2.100000,1.520000,2.040000,2.040000,7534800
2020-02-28,3.150000,4.200000,2.650000,3.390000,3.390000,17771000
2020-03-02,3.630000,3.830000,3.060000,3.410000,3.410000,4533000
2020-03-03,3.290000,4.000000,2.460000,3.920000,3.920000,4684600
2020-03-04,3.650000,3.800000,3.115000,3.210000,3.210000,3119500
2020-03-05,3.310000,3.340000,3.070000,3.150000,3.150000,1822700
2020-03-06,3.150000,3.190000,2.770000,3.040000,3.040000,1936200
2020-03-09,3.150000,3.150000,2.490000,2.680000,2.680000,1428500
2020-03-10,3.150000,3.590000,2.080000,2.280000,2.280000,5537600
2020-03-11,2.150000,2.298000,2.050000,2.070000,2.070000,1322200
2020-03-12,1.750000,2.010000,1.520000,1.910000,1.910000,1322400
2020-03-13,1.980000,2.150000,1.750000,2.010000,2.010000,969400
2020-03-16,3.420000,5.760000,2.930000,4.040000,4.040000,51919400
2020-03-17,3.880000,4.880000,2.830000,3.190000,3.190000,11313400
2020-03-18,2.970000,3.120000,2.400000,2.660000,2.660000,3282900
2020-03-19,2.700000,3.300000,2.700000,2.855000,2.855000,2026200
2020-03-20,2.980000,3.220000,2.720000,2.980000,2.980000,1998300
2020-03-23,2.970000,3.200000,2.900000,3.130000,3.130000,1469100
2020-03-24,3.190000,3.250000,2.800000,2.990000,2.990000,1654500
2020-03-25,3.090000,3.090000,2.660000,2.720000,2.720000,1342700
2020-03-26,2.700000,3.050000,2.660000,2.760000,2.760000,1969700
2020-03-27,2.870000,2.990000,2.790000,2.940000,2.940000,1336000
2020-03-30,3.020000,3.289000,2.660000,2.700000,2.700000,2768500
2020-03-31,2.700000,2.700000,2.350000,2.550000,2.550000,1139100
2020-04-01,2.370000,2.450000,2.330000,2.390000,2.390000,495800
2020-04-02,2.500000,2.690000,2.440000,2.570000,2.570000,1264900
2020-04-03,2.550000,2.670000,2.480000,2.480000,2.480000,889800
2020-04-06,2.470000,2.500000,2.240000,2.320000,2.320000,694500
2020-04-07,2.300000,2.300000,2.050000,2.160000,2.160000,863600
2020-04-08,2.150000,2.240000,2.101000,2.210000,2.210000,430800
2020-04-09,2.210000,2.240000,2.060000,2.190000,2.190000,699400
2020-04-13,2.130000,2.580000,2.130000,2.390000,2.390000,928100
2020-04-14,2.390000,2.460000,2.200000,2.340000,2.340000,938000
2020-04-15,2.300000,2.380000,2.160000,2.300000,2.300000,420400
2020-04-16,2.390000,2.780000,2.300000,2.590000,2.590000,2085600
2020-04-17,2.540000,2.615000,2.360000,2.440000,2.440000,1537800
2020-04-20,2.490000,2.520000,2.200000,2.300000,2.300000,1214800
2020-04-21,2.340000,2.390000,2.160000,2.250000,2.250000,883000
2020-04-22,2.270000,2.290000,2.200000,2.210000,2.210000,421100
2020-04-23,2.250000,2.269000,2.090000,2.150000,2.150000,936600
2020-04-24,2.150000,2.260000,2.060000,2.210000,2.210000,909100
2020-04-27,2.230000,2.490000,2.230000,2.390000,2.390000,986500
2020-04-28,2.450000,2.450000,2.250000,2.310000,2.310000,401100
2020-04-29,2.280000,2.340000,2.250000,2.280000,2.280000,362100
2020-04-30,2.240000,2.310000,2.210000,2.290000,2.290000,294800
2020-05-01,2.210000,2.300000,2.150000,2.220000,2.220000,538600
2020-05-04,2.190000,2.350000,2.180000,2.310000,2.310000,430800
2020-05-05,2.320000,2.400000,2.290000,2.310000,2.310000,464100
2020-05-06,2.310000,2.350000,2.210000,2.250000,2.250000,457000
2020-05-07,2.260000,2.300000,2.130000,2.240000,2.240000,605300
2020-05-08,2.070000,2.100000,1.890000,2.040000,2.040000,1217600
2020-05-11,2.000000,2.140000,1.990000,2.080000,2.080000,647400
2020-05-12,2.100000,2.128000,2.010000,2.030000,2.030000,621000
2020-05-13,2.070000,2.080000,1.840000,1.940000,1.940000,694000
2020-05-14,1.940000,2.090000,1.810000,2.060000,2.060000,1146200
2020-05-15,2.080000,2.080000,1.930000,1.970000,1.970000,325200
2020-05-18,2.000000,2.031000,1.920000,1.960000,1.960000,535500
2020-05-19,1.930000,2.140000,1.910000,2.080000,2.080000,1473400
2020-05-20,2.070000,2.077000,1.990000,2.010000,2.010000,465300
2020-05-21,1.990000,2.030000,1.920000,1.930000,1.930000,423000
2020-05-22,1.940000,2.080000,1.910000,2.040000,2.040000,882200
2020-05-26,2.090000,2.190000,2.000000,2.100000,2.100000,1652900
2020-05-27,2.100000,2.122000,1.960000,1.990000,1.990000,611700
2020-05-28,2.050000,2.170000,1.950000,1.990000,1.990000,1203500
2020-05-29,1.960000,1.980000,1.880000,1.940000,1.940000,683600
2020-06-01,1.930000,1.980000,1.870000,1.970000,1.970000,369700
2020-06-02,1.950000,1.990000,1.915000,1.970000,1.970000,352200
2020-06-03,2.070000,2.070000,1.950000,1.980000,1.980000,1056200
2020-06-04,1.950000,1.960000,1.900000,1.950000,1.950000,460300
2020-06-05,1.930000,1.950000,1.860000,1.950000,1.950000,655500
2020-06-08,1.970000,2.060000,1.900000,1.990000,1.990000,946000
2020-06-09,2.240000,2.269000,2.000000,2.220000,2.220000,8079800
2020-06-10,2.190000,2.200000,1.990000,2.080000,2.080000,1432600
2020-06-11,2.000000,2.020000,1.870000,1.880000,1.880000,1169900
2020-06-12,2.070000,2.070000,1.910000,2.000000,2.000000,1085600
2020-06-15,1.950000,2.050000,1.870000,2.000000,2.000000,1366500
2020-06-16,2.000000,2.070000,1.970000,2.000000,2.000000,1178300
2020-06-17,2.000000,2.030000,1.970000,2.030000,2.030000,695800
2020-06-18,1.950000,2.090000,1.940000,2.010000,2.010000,1477100
2020-06-19,2.020000,2.230000,2.020000,2.060000,2.060000,3735100
2020-06-22,2.060000,2.120000,2.010000,2.030000,2.030000,907300
2020-06-23,2.000000,2.020000,1.940000,1.990000,1.990000,796700
2020-06-24,1.950000,2.000000,1.920000,1.990000,1.990000,845900
2020-06-25,1.990000,2.050000,1.950000,2.010000,2.010000,1220300
2020-06-26,2.070000,2.250000,1.980000,2.110000,2.110000,5331500
2020-06-29,2.140000,2.140000,1.950000,2.040000,2.040000,1986600
2020-06-30,2.000000,2.080000,1.960000,2.040000,2.040000,2180800
2020-07-01,2.060000,2.130000,1.980000,2.110000,2.110000,2433800
2020-07-02,2.130000,2.142000,2.020000,2.070000,2.070000,902500
2020-07-06,2.030000,2.080000,2.010000,2.050000,2.050000,841600
2020-07-07,2.030000,2.140000,2.010000,2.070000,2.070000,1210900
2020-07-08,2.070000,2.250000,2.030000,2.150000,2.150000,2375000
2020-07-09,2.160000,2.280000,2.050000,2.100000,2.100000,2909900
2020-07-10,2.100000,2.170000,2.070000,2.150000,2.150000,877700
2020-07-13,2.180000,2.240000,2.050000,2.060000,2.060000,1476400
2020-07-14,2.060000,2.060000,1.900000,1.980000,1.980000,1454800
2020-07-15,1.990000,2.080000,1.880000,2.030000,2.030000,2544500
2020-07-16,2.020000,2.290000,1.979000,2.190000,2.190000,4974500
2020-07-17,2.190000,2.250000,2.120000,2.160000,2.160000,1272900
2020-07-20,2.190000,2.455000,2.160000,2.350000,2.350000,3143500
2020-07-21,2.420000,2.530000,2.270000,2.440000,2.440000,3547700
2020-07-22,2.380000,2.480000,2.215000,2.260000,2.260000,1742800
2020-07-23,2.230000,2.266000,2.040000,2.170000,2.170000,1764500
2020-07-24,2.090000,2.140000,2.030000,2.100000,2.100000,1409300
2020-07-27,2.130000,2.190000,2.060000,2.170000,2.170000,1504300
2020-07-28,2.150000,2.230000,2.070000,2.100000,2.100000,2057100
2020-07-29,2.100000,2.240000,2.080000,2.160000,2.160000,1908900
2020-07-30,2.160000,2.320000,2.080000,2.260000,2.260000,2029000
2020-07-31,2.260000,2.260000,2.150000,2.160000,2.160000,1191500
2020-08-03,2.180000,2.330000,2.140000,2.160000,2.160000,2093900
2020-08-04,2.170000,2.240000,2.155000,2.220000,2.220000,1169500
2020-08-05,2.250000,2.390000,2.240000,2.350000,2.350000,1297800
2020-08-06,2.350000,2.380000,2.200000,2.210000,2.210000,981000
2020-08-07,2.493000,4.440000,2.150000,3.370000,3.370000,209418200
2020-08-10,3.740000,3.760000,3.110000,3.140000,3.140000,16066100
2020-08-11,3.180000,3.190000,2.540000,2.560000,2.560000,6479000
2020-08-12,2.520000,2.860000,2.470000,2.610000,2.610000,4580900