Date,Open,High,Low,Close,Adj Close,Volume
2016-06-14,30.000000,35.759998,29.920000,34.160000,34.160000,100
2016-06-15,33.576000,33.576000,33.576000,33.576000,33.576000,0
2016-06-16,33.599998,35.840000,28.000000,34.400002,34.400002,8200
2016-06-17,34.400002,34.400002,31.200001,31.600000,31.600000,1900
2016-06-20,31.600000,31.600000,28.480000,30.872000,30.872000,8800
2016-06-21,31.040001,31.200001,28.799999,29.600000,29.600000,200
2016-06-22,30.312000,30.312000,26.879999,29.200001,29.200001,4900
2016-06-23,27.520000,30.240000,27.360001,28.799999,28.799999,2300
2016-06-24,26.400000,29.200001,26.400000,26.639999,26.639999,3500
2016-06-27,29.840000,29.840000,26.000000,26.799999,26.799999,1100
2016-06-28,26.799999,27.360001,26.400000,26.480000,26.480000,800
2016-06-29,26.160000,29.568001,26.160000,28.296000,28.296000,200
2016-06-30,27.600000,29.600000,26.559999,27.200001,27.200001,1800
2016-07-01,27.200001,27.200001,27.200001,27.200001,27.200001,0
2016-07-05,26.400000,27.040001,26.400000,26.799999,26.799999,1200
2016-07-06,26.976000,28.879999,26.007999,26.639999,26.639999,900
2016-07-07,27.520000,28.760000,26.799999,27.048000,27.048000,1300
2016-07-08,27.120001,27.920000,27.120001,27.920000,27.920000,0
2016-07-11,28.080000,29.280001,25.360001,28.160000,28.160000,2900
2016-07-12,27.920000,27.920000,26.000000,26.000000,26.000000,1300
2016-07-13,26.160000,27.920000,25.840000,25.840000,25.840000,3100
2016-07-14,27.176001,27.176001,26.400000,26.719999,26.719999,1800
2016-07-15,26.799999,26.823999,26.240000,26.240000,26.240000,3400
2016-07-18,26.952000,26.952000,24.952000,25.280001,25.280001,3000
2016-07-19,24.959999,26.959999,24.959999,26.799999,26.799999,1600
2016-07-20,26.000000,27.440001,25.200001,26.320000,26.320000,1800
2016-07-21,26.000000,26.816000,26.000000,26.080000,26.080000,200
2016-07-22,26.080000,26.080000,26.080000,26.080000,26.080000,0
2016-07-25,26.160000,26.912001,26.160000,26.799999,26.799999,1700
2016-07-26,29.600000,29.600000,26.799999,26.799999,26.799999,200
2016-07-27,26.799999,26.799999,26.000000,26.480000,26.480000,200
2016-07-28,26.719999,26.719999,26.719999,26.719999,26.719999,0
2016-07-29,26.000000,26.160000,26.000000,26.000000,26.000000,400
2016-08-01,26.000000,26.000000,26.000000,26.000000,26.000000,0
2016-08-02,26.000000,26.000000,26.000000,26.000000,26.000000,0
2016-08-03,24.327999,24.327999,24.327999,24.327999,24.327999,0
2016-08-04,26.000000,26.080000,26.000000,26.080000,26.080000,0
2016-08-05,26.080000,27.840000,26.080000,27.840000,27.840000,600
2016-08-08,27.760000,27.760000,27.760000,27.760000,27.760000,0
2016-08-09,27.304001,29.360001,27.200001,28.000000,28.000000,1000
2016-08-10,30.080000,30.080000,27.280001,29.920000,29.920000,2100
2016-08-11,29.600000,29.760000,28.000000,28.719999,28.719999,8000
2016-08-12,28.000000,30.160000,28.000000,29.120001,29.120001,300
2016-08-15,28.559999,30.400000,28.559999,30.400000,30.400000,1300
2016-08-16,31.280001,31.280001,28.879999,30.320000,30.320000,1000
2016-08-17,29.040001,30.000000,28.879999,29.840000,29.840000,800
2016-08-18,29.360001,34.400002,29.040001,30.719999,30.719999,2500
2016-08-19,32.720001,32.720001,30.000000,30.480000,30.480000,1100
2016-08-22,31.600000,31.600000,29.464001,30.959999,30.959999,700
2016-08-23,30.559999,31.600000,30.400000,31.600000,31.600000,500
2016-08-24,31.112000,31.120001,29.600000,30.400000,30.400000,1200
2016-08-25,30.400000,30.400000,30.400000,30.400000,30.400000,0
2016-08-26,30.400000,32.480000,29.768000,32.480000,32.480000,100
2016-08-29,32.480000,32.480000,32.480000,32.480000,32.480000,0
2016-08-30,32.000000,32.720001,31.200001,32.000000,32.000000,1300
2016-08-31,31.920000,38.799999,31.920000,37.919998,37.919998,1500
2016-09-01,39.279999,43.919998,36.200001,39.200001,39.200001,6700
2016-09-02,39.000000,39.000000,37.616001,38.000000,38.000000,800
2016-09-06,38.880001,43.360001,38.799999,43.360001,43.360001,16500
2016-09-07,43.360001,43.360001,42.240002,43.040001,43.040001,6900
2016-09-08,43.360001,43.360001,40.160000,42.000000,42.000000,3500
2016-09-09,42.000000,42.240002,41.520000,42.000000,42.000000,3700
2016-09-12,41.200001,42.240002,40.080002,41.599998,41.599998,5600
2016-09-13,40.000000,40.799999,38.400002,40.000000,40.000000,5000
2016-09-14,40.000000,40.080002,39.119999,39.759998,39.759998,3800
2016-09-15,40.000000,41.520000,39.119999,39.919998,39.919998,6600
2016-09-16,40.320000,40.320000,36.080002,36.080002,36.080002,22500
2016-09-19,37.919998,38.248001,34.400002,35.200001,35.200001,2500
2016-09-20,38.240002,38.240002,34.799999,35.840000,35.840000,10000
2016-09-21,35.528000,36.880001,34.799999,35.279999,35.279999,2500
2016-09-22,34.959999,36.000000,34.400002,35.840000,35.840000,1700
2016-09-23,36.480000,36.480000,35.439999,35.919998,35.919998,400
2016-09-26,35.919998,35.919998,35.200001,35.520000,35.520000,1000
2016-09-27,35.599998,35.759998,35.200001,35.200001,35.200001,100
2016-09-28,34.799999,34.799999,33.040001,34.160000,34.160000,3200
2016-09-29,34.160000,34.240002,33.080002,33.599998,33.599998,1900
2016-09-30,34.160000,34.160000,33.520000,34.000000,34.000000,500
2016-10-03,33.200001,34.880001,30.160000,32.000000,32.000000,3000
2016-10-04,32.320000,33.840000,31.920000,32.720001,32.720001,2000
2016-10-05,32.799999,33.439999,32.000000,32.880001,32.880001,4500
2016-10-06,33.312000,33.312000,32.639999,32.799999,32.799999,300
2016-10-07,30.559999,32.799999,30.559999,32.720001,32.720001,5700
2016-10-10,31.200001,31.920000,31.200001,31.600000,31.600000,100
2016-10-11,32.000000,32.000000,30.719999,31.040001,31.040001,16300
2016-10-12,30.320000,32.000000,30.320000,32.000000,32.000000,0
2016-10-13,31.120001,32.352001,31.120001,32.352001,32.352001,0
2016-10-14,31.200001,31.760000,30.799999,31.360001,31.360001,400
2016-10-17,30.799999,31.200001,30.799999,31.200001,31.200001,0
2016-10-18,30.959999,31.760000,30.719999,31.760000,31.760000,200
2016-10-19,32.000000,32.000000,32.000000,32.000000,32.000000,0
2016-10-20,31.600000,31.712000,31.600000,31.712000,31.712000,0
2016-10-21,32.000000,35.200001,32.000000,34.639999,34.639999,500
2016-10-24,33.759998,33.759998,32.880001,33.759998,33.759998,500
2016-10-25,33.543999,33.543999,33.543999,33.543999,33.543999,0
2016-10-26,33.360001,33.599998,33.200001,33.200001,33.200001,300
2016-10-27,32.959999,33.599998,32.959999,33.599998,33.599998,600
2016-10-28,33.040001,33.680000,32.799999,33.439999,33.439999,1200
2016-10-31,32.799999,33.919998,32.000000,33.680000,33.680000,25400
2016-11-01,33.248001,33.248001,32.639999,32.959999,32.959999,0
2016-11-02,32.959999,33.040001,32.799999,32.799999,32.799999,0
2016-11-03,33.040001,33.040001,31.760000,31.760000,31.760000,0
2016-11-04,32.400002,34.959999,30.959999,33.439999,33.439999,1400
2016-11-07,32.320000,32.320000,32.320000,32.320000,32.320000,0
2016-11-08,31.879999,32.320000,31.879999,32.320000,32.320000,100
2016-11-09,31.760000,32.400002,31.760000,32.400002,32.400002,200
2016-11-10,32.160000,32.320000,32.000000,32.240002,32.240002,300
2016-11-11,32.160000,32.320000,30.000000,30.959999,30.959999,8500
2016-11-14,30.832001,30.832001,29.840000,29.840000,29.840000,100
2016-11-15,29.440001,31.680000,28.799999,31.600000,31.600000,2200
2016-11-16,30.400000,31.680000,30.400000,31.680000,31.680000,100
2016-11-17,29.200001,31.760000,29.200001,29.280001,29.280001,1500
2016-11-18,30.719999,30.719999,29.760000,30.400000,30.400000,300
2016-11-21,29.200001,29.600000,29.200001,29.600000,29.600000,300
2016-11-22,29.920000,29.920000,29.120001,29.760000,29.760000,300
2016-11-23,29.600000,29.600000,29.600000,29.600000,29.600000,300
2016-11-25,29.920000,29.920000,29.920000,29.920000,29.920000,0
2016-11-28,29.040001,29.680000,29.040001,29.680000,29.680000,0
2016-11-29,29.760000,29.760000,27.520000,28.000000,28.000000,600
2016-11-30,27.440001,27.440001,27.440001,27.440001,27.440001,100
2016-12-01,27.440001,27.440001,27.440001,27.440001,27.440001,100
2016-12-02,27.440001,27.440001,27.440001,27.440001,27.440001,0
2016-12-05,27.200001,28.000000,23.256001,25.040001,25.040001,1700
2016-12-06,24.400000,24.639999,22.799999,22.799999,22.799999,2800
2016-12-07,22.799999,23.280001,22.799999,23.280001,23.280001,1000
2016-12-08,25.680000,25.680000,21.440001,22.080000,22.080000,1000
2016-12-09,22.240000,25.104000,20.080000,20.080000,20.080000,1200
2016-12-12,20.719999,21.200001,17.280001,19.120001,19.120001,4100
2016-12-13,19.760000,20.719999,17.600000,19.120001,19.120001,300
2016-12-14,20.799999,20.799999,15.920000,16.000000,16.000000,2900
2016-12-15,16.400000,16.559999,14.880000,15.480000,15.480000,3400
2016-12-16,15.520000,15.520000,14.432000,15.152000,15.152000,2500
2016-12-19,14.784000,20.688000,14.784000,18.799999,18.799999,13900
2016-12-20,19.600000,21.920000,18.736000,19.440001,19.440001,6300
2016-12-21,20.160000,20.944000,18.559999,18.816000,18.816000,4200
2016-12-22,21.184000,21.184000,17.760000,20.063999,20.063999,1100
2016-12-23,20.000000,20.719999,18.240000,18.639999,18.639999,2800
2016-12-27,18.400000,20.392000,18.000000,19.040001,19.040001,2300
2016-12-28,19.680000,20.000000,18.400000,18.719999,18.719999,15800
2016-12-29,20.719999,20.719999,18.799999,20.000000,20.000000,6700
2016-12-30,20.480000,26.240000,19.320000,24.080000,24.080000,16700
2017-01-03,24.400000,29.719999,24.400000,26.256001,26.256001,3700
2017-01-04,29.464001,29.464001,22.400000,24.160000,24.160000,4200
2017-01-05,24.719999,25.120001,23.384001,23.520000,23.520000,1000
2017-01-06,23.312000,23.600000,22.879999,23.167999,23.167999,4600
2017-01-09,24.000000,24.000000,22.448000,22.799999,22.799999,1500
2017-01-10,23.120001,23.840000,22.160000,22.799999,22.799999,1200
2017-01-11,25.520000,25.520000,22.879999,23.040001,23.040001,4500
2017-01-12,24.400000,25.040001,21.600000,22.559999,22.559999,4400
2017-01-13,23.360001,27.983999,21.983999,23.535999,23.535999,19000
2017-01-17,24.448000,25.200001,22.639999,25.120001,25.120001,1600
2017-01-18,23.920000,24.056000,21.680000,22.400000,22.400000,6100
2017-01-19,22.799999,23.752001,22.080000,22.080000,22.080000,1400
2017-01-20,23.520000,23.520000,22.080000,22.480000,22.480000,2600
2017-01-23,22.639999,22.639999,22.080000,22.320000,22.320000,1000
2017-01-24,22.799999,22.799999,22.080000,22.559999,22.559999,1000
2017-01-25,22.799999,23.520000,22.240000,22.400000,22.400000,800
2017-01-26,22.639999,26.400000,22.559999,24.480000,24.480000,26100
2017-01-27,24.000000,31.600000,23.808001,29.920000,29.920000,48100
2017-01-30,30.240000,30.400000,28.080000,28.559999,28.559999,14800
2017-01-31,28.775999,29.200001,27.280001,28.480000,28.480000,8700
2017-02-01,28.879999,29.016001,26.879999,28.000000,28.000000,4700
2017-02-02,28.000000,28.000000,27.120001,27.920000,27.920000,1900
2017-02-03,27.535999,27.760000,26.000000,26.240000,26.240000,6900
2017-02-06,26.320000,26.879999,26.040001,26.320000,26.320000,600
2017-02-07,25.728001,27.920000,25.728001,26.719999,26.719999,2200
2017-02-08,26.872000,26.872000,25.600000,26.080000,26.080000,2200
2017-02-09,27.120001,28.639999,27.016001,27.760000,27.760000,5300
2017-02-10,27.440001,28.160000,26.799999,27.680000,27.680000,800
2017-02-13,27.600000,27.920000,27.120001,27.120001,27.120001,600
2017-02-14,27.912001,27.992001,27.040001,27.992001,27.992001,200
2017-02-15,27.760000,30.000000,27.600000,30.000000,30.000000,1600
2017-02-16,30.160000,30.160000,26.240000,26.240000,26.240000,16800
2017-02-17,28.160000,28.160000,26.959999,27.680000,27.680000,1500
2017-02-21,26.879999,27.360001,26.320000,26.799999,26.799999,2000
2017-02-22,26.400000,26.544001,26.000000,26.240000,26.240000,6000
2017-02-23,25.639999,26.480000,25.440001,26.480000,26.480000,800
2017-02-24,26.872000,26.872000,25.840000,25.840000,25.840000,300
2017-02-27,26.480000,27.840000,26.000000,27.280001,27.280001,700
2017-02-28,28.160000,28.160000,25.520000,25.520000,25.520000,2200
2017-03-01,25.695999,26.320000,25.200001,25.200001,25.200001,1300
2017-03-02,25.200001,25.600000,24.879999,25.600000,25.600000,1500
2017-03-03,25.120001,25.200001,22.440001,23.200001,23.200001,7600
2017-03-06,24.799999,25.440001,19.200001,25.120001,25.120001,8200
2017-03-07,22.000000,24.639999,20.480000,21.280001,21.280001,6200
2017-03-08,21.440001,22.480000,20.856001,21.840000,21.840000,2300
2017-03-09,20.879999,21.440001,19.600000,21.440001,21.440001,6200
2017-03-10,23.920000,23.920000,21.920000,22.320000,22.320000,2800
2017-03-13,23.440001,27.200001,23.360001,25.920000,25.920000,3500
2017-03-14,25.360001,25.760000,24.431999,25.680000,25.680000,1900
2017-03-15,25.591999,26.480000,25.040001,25.040001,25.040001,1800
2017-03-16,23.200001,26.879999,23.200001,26.799999,26.799999,2100
2017-03-17,26.639999,26.799999,25.288000,26.000000,26.000000,2000
2017-03-20,25.680000,26.000000,25.440001,25.600000,25.600000,900
2017-03-21,25.600000,25.600000,24.719999,25.520000,25.520000,400
2017-03-22,25.600000,25.600000,23.200001,24.080000,24.080000,1100
2017-03-23,24.400000,25.440001,23.520000,24.320000,24.320000,2000
2017-03-24,25.200001,25.920000,22.160000,22.320000,22.320000,8700
2017-03-27,22.240000,22.535999,21.280001,21.600000,21.600000,2600
2017-03-28,21.840000,22.400000,21.200001,21.200001,21.200001,2800
2017-03-29,22.240000,24.104000,21.280001,21.280001,21.280001,5200
2017-03-30,22.400000,22.400000,20.799999,21.600000,21.600000,3500
2017-03-31,22.799999,23.232000,20.799999,21.440001,21.440001,3700
2017-04-03,21.360001,21.520000,20.799999,20.879999,20.879999,3800
2017-04-04,23.848000,23.848000,20.959999,21.040001,21.040001,6400
2017-04-05,23.040001,23.040001,20.400000,20.559999,20.559999,7200
2017-04-06,20.400000,20.400000,18.320000,19.600000,19.600000,6000
2017-04-07,20.000000,22.400000,19.200001,19.360001,19.360001,7000
2017-04-10,20.400000,21.912001,16.719999,18.000000,18.000000,9600
2017-04-11,17.600000,20.143999,16.559999,17.360001,17.360001,6900
2017-04-12,17.120001,18.648001,16.719999,18.000000,18.000000,3100
2017-04-13,17.440001,18.719999,16.400000,16.400000,16.400000,5500
2017-04-17,15.280000,18.320000,15.280000,17.920000,17.920000,6000
2017-04-18,17.120001,18.112000,17.040001,18.072001,18.072001,1800
2017-04-19,18.080000,18.080000,16.959999,17.120001,17.120001,1700
2017-04-20,17.040001,18.312000,16.639999,16.639999,16.639999,3800
2017-04-21,16.983999,17.600000,16.664000,17.600000,17.600000,2400
2017-04-24,17.680000,17.680000,16.320000,16.959999,16.959999,6000
2017-04-25,16.712000,17.520000,16.712000,16.879999,16.879999,1500
2017-04-26,17.040001,17.680000,16.719999,17.440001,17.440001,1700
2017-04-27,17.216000,18.000000,17.200001,17.600000,17.600000,2100
2017-04-28,17.344000,18.000000,17.200001,17.920000,17.920000,5400
2017-05-01,17.920000,17.920000,17.232000,17.680000,17.680000,3600
2017-05-02,17.440001,17.920000,17.160000,17.360001,17.360001,3800
2017-05-03,17.232000,17.392000,16.480000,17.280001,17.280001,4800
2017-05-04,16.799999,17.840000,16.480000,16.639999,16.639999,5400
2017-05-05,17.400000,17.400000,15.440000,16.320000,16.320000,4400
2017-05-08,16.799999,17.200001,16.160000,16.639999,16.639999,7000
2017-05-09,17.104000,17.104000,16.191999,16.240000,16.240000,4400
2017-05-10,16.400000,17.191999,16.160000,16.559999,16.559999,7000
2017-05-11,16.559999,17.896000,16.320000,17.440001,17.440001,7100
2017-05-12,17.760000,17.760000,16.400000,16.639999,16.639999,4600
2017-05-15,16.719999,16.799999,15.960000,16.000000,16.000000,5300
2017-05-16,16.799999,16.799999,14.080000,15.200000,15.200000,8600
2017-05-17,14.160000,14.400000,12.400000,12.640000,12.640000,23800
2017-05-18,12.720000,12.864000,10.960000,11.280000,11.280000,5300
2017-05-19,11.200000,11.200000,10.720000,10.960000,10.960000,1700
2017-05-22,10.960000,11.840000,10.808000,11.120000,11.120000,5400
2017-05-23,11.200000,12.744000,9.048000,10.240000,10.240000,4300
2017-05-24,10.488000,10.800000,10.000000,10.160000,10.160000,29100
2017-05-25,10.400000,10.856000,10.000000,10.720000,10.720000,13600
2017-05-26,10.304000,11.040000,10.080000,10.984000,10.984000,1400
2017-05-30,10.720000,14.400000,10.160000,13.600000,13.600000,14300
2017-05-31,14.960000,14.960000,10.400000,12.160000,12.160000,16000
2017-06-01,12.400000,12.872000,11.200000,11.600000,11.600000,4200
2017-06-02,12.320000,12.320000,11.400000,11.600000,11.600000,2900
2017-06-05,11.632000,11.688000,10.720000,11.120000,11.120000,1900
2017-06-06,11.200000,11.400000,10.960000,11.040000,11.040000,2500
2017-06-07,11.040000,11.280000,10.800000,10.960000,10.960000,1200
2017-06-08,11.200000,12.160000,11.200000,11.680000,11.680000,9400
2017-06-09,11.760000,13.040000,11.760000,12.240000,12.240000,5400
2017-06-12,12.920000,12.920000,12.080000,12.240000,12.240000,3300
2017-06-13,12.080000,12.880000,12.080000,12.880000,12.880000,2100
2017-06-14,12.400000,13.520000,12.080000,12.560000,12.560000,11000
2017-06-15,12.560000,12.960000,11.600000,12.080000,12.080000,10900
2017-06-16,12.640000,12.720000,11.280000,11.280000,11.280000,9300
2017-06-19,11.632000,12.080000,9.840000,11.032000,11.032000,8200
2017-06-20,10.560000,10.816000,9.280000,9.680000,9.680000,9200
2017-06-21,10.480000,10.480000,9.440000,9.520000,9.520000,7900
2017-06-22,9.600000,10.376000,8.640000,9.120000,9.120000,7700
2017-06-23,9.600000,10.160000,8.960000,9.760000,9.760000,11100
2017-06-26,10.080000,10.080000,7.840000,8.240000,8.240000,14400
2017-06-27,8.480000,8.480000,7.760000,8.000000,8.000000,6700
2017-06-28,8.320000,8.376000,7.840000,7.840000,7.840000,15500
2017-06-29,7.840000,8.240000,7.680000,8.160000,8.160000,2600
2017-06-30,8.080000,8.160000,7.680000,8.000000,8.000000,36900
2017-07-03,8.000000,8.104000,7.840000,7.888000,7.888000,5600
2017-07-05,7.888000,8.168000,7.888000,8.000000,8.000000,10700
2017-07-06,8.160000,9.200000,7.600000,9.040000,9.040000,37700
2017-07-07,9.360000,10.080000,8.368000,9.760000,9.760000,26600
2017-07-10,9.760000,11.200000,9.600000,10.720000,10.720000,33300
2017-07-11,10.640000,10.640000,9.760000,9.760000,9.760000,13700
2017-07-12,9.680000,10.240000,8.800000,9.680000,9.680000,11100
2017-07-13,9.280000,9.496000,8.320000,8.320000,8.320000,5400
2017-07-14,8.400000,9.120000,8.160000,8.880000,8.880000,7100
2017-07-17,8.960000,9.200000,8.000000,9.120000,9.120000,23300
2017-07-18,9.120000,9.120000,8.000000,8.000000,8.000000,10300
2017-07-19,8.160000,8.480000,7.600000,7.856000,7.856000,6700
2017-07-20,8.136000,8.136000,7.680000,8.000000,8.000000,4900
2017-07-21,8.000000,8.000000,7.600000,7.920000,7.920000,4000
2017-07-24,7.848000,8.240000,7.760000,7.920000,7.920000,11500
2017-07-25,7.896000,8.160000,7.760000,7.760000,7.760000,4500
2017-07-26,7.816000,8.640000,7.760000,7.840000,7.840000,15100
2017-07-27,8.216000,8.616000,7.680000,7.768000,7.768000,3900
2017-07-28,8.128000,8.272000,7.840000,7.904000,7.904000,1200
2017-07-31,7.680000,8.400000,7.600000,8.000000,8.000000,8800
2017-08-01,8.400000,8.560000,7.680000,7.856000,7.856000,5700
2017-08-02,7.856000,8.160000,7.856000,8.160000,8.160000,2900
2017-08-03,8.160000,8.160000,7.848000,8.088000,8.088000,500
2017-08-04,8.080000,8.120000,8.000000,8.080000,8.080000,900
2017-08-07,8.000000,8.024000,7.848000,7.848000,7.848000,900
2017-08-08,7.944000,8.000000,7.800000,8.000000,8.000000,1700
2017-08-09,7.920000,7.960000,7.920000,7.960000,7.960000,200
2017-08-10,7.920000,8.000000,7.920000,8.000000,8.000000,1000
2017-08-11,7.600000,8.000000,7.600000,7.920000,7.920000,1500
2017-08-14,7.280000,8.000000,6.400000,8.000000,8.000000,1000
2017-08-15,8.000000,8.000000,7.920000,7.960000,7.960000,1200
2017-08-16,8.000000,8.000000,7.960000,7.960000,7.960000,600
2017-08-17,7.960000,7.960000,7.840000,7.840000,7.840000,5400
2017-08-18,7.680000,8.408000,7.600000,8.160000,8.160000,14800
2017-08-21,8.000000,8.000000,7.600000,7.680000,7.680000,3000
2017-08-22,7.776000,7.776000,7.360000,7.680000,7.680000,2600
2017-08-23,7.440000,7.616000,7.200000,7.360000,7.360000,10500
2017-08-24,7.200000,7.432000,6.256000,7.200000,7.200000,7500
2017-08-25,7.200000,7.200000,6.400000,6.880000,6.880000,8100
2017-08-28,6.960000,7.200000,6.400000,6.648000,6.648000,6000
2017-08-29,7.120000,7.240000,6.696000,6.696000,6.696000,400
2017-08-30,6.880000,7.360000,6.880000,7.200000,7.200000,2100
2017-08-31,7.200000,7.360000,6.648000,6.944000,6.944000,17200
2017-09-01,7.120000,7.280000,7.120000,7.280000,7.280000,6700
2017-09-05,7.120000,7.600000,7.120000,7.200000,7.200000,3500
2017-09-06,7.224000,7.760000,7.136000,7.600000,7.600000,8500
2017-09-07,8.000000,8.000000,6.880000,7.200000,7.200000,20300
2017-09-08,7.840000,18.400000,7.600000,16.160000,16.160000,753800
2017-09-11,16.559999,16.799999,13.208000,14.400000,14.400000,183000
2017-09-12,13.520000,14.400000,13.200000,14.160000,14.160000,36700
2017-09-13,14.160000,16.000000,13.760000,14.080000,14.080000,40600
2017-09-14,13.920000,14.960000,13.520000,13.600000,13.600000,24500
2017-09-15,14.000000,14.000000,13.200000,13.200000,13.200000,18100
2017-09-18,12.800000,13.120000,11.280000,11.840000,11.840000,32800
2017-09-19,12.240000,12.240000,10.640000,11.336000,11.336000,13100
2017-09-20,11.440000,11.520000,10.400000,10.640000,10.640000,20700
2017-09-21,10.800000,13.040000,10.080000,11.440000,11.440000,38100
2017-09-22,11.200000,11.200000,9.688000,10.640000,10.640000,31400
2017-09-25,10.400000,11.040000,10.160000,10.800000,10.800000,10200
2017-09-26,10.880000,11.280000,10.400000,10.400000,10.400000,6000
2017-09-27,10.400000,12.320000,10.400000,12.320000,12.320000,18200
2017-09-28,12.320000,12.320000,11.280000,11.440000,11.440000,4700
2017-09-29,11.520000,11.600000,10.808000,10.960000,10.960000,11400
2017-10-02,11.120000,11.440000,11.040000,11.120000,11.120000,10100
2017-10-03,10.960000,12.400000,10.400000,10.800000,10.800000,26600
2017-10-04,10.960000,11.600000,10.960000,11.520000,11.520000,17100
2017-10-05,11.280000,11.920000,10.880000,11.280000,11.280000,13600
2017-10-06,11.440000,11.680000,11.120000,11.520000,11.520000,4800
2017-10-09,11.520000,12.160000,10.880000,10.880000,10.880000,16700
2017-10-10,11.120000,11.576000,10.640000,10.880000,10.880000,3700
2017-10-11,10.800000,11.200000,10.720000,10.968000,10.968000,5900
2017-10-12,11.040000,11.040000,10.664000,10.800000,10.800000,4600
2017-10-13,10.800000,11.200000,10.720000,11.200000,11.200000,2600
2017-10-16,10.800000,10.960000,10.160000,10.240000,10.240000,9600
2017-10-17,10.088000,10.880000,10.088000,10.720000,10.720000,4800
2017-10-18,10.600000,11.352000,10.240000,10.720000,10.720000,3400
2017-10-19,10.480000,10.720000,10.480000,10.528000,10.528000,1200
2017-10-20,10.720000,11.120000,10.320000,10.800000,10.800000,10500
2017-10-23,10.960000,11.120000,10.800000,11.040000,11.040000,2400
2017-10-24,10.800000,11.200000,10.560000,10.640000,10.640000,6100
2017-10-25,10.480000,10.960000,10.160000,10.720000,10.720000,7200
2017-10-26,10.720000,10.720000,10.400000,10.560000,10.560000,2600
2017-10-27,10.720000,10.720000,10.240000,10.560000,10.560000,2300
2017-10-30,10.400000,10.720000,10.080000,10.720000,10.720000,2000
2017-10-31,10.640000,13.600000,8.800000,10.080000,10.080000,272900
2017-11-01,9.600000,9.720000,8.480000,9.120000,9.120000,23200
2017-11-02,8.960000,10.400000,8.880000,10.400000,10.400000,10500
2017-11-03,10.000000,10.232000,8.000000,10.056000,10.056000,6000
2017-11-06,10.800000,11.040000,9.280000,10.400000,10.400000,14300
2017-11-07,10.000000,10.480000,9.848000,10.480000,10.480000,2900
2017-11-08,10.304000,10.392000,9.840000,10.392000,10.392000,4400
2017-11-09,10.160000,11.040000,10.160000,10.400000,10.400000,5700
2017-11-10,10.400000,10.400000,9.760000,10.000000,10.000000,3200
2017-11-13,10.240000,10.800000,9.832000,10.320000,10.320000,9200
2017-11-14,10.000000,10.376000,9.760000,10.160000,10.160000,8200
2017-11-15,10.040000,10.240000,9.680000,10.000000,10.000000,5500
2017-11-16,10.000000,10.240000,10.000000,10.080000,10.080000,1300
2017-11-17,10.128000,11.120000,10.080000,10.960000,10.960000,28700
2017-11-20,11.120000,11.840000,10.880000,11.360000,11.360000,57400
2017-11-21,11.520000,11.520000,9.920000,10.800000,10.800000,12100
2017-11-22,10.720000,10.720000,9.760000,10.560000,10.560000,9000
2017-11-24,10.400000,10.960000,10.160000,10.960000,10.960000,8400
2017-11-27,11.040000,11.168000,10.000000,10.480000,10.480000,8000
2017-11-28,10.160000,10.312000,9.760000,10.000000,10.000000,7700
2017-11-29,9.840000,10.480000,9.840000,10.400000,10.400000,2600
2017-11-30,10.328000,10.640000,9.840000,9.840000,9.840000,3300
2017-12-01,9.920000,10.720000,9.920000,10.560000,10.560000,5500
2017-12-04,10.400000,10.720000,9.920000,10.080000,10.080000,3800
2017-12-05,10.000000,10.320000,9.960000,10.320000,10.320000,1400
2017-12-06,10.304000,12.240000,10.080000,11.360000,11.360000,146300
2017-12-07,10.960000,10.960000,9.840000,10.160000,10.160000,32800
2017-12-08,10.400000,10.448000,9.840000,10.080000,10.080000,12100
2017-12-11,10.000000,10.880000,9.840000,10.400000,10.400000,13800
2017-12-12,10.400000,10.480000,9.360000,9.520000,9.520000,13200
2017-12-13,9.440000,10.304000,8.800000,10.000000,10.000000,67200
2017-12-14,10.160000,10.312000,9.520000,9.680000,9.680000,900
2017-12-15,9.600000,9.800000,9.280000,9.280000,9.280000,10600
2017-12-18,9.440000,9.920000,8.960000,9.520000,9.520000,13700
2017-12-19,9.440000,9.680000,8.880000,9.360000,9.360000,34400
2017-12-20,9.200000,9.600000,9.040000,9.448000,9.448000,400
2017-12-21,9.760000,9.896000,8.888000,9.280000,9.280000,3600
2017-12-22,9.256000,9.520000,8.880000,9.440000,9.440000,14800
2017-12-26,9.360000,9.680000,9.040000,9.360000,9.360000,1700
2017-12-27,9.448000,9.680000,8.080000,9.280000,9.280000,10200
2017-12-28,9.440000,10.232000,9.240000,10.080000,10.080000,14100
2017-12-29,10.160000,10.400000,8.960000,10.400000,10.400000,8800
2018-01-02,10.400000,10.400000,9.840000,10.080000,10.080000,3400
2018-01-03,9.840000,10.320000,9.240000,9.280000,9.280000,11100
2018-01-04,9.360000,10.000000,9.040000,9.416000,9.416000,14100
2018-01-05,9.680000,10.080000,9.280000,9.440000,9.440000,3900
2018-01-08,9.600000,9.992000,9.600000,9.840000,9.840000,500
2018-01-09,9.760000,9.760000,9.280000,9.432000,9.432000,6700
2018-01-10,9.560000,9.864000,9.200000,9.360000,9.360000,1600
2018-01-11,9.440000,9.600000,9.200000,9.520000,9.520000,3100
2018-01-12,9.600000,9.600000,9.040000,9.304000,9.304000,6600
2018-01-16,9.280000,9.440000,9.040000,9.440000,9.440000,1800
2018-01-17,9.120000,9.512000,9.040000,9.280000,9.280000,10900
2018-01-18,9.208000,9.400000,9.208000,9.400000,9.400000,800
2018-01-19,9.440000,9.440000,9.120000,9.200000,9.200000,800
2018-01-22,9.208000,9.264000,9.200000,9.200000,9.200000,700
2018-01-23,9.304000,9.440000,9.200000,9.280000,9.280000,2000
2018-01-24,9.360000,10.000000,9.200000,9.200000,9.200000,8300
2018-01-25,9.600000,9.600000,9.120000,9.520000,9.520000,1600
2018-01-26,9.440000,9.600000,9.400000,9.600000,9.600000,2100
2018-01-29,9.360000,9.680000,9.120000,9.680000,9.680000,2700
2018-01-30,9.520000,10.160000,9.200000,9.360000,9.360000,84400
2018-01-31,9.360000,9.448000,9.040000,9.120000,9.120000,9600
2018-02-01,9.200000,9.240000,9.040000,9.120000,9.120000,4000
2018-02-02,9.128000,9.432000,9.040000,9.120000,9.120000,4500
2018-02-05,9.040000,9.480000,9.040000,9.280000,9.280000,2000
2018-02-06,9.120000,9.920000,9.040000,9.920000,9.920000,1500
2018-02-07,9.920000,9.920000,9.288000,9.360000,9.360000,1000
2018-02-08,9.440000,9.760000,9.120000,9.120000,9.120000,3800
2018-02-09,9.360000,9.600000,9.120000,9.520000,9.520000,1900
2018-02-12,9.520000,9.600000,9.368000,9.600000,9.600000,800
2018-02-13,9.600000,9.920000,9.200000,9.200000,9.200000,3600
2018-02-14,9.280000,9.760000,9.280000,9.600000,9.600000,100
2018-02-15,9.760000,9.944000,9.592000,9.600000,9.600000,8500
2018-02-16,9.392000,9.520000,9.392000,9.520000,9.520000,0
2018-02-20,9.360000,9.520000,9.360000,9.360000,9.360000,1100
2018-02-21,9.360000,9.440000,9.280000,9.280000,9.280000,1600
2018-02-22,9.360000,9.400000,9.336000,9.336000,9.336000,200
2018-02-23,9.520000,9.520000,9.280000,9.360000,9.360000,4000
2018-02-26,9.360000,9.360000,9.360000,9.360000,9.360000,0
2018-02-27,9.360000,9.360000,9.312000,9.360000,9.360000,700
2018-02-28,9.360000,9.360000,9.120000,9.120000,9.120000,1100
2018-03-01,9.120000,9.280000,8.976000,9.040000,9.040000,2200
2018-03-02,8.976000,9.200000,8.960000,9.200000,9.200000,1800
2018-03-05,9.200000,9.440000,9.120000,9.360000,9.360000,2200
2018-03-06,9.216000,9.360000,8.000000,8.560000,8.560000,28000
2018-03-07,8.800000,8.960000,8.240000,8.880000,8.880000,7000
2018-03-08,8.440000,8.880000,8.416000,8.720000,8.720000,3600
2018-03-09,8.800000,9.280000,8.720000,8.800000,8.800000,700
2018-03-12,8.640000,8.800000,8.000000,8.400000,8.400000,15100
2018-03-13,8.400000,8.552000,8.320000,8.400000,8.400000,400
2018-03-14,8.240000,8.240000,7.800000,7.800000,7.800000,2900
2018-03-15,7.760000,8.160000,7.600000,7.600000,7.600000,4200
2018-03-16,7.600000,7.920000,7.456000,7.456000,7.456000,3900
2018-03-19,7.456000,7.744000,7.376000,7.376000,7.376000,7700
2018-03-20,7.480000,7.840000,7.360000,7.360000,7.360000,3000
2018-03-21,7.440000,7.680000,7.432000,7.672000,7.672000,4500
2018-03-22,7.384000,7.600000,7.384000,7.600000,7.600000,2300
2018-03-23,7.384000,7.520000,7.360000,7.520000,7.520000,400
2018-03-26,7.360000,7.600000,6.336000,7.360000,7.360000,4800
2018-03-27,7.280000,7.440000,7.200000,7.360000,7.360000,2700
2018-03-28,7.200000,7.200000,6.960000,7.072000,7.072000,2000
2018-03-29,7.120000,7.520000,7.120000,7.120000,7.120000,4500
2018-04-02,7.360000,7.680000,7.280000,7.280000,7.280000,10500
2018-04-03,7.520000,7.616000,7.360000,7.360000,7.360000,1500
2018-04-04,7.520000,7.520000,7.280000,7.440000,7.440000,3800
2018-04-05,7.328000,7.600000,7.280000,7.520000,7.520000,3800
2018-04-06,7.360000,7.520000,7.360000,7.440000,7.440000,400
2018-04-09,7.360000,7.360000,7.120000,7.200000,7.200000,1200
2018-04-10,7.120000,7.200000,6.880000,6.960000,6.960000,6700
2018-04-11,6.880000,6.960000,6.800000,6.848000,6.848000,4400
2018-04-12,6.800000,7.480000,6.592000,7.424000,7.424000,3900
2018-04-13,7.200000,7.424000,7.200000,7.360000,7.360000,24000
2018-04-16,7.200000,7.280000,6.552000,7.192000,7.192000,500
2018-04-17,6.880000,7.016000,6.880000,7.016000,7.016000,5000
2018-04-18,7.040000,7.200000,7.040000,7.120000,7.120000,2000
2018-04-19,7.040000,7.120000,7.040000,7.120000,7.120000,200
2018-04-20,7.040000,7.360000,7.040000,7.184000,7.184000,1000
2018-04-23,7.200000,7.384000,7.200000,7.280000,7.280000,600
2018-04-24,7.200000,7.920000,7.200000,7.840000,7.840000,2800
2018-04-25,7.840000,7.936000,7.200000,7.760000,7.760000,1100
2018-04-26,7.520000,7.584000,7.120000,7.440000,7.440000,1800
2018-04-27,7.200000,7.680000,7.200000,7.280000,7.280000,400
2018-04-30,7.200000,7.440000,7.200000,7.288000,7.288000,800
2018-05-01,7.280000,7.520000,7.280000,7.520000,7.520000,3200
2018-05-02,7.360000,7.664000,7.360000,7.520000,7.520000,2300
2018-05-03,7.360000,7.648000,7.304000,7.360000,7.360000,400
2018-05-04,7.320000,7.360000,7.320000,7.360000,7.360000,500
2018-05-07,7.360000,7.600000,7.360000,7.520000,7.520000,600
2018-05-08,7.440000,7.472000,7.440000,7.472000,7.472000,400
2018-05-09,7.584000,7.824000,7.360000,7.824000,7.824000,2700
2018-05-10,7.760000,7.760000,7.360000,7.664000,7.664000,1000
2018-05-11,7.680000,8.400000,7.680000,7.840000,7.840000,3500
2018-05-14,7.440000,8.080000,6.800000,7.840000,7.840000,14300
2018-05-15,7.840000,8.240000,7.840000,7.920000,7.920000,1500
2018-05-16,7.680000,8.080000,7.680000,8.056000,8.056000,13700
2018-05-17,8.000000,8.000000,7.664000,7.840000,7.840000,400
2018-05-18,8.000000,8.320000,7.696000,7.928000,7.928000,3400
2018-05-21,7.840000,8.000000,7.608000,7.760000,7.760000,2200
2018-05-22,8.216000,8.216000,7.680000,7.680000,7.680000,3200
2018-05-23,7.680000,7.680000,7.680000,7.680000,7.680000,0
2018-05-24,7.912000,7.912000,7.768000,7.800000,7.800000,100
2018-05-25,7.840000,8.000000,7.840000,7.840000,7.840000,700
2018-05-29,8.000000,8.080000,7.440000,7.760000,7.760000,9400
2018-05-30,7.920000,7.920000,7.608000,7.608000,7.608000,3400
2018-05-31,7.440000,7.800000,7.120000,7.520000,7.520000,1500
2018-06-01,7.520000,7.520000,7.360000,7.360000,7.360000,3000
2018-06-04,7.600000,7.856000,7.560000,7.608000,7.608000,1700
2018-06-05,7.840000,7.920000,7.200000,7.840000,7.840000,4700
2018-06-06,7.920000,7.920000,7.360000,7.360000,7.360000,2300
2018-06-07,7.760000,7.760000,7.440000,7.760000,7.760000,1300
2018-06-08,7.920000,7.920000,7.608000,7.608000,7.608000,4800
2018-06-11,7.920000,7.920000,7.200000,7.280000,7.280000,8000
2018-06-12,7.280000,7.360000,7.040000,7.200000,7.200000,4400
2018-06-13,7.040000,8.480000,6.800000,7.360000,7.360000,179100
2018-06-14,7.200000,7.360000,6.560000,6.800000,6.800000,67300
2018-06-15,6.800000,7.320000,6.640000,7.200000,7.200000,20100
2018-06-18,7.120000,7.120000,6.680000,6.680000,6.680000,8500
2018-06-19,6.704000,7.120000,6.704000,6.800000,6.800000,9000
2018-06-20,6.800000,6.960000,6.720000,6.800000,6.800000,6800
2018-06-21,6.800000,6.960000,6.640000,6.640000,6.640000,11400
2018-06-22,6.880000,6.920000,6.600000,6.600000,6.600000,14600
2018-06-25,6.640000,7.200000,6.640000,6.760000,6.760000,11400
2018-06-26,7.032000,7.032000,6.728000,6.960000,6.960000,300
2018-06-27,6.960000,7.200000,6.960000,7.000000,7.000000,11700
2018-06-28,7.104000,7.104000,6.880000,7.040000,7.040000,1100
2018-06-29,6.800000,6.880000,6.720000,6.760000,6.760000,1900
2018-07-02,6.744000,6.880000,6.720000,6.880000,6.880000,900
2018-07-03,6.880000,6.880000,6.720000,6.720000,6.720000,300
2018-07-05,6.872000,6.960000,6.720000,6.944000,6.944000,1100
2018-07-06,6.944000,7.184000,6.728000,7.184000,7.184000,6400
2018-07-09,6.968000,7.200000,6.968000,7.168000,7.168000,600
2018-07-10,7.168000,7.168000,7.040000,7.080000,7.080000,6300
2018-07-11,7.120000,7.488000,7.112000,7.144000,7.144000,23100
2018-07-12,7.320000,7.320000,6.960000,7.272000,7.272000,2900
2018-07-13,7.320000,7.440000,7.144000,7.272000,7.272000,400
2018-07-16,6.896000,7.200000,6.880000,6.896000,6.896000,500
2018-07-17,7.040000,7.040000,7.040000,7.040000,7.040000,100
2018-07-18,7.120000,7.120000,7.040000,7.040000,7.040000,200
2018-07-19,7.184000,7.200000,6.984000,6.984000,6.984000,500
2018-07-20,7.200000,7.200000,7.040000,7.200000,7.200000,800
2018-07-23,7.200000,7.280000,7.040000,7.200000,7.200000,700
2018-07-24,7.040000,7.040000,6.880000,6.896000,6.896000,500
2018-07-25,7.104000,7.200000,6.960000,7.184000,7.184000,1400
2018-07-26,6.968000,6.968000,6.960000,6.960000,6.960000,700
2018-07-27,7.200000,7.200000,6.808000,7.200000,7.200000,1400
2018-07-30,6.800000,7.120000,6.800000,7.120000,7.120000,400
2018-07-31,7.120000,7.120000,6.720000,6.800000,6.800000,1300
2018-08-01,7.000000,7.120000,6.840000,6.880000,6.880000,900
2018-08-02,6.808000,7.200000,6.360000,6.800000,6.800000,18100
2018-08-03,6.800000,6.920000,6.464000,6.920000,6.920000,1200
2018-08-06,6.960000,6.960000,6.920000,6.920000,6.920000,100
2018-08-07,6.400000,6.960000,6.400000,6.960000,6.960000,1500
2018-08-08,6.648000,6.800000,6.640000,6.720000,6.720000,900
2018-08-09,6.720000,6.960000,6.400000,6.688000,6.688000,1100
2018-08-10,6.400000,6.712000,6.400000,6.704000,6.704000,1700
2018-08-13,6.488000,6.800000,6.488000,6.800000,6.800000,200
2018-08-14,6.480000,6.760000,6.480000,6.720000,6.720000,300
2018-08-15,6.400000,6.880000,6.400000,6.880000,6.880000,2200
2018-08-16,6.416000,6.880000,6.416000,6.480000,6.480000,200
2018-08-17,6.480000,6.480000,6.200000,6.200000,6.200000,1100
2018-08-20,6.480000,6.840000,6.480000,6.560000,6.560000,1100
2018-08-21,6.880000,6.880000,6.560000,6.560000,6.560000,2200
2018-08-22,6.744000,6.744000,6.560000,6.560000,6.560000,400
2018-08-23,6.880000,7.200000,6.560000,7.088000,7.088000,2900
2018-08-24,6.960000,7.200000,6.688000,7.120000,7.120000,5800
2018-08-27,7.120000,7.200000,6.736000,6.904000,6.904000,4600
2018-08-28,7.200000,7.200000,6.792000,6.792000,6.792000,32100
2018-08-29,7.000000,7.112000,6.800000,7.112000,7.112000,900
2018-08-30,7.112000,7.200000,7.112000,7.152000,7.152000,1500
2018-08-31,6.888000,7.200000,6.800000,6.928000,6.928000,2100
2018-09-04,7.120000,7.200000,6.928000,7.200000,7.200000,1500
2018-09-05,6.888000,7.280000,6.888000,7.280000,7.280000,500
2018-09-06,7.200000,7.200000,7.168000,7.200000,7.200000,2300
2018-09-07,7.168000,7.240000,6.808000,7.200000,7.200000,3500
2018-09-10,7.200000,7.200000,6.496000,6.992000,6.992000,2400
2018-09-11,7.120000,7.120000,6.800000,6.840000,6.840000,1000
2018-09-12,7.040000,7.200000,6.416000,7.200000,7.200000,700
2018-09-13,7.040000,7.200000,6.800000,6.800000,6.800000,1200
2018-09-14,7.200000,7.200000,6.600000,6.600000,6.600000,1100
2018-09-17,6.640000,7.200000,6.640000,6.920000,6.920000,8500
2018-09-18,6.880000,7.200000,6.840000,7.040000,7.040000,6600
2018-09-19,7.120000,7.200000,7.024000,7.200000,7.200000,600
2018-09-20,7.200000,7.280000,6.840000,7.280000,7.280000,600
2018-09-21,6.872000,7.600000,6.872000,7.328000,7.328000,9300
2018-09-24,7.440000,7.680000,6.880000,7.680000,7.680000,9400
2018-09-25,7.440000,8.160000,6.920000,8.160000,8.160000,81100
2018-09-26,8.160000,8.160000,8.000000,8.160000,8.160000,2000
2018-09-27,8.080000,8.320000,8.000000,8.000000,8.000000,1600
2018-09-28,7.920000,8.160000,7.840000,7.840000,7.840000,400
2018-10-01,7.896000,8.080000,7.840000,7.840000,7.840000,300
2018-10-02,7.904000,8.080000,7.904000,8.080000,8.080000,200
2018-10-03,8.080000,8.080000,7.520000,7.520000,7.520000,5000
2018-10-04,7.840000,8.000000,7.280000,7.360000,7.360000,1900
2018-10-05,7.352000,7.520000,7.280000,7.280000,7.280000,2000
2018-10-08,7.280000,7.520000,7.280000,7.520000,7.520000,500
2018-10-09,7.520000,7.520000,7.280000,7.280000,7.280000,900
2018-10-10,7.232000,7.360000,7.192000,7.360000,7.360000,1300
2018-10-11,6.920000,7.680000,6.920000,6.952000,6.952000,400
2018-10-12,7.336000,7.520000,7.296000,7.320000,7.320000,400
2018-10-15,7.600000,7.600000,7.296000,7.296000,7.296000,200
2018-10-16,7.280000,7.520000,6.960000,6.960000,6.960000,300
2018-10-17,7.232000,7.520000,7.120000,7.120000,7.120000,100
2018-10-18,7.280000,7.280000,7.240000,7.280000,7.280000,200
2018-10-19,7.280000,7.280000,7.120000,7.120000,7.120000,900
2018-10-22,7.120000,7.280000,6.960000,7.200000,7.200000,2200
2018-10-23,7.200000,7.200000,7.040000,7.040000,7.040000,100
2018-10-24,7.424000,7.424000,7.040000,7.200000,7.200000,1600
2018-10-25,7.200000,7.200000,7.040000,7.200000,7.200000,1400
2018-10-26,7.008000,7.200000,7.008000,7.040000,7.040000,1600
2018-10-29,7.200000,7.200000,7.104000,7.136000,7.136000,600
2018-10-30,7.152000,8.000000,7.152000,7.200000,7.200000,2500
2018-10-31,7.200000,8.000000,7.200000,7.920000,7.920000,2000
2018-11-01,7.200000,7.456000,7.000000,7.200000,7.200000,3100
2018-11-02,7.184000,7.200000,7.136000,7.152000,7.152000,1400
2018-11-05,7.200000,8.800000,7.200000,7.840000,7.840000,5800
2018-11-06,7.840000,7.840000,7.200000,7.600000,7.600000,4800
2018-11-07,7.824000,7.824000,7.528000,7.528000,7.528000,2100
2018-11-08,7.528000,7.568000,7.120000,7.176000,7.176000,5400
2018-11-09,7.200000,7.200000,6.928000,7.088000,7.088000,4000
2018-11-12,7.200000,7.408000,7.040000,7.120000,7.120000,42400
2018-11-13,7.232000,7.240000,6.400000,6.408000,6.408000,32900
2018-11-14,6.568000,6.568000,4.576000,5.840000,5.840000,17000
2018-11-15,6.256000,6.256000,5.600000,5.600000,5.600000,5600
2018-11-16,5.632000,5.920000,5.600000,5.760000,5.760000,5700
2018-11-19,5.600000,5.880000,5.600000,5.864000,5.864000,3200
2018-11-20,5.840000,5.880000,5.776000,5.840000,5.840000,100
2018-11-21,5.680000,5.800000,5.600000,5.760000,5.760000,1400
2018-11-23,5.768000,5.840000,5.600000,5.760000,5.760000,2900
2018-11-26,5.760000,5.800000,4.560000,5.600000,5.600000,20800
2018-11-27,5.600000,5.800000,5.440000,5.440000,5.440000,1100
2018-11-28,5.904000,5.904000,5.216000,5.416000,5.416000,4800
2018-11-29,5.600000,5.768000,5.424000,5.568000,5.568000,4000
2018-11-30,5.200000,5.680000,5.120000,5.136000,5.136000,7800
2018-12-03,5.312000,5.584000,4.896000,5.168000,5.168000,5900
2018-12-04,5.600000,5.664000,4.800000,5.520000,5.520000,5500
2018-12-06,5.040000,5.040000,4.800000,4.880000,4.880000,1900
2018-12-07,4.880000,5.400000,4.880000,5.128000,5.128000,1500
2018-12-10,5.200000,5.544000,5.200000,5.200000,5.200000,2100
2018-12-11,5.200000,5.384000,4.080000,4.640000,4.640000,1800
2018-12-12,3.248000,4.560000,1.640000,4.200000,4.200000,5600
2018-12-13,4.792000,4.800000,3.000000,3.920000,3.920000,18000
2018-12-14,3.208000,4.160000,3.200000,3.520000,3.520000,4600
2018-12-17,4.000000,4.800000,3.208000,3.920000,3.920000,10900
2018-12-18,4.480000,5.600000,3.680000,4.480000,4.480000,45200
2018-12-19,4.480000,4.880000,4.400000,4.880000,4.880000,3500
2018-12-20,4.480000,5.520000,4.480000,5.200000,5.200000,4400
2018-12-21,5.520000,5.600000,4.800000,5.600000,5.600000,8800
2018-12-24,5.520000,5.520000,4.800000,4.800000,4.800000,1800
2018-12-26,4.720000,4.760000,3.808000,4.000000,4.000000,5800
2018-12-27,4.000000,4.640000,3.384000,3.384000,3.384000,2400
2018-12-28,3.360000,5.048000,3.216000,4.000000,4.000000,13800
2018-12-31,4.000000,4.824000,4.000000,4.000000,4.000000,19500
2019-01-02,4.080000,4.808000,4.080000,4.400000,4.400000,2700
2019-01-03,4.376000,4.984000,4.208000,4.464000,4.464000,2900
2019-01-04,4.784000,5.000000,4.192000,4.880000,4.880000,7700
2019-01-07,4.400000,5.360000,4.400000,4.880000,4.880000,3500
2019-01-08,4.720000,5.600000,4.720000,5.600000,5.600000,12700
2019-01-09,5.464000,5.920000,5.464000,5.600000,5.600000,3900
2019-01-10,5.600000,6.392000,5.200000,5.200000,5.200000,6300
2019-01-11,5.360000,5.840000,5.360000,5.448000,5.448000,1300
2019-01-14,5.392000,5.832000,5.392000,5.440000,5.440000,2700
2019-01-15,5.360000,5.840000,5.080000,5.320000,5.320000,3700
2019-01-16,5.600000,5.600000,5.392000,5.392000,5.392000,900
2019-01-17,5.440000,5.520000,5.280000,5.280000,5.280000,4700
2019-01-18,5.680000,5.720000,5.280000,5.280000,5.280000,300
2019-01-22,5.520000,5.520000,5.288000,5.488000,5.488000,10400
2019-01-23,5.280000,5.488000,4.264000,4.264000,4.264000,3400
2019-01-24,4.400000,5.520000,4.400000,5.312000,5.312000,18100
2019-01-25,5.424000,5.600000,4.800000,5.360000,5.360000,37300
2019-01-28,5.440000,5.976000,5.120000,5.840000,5.840000,18500
2019-01-29,5.840000,5.992000,5.368000,5.840000,5.840000,7300
2019-01-30,5.712000,5.904000,5.680000,5.784000,5.784000,5900
2019-01-31,5.728000,6.160000,5.696000,6.120000,6.120000,9000
2019-02-01,6.120000,6.240000,5.920000,6.160000,6.160000,7400
2019-02-04,6.008000,6.480000,6.000000,6.320000,6.320000,14400
2019-02-05,6.000000,6.400000,6.000000,6.144000,6.144000,8800
2019-02-06,6.400000,7.200000,6.320000,6.728000,6.728000,12900
2019-02-07,6.736000,7.280000,6.728000,7.192000,7.192000,17500
2019-02-08,7.200000,7.800000,7.136000,7.360000,7.360000,31600
2019-02-11,9.200000,9.840000,8.080000,8.320000,8.320000,790700
2019-02-12,8.000000,9.200000,7.920000,8.640000,8.640000,121500
2019-02-13,8.640000,9.200000,8.160000,8.240000,8.240000,38700
2019-02-14,8.240000,10.960000,8.240000,10.240000,10.240000,292500
2019-02-15,10.240000,10.800000,9.600000,10.560000,10.560000,126700
2019-02-19,10.880000,10.880000,10.000000,10.560000,10.560000,36300
2019-02-20,10.480000,10.560000,9.600000,9.600000,9.600000,205000
2019-02-21,9.360000,9.360000,8.480000,8.800000,8.800000,58900
2019-02-22,8.800000,9.040000,8.480000,8.800000,8.800000,16500
2019-02-25,8.800000,8.960000,8.160000,8.640000,8.640000,22100
2019-02-26,8.640000,8.800000,8.160000,8.400000,8.400000,14200
2019-02-27,8.320000,8.720000,8.160000,8.640000,8.640000,17500
2019-02-28,8.560000,8.880000,8.400000,8.880000,8.880000,14000
2019-03-01,9.120000,9.200000,8.400000,8.640000,8.640000,11700
2019-03-04,8.720000,8.960000,8.400000,8.960000,8.960000,21200
2019-03-05,8.960000,8.960000,8.320000,8.376000,8.376000,12900
2019-03-06,8.480000,8.480000,7.840000,8.320000,8.320000,21600
2019-03-07,8.240000,8.240000,7.384000,7.480000,7.480000,29500
2019-03-08,7.600000,7.984000,7.472000,7.760000,7.760000,7800
2019-03-11,7.840000,8.000000,7.544000,7.840000,7.840000,59200
2019-03-12,7.520000,7.600000,7.040000,7.440000,7.440000,99200
2019-03-13,7.464000,8.240000,7.440000,7.760000,7.760000,60700
2019-03-14,7.648000,8.016000,7.416000,7.600000,7.600000,84300
2019-03-15,7.440000,7.824000,6.800000,7.760000,7.760000,388800
2019-03-18,7.910000,7.998000,6.445000,7.080000,7.080000,67500
2019-03-19,6.920000,7.426000,6.920000,7.150000,7.150000,10900
2019-03-20,7.150000,7.393000,6.270000,6.930000,6.930000,26700
2019-03-21,6.456000,8.800000,6.456000,8.425000,8.425000,55500
2019-03-22,7.760000,7.850000,6.882000,7.850000,7.850000,11800
2019-03-25,6.990000,7.615000,6.670000,6.700000,6.700000,36200
2019-03-26,6.790000,7.111000,6.710000,6.830000,6.830000,25800
2019-03-27,6.700000,7.870000,6.520000,7.630000,7.630000,31700
2019-03-28,7.300000,8.200000,7.300000,7.450000,7.450000,12500
2019-03-29,7.200000,7.990000,6.680000,7.400000,7.400000,18100
2019-04-01,7.900000,8.700000,7.230000,7.500000,7.500000,14900
2019-04-02,7.530000,7.530000,7.129000,7.300000,7.300000,8100
2019-04-03,7.290000,7.643000,6.550000,6.800000,6.800000,35600
2019-04-04,6.800000,7.710000,6.800000,7.680000,7.680000,33700
2019-04-05,7.310000,7.310000,5.610000,6.110000,6.110000,113600
2019-04-08,5.980000,6.100000,4.570000,4.780000,4.780000,236300
2019-04-09,4.560000,4.656000,3.060000,3.150000,3.150000,640200
2019-04-10,1.860000,1.890000,1.650000,1.730000,1.730000,3707000
2019-04-11,1.730000,1.730000,1.500000,1.570000,1.570000,1416800
2019-04-12,1.600000,1.650000,1.500000,1.635000,1.635000,804900
2019-04-15,1.620000,1.750000,1.500000,1.560000,1.560000,2171300
2019-04-16,1.550000,1.578000,1.500000,1.530000,1.530000,320300
2019-04-17,1.530000,1.630000,1.500000,1.590000,1.590000,661200
2019-04-18,1.650000,1.690000,1.550000,1.590000,1.590000,2205900
2019-04-22,1.620000,1.680000,1.560000,1.590000,1.590000,1078900
2019-04-23,1.580000,1.610000,1.510000,1.550000,1.550000,1771000
2019-04-24,1.550000,1.550000,1.370000,1.430000,1.430000,1651100
2019-04-25,1.410000,1.410000,1.320000,1.320000,1.320000,1171100
2019-04-26,1.350000,1.480000,1.320000,1.410000,1.410000,1201100
2019-04-29,1.400000,1.400000,1.320000,1.340000,1.340000,571500
2019-04-30,1.330000,1.370000,1.245000,1.260000,1.260000,1063800
2019-05-01,1.290000,1.290000,1.200000,1.250000,1.250000,1035200
2019-05-02,1.240000,1.335000,1.230000,1.260000,1.260000,1131300
2019-05-03,1.260000,1.270000,1.220000,1.250000,1.250000,503300
2019-05-06,1.230000,1.360000,1.180000,1.350000,1.350000,934900
2019-05-07,1.350000,1.350000,1.220000,1.270000,1.270000,579200
2019-05-08,1.250000,1.307000,1.230000,1.280000,1.280000,337200
2019-05-09,1.294000,1.294000,1.180000,1.240000,1.240000,401400
2019-05-10,1.250000,1.250000,1.200000,1.200000,1.200000,430500
2019-05-13,1.190000,1.200000,1.080000,1.090000,1.090000,1074100
2019-05-14,1.100000,1.100000,1.030000,1.030000,1.030000,740800
2019-05-15,1.000000,1.000000,0.850000,0.910000,0.910000,1952300
2019-05-16,1.250000,1.770000,1.150000,1.530000,1.530000,51666700
2019-05-17,1.800000,2.720000,1.750000,2.100000,2.100000,76650700
2019-05-20,2.930000,3.350000,2.610000,3.000000,3.000000,52197900
2019-05-21,3.010000,3.220000,2.700000,3.100000,3.100000,21739800
2019-05-22,2.790000,2.850000,2.420000,2.530000,2.530000,9361400
2019-05-23,2.280000,2.390000,1.960000,1.960000,1.960000,6288700
2019-05-24,2.390000,2.890000,2.230000,2.790000,2.790000,25778900
2019-05-28,2.550000,3.200000,2.400000,2.860000,2.860000,10994100
2019-05-29,2.710000,2.875000,2.500000,2.550000,2.550000,3231600
2019-05-30,2.550000,2.800000,2.500000,2.630000,2.630000,2972500
2019-05-31,2.570000,2.600000,2.160000,2.400000,2.400000,2150700
2019-06-03,2.930000,2.950000,2.530000,2.580000,2.580000,6289900
2019-06-04,2.380000,2.520000,2.340000,2.400000,2.400000,1867100
2019-06-05,2.360000,2.400000,2.066000,2.090000,2.090000,1908400
2019-06-06,2.120000,2.280000,2.110000,2.160000,2.160000,778800
2019-06-07,2.100000,2.130000,1.760000,1.900000,1.900000,1809800
2019-06-10,1.930000,2.130000,1.930000,2.020000,2.020000,1054700
2019-06-11,2.010000,2.030000,1.900000,1.920000,1.920000,608900
2019-06-12,1.920000,1.940000,1.815000,1.860000,1.860000,537500
2019-06-13,1.860000,1.950000,1.830000,1.920000,1.920000,366200
2019-06-14,1.900000,2.490000,1.890000,2.320000,2.320000,4331200
2019-06-17,2.100000,2.320000,2.100000,2.160000,2.160000,903700
2019-06-18,2.170000,2.260000,2.010000,2.070000,2.070000,740300
2019-06-19,2.070000,2.160000,1.970000,2.040000,2.040000,630700
2019-06-20,2.020000,2.020000,1.930000,2.000000,2.000000,493100
2019-06-21,1.980000,2.115000,1.980000,2.060000,2.060000,457900
2019-06-24,2.050000,2.136000,2.030000,2.070000,2.070000,277000
2019-06-25,2.100000,2.100000,2.000000,2.050000,2.050000,287100
2019-06-26,2.050000,2.070000,1.970000,2.020000,2.020000,262100
2019-06-27,2.000000,2.040000,1.970000,2.040000,2.040000,267000
2019-06-28,2.030000,2.180000,2.030000,2.080000,2.080000,525100
2019-07-01,2.080000,2.150000,2.040000,2.090000,2.090000,241100
2019-07-02,2.080000,2.175000,2.052000,2.120000,2.120000,310700
2019-07-03,2.130000,2.320000,2.110000,2.270000,2.270000,708700
2019-07-05,2.270000,2.349000,2.200000,2.290000,2.290000,464600
2019-07-08,2.240000,2.360000,2.230000,2.300000,2.300000,375100
2019-07-09,2.320000,2.326000,2.120000,2.150000,2.150000,256300
2019-07-10,2.150000,2.230000,2.110000,2.150000,2.150000,162100
2019-07-11,2.150000,2.178000,2.100000,2.130000,2.130000,199200
2019-07-12,2.150000,2.170000,2.100000,2.110000,2.110000,162300
2019-07-15,2.110000,2.140000,1.990000,2.010000,2.010000,198100
2019-07-16,2.090000,2.090000,2.000000,2.020000,2.020000,150800
2019-07-17,2.020000,2.060000,1.910000,1.950000,1.950000,280800
2019-07-18,2.220000,2.890000,2.070000,2.630000,2.630000,28371200
2019-07-19,2.350000,2.520000,2.280000,2.450000,2.450000,2241800
2019-07-22,2.390000,2.580000,2.390000,2.460000,2.460000,727900
2019-07-23,2.460000,2.462000,2.330000,2.360000,2.360000,450000
2019-07-24,2.300000,2.450000,2.300000,2.400000,2.400000,461500
2019-07-25,2.400000,2.412000,2.250000,2.320000,2.320000,364800
2019-07-26,2.310000,2.386000,2.270000,2.350000,2.350000,313600
2019-07-29,2.350000,2.400000,2.280000,2.310000,2.310000,182100
2019-07-30,2.300000,2.370000,2.300000,2.340000,2.340000,170200
2019-07-31,2.380000,2.380000,2.280000,2.330000,2.330000,266300
2019-08-01,2.340000,2.340000,2.070000,2.140000,2.140000,510900
2019-08-02,2.140000,2.200000,2.100000,2.160000,2.160000,132300
2019-08-05,2.100000,2.220000,2.080000,2.150000,2.150000,224700
2019-08-06,2.140000,2.231000,2.050000,2.120000,2.120000,263500
2019-08-07,2.070000,2.300000,2.020000,2.220000,2.220000,185600
2019-08-08,2.190000,2.233000,2.130000,2.190000,2.190000,110500
2019-08-09,2.180000,2.190000,2.060000,2.110000,2.110000,108600
2019-08-12,2.120000,2.200000,2.080000,2.120000,2.120000,112400
2019-08-13,2.110000,2.250000,2.070000,2.140000,2.140000,346600
2019-08-14,2.070000,2.189000,2.060000,2.110000,2.110000,137700
2019-08-15,2.030000,2.140000,2.020000,2.050000,2.050000,153700
2019-08-16,2.040000,2.086000,1.950000,2.000000,2.000000,292200
2019-08-19,1.990000,2.060000,1.950000,1.950000,1.950000,160900
2019-08-20,2.000000,2.030000,1.851000,1.900000,1.900000,519900
2019-08-21,1.930000,1.950000,1.780000,1.830000,1.830000,339900
2019-08-22,1.850000,1.881000,1.550000,1.670000,1.670000,433700
2019-08-23,1.680000,1.680000,1.581000,1.620000,1.620000,236400
2019-08-26,1.620000,1.681000,1.360000,1.420000,1.420000,878700
2019-08-27,1.410000,1.480000,1.320000,1.320000,1.320000,389000
2019-08-28,1.310000,1.850000,1.260000,1.600000,1.600000,1379600
2019-08-29,1.630000,1.780000,1.600000,1.680000,1.680000,688400
2019-08-30,1.690000,1.710000,1.500000,1.530000,1.530000,364300
2019-09-03,1.640000,1.650000,1.460000,1.540000,1.540000,265500
2019-09-04,1.540000,1.570000,1.450000,1.480000,1.480000,244600
2019-09-05,1.490000,1.520000,1.390000,1.400000,1.400000,201400
2019-09-06,1.380000,1.500000,1.350000,1.500000,1.500000,230100
2019-09-09,1.550000,1.590000,1.450000,1.480000,1.480000,248200
2019-09-10,1.490000,1.570000,1.466000,1.518000,1.518000,265400
2019-09-11,1.730000,1.870000,1.650000,1.770000,1.770000,1652500
2019-09-12,1.810000,1.950000,1.670000,1.750000,1.750000,697000
2019-09-13,1.730000,1.820000,1.700000,1.760000,1.760000,332400
2019-09-16,1.860000,1.880000,1.700000,1.730000,1.730000,378100
2019-09-17,1.710000,1.799000,1.670000,1.714000,1.714000,454700
2019-09-18,1.740000,1.759000,1.610000,1.610000,1.610000,239500
2019-09-19,1.630000,1.720000,1.600000,1.650000,1.650000,196300
2019-09-20,1.660000,1.714000,1.650000,1.695000,1.695000,121700
2019-09-23,1.690000,1.760000,1.680000,1.680000,1.680000,112100
2019-09-24,1.720000,1.730000,1.600000,1.630000,1.630000,292000
2019-09-25,1.610000,1.680000,1.560000,1.580000,1.580000,164500
2019-09-26,1.580000,1.610000,1.430000,1.470000,1.470000,361500
2019-09-27,1.480000,1.480000,1.410000,1.420000,1.420000,199100
2019-09-30,1.430000,1.500000,1.420000,1.490000,1.490000,126200
2019-10-01,1.490000,1.550000,1.470000,1.490000,1.490000,96800
2019-10-02,1.460000,1.490000,1.350000,1.460000,1.460000,179600
2019-10-03,1.400000,1.450000,1.360000,1.400000,1.400000,124000
2019-10-04,1.400000,1.460000,1.390000,1.440000,1.440000,135000
2019-10-07,1.380000,1.400000,1.350000,1.370000,1.370000,183500
2019-10-08,1.370000,1.411000,1.359000,1.380000,1.380000,58200
2019-10-09,1.360000,1.391000,1.300000,1.300000,1.300000,188200
2019-10-10,1.320000,1.360000,1.210000,1.240000,1.240000,197400
2019-10-11,1.270000,1.350000,1.225000,1.330000,1.330000,89000
2019-10-14,1.360000,1.400000,1.310000,1.310000,1.310000,77800
2019-10-15,1.310000,1.430000,1.310000,1.400000,1.400000,167700
2019-10-16,1.400000,1.427000,1.340000,1.360000,1.360000,96800
2019-10-17,1.350000,1.400000,1.300000,1.300000,1.300000,104000
2019-10-18,1.340000,1.360000,1.280000,1.330000,1.330000,75200
2019-10-21,1.310000,1.330000,1.250000,1.260000,1.260000,111400
2019-10-22,1.270000,1.300000,1.250000,1.280000,1.280000,83700
2019-10-23,1.271000,1.279000,1.210000,1.220000,1.220000,185000
2019-10-24,1.240000,1.270000,1.170000,1.220000,1.220000,142300
2019-10-25,1.220000,1.260000,1.180000,1.240000,1.240000,105300
2019-10-28,1.230000,1.270000,1.180000,1.190000,1.190000,147000
2019-10-29,1.220000,1.240000,1.170000,1.210000,1.210000,82600
2019-10-30,1.210000,1.260000,1.200000,1.213000,1.213000,65200
2019-10-31,1.240000,1.320000,1.170000,1.310000,1.310000,195800
2019-11-01,1.320000,1.390000,1.270000,1.270000,1.270000,323000
2019-11-04,1.330000,1.390000,1.285000,1.330000,1.330000,164800
2019-11-05,1.340000,1.370000,1.310000,1.360000,1.360000,88000
2019-11-06,1.360000,1.367000,1.300000,1.300000,1.300000,91500
2019-11-07,1.280000,1.300000,1.210000,1.220000,1.220000,204200
2019-11-08,1.240000,1.270000,1.190000,1.240000,1.240000,195400
2019-11-11,1.260000,1.260000,1.190000,1.220000,1.220000,164700
2019-11-12,1.240000,1.260000,1.190000,1.224000,1.224000,118100
2019-11-13,1.210000,1.250000,1.130000,1.130000,1.130000,221300
2019-11-14,1.130000,1.220000,1.120000,1.145000,1.145000,202200
2019-11-15,1.120000,1.164000,1.060000,1.082000,1.082000,190700
2019-11-18,1.100000,1.140000,1.040000,1.050000,1.050000,213800
2019-11-19,1.040000,1.110000,0.950000,1.083000,1.083000,461400
2019-11-20,1.050000,1.100000,1.020000,1.050000,1.050000,139500
2019-11-21,1.030000,1.080000,0.990000,1.080000,1.080000,248400
2019-11-22,1.090000,1.090000,1.020000,1.060000,1.060000,139800
2019-11-25,1.050000,1.080000,1.000000,1.030000,1.030000,302600
2019-11-26,1.040000,1.050000,1.010000,1.015000,1.015000,149100
2019-11-27,1.030000,1.050000,0.950000,1.000000,1.000000,257000
2019-11-29,1.020000,1.046000,1.000000,1.040000,1.040000,113000
2019-12-02,1.060000,1.060000,0.963000,1.038000,1.038000,271500
2019-12-03,1.120000,1.740000,1.010000,1.590000,1.590000,6187600
2019-12-04,1.420000,1.490000,1.230000,1.350000,1.350000,2698400
2019-12-05,1.360000,1.360000,1.180000,1.230000,1.230000,811700
2019-12-06,1.230000,1.240000,1.100000,1.110000,1.110000,1030000
2019-12-09,1.110000,1.189000,1.100000,1.160000,1.160000,781100
2019-12-10,1.170000,1.170000,1.070000,1.140000,1.140000,592600
2019-12-11,1.160000,1.180000,1.100000,1.130000,1.130000,444100
2019-12-12,1.130000,1.152000,1.100000,1.130000,1.130000,471000
2019-12-13,1.150000,1.320000,1.130000,1.240000,1.240000,1504700
2019-12-16,1.270000,1.270000,1.150000,1.210000,1.210000,704600
2019-12-17,1.200000,1.200000,1.150000,1.170000,1.170000,317700
2019-12-18,1.150000,1.170000,1.100000,1.170000,1.170000,528400
2019-12-19,1.180000,1.190000,1.120000,1.160000,1.160000,487300
2019-12-20,1.130000,1.170000,1.120000,1.150000,1.150000,343100
2019-12-23,0.560000,0.650000,0.520000,0.580000,0.580000,5909800
2019-12-24,0.580000,0.583000,0.530000,0.550000,0.550000,2039500
2019-12-26,0.560000,0.600000,0.531000,0.549000,0.549000,1466700
2019-12-27,0.550000,0.553000,0.535000,0.539000,0.539000,910200
2019-12-30,0.550000,0.550000,0.520000,0.526000,0.526000,961200
2019-12-31,0.540000,0.600000,0.525000,0.590000,0.590000,2183500
2020-01-02,0.610000,0.980000,0.591000,0.875000,0.875000,5997200
2020-01-03,0.878000,1.190000,0.780000,1.020000,1.020000,4767100
2020-01-06,1.010000,1.010000,0.801000,0.890000,0.890000,1491700
2020-01-07,0.900000,0.920000,0.810000,0.882000,0.882000,736600
2020-01-08,0.861000,0.960000,0.850000,0.895000,0.895000,1631300
2020-01-09,0.970000,1.130000,0.900000,0.912000,0.912000,3442200
2020-01-10,0.919000,0.930000,0.887000,0.905000,0.905000,947900
2020-01-13,0.900000,0.900000,0.850000,0.859000,0.859000,616600
2020-01-14,0.859000,0.910000,0.855000,0.877000,0.877000,441700
2020-01-15,0.880000,0.899000,0.860000,0.860000,0.860000,466300
2020-01-16,0.878000,1.010000,0.870000,0.980000,0.980000,1137900
2020-01-17,1.040000,1.080000,1.000000,1.040000,1.040000,840500
2020-01-21,1.030000,1.040000,0.950000,1.010000,1.010000,871100
2020-01-22,1.010000,1.010000,0.980000,1.010000,1.010000,290900
2020-01-23,0.990000,1.120000,0.970000,1.080000,1.080000,1403600
2020-01-24,1.090000,1.110000,1.000000,1.040000,1.040000,545900
2020-01-27,1.010000,1.040000,0.884000,0.893000,0.893000,894800
2020-01-28,0.860000,0.980000,0.850000,0.935000,0.935000,748800
2020-01-29,0.940000,0.979000,0.905000,0.950000,0.950000,300500
2020-01-30,0.980000,0.980000,0.890000,0.908000,0.908000,522000
2020-01-31,0.921000,0.959000,0.894000,0.924000,0.924000,319700
2020-02-03,0.960000,0.966000,0.920000,0.935000,0.935000,252100
2020-02-04,0.949000,0.979000,0.921000,0.925000,0.925000,259200
2020-02-05,0.959000,1.010000,0.924000,0.968000,0.968000,602600
2020-02-06,1.000000,1.040000,0.945000,0.985000,0.985000,699700
2020-02-07,1.010000,1.020000,0.960000,0.981000,0.981000,394500
2020-02-10,1.030000,1.030000,1.000000,1.010000,1.010000,210400
2020-02-11,1.030000,1.080000,1.010000,1.028000,1.028000,589000
2020-02-12,1.070000,1.070000,0.983000,1.030000,1.030000,279300
2020-02-13,1.030000,1.030000,0.960000,1.000000,1.000000,322600
2020-02-14,0.960000,0.980000,0.890000,0.940000,0.940000,627100
2020-02-18,0.959000,1.030000,0.900000,1.000000,1.000000,414300
2020-02-19,1.000000,1.000000,0.950000,0.989000,0.989000,291100
2020-02-20,0.999000,0.999000,0.940000,0.955000,0.955000,174600
2020-02-21,0.970000,0.970000,0.921000,0.953000,0.953000,231400
2020-02-24,0.880000,0.920000,0.870000,0.900000,0.900000,1231500
2020-02-25,0.900000,0.910000,0.783000,0.825000,0.825000,1121300
2020-02-26,0.790000,0.820000,0.720000,0.780000,0.780000,586900
2020-02-27,0.780000,0.820000,0.750000,0.751000,0.751000,459100
2020-02-28,0.770000,0.830000,0.700000,0.760000,0.760000,502300
2020-03-02,0.810000,0.830000,0.730000,0.750000,0.750000,336900
2020-03-03,0.780000,0.810000,0.760000,0.774000,0.774000,305700
2020-03-04,0.800000,0.820000,0.781000,0.785000,0.785000,245700
2020-03-05,0.820000,0.820000,0.760000,0.760000,0.760000,674200
2020-03-06,0.800000,0.800000,0.730000,0.747000,0.747000,338500
2020-03-09,0.730000,0.733000,0.698000,0.711000,0.711000,528300
2020-03-10,0.750000,0.750000,0.671000,0.700000,0.700000,559200
2020-03-11,0.690000,0.704000,0.643000,0.660000,0.660000,303800
2020-03-12,0.640000,0.679000,0.561000,0.630000,0.630000,442800
2020-03-13,0.610000,0.680000,0.610000,0.649000,0.649000,421000
2020-03-16,0.580000,0.600000,0.540000,0.550000,0.550000,476100
2020-03-17,0.555000,0.608000,0.543000,0.547000,0.547000,273200
2020-03-18,0.577000,0.590000,0.500000,0.510000,0.510000,425800
2020-03-19,0.510000,0.556000,0.500000,0.540000,0.540000,401900
2020-03-20,0.540000,0.580000,0.530000,0.553000,0.553000,262100
2020-03-23,0.567000,0.589000,0.499000,0.545000,0.545000,508000
2020-03-24,0.542000,0.550000,0.510000,0.540000,0.540000,249200
2020-03-25,0.550000,0.680000,0.550000,0.565000,0.565000,729500
2020-03-26,0.600000,0.648000,0.561000,0.612000,0.612000,777900
2020-03-27,0.620000,0.620000,0.570000,0.620000,0.620000,415400
2020-03-30,0.620000,0.635000,0.590000,0.605000,0.605000,258800
2020-03-31,0.606000,0.625000,0.600000,0.601000,0.601000,182200
2020-04-01,0.618000,0.624000,0.571000,0.600000,0.600000,192200
2020-04-02,0.589000,0.590000,0.572000,0.572000,0.572000,147100
2020-04-03,0.580000,0.600000,0.560000,0.580000,0.580000,109900
2020-04-06,0.570000,0.590000,0.560000,0.572000,0.572000,178300
2020-04-07,0.612000,0.612000,0.560000,0.560000,0.560000,179100
2020-04-08,0.590000,0.610000,0.577000,0.590000,0.590000,410900
2020-04-09,0.610000,0.630000,0.590000,0.615000,0.615000,502800
2020-04-13,0.670000,0.680000,0.610000,0.660000,0.660000,581100
2020-04-14,0.679000,0.679000,0.640000,0.660000,0.660000,508900
2020-04-15,0.657000,0.798000,0.620000,0.710000,0.710000,2292500
2020-04-16,0.760000,0.780000,0.728000,0.760000,0.760000,1806300
2020-04-17,0.798000,0.800000,0.720000,0.740000,0.740000,1064100
2020-04-20,0.760000,0.760000,0.710000,0.720000,0.720000,760100
2020-04-21,0.735000,0.750000,0.638000,0.680000,0.680000,1319100
2020-04-22,0.695000,0.720000,0.660000,0.690000,0.690000,491200
2020-04-23,0.706000,0.710000,0.680000,0.700000,0.700000,253900
2020-04-24,0.670000,0.685000,0.645000,0.670000,0.670000,477200
2020-04-27,0.680000,0.690000,0.660000,0.688000,0.688000,408200
2020-04-28,0.692000,0.695000,0.670000,0.695000,0.695000,275300
2020-04-29,0.677000,0.690000,0.671000,0.689000,0.689000,399700
2020-04-30,0.700000,0.700000,0.670000,0.675000,0.675000,262500
2020-05-01,0.660000,0.670000,0.631000,0.667000,0.667000,478400
2020-05-04,0.650000,0.665000,0.630000,0.665000,0.665000,226700
2020-05-05,0.672000,0.739000,0.650000,0.668000,0.668000,1399600
2020-05-06,0.699000,0.700000,0.660000,0.683000,0.683000,575800
2020-05-07,0.700000,0.710000,0.690000,0.707000,0.707000,451200
2020-05-08,0.710000,0.735000,0.691000,0.725000,0.725000,764200
2020-05-11,0.740000,0.770000,0.716000,0.765000,0.765000,784200
2020-05-12,0.770000,0.850000,0.770000,0.820000,0.820000,1845200
2020-05-13,0.820000,0.820000,0.700000,0.719000,0.719000,1167000
2020-05-14,0.729000,0.760000,0.700000,0.748000,0.748000,616500
2020-05-15,0.741000,0.750000,0.700000,0.718000,0.718000,635400
2020-05-18,0.725000,0.770000,0.720000,0.762000,0.762000,1279800
2020-05-19,0.760000,0.760000,0.711000,0.748000,0.748000,1224800
2020-05-20,0.748000,0.750000,0.702000,0.734000,0.734000,854100
2020-05-21,0.704000,0.730000,0.700000,0.722000,0.722000,507600
2020-05-22,0.730000,0.750000,0.713000,0.748000,0.748000,613000
2020-05-26,0.855000,0.940000,0.810000,0.870000,0.870000,5150100
2020-05-27,0.929000,1.090000,0.871000,1.050000,1.050000,6688000
2020-05-28,1.050000,1.060000,0.930000,1.010000,1.010000,2065300
2020-05-29,0.960000,1.030000,0.930000,1.020000,1.020000,1484700
2020-06-01,1.040000,1.130000,1.020000,1.120000,1.120000,2661100
2020-06-02,1.160000,1.420000,1.150000,1.290000,1.290000,5697700
2020-06-03,1.280000,1.300000,1.050000,1.160000,1.160000,2923200
2020-06-04,1.200000,1.230000,1.170000,1.220000,1.220000,2049500
2020-06-05,1.200000,1.300000,1.170000,1.190000,1.190000,1591600
2020-06-08,1.200000,1.210000,1.120000,1.200000,1.200000,1910200
2020-06-09,1.180000,1.200000,1.120000,1.130000,1.130000,1436600
2020-06-10,1.170000,1.170000,1.060000,1.120000,1.120000,1368800
2020-06-11,1.050000,1.071000,0.955000,0.970000,0.970000,1770100
2020-06-12,1.040000,1.060000,1.020000,1.050000,1.050000,923200
2020-06-15,1.030000,1.140000,0.990000,1.120000,1.120000,2109300
2020-06-16,1.140000,1.170000,1.120000,1.160000,1.160000,1369900
2020-06-17,1.150000,1.390000,1.150000,1.150000,1.150000,4996100
2020-06-18,1.190000,1.360000,1.170000,1.290000,1.290000,6160900
2020-06-19,1.330000,1.590000,1.290000,1.350000,1.350000,7595600
2020-06-22,1.380000,1.460000,1.330000,1.360000,1.360000,3058600
2020-06-23,1.290000,1.440000,1.230000,1.290000,1.290000,11901000
2020-06-24,1.310000,1.400000,1.220000,1.380000,1.380000,10899200
2020-06-25,1.400000,1.475000,1.320000,1.410000,1.410000,8080800
2020-06-26,1.400000,1.420000,1.260000,1.300000,1.300000,8062300
2020-06-29,1.300000,1.310000,1.230000,1.250000,1.250000,3774900
2020-06-30,1.250000,1.300000,1.240000,1.290000,1.290000,1886800
2020-07-01,1.270000,1.330000,1.250000,1.280000,1.280000,1393100
2020-07-02,1.300000,1.300000,1.240000,1.290000,1.290000,1262600
2020-07-06,1.300000,1.350000,1.270000,1.310000,1.310000,2590200
2020-07-07,1.340000,1.350000,1.280000,1.310000,1.310000,1691800
2020-07-08,1.300000,1.470000,1.270000,1.430000,1.430000,7531900
2020-07-09,1.430000,1.450000,1.330000,1.400000,1.400000,2562500
2020-07-10,1.400000,1.460000,1.370000,1.420000,1.420000,2311200
2020-07-13,1.450000,1.550000,1.370000,1.410000,1.410000,6203400
2020-07-14,1.410000,1.410000,1.320000,1.350000,1.350000,2373400
2020-07-15,1.350000,1.400000,1.340000,1.380000,1.380000,1497400
2020-07-16,1.390000,1.650000,1.370000,1.590000,1.590000,10765100
2020-07-17,1.610000,1.660000,1.520000,1.580000,1.580000,3131100
2020-07-20,1.560000,1.640000,1.530000,1.560000,1.560000,2325200
2020-07-21,1.600000,1.610000,1.480000,1.570000,1.570000,2215000
2020-07-22,1.550000,1.630000,1.520000,1.600000,1.600000,1855200
2020-07-23,1.650000,1.730000,1.450000,1.530000,1.530000,3986900
2020-07-24,1.530000,1.530000,1.450000,1.490000,1.490000,1834300
2020-07-27,1.500000,1.510000,1.310000,1.410000,1.410000,4062200
2020-07-28,1.390000,1.420000,1.330000,1.340000,1.340000,1721700
2020-07-29,1.400000,1.460000,1.350000,1.440000,1.440000,2053600
2020-07-30,1.400000,1.420000,1.350000,1.380000,1.380000,1580400
2020-07-31,1.420000,1.420000,1.350000,1.360000,1.360000,1751800
2020-08-03,1.390000,1.400000,1.370000,1.390000,1.390000,1836900
2020-08-04,1.400000,1.400000,1.250000,1.320000,1.320000,3809300
2020-08-05,1.330000,1.380000,1.310000,1.330000,1.330000,1484200
2020-08-06,1.340000,1.340000,1.260000,1.280000,1.280000,1577800
2020-08-07,1.280000,1.320000,1.260000,1.300000,1.300000,1616700
2020-08-10,1.320000,1.370000,1.280000,1.360000,1.360000,1836500
2020-08-11,1.400000,1.400000,1.310000,1.330000,1.330000,1758600
2020-08-12,1.360000,1.390000,1.330000,1.360000,1.360000,1361100