Date,Open,High,Low,Close,Adj Close,Volume
2019-01-02,6.050000,6.300000,5.867000,6.000000,6.000000,1200
2019-01-03,6.000000,6.000000,5.850000,5.990000,5.990000,13400
2019-01-04,6.000000,6.150000,5.740000,5.750000,5.750000,14200
2019-01-07,5.940000,6.000000,5.450000,6.000000,6.000000,6300
2019-01-08,5.950000,5.990000,5.896000,5.990000,5.990000,3400
2019-01-09,5.860000,6.000000,5.800000,5.950000,5.950000,5100
2019-01-10,5.940000,5.950000,5.700000,5.720000,5.720000,11700
2019-01-11,5.710000,5.840000,5.490000,5.772000,5.772000,29600
2019-01-14,5.838000,5.838000,5.530000,5.701000,5.701000,6200
2019-01-15,5.640000,5.640000,5.478000,5.551000,5.551000,7500
2019-01-16,5.830000,5.830000,5.510000,5.750000,5.750000,3000
2019-01-17,5.750000,6.000000,5.700000,5.877000,5.877000,13400
2019-01-18,5.840000,5.840000,5.601000,5.700000,5.700000,2200
2019-01-22,5.700000,5.700000,5.510000,5.510000,5.510000,11100
2019-01-23,5.590000,5.600000,4.779000,5.540000,5.540000,7400
2019-01-24,5.540000,5.540000,5.001000,5.354000,5.354000,11000
2019-01-25,5.250000,5.520000,4.500000,5.180000,5.180000,21700
2019-01-28,5.180000,5.270000,5.010000,5.240000,5.240000,5600
2019-01-29,5.190000,5.540000,5.000000,5.100000,5.100000,9000
2019-01-30,5.550000,5.550000,4.700000,4.829000,4.829000,17700
2019-01-31,5.485000,5.485000,4.763000,5.100000,5.100000,5100
2019-02-01,5.120000,5.120000,4.440000,5.000000,5.000000,5600
2019-02-04,5.095000,5.290000,4.754000,5.230000,5.230000,10700
2019-02-05,5.247000,5.247000,5.247000,5.247000,5.247000,200
2019-02-06,5.250000,5.250000,5.150000,5.220000,5.220000,600
2019-02-07,5.100000,5.260000,4.914000,5.220000,5.220000,11100
2019-02-08,5.220000,5.220000,5.033000,5.220000,5.220000,300
2019-02-11,5.250000,5.250000,4.330000,4.640000,4.640000,9200
2019-02-12,4.840000,4.880000,4.370000,4.710000,4.710000,7200
2019-02-13,4.890000,4.890000,4.890000,4.890000,4.890000,200
2019-02-14,4.890000,4.890000,3.100000,3.440000,3.440000,101500
2019-02-15,3.550000,4.540000,3.510000,4.500000,4.500000,63400
2019-02-19,4.501000,4.545000,3.695000,3.710000,3.710000,20200
2019-02-20,4.330000,4.330000,3.698000,3.700000,3.700000,3400
2019-02-21,3.680000,4.040000,3.555000,3.605000,3.605000,1500
2019-02-22,3.430000,3.770000,3.430000,3.621000,3.621000,3300
2019-02-25,3.770000,4.080000,3.770000,3.980000,3.980000,16500
2019-02-26,4.000000,4.839000,4.000000,4.150000,4.150000,35600
2019-02-27,4.140000,4.479000,3.810000,4.100000,4.100000,6100
2019-02-28,4.130000,4.160000,3.900000,4.100000,4.100000,1100
2019-03-01,4.291000,4.350000,3.950000,4.040000,4.040000,18500
2019-03-04,3.830000,4.000000,3.700000,3.980000,3.980000,2800
2019-03-05,3.970000,4.090000,3.930000,4.090000,4.090000,29200
2019-03-06,4.100000,4.100000,3.930000,4.049000,4.049000,4300
2019-03-07,4.080000,4.080000,3.750000,4.020000,4.020000,1500
2019-03-08,3.990000,4.020000,3.990000,4.020000,4.020000,300
2019-03-11,4.010000,4.020000,3.990000,3.990000,3.990000,900
2019-03-12,4.020000,4.020000,3.850000,3.850000,3.850000,1100
2019-03-13,3.920000,4.000000,3.890000,4.000000,4.000000,3100
2019-03-14,4.019000,4.110000,3.800000,4.009000,4.009000,9000
2019-03-15,3.900000,4.010000,3.900000,3.980000,3.980000,5100
2019-03-18,3.700000,4.000000,3.410000,3.410000,3.410000,17500
2019-03-19,4.003000,4.009000,3.600000,3.780000,3.780000,6400
2019-03-20,3.588000,3.588000,3.100000,3.180000,3.180000,28900
2019-03-21,3.050000,3.116000,2.720000,2.966000,2.966000,10700
2019-03-22,3.070000,3.455000,2.980000,3.125000,3.125000,12800
2019-03-25,3.187000,3.370000,3.000000,3.130000,3.130000,4600
2019-03-26,3.290000,3.290000,3.267000,3.267000,3.267000,200
2019-03-27,3.000000,3.283000,3.000000,3.240000,3.240000,1500
2019-03-28,3.010000,3.310000,2.820000,3.199000,3.199000,5900
2019-03-29,3.151000,3.390000,3.151000,3.299000,3.299000,4700
2019-04-01,3.230000,3.270000,3.138000,3.140000,3.140000,6000
2019-04-02,3.210000,3.299000,3.030000,3.030000,3.030000,300
2019-04-03,3.190000,3.190000,2.900000,3.100000,3.100000,3100
2019-04-04,3.100000,3.100000,3.100000,3.100000,3.100000,1600
2019-04-05,3.248000,3.248000,3.248000,3.248000,3.248000,200
2019-04-08,3.136000,3.136000,2.820000,2.981000,2.981000,4500
2019-04-09,2.980000,3.216000,2.874000,3.087000,3.087000,3400
2019-04-10,3.099000,3.099000,3.099000,3.099000,3.099000,1000
2019-04-11,3.099000,3.099000,3.099000,3.099000,3.099000,0
2019-04-12,2.950000,3.096000,2.800000,3.096000,3.096000,4400
2019-04-15,3.080000,3.080000,2.830000,2.830000,2.830000,300
2019-04-16,3.028000,3.086000,2.800000,2.800000,2.800000,2100
2019-04-17,2.800000,2.800000,2.663000,2.800000,2.800000,2200
2019-04-18,3.000000,3.000000,2.900000,2.984000,2.984000,900
2019-04-22,2.930000,2.930000,2.800000,2.874000,2.874000,101300
2019-04-23,2.952000,2.952000,2.900000,2.900000,2.900000,700
2019-04-24,2.900000,2.900000,2.850000,2.875000,2.875000,1600
2019-04-25,2.910000,2.930000,2.670000,2.670000,2.670000,1100
2019-04-26,2.670000,2.813000,2.670000,2.813000,2.813000,500
2019-04-29,2.780000,2.960000,2.780000,2.950000,2.950000,30000
2019-04-30,2.775000,2.930000,2.770000,2.770000,2.770000,29400
2019-05-01,2.660000,2.750000,2.660000,2.680000,2.680000,22800
2019-05-02,2.858000,2.858000,2.858000,2.858000,2.858000,500
2019-05-03,2.930000,2.950000,2.745000,2.770000,2.770000,39800
2019-05-06,3.010000,3.010000,2.800000,2.810000,2.810000,33800
2019-05-07,2.714000,2.850000,2.701000,2.800000,2.800000,47300
2019-05-08,2.850000,3.080000,2.840000,2.864000,2.864000,82300
2019-05-09,2.910000,3.000000,2.850000,2.880000,2.880000,102300
2019-05-10,2.870000,2.900000,2.870000,2.900000,2.900000,1500
2019-05-13,2.803000,3.080000,2.800000,2.860000,2.860000,10000
2019-05-14,2.940000,2.998000,2.520000,2.800000,2.800000,6600
2019-05-15,2.870000,2.920000,2.870000,2.910000,2.910000,33100
2019-05-16,3.330000,3.330000,2.650000,2.850000,2.850000,4800
2019-05-17,2.980000,3.150000,2.815000,2.890000,2.890000,18500
2019-05-20,2.890000,2.890000,2.890000,2.890000,2.890000,0
2019-05-21,2.920000,2.980000,2.850000,2.980000,2.980000,6900
2019-05-22,2.918000,2.971000,2.790000,2.930000,2.930000,41700
2019-05-23,2.907000,2.915000,2.700000,2.785000,2.785000,15500
2019-05-24,2.785000,2.785000,2.785000,2.785000,2.785000,100
2019-05-28,2.785000,2.785000,2.785000,2.785000,2.785000,0
2019-05-29,2.920000,2.950000,2.740000,2.890000,2.890000,2300
2019-05-30,2.850000,2.940000,2.850000,2.940000,2.940000,2700
2019-05-31,2.870000,2.920000,2.720000,2.920000,2.920000,3600
2019-06-03,2.870000,2.940000,2.850000,2.850000,2.850000,2400
2019-06-04,2.860000,2.970000,2.855000,2.970000,2.970000,1700
2019-06-05,2.911000,2.938000,2.859000,2.938000,2.938000,1100
2019-06-06,2.850000,2.857000,2.848000,2.849000,2.849000,4400
2019-06-07,2.911000,2.911000,2.640000,2.850000,2.850000,6600
2019-06-10,2.920000,2.980000,2.640000,2.850000,2.850000,6200
2019-06-11,2.800000,2.850000,2.632000,2.850000,2.850000,700
2019-06-12,2.800000,2.850000,2.530000,2.650000,2.650000,10800
2019-06-13,2.750000,2.813000,2.750000,2.813000,2.813000,900
2019-06-14,2.857000,3.285000,2.550000,2.950000,2.950000,26400
2019-06-17,3.060000,3.260000,2.615000,3.090000,3.090000,10900
2019-06-18,3.193000,3.250000,2.760000,2.990000,2.990000,5500
2019-06-19,2.826000,2.930000,2.750000,2.930000,2.930000,2600
2019-06-20,2.910000,2.910000,2.780000,2.794000,2.794000,1600
2019-06-21,2.750000,2.810000,2.570000,2.700000,2.700000,21400
2019-06-24,2.580000,2.850000,2.580000,2.830000,2.830000,21600
2019-06-25,2.684000,2.830000,2.684000,2.820000,2.820000,15800
2019-06-26,2.830000,2.880000,2.623000,2.880000,2.880000,12200
2019-06-27,2.563000,2.870000,2.563000,2.800000,2.800000,3000
2019-06-28,2.800000,2.800000,2.660000,2.799000,2.799000,2300
2019-07-01,2.732000,2.750000,2.299000,2.629000,2.629000,8200
2019-07-02,2.510000,2.830000,2.510000,2.750000,2.750000,3500
2019-07-03,2.870000,2.870000,2.641000,2.840000,2.840000,4800
2019-07-05,2.800000,2.800000,2.664000,2.790000,2.790000,10800
2019-07-08,2.790000,2.790000,2.680000,2.790000,2.790000,1400
2019-07-09,2.760000,2.800000,2.760000,2.780000,2.780000,4500
2019-07-10,2.800000,2.800000,2.750000,2.780000,2.780000,5500
2019-07-11,2.700000,2.700000,2.700000,2.700000,2.700000,500
2019-07-12,2.750000,2.760000,2.620000,2.760000,2.760000,7500
2019-07-15,2.760000,2.760000,2.760000,2.760000,2.760000,5000
2019-07-16,2.510000,2.660000,2.450000,2.498000,2.498000,5600
2019-07-17,2.498000,2.498000,2.498000,2.498000,2.498000,0
2019-07-18,2.450000,2.490000,2.420000,2.490000,2.490000,2100
2019-07-19,2.490000,2.490000,2.490000,2.490000,2.490000,100
2019-07-22,2.460000,2.558000,2.460000,2.558000,2.558000,500
2019-07-23,2.468000,2.468000,2.362000,2.362000,2.362000,3300
2019-07-24,2.400000,2.500000,2.272000,2.500000,2.500000,2800
2019-07-25,2.500000,2.500000,2.500000,2.500000,2.500000,0
2019-07-26,2.210000,2.680000,2.210000,2.585000,2.585000,3300
2019-07-29,2.445000,2.790000,2.430000,2.555000,2.555000,1200
2019-07-30,2.510000,2.870000,2.510000,2.870000,2.870000,1200
2019-07-31,2.510000,2.870000,2.510000,2.870000,2.870000,1200
2019-08-01,2.565000,2.800000,2.565000,2.780000,2.780000,500
2019-08-02,2.910000,2.910000,2.245000,2.580000,2.580000,3700
2019-08-05,2.910000,2.910000,2.245000,2.580000,2.580000,3700
2019-08-06,2.910000,2.910000,2.245000,2.580000,2.580000,3700
2019-08-07,2.230000,2.690000,2.230000,2.685000,2.685000,1900
2019-08-08,2.450000,2.700000,2.428000,2.600000,2.600000,6900
2019-08-09,2.450000,2.650000,2.450000,2.650000,2.650000,1200
2019-08-12,2.600000,2.700000,2.469000,2.600000,2.600000,2000
2019-08-13,2.600000,2.700000,2.460000,2.700000,2.700000,1200
2019-08-14,2.700000,2.700000,2.505000,2.640000,2.640000,1000
2019-08-15,2.700000,2.700000,2.505000,2.640000,2.640000,1000
2019-08-16,2.700000,2.700000,2.230000,2.230000,2.230000,5300
2019-08-19,2.220000,2.490000,2.220000,2.490000,2.490000,2700
2019-08-20,2.490000,2.490000,2.490000,2.490000,2.490000,0
2019-08-21,2.090000,2.430000,2.090000,2.420000,2.420000,1100
2019-08-22,2.420000,2.420000,2.420000,2.420000,2.420000,0
2019-08-23,2.420000,2.420000,2.420000,2.420000,2.420000,0
2019-08-26,2.120000,2.360000,2.080000,2.310000,2.310000,4100
2019-08-27,2.150000,2.450000,2.147000,2.420000,2.420000,2700
2019-08-28,2.440000,2.450000,2.151000,2.420000,2.420000,2200
2019-08-29,2.420000,2.420000,2.420000,2.420000,2.420000,0
2019-08-30,2.440000,2.440000,2.343000,2.420000,2.420000,1200
2019-09-03,2.400000,2.520000,2.380000,2.520000,2.520000,700
2019-09-04,2.565000,2.625000,2.550000,2.590000,2.590000,1800
2019-09-05,2.700000,2.700000,2.260000,2.670000,2.670000,2000
2019-09-06,2.603000,2.680000,2.490000,2.680000,2.680000,2500
2019-09-09,2.680000,2.680000,2.680000,2.680000,2.680000,500
2019-09-10,2.680000,2.680000,2.680000,2.680000,2.680000,0
2019-09-11,2.573000,2.680000,2.500000,2.680000,2.680000,2500
2019-09-12,2.624000,2.670000,2.460000,2.640000,2.640000,1500
2019-09-13,2.510000,2.660000,2.382000,2.660000,2.660000,4200
2019-09-16,2.500000,2.600000,2.500000,2.590000,2.590000,1400
2019-09-17,2.500000,2.500000,2.100000,2.490000,2.490000,5800
2019-09-18,2.490000,2.490000,2.490000,2.490000,2.490000,2200
2019-09-19,1.370000,2.390000,1.370000,2.390000,2.390000,9900
2019-09-20,2.480000,2.577000,2.430000,2.507000,2.507000,1600
2019-09-23,2.580000,2.580000,2.580000,2.580000,2.580000,200
2019-09-24,2.599000,2.647000,2.495000,2.640000,2.640000,1600
2019-09-25,2.547000,2.580000,2.400000,2.400000,2.400000,2800
2019-09-26,2.560000,2.560000,2.315000,2.460000,2.460000,2700
2019-09-27,2.490000,2.560000,2.490000,2.560000,2.560000,1200
2019-09-30,2.650000,2.650000,2.594000,2.630000,2.630000,1500
2019-10-01,2.690000,2.690000,2.453000,2.670000,2.670000,3500
2019-10-02,2.320000,2.640000,2.310000,2.640000,2.640000,1300
2019-10-03,2.590000,2.590000,2.333000,2.587000,2.587000,3300
2019-10-04,2.650000,2.650000,2.547000,2.630000,2.630000,2300
2019-10-07,2.630000,2.630000,2.630000,2.630000,2.630000,100
2019-10-08,2.660000,2.660000,2.503000,2.503000,2.503000,1700
2019-10-09,2.600000,2.600000,2.388000,2.577000,2.577000,5000
2019-10-10,2.529000,2.600000,2.529000,2.600000,2.600000,1100
2019-10-11,2.660000,2.660000,2.380000,2.640000,2.640000,4100
2019-10-14,2.640000,2.640000,2.640000,2.640000,2.640000,100
2019-10-15,2.400000,2.630000,2.400000,2.630000,2.630000,1300
2019-10-16,2.630000,2.630000,2.630000,2.630000,2.630000,100
2019-10-17,2.640000,2.640000,2.597000,2.630000,2.630000,2000
2019-10-18,2.630000,2.630000,2.630000,2.630000,2.630000,600
2019-10-21,2.510000,2.510000,2.460000,2.510000,2.510000,800
2019-10-22,2.640000,2.650000,2.620000,2.640000,2.640000,3300
2019-10-23,2.640000,2.640000,2.640000,2.640000,2.640000,200
2019-10-24,2.500000,2.650000,2.410000,2.650000,2.650000,6200
2019-10-25,2.640000,2.640000,2.640000,2.640000,2.640000,500
2019-10-28,2.640000,2.640000,2.640000,2.640000,2.640000,800
2019-10-29,2.640000,2.640000,2.640000,2.640000,2.640000,400
2019-10-30,2.637000,2.650000,2.637000,2.650000,2.650000,1300
2019-10-31,2.500000,2.640000,2.500000,2.640000,2.640000,2200
2019-11-01,2.640000,2.640000,2.640000,2.640000,2.640000,700
2019-11-04,2.640000,2.640000,2.640000,2.640000,2.640000,500
2019-11-05,2.553000,2.630000,2.360000,2.630000,2.630000,5200
2019-11-06,2.639000,2.640000,2.563000,2.563000,2.563000,1200
2019-11-07,2.480000,2.580000,2.370000,2.370000,2.370000,4700
2019-11-08,2.550000,2.630000,2.453000,2.600000,2.600000,3100
2019-11-11,2.630000,2.630000,2.539000,2.570000,2.570000,1400
2019-11-12,2.630000,2.630000,2.560000,2.620000,2.620000,1400
2019-11-13,2.627000,2.627000,2.577000,2.577000,2.577000,1300
2019-11-14,2.577000,2.577000,2.577000,2.577000,2.577000,400
2019-11-15,2.500000,2.600000,2.400000,2.600000,2.600000,5600
2019-11-18,2.630000,2.630000,2.450000,2.450000,2.450000,2800
2019-11-19,2.430000,2.620000,2.430000,2.600000,2.600000,3300
2019-11-20,2.620000,2.620000,2.600000,2.600000,2.600000,1600
2019-11-21,2.600000,2.600000,2.600000,2.600000,2.600000,500
2019-11-22,2.600000,2.600000,2.600000,2.600000,2.600000,300
2019-11-25,2.600000,2.600000,2.600000,2.600000,2.600000,100
2019-11-26,2.600000,2.600000,2.600000,2.600000,2.600000,100
2019-11-27,2.600000,2.600000,2.600000,2.600000,2.600000,0
2019-11-29,2.581000,2.620000,2.580000,2.620000,2.620000,2200
2019-12-02,2.270000,2.600000,2.270000,2.594000,2.594000,2500
2019-12-03,2.581000,2.581000,2.581000,2.581000,2.581000,700
2019-12-04,2.581000,2.581000,2.581000,2.581000,2.581000,0
2019-12-05,2.581000,2.581000,2.581000,2.581000,2.581000,0
2019-12-06,2.563000,2.630000,2.546000,2.630000,2.630000,2000
2019-12-09,2.388000,3.859000,2.300000,2.500000,2.500000,161600
2019-12-10,2.450000,2.480000,2.089000,2.450000,2.450000,4300
2019-12-11,2.390000,2.499000,2.320000,2.360000,2.360000,5100
2019-12-12,2.400000,2.520000,2.330000,2.360000,2.360000,1700
2019-12-13,2.360000,2.360000,2.360000,2.360000,2.360000,0
2019-12-16,2.240000,2.330000,2.190000,2.330000,2.330000,6100
2019-12-17,2.195000,2.270000,2.190000,2.270000,2.270000,600
2019-12-18,2.370000,2.370000,2.155000,2.155000,2.155000,400
2019-12-19,2.200000,2.200000,2.200000,2.200000,2.200000,200
2019-12-20,2.200000,2.200000,2.200000,2.200000,2.200000,0
2019-12-23,2.020000,2.120000,2.000000,2.110000,2.110000,3200
2019-12-24,2.053000,2.100000,2.053000,2.090000,2.090000,1400
2019-12-26,2.200000,2.300000,2.140000,2.140000,2.140000,800
2019-12-27,2.010000,2.120000,2.000000,2.040000,2.040000,5100
2019-12-30,2.140000,2.140000,2.140000,2.140000,2.140000,200
2019-12-31,2.140000,2.140000,2.140000,2.140000,2.140000,0
2020-01-02,2.010000,2.100000,2.000000,2.100000,2.100000,5500
2020-01-03,2.120000,2.120000,2.000000,2.000000,2.000000,1200
2020-01-06,2.090000,2.090000,2.000000,2.087000,2.087000,3400
2020-01-07,2.120000,2.120000,2.120000,2.120000,2.120000,500
2020-01-08,2.136000,2.140000,2.136000,2.140000,2.140000,400
2020-01-09,2.010000,2.096000,2.000000,2.096000,2.096000,600
2020-01-10,2.000000,2.056000,2.000000,2.056000,2.056000,12800
2020-01-13,2.080000,2.080000,2.062000,2.072000,2.072000,1500
2020-01-14,2.120000,2.230000,2.120000,2.200000,2.200000,1000
2020-01-15,2.220000,2.220000,2.220000,2.220000,2.220000,1600
2020-01-16,2.220000,2.220000,2.220000,2.220000,2.220000,0
2020-01-17,2.053000,2.160000,2.030000,2.160000,2.160000,1900
2020-01-21,2.200000,2.200000,2.200000,2.200000,2.200000,200
2020-01-22,2.200000,2.200000,2.200000,2.200000,2.200000,0
2020-01-23,2.102000,2.190000,2.102000,2.190000,2.190000,600
2020-01-24,2.190000,2.190000,2.190000,2.190000,2.190000,0
2020-01-27,2.000000,2.170000,2.000000,2.170000,2.170000,700
2020-01-28,2.170000,2.170000,2.170000,2.170000,2.170000,0
2020-01-29,2.170000,2.170000,2.170000,2.170000,2.170000,0
2020-01-30,2.170000,2.170000,2.170000,2.170000,2.170000,0
2020-01-31,2.210000,2.210000,2.210000,2.210000,2.210000,200
2020-02-03,2.210000,2.210000,2.210000,2.210000,2.210000,0
2020-02-04,2.210000,2.210000,2.210000,2.210000,2.210000,0
2020-02-05,2.270000,2.270000,2.270000,2.270000,2.270000,300
2020-02-06,2.025000,2.320000,2.020000,2.100000,2.100000,1500
2020-02-07,2.040000,2.180000,1.975000,2.180000,2.180000,3700
2020-02-10,2.190000,2.190000,2.040000,2.159000,2.159000,600
2020-02-11,2.240000,2.453000,2.240000,2.453000,2.453000,800
2020-02-12,2.453000,2.453000,2.453000,2.453000,2.453000,0
2020-02-13,2.453000,2.453000,2.453000,2.453000,2.453000,0
2020-02-14,2.110000,2.362000,2.110000,2.362000,2.362000,400
2020-02-18,2.440000,2.560000,2.440000,2.560000,2.560000,300
2020-02-19,2.560000,2.560000,2.560000,2.560000,2.560000,0
2020-02-20,2.560000,2.560000,2.560000,2.560000,2.560000,100
2020-02-21,2.560000,2.560000,2.560000,2.560000,2.560000,0
2020-02-24,2.560000,2.560000,2.560000,2.560000,2.560000,0
2020-02-25,2.560000,2.560000,2.560000,2.560000,2.560000,0
2020-02-26,2.560000,2.560000,2.560000,2.560000,2.560000,0
2020-02-27,2.560000,2.560000,2.560000,2.560000,2.560000,0
2020-02-28,2.560000,2.560000,2.560000,2.560000,2.560000,0
2020-03-02,2.560000,2.560000,2.560000,2.560000,2.560000,0
2020-03-03,2.540000,2.540000,2.030000,2.240000,2.240000,1200
2020-03-04,2.240000,2.240000,2.240000,2.240000,2.240000,0
2020-03-05,2.060000,2.220000,1.800000,2.220000,2.220000,3500
2020-03-06,2.220000,2.220000,2.220000,2.220000,2.220000,0
2020-03-09,2.220000,2.220000,2.220000,2.220000,2.220000,0
2020-03-10,2.100000,2.100000,1.815000,2.100000,2.100000,5000
2020-03-11,2.200000,2.200000,2.200000,2.200000,2.200000,400
2020-03-12,2.200000,2.200000,2.200000,2.200000,2.200000,0
2020-03-13,2.260000,2.260000,2.260000,2.260000,2.260000,200
2020-03-16,2.260000,2.260000,2.260000,2.260000,2.260000,300
2020-03-17,2.260000,2.260000,2.260000,2.260000,2.260000,0
2020-03-18,2.260000,2.260000,2.260000,2.260000,2.260000,0
2020-03-19,2.260000,2.260000,2.260000,2.260000,2.260000,0
2020-03-20,2.020000,2.100000,2.000000,2.100000,2.100000,2500
2020-03-23,2.100000,2.100000,2.100000,2.100000,2.100000,500
2020-03-24,2.010000,2.140000,2.000000,2.140000,2.140000,1600
2020-03-25,2.180000,2.180000,2.180000,2.180000,2.180000,200
2020-03-26,2.180000,2.180000,2.180000,2.180000,2.180000,0
2020-03-27,2.180000,2.180000,2.180000,2.180000,2.180000,0
2020-03-30,2.000000,2.130000,2.000000,2.130000,2.130000,600
2020-03-31,2.150000,2.150000,2.150000,2.150000,2.150000,300
2020-04-01,2.150000,2.150000,2.150000,2.150000,2.150000,0
2020-04-02,2.000000,2.120000,2.000000,2.120000,2.120000,600
2020-04-03,2.000000,2.140000,2.000000,2.140000,2.140000,400
2020-04-06,2.000000,2.127000,2.000000,2.120000,2.120000,1100
2020-04-07,2.010000,2.110000,2.010000,2.110000,2.110000,600
2020-04-08,2.110000,2.110000,2.110000,2.110000,2.110000,0
2020-04-09,2.030000,2.150000,2.030000,2.150000,2.150000,1700
2020-04-13,2.150000,2.150000,2.150000,2.150000,2.150000,1000
2020-04-14,2.150000,2.150000,2.150000,2.150000,2.150000,0
2020-04-15,2.150000,2.150000,2.150000,2.150000,2.150000,1600
2020-04-16,2.150000,2.150000,2.150000,2.150000,2.150000,2500
2020-04-17,2.320000,2.390000,2.320000,2.390000,2.390000,800
2020-04-20,2.430000,2.430000,2.430000,2.430000,2.430000,100
2020-04-21,2.307000,2.307000,2.307000,2.307000,2.307000,100
2020-04-22,2.307000,2.307000,2.307000,2.307000,2.307000,0
2020-04-23,2.138000,2.138000,2.138000,2.138000,2.138000,500
2020-04-24,2.040000,2.110000,2.000000,2.110000,2.110000,4700
2020-04-27,2.100000,2.100000,2.100000,2.100000,2.100000,2500
2020-04-28,2.000000,2.090000,2.000000,2.063000,2.063000,4200
2020-04-29,2.030000,2.100000,2.000000,2.100000,2.100000,1200
2020-04-30,2.100000,2.100000,2.100000,2.100000,2.100000,0
2020-05-01,2.100000,2.100000,2.100000,2.100000,2.100000,0
2020-05-04,2.100000,2.100000,2.100000,2.100000,2.100000,0
2020-05-05,2.100000,2.100000,2.100000,2.100000,2.100000,600
2020-05-06,2.010000,2.160000,2.010000,2.160000,2.160000,1400
2020-05-07,2.100000,2.170000,2.100000,2.170000,2.170000,1100
2020-05-08,2.030000,2.170000,2.030000,2.150000,2.150000,1600
2020-05-11,2.100000,2.169000,2.100000,2.169000,2.169000,1200
2020-05-12,2.040000,2.180000,2.040000,2.180000,2.180000,900
2020-05-13,2.170000,2.180000,2.160000,2.180000,2.180000,900
2020-05-14,2.170000,2.190000,2.110000,2.190000,2.190000,1400
2020-05-15,2.170000,2.190000,2.160000,2.190000,2.190000,900
2020-05-18,2.210000,2.220000,2.200000,2.220000,2.220000,700
2020-05-19,2.230000,2.240000,2.220000,2.240000,2.240000,600
2020-05-20,2.220000,2.230000,2.210000,2.230000,2.230000,900
2020-05-21,2.180000,2.220000,2.180000,2.220000,2.220000,600
2020-05-22,2.150000,2.210000,2.150000,2.210000,2.210000,1000
2020-05-26,2.180000,2.220000,2.180000,2.220000,2.220000,1000
2020-05-27,2.140000,2.220000,2.040000,2.210000,2.210000,1600
2020-05-28,2.197000,2.350000,2.190000,2.350000,2.350000,2000
2020-05-29,2.330000,2.330000,2.060000,2.198000,2.198000,1600
2020-06-01,2.180000,2.210000,2.180000,2.210000,2.210000,600
2020-06-02,2.220000,2.220000,2.220000,2.220000,2.220000,900
2020-06-03,2.177000,2.177000,2.177000,2.177000,2.177000,400
2020-06-04,2.200000,2.200000,2.200000,2.200000,2.200000,800
2020-06-05,2.180000,2.200000,2.180000,2.200000,2.200000,600
2020-06-08,2.200000,2.200000,2.200000,2.200000,2.200000,500
2020-06-09,2.200000,2.200000,2.200000,2.200000,2.200000,600
2020-06-10,2.060000,3.640000,2.060000,2.600000,2.600000,140300
2020-06-11,2.550000,2.600000,2.080000,2.209000,2.209000,15800
2020-06-12,2.300000,2.750000,2.300000,2.330000,2.330000,16500
2020-06-15,2.110000,2.490000,2.030000,2.172000,2.172000,6000
2020-06-16,2.070000,2.135000,2.070000,2.070000,2.070000,1800
2020-06-17,2.100000,2.291000,2.100000,2.165000,2.165000,6200
2020-06-18,2.160000,2.280000,2.100000,2.160000,2.160000,10700
2020-06-19,2.160000,2.270000,2.040000,2.100000,2.100000,5000
2020-06-22,2.080000,2.154000,2.080000,2.140000,2.140000,1500
2020-06-23,2.198000,2.225000,2.100000,2.200000,2.200000,5500
2020-06-24,2.320000,5.050000,2.320000,3.280000,3.280000,5106800
2020-06-25,4.630000,6.750000,4.040000,6.750000,6.750000,25937900
2020-06-26,5.700000,6.160000,4.800000,5.400000,5.400000,919100
2020-06-29,4.700000,8.550000,4.700000,8.080000,8.080000,1396000
2020-06-30,6.950000,7.760000,5.540000,6.230000,6.230000,714500
2020-07-01,5.580000,5.900000,4.770000,4.810000,4.810000,227500
2020-07-02,5.110000,6.200000,4.810000,5.450000,5.450000,299700
2020-07-06,5.700000,6.900000,5.100000,5.690000,5.690000,300600
2020-07-07,5.500000,5.940000,5.370000,5.680000,5.680000,97400
2020-07-08,5.580000,5.786000,5.400000,5.460000,5.460000,76500
2020-07-09,5.600000,5.800000,5.400000,5.640000,5.640000,74400