Date,Open,High,Low,Close,Adj Close,Volume
2019-05-15,17.000000,17.368000,16.799999,17.000000,16.405941,1067600
2019-05-16,17.049999,17.090000,16.900000,16.900000,16.309435,79900
2019-05-17,16.900000,17.000000,16.549999,16.900000,16.309435,165400
2019-05-20,16.879999,16.900000,16.629999,16.750000,16.164677,51600
2019-05-21,16.750000,16.799999,16.700001,16.790001,16.203278,38800
2019-05-22,16.750000,16.790001,16.434999,16.740000,16.155025,64200
2019-05-23,16.600000,16.719999,16.455000,16.480000,15.904113,54400
2019-05-24,16.469999,16.534000,16.250000,16.250000,15.682149,18500
2019-05-28,16.240000,16.290001,15.910000,16.240000,15.672499,72200
2019-05-29,16.230000,16.230000,15.450000,15.600000,15.054865,98700
2019-05-30,15.550000,16.000000,15.550000,16.000000,15.440886,28200
2019-05-31,16.000000,16.500000,15.950000,16.450001,15.875160,33400
2019-06-03,16.500000,16.500000,15.900000,15.950000,15.392632,58200
2019-06-04,15.850000,16.000000,15.465000,15.890000,15.334730,34200
2019-06-05,15.850000,15.950000,14.550000,14.840000,14.321421,158700
2019-06-06,14.800000,14.940000,14.290000,14.530000,14.022255,109700
2019-06-07,14.800000,15.950000,14.510000,15.820000,15.267175,81700
2019-06-10,16.070000,16.250000,15.610000,16.000000,15.440886,43300
2019-06-11,16.059999,16.250000,15.850000,15.950000,15.392632,39300
2019-06-12,16.010000,16.129999,15.850000,15.980000,15.421584,56100
2019-06-13,15.980000,16.000000,15.440000,15.720000,15.170671,37600
2019-06-14,15.970000,15.970000,14.885000,15.090000,14.562685,91800
2019-06-17,15.030000,15.310000,14.900000,15.100000,14.572336,37200
2019-06-18,15.280000,15.280000,14.570000,14.800000,14.282820,54700
2019-06-19,14.800000,15.100000,14.250000,15.100000,14.572336,66700
2019-06-20,15.030000,15.160000,14.500000,14.550000,14.041555,47700
2019-06-21,14.620000,15.680000,14.500000,14.840000,14.321421,204700
2019-06-24,14.830000,14.830000,14.390000,14.590000,14.080157,44900
2019-06-25,14.500000,14.690000,14.475000,14.610000,14.099459,30200
2019-06-26,14.770000,14.840000,14.500000,14.520000,14.012604,83400
2019-06-27,14.520000,15.260000,14.500000,15.260000,14.726746,21300
2019-06-28,15.320000,15.840000,15.250000,15.750000,15.199622,42300
2019-07-01,15.650000,15.850000,15.550000,15.710000,15.161019,20200
2019-07-02,15.840000,15.900000,15.710000,15.790000,15.238224,19600
2019-07-03,15.700000,15.840000,15.500000,15.500000,14.958357,8900
2019-07-05,15.500000,15.895000,15.500000,15.770000,15.218923,19600
2019-07-08,15.570000,16.040001,15.570000,15.890000,15.396236,20600
2019-07-09,16.020000,16.020000,15.510000,15.590000,15.105559,10400
2019-07-10,15.460000,15.790000,15.414000,15.730000,15.241209,18000
2019-07-11,15.800000,15.849000,15.670000,15.670000,15.183073,6600
2019-07-12,15.650000,15.800000,15.650000,15.750000,15.260588,29200
2019-07-15,15.750000,15.880000,15.650000,15.750000,15.260588,11800
2019-07-16,15.688000,15.750000,15.670000,15.730000,15.241209,2100
2019-07-17,15.700000,15.700000,15.590000,15.620000,15.134626,7100
2019-07-18,15.550000,15.640000,15.550000,15.590000,15.105559,3600
2019-07-19,15.640000,15.640000,15.600000,15.610000,15.124937,3100
2019-07-22,15.570000,15.630000,14.610000,15.200000,14.727677,60600
2019-07-23,15.250000,15.500000,14.900000,15.140000,14.669542,23900
2019-07-24,15.000000,15.340000,14.750000,15.010000,14.543582,14300
2019-07-25,15.100000,15.170000,14.750000,14.820000,14.359485,7400
2019-07-26,14.690000,14.900000,14.520000,14.740000,14.281972,53200
2019-07-29,14.860000,15.000000,14.600000,14.710000,14.252904,7900
2019-07-30,14.701000,15.200000,14.500000,15.090000,14.621097,38600
2019-07-31,15.220000,15.295000,14.740000,14.850000,14.388554,19600
2019-08-01,15.100000,15.100000,14.790000,14.790000,14.330419,17100
2019-08-02,14.750000,14.890000,14.700000,14.890000,14.427311,1700
2019-08-05,14.640000,14.690000,14.250000,14.250000,13.807199,34300
2019-08-06,14.400000,14.500000,13.930000,14.360000,13.913778,19500
2019-08-07,14.190000,14.500000,14.183000,14.300000,13.855644,9300
2019-08-08,14.500000,14.750000,14.364000,14.700000,14.243214,11600
2019-08-09,14.470000,14.550000,14.250000,14.400000,13.952536,15900
2019-08-12,14.470000,14.570000,14.310000,14.480000,14.030050,2600
2019-08-13,14.500000,14.650000,14.450000,14.490000,14.039741,12100
2019-08-14,14.250000,14.560000,14.200000,14.250000,13.807199,18100
2019-08-15,14.713000,14.910000,14.401000,14.900000,14.436998,27600
2019-08-16,14.880000,15.220000,14.880000,14.930000,14.466068,15700
2019-08-19,14.940000,15.200000,14.940000,15.150000,14.679231,6700
2019-08-20,15.050000,15.200000,14.960000,15.200000,14.727677,7900
2019-08-21,15.205000,15.290000,15.120000,15.160000,14.688920,3200
2019-08-22,15.200000,15.200000,15.050000,15.090000,14.621097,3700
2019-08-23,15.050000,15.310000,15.045000,15.310000,14.834260,6400
2019-08-26,15.260000,15.325000,15.065000,15.200000,14.727677,6400
2019-08-27,15.240000,15.240000,14.790000,14.950000,14.485446,1900
2019-08-28,14.950000,15.230000,14.900000,15.100000,14.630786,20700
2019-08-29,15.290000,15.290000,15.100000,15.160000,14.688920,13200
2019-08-30,15.250000,15.300000,15.160000,15.230000,14.756744,14200
2019-09-03,15.180000,15.300000,15.100000,15.170000,14.698609,9900
2019-09-04,15.190000,15.200000,15.050000,15.200000,14.727677,2800
2019-09-05,15.300000,15.300000,15.150000,15.230000,14.756744,1700
2019-09-06,15.270000,15.310000,15.150000,15.260000,14.785814,20200
2019-09-09,15.300000,15.340000,15.050000,15.200000,14.727677,11100
2019-09-10,15.280000,15.400000,15.150000,15.155000,14.684075,8700
2019-09-11,15.270000,15.270000,14.750000,14.890000,14.427311,71300
2019-09-12,15.010000,15.090000,14.765000,15.060000,14.592028,8400
2019-09-13,15.100000,15.100000,14.810000,14.850000,14.388554,55600
2019-09-16,14.960000,14.960000,14.760000,14.845000,14.383709,102600
2019-09-17,15.000000,15.170000,14.990000,15.130000,14.659853,31800
2019-09-18,15.030000,15.355000,15.030000,15.070000,14.601717,35000
2019-09-19,15.130000,15.280000,15.130000,15.210000,14.737366,37600
2019-09-20,15.230000,15.330000,15.210000,15.250000,14.776124,74800
2019-09-23,15.230000,15.380000,15.050000,15.200000,14.727677,41300
2019-09-24,15.200000,15.280000,15.170000,15.220000,14.747056,31400
2019-09-25,15.200000,15.390000,15.200000,15.300000,14.824571,50300
2019-09-26,15.300000,15.650000,15.300000,15.530000,15.047422,8300
2019-09-27,15.550000,15.590000,15.450000,15.510000,15.028045,8400
2019-09-30,15.550000,15.840000,15.450000,15.840000,15.347790,8100
2019-10-01,15.760000,15.850000,15.720000,15.720000,15.231519,16700
2019-10-02,15.780000,15.800000,15.660000,15.710000,15.221829,13000
2019-10-03,15.750000,15.750000,15.600000,15.640000,15.154006,8000
2019-10-04,14.940000,15.620000,14.850000,15.560000,15.076491,13400
2019-10-07,15.650000,15.750000,15.630000,15.690000,15.202451,47400
2019-10-08,15.680000,15.750000,15.620000,15.660000,15.173384,15200
2019-10-09,15.710000,15.710000,15.470000,15.590000,15.105559,12400
2019-10-10,15.600000,15.990000,15.300000,15.940000,15.444683,43700
2019-10-11,15.970000,16.049999,15.851000,15.980000,15.483440,40800
2019-10-14,16.000000,16.440001,15.950000,16.360001,15.851633,41100
2019-10-15,16.398001,16.950001,16.360001,16.950001,16.423298,35500
2019-10-16,16.950001,17.200001,16.700001,17.200001,16.665529,39300
2019-10-17,17.230000,17.230000,16.950001,16.950001,16.423298,13100
2019-10-18,17.000000,17.100000,16.950001,17.010000,16.481436,47800
2019-10-21,17.049999,17.070000,16.950001,16.980000,16.452368,4000
2019-10-22,17.000000,17.000000,16.910000,16.910000,16.384541,1200
2019-10-23,16.920000,16.930000,16.750000,16.780001,16.258581,8400
2019-10-24,16.799999,16.889999,16.750000,16.799999,16.277958,3800
2019-10-25,16.863001,16.950001,16.730000,16.889999,16.365160,17700
2019-10-28,16.864000,16.879999,16.712000,16.860001,16.336096,6800
2019-10-29,16.850000,16.959999,16.625000,16.629999,16.113241,15600
2019-10-30,16.730000,16.775000,16.680000,16.680000,16.161690,3500
2019-10-31,16.799999,17.000000,16.700001,16.799999,16.277958,31600
2019-11-01,16.920000,16.920000,16.700001,16.799999,16.277958,8700
2019-11-04,16.840000,16.850000,16.760000,16.770000,16.248892,1100
2019-11-05,16.770000,16.826000,16.180000,16.299999,15.793496,8200
2019-11-06,16.299999,16.469999,16.230000,16.459999,15.948523,13700
2019-11-07,16.530001,16.590000,16.400000,16.590000,16.074484,4200
2019-11-08,16.549999,16.639999,16.209999,16.209999,15.706291,21000
2019-11-11,16.240000,16.480000,16.010000,16.400000,15.890389,4000
2019-11-12,16.500000,16.500000,15.760000,15.860000,15.367168,19600
2019-11-13,15.900000,16.150000,15.750000,15.800000,15.309033,18000
2019-11-14,15.800000,16.049999,15.800000,16.010000,15.651190,20500
2019-11-15,16.017000,16.025000,15.948000,16.000000,15.641414,3000
2019-11-18,16.004000,16.150000,16.000000,16.030001,15.670742,4300
2019-11-19,16.049999,16.299999,16.049999,16.195000,15.832044,33900
2019-11-20,16.270000,16.469999,16.110001,16.250000,15.885811,8300
2019-11-21,16.040001,16.225000,15.900000,16.100000,15.739172,12500
2019-11-22,15.960000,16.219999,15.923000,16.049999,15.690292,17100
2019-11-25,16.100000,16.150000,16.049999,16.080000,15.719621,3900
2019-11-26,16.100000,16.100000,16.030001,16.049999,15.690292,22400
2019-11-27,16.049999,16.076000,15.900000,15.910000,15.553431,6800
2019-11-29,15.900000,15.900000,15.850000,15.860000,15.504551,3000
2019-12-02,15.950000,15.950000,15.765000,15.795000,15.441008,5400
2019-12-03,15.830000,15.880000,15.610000,15.610000,15.260154,5600
2019-12-04,15.610000,15.800000,15.610000,15.690000,15.338361,12500
2019-12-05,15.690000,15.900000,15.690000,15.850000,15.494775,8900
2019-12-06,15.900000,15.930000,15.740000,15.740000,15.387240,6800
2019-12-09,15.800000,15.930000,15.800000,15.900000,15.543654,24800
2019-12-10,15.870000,15.910000,15.750000,15.760000,15.406793,8000
2019-12-11,15.842000,15.940000,15.550000,15.940000,15.582758,15300
2019-12-12,15.910000,15.930000,15.720000,15.930000,15.572982,7200
2019-12-13,16.000000,16.080000,15.900000,15.900000,15.543654,3600
2019-12-16,15.860000,15.900000,15.800000,15.800000,15.445896,3600
2019-12-17,15.826000,15.826000,15.700000,15.750000,15.397017,6100
2019-12-18,15.900000,16.200001,15.851000,16.100000,15.739172,16100
2019-12-19,16.108000,16.290001,16.100000,16.280001,15.915138,24700
2019-12-20,16.180000,16.750000,16.100000,16.600000,16.227966,9600
2019-12-23,16.549999,16.700001,16.500000,16.660000,16.286623,6300
2019-12-24,16.750000,16.790001,16.650000,16.660000,16.286623,2700
2019-12-26,16.660000,16.690001,16.549999,16.580000,16.208414,2600
2019-12-27,16.700001,18.200001,16.700001,17.020000,16.638554,27700
2019-12-30,17.020000,17.020000,16.730000,16.799999,16.423483,2500
2019-12-31,16.920000,17.010000,16.660000,16.950001,16.570124,15400
2020-01-02,17.059999,17.410000,16.180000,16.180000,15.817379,16700
2020-01-03,16.299999,16.299999,15.900000,15.960000,15.602310,8500
2020-01-06,16.059999,16.100000,16.000000,16.070000,15.709845,6500
2020-01-07,16.100000,16.150000,16.049999,16.150000,15.788052,10600
2020-01-08,16.180000,17.280001,16.180000,16.600000,16.227966,7100
2020-01-09,16.549999,16.645000,16.420000,16.440001,16.071552,11100
2020-01-10,16.400000,16.500000,16.370001,16.389999,16.022673,6700
2020-01-13,16.400000,16.600000,16.400000,16.520000,16.149759,2400
2020-01-14,16.600000,16.600000,16.450001,16.450001,16.081329,1600
2020-01-15,16.480000,16.889999,16.440001,16.670000,16.296398,7500
2020-01-16,16.820000,17.049999,16.820000,16.850000,16.472364,6100
2020-01-17,16.799999,16.885000,16.790001,16.820000,16.443037,900
2020-01-21,16.750000,16.760000,16.250000,16.250000,15.885811,6900
2020-01-22,16.264999,16.500000,16.260000,16.400000,16.032450,21700
2020-01-23,16.360001,16.360001,16.350000,16.350000,15.983569,700
2020-01-24,16.400000,16.400000,16.350000,16.350000,15.983569,5200
2020-01-27,16.400000,16.400000,16.280001,16.280001,15.915138,2700
2020-01-28,16.320000,16.450001,16.320000,16.350000,15.983569,2400
2020-01-29,16.430000,16.430000,16.299999,16.299999,15.934690,2400
2020-01-30,16.420000,16.799999,16.299999,16.500000,16.130207,20200
2020-01-31,16.639999,16.680000,16.600000,16.677000,16.303240,4500
2020-02-03,16.655001,16.730000,16.570000,16.570000,16.198639,25300
2020-02-04,16.520000,16.525000,16.469999,16.469999,16.100880,900
2020-02-05,16.400000,16.500000,16.200001,16.360001,15.993345,6500
2020-02-06,16.340000,16.340000,16.170000,16.209999,15.846705,2600
2020-02-07,16.230000,16.230000,15.690000,15.910000,15.553431,12400
2020-02-10,16.049999,16.059999,15.930000,15.940000,15.582758,12900
2020-02-11,16.000000,16.049999,16.000000,16.049999,15.690292,10800
2020-02-12,16.035999,16.240000,16.000000,16.240000,15.876035,45400
2020-02-13,16.250000,16.309999,16.070000,16.070000,15.876035,12100
2020-02-14,16.139999,16.150000,16.080000,16.084000,15.889866,28600
2020-02-18,16.120001,16.160000,15.820000,15.820000,15.629052,9700
2020-02-19,15.866000,15.900000,15.846000,15.872000,15.680425,3900
2020-02-20,15.970000,16.000000,15.900000,15.960000,15.767363,15500
2020-02-21,15.974000,15.999000,15.640000,15.640000,15.451225,4700
2020-02-24,15.600000,15.644000,15.500000,15.625000,15.436406,10200
2020-02-25,15.650000,15.850000,15.650000,15.850000,15.658690,6100
2020-02-26,15.950000,15.950000,15.750000,15.800000,15.609294,18900
2020-02-27,15.700000,15.773000,15.650000,15.650000,15.461104,7400
2020-02-28,15.740000,16.100000,15.650000,16.100000,15.905673,18200
2020-03-02,16.069000,16.069000,15.700000,15.760000,15.569777,12700
2020-03-03,15.720000,15.780000,15.070000,15.070000,14.888104,24400
2020-03-04,15.250000,15.400000,15.200000,15.200000,15.016536,5100
2020-03-05,15.200000,15.400000,15.200000,15.400000,15.214122,7900
2020-03-06,15.270000,15.950000,15.200000,15.200000,15.016536,24100
2020-03-09,15.750000,15.750000,15.000000,15.060000,14.878226,6500
2020-03-10,15.150000,15.338000,14.900000,15.060000,14.878226,5500
2020-03-11,14.900000,15.058000,14.815000,14.940000,14.759674,7900
2020-03-12,14.500000,14.940000,14.500000,14.580000,14.404019,10300
2020-03-13,14.930000,14.930000,14.500000,14.540000,14.364502,15100
2020-03-16,14.040000,14.110000,13.650000,13.880000,13.712468,14100
2020-03-17,13.750000,13.870000,13.750000,13.750000,13.584038,13100
2020-03-18,13.310000,13.970000,13.250000,13.870000,13.702589,12000
2020-03-19,13.250000,13.840000,13.010000,13.030000,12.872727,12800
2020-03-20,13.250000,13.250000,12.000000,12.000000,11.855160,16000
2020-03-23,13.435000,13.435000,10.840000,12.660000,12.507194,17900
2020-03-24,11.800000,12.476000,11.800000,12.270000,12.121902,20100
2020-03-25,13.391000,13.391000,12.630000,13.255000,13.095013,26700
2020-03-26,13.520000,15.070000,13.500000,15.040000,14.858467,14700
2020-03-27,15.486000,15.990000,15.080000,15.740000,15.550018,7300
2020-03-30,14.660000,15.740000,14.660000,15.070000,14.888104,5600
2020-03-31,14.653000,16.000000,14.592000,15.820000,15.629052,9600
2020-04-01,15.940000,15.940000,15.140000,15.690000,15.500621,7700
2020-04-02,16.000000,16.000000,15.570000,15.630000,15.441346,3900
2020-04-03,15.588000,15.840000,14.930000,15.190000,15.006657,7900
2020-04-06,15.760000,15.760000,14.850000,14.860000,14.680639,5900
2020-04-07,15.130000,16.200001,15.130000,15.790000,15.599415,5100
2020-04-08,15.480000,16.049000,15.480000,15.900000,15.708087,22800
2020-04-09,15.900000,15.900000,15.300000,15.890000,15.698208,4300
2020-04-13,15.900000,15.900000,15.380000,15.670000,15.480864,7000
2020-04-14,15.025000,15.880000,14.486000,15.330000,15.144967,15000
2020-04-15,14.910000,15.616000,14.530000,14.530000,14.354623,2800
2020-04-16,13.520000,15.280000,13.520000,14.860000,14.680639,15500
2020-04-17,15.686000,15.697000,14.440000,15.270000,15.085691,11300
2020-04-20,15.598000,15.598000,14.350000,15.000000,14.818950,4300
2020-04-21,14.500000,14.930000,14.420000,14.930000,14.749795,18100
2020-04-22,15.150000,15.900000,14.660000,14.950000,14.769553,9300
2020-04-23,15.376000,15.875000,14.660000,15.850000,15.658690,5900
2020-04-24,15.850000,15.850000,15.163000,15.770000,15.579657,5500
2020-04-27,15.840000,15.840000,15.070000,15.180000,14.996778,4200
2020-04-28,15.540000,16.195999,15.200000,15.200000,15.016536,13400
2020-04-29,15.295000,15.850000,15.295000,15.750000,15.559897,11400
2020-04-30,15.440000,16.030001,15.440000,15.720000,15.530260,8900
2020-05-01,17.350000,19.080000,15.690000,15.690000,15.500621,4500
2020-05-04,17.000000,17.000000,15.695000,15.900000,15.708087,10100
2020-05-05,15.900000,16.129999,15.825000,16.000000,15.806880,5900
2020-05-06,17.709999,19.480000,16.000000,16.000000,15.806880,8500
2020-05-07,16.170000,16.570000,16.170000,16.570000,16.369999,7100
2020-05-08,16.110001,16.629999,15.750000,16.299999,16.299999,10300
2020-05-11,16.030001,17.000000,15.580000,16.400000,16.400000,9400
2020-05-12,16.450001,17.000000,15.150000,15.150000,15.150000,20900
2020-05-13,15.520000,15.690000,14.135000,14.280000,14.280000,9300
2020-05-14,14.670000,15.050000,14.290000,15.050000,15.050000,7100
2020-05-15,15.050000,16.480000,14.975000,16.100000,16.100000,8500
2020-05-18,16.629999,17.000000,15.710000,16.990000,16.990000,20800
2020-05-19,16.500000,17.530001,15.271000,17.209999,17.209999,12400
2020-05-20,16.600000,17.264999,16.313000,16.660000,16.660000,15300
2020-05-21,16.639999,16.725000,16.350000,16.389999,16.389999,9800
2020-05-22,16.750000,16.750000,16.100000,16.500000,16.500000,5800
2020-05-26,16.780001,17.049999,16.500000,16.650000,16.650000,8700
2020-05-27,16.000000,16.980000,16.000000,16.549999,16.549999,13300
2020-05-28,16.000000,16.969999,16.000000,16.639999,16.639999,12300
2020-05-29,17.040001,17.040001,16.540001,16.930000,16.930000,9900
2020-06-01,16.700001,17.000000,16.100000,16.100000,16.100000,11200
2020-06-02,16.570000,16.799999,16.430000,16.540001,16.540001,17900
2020-06-03,17.000000,17.000000,16.040001,16.309999,16.309999,10500
2020-06-04,16.799999,16.900000,16.100000,16.100000,16.100000,14400
2020-06-05,16.440001,17.000000,15.210000,16.990000,16.990000,30100
2020-06-08,16.950001,16.950001,16.180000,16.500000,16.500000,21500
2020-06-09,16.540001,16.950001,16.040001,16.040001,16.040001,12400
2020-06-10,16.690001,16.690001,15.520000,15.520000,15.520000,9600
2020-06-11,15.920000,16.600000,15.630000,15.630000,15.630000,3200
2020-06-12,15.850000,16.250000,15.850000,15.950000,15.950000,1200
2020-06-15,16.139999,16.250000,15.660000,15.750000,15.750000,11900
2020-06-16,15.890000,16.480000,15.890000,16.080000,16.080000,8800
2020-06-17,16.250000,16.250000,15.930000,15.930000,15.930000,5700
2020-06-18,16.020000,16.245001,15.760000,15.760000,15.760000,4500
2020-06-19,16.000000,16.237000,15.750000,16.200001,16.200001,16300
2020-06-22,16.097000,16.097000,15.150000,15.160000,15.160000,4900
2020-06-23,15.250000,15.820000,15.000000,15.200000,15.200000,19100
2020-06-24,15.230000,15.230000,14.550000,14.660000,14.660000,12800
2020-06-25,14.680000,15.130000,14.670000,15.080000,15.080000,8600
2020-06-26,15.160000,15.160000,15.000000,15.040000,15.040000,12400
2020-06-29,15.330000,15.900000,15.330000,15.900000,15.900000,9000
2020-06-30,15.700000,15.950000,15.540000,15.950000,15.950000,8300
2020-07-01,15.790000,16.200001,15.790000,16.200001,16.200001,2900
2020-07-02,16.195000,16.195000,16.180000,16.190001,16.190001,700
2020-07-06,15.160000,16.000000,15.140000,15.480000,15.480000,4200
2020-07-07,15.750000,16.469999,14.150000,14.200000,14.200000,70100
2020-07-08,14.420000,15.190000,14.310000,14.880000,14.880000,16300
2020-07-09,14.744000,15.050000,14.600000,14.650000,14.650000,13300
2020-07-10,14.720000,15.600000,14.720000,15.130000,15.130000,13100
2020-07-13,15.160000,15.750000,15.150000,15.750000,15.750000,16500
2020-07-14,14.500000,15.500000,14.000000,14.506000,14.506000,115400
2020-07-15,14.300000,14.500000,13.310000,13.410000,13.410000,199400
2020-07-16,12.650000,13.490000,12.650000,13.000000,13.000000,1727700
2020-07-17,13.080000,13.750000,13.080000,13.400000,13.400000,163400
2020-07-20,13.800000,14.440000,13.630000,14.220000,14.220000,268500
2020-07-21,14.550000,14.605000,14.050000,14.180000,14.180000,136000
2020-07-22,14.020000,14.450000,14.010000,14.280000,14.280000,124300
2020-07-23,14.310000,14.550000,14.270000,14.470000,14.470000,90600