Date,Open,High,Low,Close,Adj Close,Volume
2017-07-26,23.320000,24.190001,23.250000,23.350000,22.278374,2038500
2017-07-27,23.490000,23.490000,23.000000,23.010000,21.953979,504400
2017-07-28,23.020000,23.639999,23.000000,23.469999,22.392866,101700
2017-07-31,23.629999,23.629999,23.031000,23.330000,22.259295,22100
2017-08-01,23.400000,23.400000,23.020000,23.200001,22.135262,85900
2017-08-02,23.180000,23.200001,23.000000,23.000000,21.944441,91400
2017-08-03,23.000000,23.100000,23.000000,23.049999,21.992146,92600
2017-08-04,23.030001,23.080000,23.000000,23.000000,21.944441,77100
2017-08-07,23.033001,23.100000,23.000000,23.000000,21.944441,13300
2017-08-08,23.000000,23.100000,22.850000,22.910000,21.858568,705500
2017-08-09,23.049999,23.049999,21.940001,22.450001,21.419680,62200
2017-08-10,22.389999,22.389999,22.000000,22.059999,21.047577,50500
2017-08-11,22.000000,22.430000,21.750000,22.230000,21.209780,87400
2017-08-14,22.150000,22.469999,22.150000,22.299999,21.276567,14900
2017-08-15,22.299999,22.360001,21.900000,22.030001,21.018957,71900
2017-08-16,21.870001,21.920000,21.850000,21.910000,20.904461,32500
2017-08-17,21.920000,22.100000,21.855000,21.900000,20.894922,14100
2017-08-18,22.040001,22.430000,22.040001,22.250000,21.228861,64200
2017-08-21,22.250000,22.809999,22.250000,22.559999,21.524632,106000
2017-08-22,22.790001,22.799999,22.400000,22.629999,21.591419,40100
2017-08-23,22.510000,23.100000,22.391001,22.660000,21.620043,64000
2017-08-24,22.809999,22.920000,22.280001,22.740000,21.696373,26800
2017-08-25,22.709999,22.920000,22.530001,22.920000,21.868109,48200
2017-08-28,22.990000,22.990000,22.320000,22.469999,21.438761,28500
2017-08-29,22.410000,22.834999,22.309999,22.670000,21.629585,18800
2017-08-30,22.620001,22.799999,22.441000,22.790001,21.744080,27200
2017-08-31,22.840000,22.840000,22.549999,22.600000,21.562796,36100
2017-09-01,22.520000,22.730000,22.450001,22.730000,21.686827,15700
2017-09-05,22.650000,23.080000,22.650000,23.080000,22.020767,133900
2017-09-06,23.049999,23.250000,22.830000,23.049999,21.992146,80000
2017-09-07,23.100000,23.100000,22.260000,22.260000,21.238401,72400
2017-09-08,22.250000,22.850000,22.250000,22.510000,21.476927,24400
2017-09-11,22.680000,22.680000,22.450001,22.500000,21.467384,35000
2017-09-12,22.545000,22.580000,22.250000,22.280001,21.257481,48600
2017-09-13,22.344999,22.480000,22.139999,22.209999,21.190693,72600
2017-09-14,21.806999,22.379999,21.559999,22.000000,20.990335,71500
2017-09-15,21.910000,22.139999,21.450001,21.520000,20.532360,410000
2017-09-18,21.620001,21.719999,21.260000,21.500000,20.513279,91700
2017-09-19,21.510000,22.030001,21.500000,21.700001,20.704103,18700
2017-09-20,21.709999,22.110001,21.568001,22.020000,21.009413,25400
2017-09-21,22.120001,22.260000,21.900000,22.059999,21.047577,13100
2017-09-22,21.900000,22.299999,21.900000,22.170000,21.152533,17700
2017-09-25,22.170000,22.450001,21.971001,22.280001,21.257481,45000
2017-09-26,22.000000,22.650000,21.900000,22.500000,21.467384,33500
2017-09-27,22.680000,23.170000,22.590000,22.990000,21.934896,62100
2017-09-28,22.730000,23.000000,22.635000,22.990000,21.934896,22000
2017-09-29,22.490000,23.000000,21.840000,22.889999,21.839489,18200
2017-10-02,22.990000,23.180000,22.990000,23.020000,21.963520,35600
2017-10-03,23.020000,23.049999,22.879999,22.980000,21.925360,18200
2017-10-04,22.980000,22.980000,22.650000,22.900000,21.849026,21900
2017-10-05,22.690001,22.990000,22.500000,22.969999,21.915817,14400
2017-10-06,22.760000,23.000000,22.760000,23.000000,21.944441,4600
2017-10-09,23.000000,23.000000,22.879999,22.940001,21.887192,10700
2017-10-10,22.850000,23.120001,22.850000,23.040001,21.982607,48800
2017-10-11,23.025000,23.150000,22.861000,23.139999,22.078012,20600
2017-10-12,22.969999,23.080000,22.860001,23.030001,21.973059,38100
2017-10-13,23.120001,23.250000,23.014999,23.219999,22.154341,15500
2017-10-16,23.170000,23.299999,22.990999,23.250000,22.182964,15000
2017-10-17,23.299999,23.299999,23.010000,23.250000,22.182964,10000
2017-10-18,23.010000,23.250000,23.010000,23.240000,22.173426,20100
2017-10-19,23.240000,23.379999,23.070000,23.370001,22.297461,13600
2017-10-20,23.340000,23.379999,23.080999,23.350000,22.278374,17200
2017-10-23,23.379999,23.510000,23.370001,23.450001,22.373785,9500
2017-10-24,23.400000,23.752001,23.350000,23.650000,22.564606,42000
2017-10-25,23.656000,23.990000,23.656000,23.889999,22.793594,21200
2017-10-26,23.879999,24.490000,23.879999,24.350000,23.232481,43000
2017-10-27,24.350000,24.479000,23.719999,24.290001,23.175234,43100
2017-10-30,24.040001,24.879999,24.040001,24.580000,23.529425,48900
2017-10-31,24.451000,25.320000,24.451000,25.070000,23.998478,31500
2017-11-01,24.761000,24.990000,24.590000,24.820000,23.759165,11900
2017-11-02,24.950001,24.950001,24.600000,24.690001,23.634722,20000
2017-11-03,24.680000,24.680000,24.000000,24.129999,23.098656,25800
2017-11-06,23.860001,24.389999,23.860001,24.340000,23.299677,9600
2017-11-07,24.330999,24.330999,23.650000,23.690001,22.677462,7700
2017-11-08,23.580000,23.650000,23.200001,23.299999,22.304129,13200
2017-11-09,23.209999,23.440001,23.020000,23.389999,22.390284,15000
2017-11-10,23.480000,23.940001,23.420000,23.580000,22.572161,11900
2017-11-13,23.489000,24.150000,23.379999,24.090000,23.060364,12200
2017-11-14,24.100000,24.500000,24.090000,24.400000,23.357113,9900
2017-11-15,24.440001,24.490000,24.100000,24.110001,23.079510,13200
2017-11-16,24.230000,24.379999,24.205000,24.290001,23.251816,7800
2017-11-17,24.250000,24.350000,24.111000,24.250000,23.213528,6000
2017-11-20,24.110001,24.299999,24.070000,24.260000,23.223095,36400
2017-11-21,24.280001,24.332001,24.059999,24.190001,23.156088,11000
2017-11-22,24.190001,24.440001,23.990000,24.080000,23.050791,235800
2017-11-24,24.200001,24.200001,24.000000,24.160000,23.127375,2800
2017-11-27,24.190001,24.860001,24.180000,24.670000,23.615576,29500
2017-11-28,24.780001,25.139999,24.745001,25.000000,23.931467,17500
2017-11-29,25.000000,25.250000,25.000000,25.190001,24.113350,56100
2017-11-30,25.250000,25.389999,25.010000,25.190001,24.113350,103400
2017-12-01,25.120001,25.270000,25.000000,25.260000,24.180359,50300
2017-12-04,25.400000,26.000000,25.400000,25.969999,24.860010,45500
2017-12-05,26.059999,26.200001,25.980000,26.080000,24.965309,97700
2017-12-06,26.100000,26.200001,26.083000,26.150000,25.032314,43700
2017-12-07,26.150000,26.200001,25.920000,26.150000,25.032314,24900
2017-12-08,26.290001,26.299999,26.100000,26.190001,25.070608,11000
2017-12-11,26.170000,26.299999,26.111000,26.270000,25.147190,13100
2017-12-12,26.299999,26.495001,26.299999,26.440001,25.309923,13800
2017-12-13,26.570000,26.680000,26.215000,26.629999,25.491802,59000
2017-12-14,26.690001,26.690001,26.120001,26.459999,25.329069,15100
2017-12-15,26.600000,27.030001,26.424999,26.900000,25.750263,133100
2017-12-18,26.910000,27.270000,26.900000,27.090000,25.932138,17900
2017-12-19,27.139999,27.350000,26.990000,27.180000,26.018293,59300
2017-12-20,27.309999,27.309999,26.809999,27.170000,26.008724,8600
2017-12-21,27.350000,27.440001,27.150000,27.389999,26.219318,20100
2017-12-22,27.420000,27.500000,27.270000,27.360001,26.190603,14900
2017-12-26,27.270000,27.497000,27.200001,27.400000,26.228889,28800
2017-12-27,27.400000,27.469999,27.292999,27.340000,26.171453,19400
2017-12-28,27.400000,27.500000,27.260000,27.490000,26.315044,4900
2017-12-29,27.469999,27.549999,27.350000,27.370001,26.200172,31200
2018-01-02,27.500000,27.500000,26.650000,26.950001,25.798128,54400
2018-01-03,26.980000,27.400000,26.639999,27.120001,25.960859,24000
2018-01-04,27.160000,27.350000,26.809999,27.190001,26.027868,27900
2018-01-05,27.250000,27.250000,26.740000,27.139999,25.980007,21700
2018-01-08,27.100000,27.100000,26.709999,26.920000,25.769409,4500
2018-01-09,26.959999,27.049999,26.600000,26.620001,25.482227,4400
2018-01-10,26.860001,26.920000,26.650000,26.730000,25.587528,11100
2018-01-11,26.809999,26.879999,26.600000,26.850000,25.702398,13400
2018-01-12,26.900000,26.910000,26.620001,26.879999,25.731113,22500
2018-01-16,26.980000,27.049999,26.670000,26.910000,25.759834,32500
2018-01-17,26.990000,26.990000,26.600000,26.900000,25.750263,12000
2018-01-18,26.820000,27.170000,26.629999,26.889999,25.740686,42000
2018-01-19,26.870001,27.000000,26.709999,26.879999,25.731113,19300
2018-01-22,26.790001,26.969999,26.730000,26.969999,25.817268,11900
2018-01-23,27.000000,27.500000,26.959999,27.400000,26.228889,45200
2018-01-24,27.200001,27.200001,26.600000,26.799999,25.654535,60400
2018-01-25,26.980000,27.190001,26.820000,26.870001,25.721542,140100
2018-01-26,26.900000,27.120001,26.719999,26.950001,25.798128,22600
2018-01-29,26.950001,27.090000,26.700001,26.860001,25.711971,32500
2018-01-30,26.740000,26.990000,26.480000,26.950001,25.875193,34100
2018-01-31,26.950001,26.950001,26.680000,26.879999,25.807980,12700
2018-02-01,26.770000,26.770000,26.620001,26.750000,25.683168,13800
2018-02-02,26.650000,26.930000,26.650000,26.799999,25.731171,39900
2018-02-05,26.690001,26.780001,26.250000,26.260000,25.212708,16500
2018-02-06,25.910000,26.000000,25.219999,25.860001,24.828663,67700
2018-02-07,26.000000,26.270000,26.000000,26.000000,24.963078,24200
2018-02-08,25.722000,25.980000,25.490999,25.900000,24.867065,10000
2018-02-09,26.110001,26.110001,24.981001,25.590000,24.569431,15800
2018-02-12,25.730000,26.010000,25.400000,26.000000,24.963078,10800
2018-02-13,25.809999,26.000000,25.750000,25.990000,24.953478,7500
2018-02-14,25.809999,26.549999,25.629999,26.520000,25.462339,17000
2018-02-15,26.559999,26.709999,26.150000,26.420000,25.366327,16200
2018-02-16,26.340000,26.650000,26.030001,26.250000,25.203108,196700
2018-02-20,26.180000,26.400000,26.139999,26.344999,25.294319,11800
2018-02-21,26.120001,26.475000,25.875000,25.920000,24.886265,48700
2018-02-22,25.950001,26.629999,25.950001,26.299999,25.251112,39800
2018-02-23,26.440001,26.440001,25.650000,25.900000,24.867065,34200
2018-02-26,25.969999,26.115000,25.530001,26.049999,25.011084,52900
2018-02-27,26.030001,26.129999,25.650000,25.830000,24.799856,36000
2018-02-28,25.830000,26.080000,25.490000,25.559999,24.540625,48300
2018-03-01,25.530001,25.889999,25.250000,25.540001,24.521423,43300
2018-03-02,25.430000,26.000000,25.309999,25.950001,24.915077,40500
2018-03-05,25.790001,26.500000,25.580999,26.450001,25.395132,71200
2018-03-06,26.450001,26.639999,25.879999,26.400000,25.347126,40500
2018-03-07,26.260000,26.549999,26.200001,26.400000,25.347126,51200
2018-03-08,26.500000,26.500000,26.139999,26.420000,25.366327,39500
2018-03-09,26.450001,26.490000,25.990000,26.420000,25.366327,67700
2018-03-12,26.389999,26.500000,24.930000,25.879999,24.847862,93800
2018-03-13,25.940001,26.420000,25.450001,26.100000,25.059093,54000
2018-03-14,26.160000,26.469999,25.690001,25.959999,24.924669,320400
2018-03-15,26.110001,26.920000,25.950001,26.320000,25.270317,112000
2018-03-16,26.500000,27.000000,26.490000,26.969999,25.894394,507800
2018-03-19,26.650000,26.990000,26.500000,26.580000,25.519945,67100
2018-03-20,26.600000,26.799999,26.469999,26.549999,25.491142,65000
2018-03-21,26.530001,27.500000,26.500000,27.410000,26.316847,108600
2018-03-22,27.129999,27.450001,26.990000,27.270000,26.182428,108900
2018-03-23,27.270000,27.360001,26.440001,26.480000,25.423935,52500
2018-03-26,26.809999,26.879999,26.250000,26.690001,25.625561,41000
2018-03-27,26.730000,27.299999,26.150000,26.180000,25.135900,22000
2018-03-28,26.250000,27.350000,26.000000,26.990000,25.913593,35800
2018-03-29,27.139999,27.139999,26.270000,26.370001,25.318321,25100
2018-04-02,26.350000,27.290001,26.290001,27.070000,25.990402,38200
2018-04-03,27.209999,27.730000,27.000000,27.600000,26.499268,30600
2018-04-04,27.530001,27.959999,27.365000,27.590000,26.489666,66200
2018-04-05,27.760000,27.910000,27.660000,27.809999,26.700893,49500
2018-04-06,27.719999,28.000000,27.540001,27.920000,26.806507,21900
2018-04-09,28.000000,28.000000,27.700001,27.799999,26.691288,20100
2018-04-10,28.000000,28.719000,27.740000,28.200001,27.075340,166100
2018-04-11,28.129999,28.350000,27.750000,27.850000,26.739300,96400
2018-04-12,27.990000,28.480000,27.830000,27.850000,26.739300,37800
2018-04-13,27.990000,28.469999,27.750000,27.799999,26.691288,29800
2018-04-16,27.940001,28.330000,27.750000,27.760000,26.652889,85800
2018-04-17,27.850000,28.200001,27.281000,27.450001,26.355249,90500
2018-04-18,27.400000,28.000000,26.570000,27.000000,25.923195,70300
2018-04-19,26.969999,28.160000,26.969999,27.420000,26.326447,41400
2018-04-20,27.420000,28.080000,27.250000,27.480000,26.384052,39800
2018-04-23,27.799999,28.000000,27.340000,27.540001,26.441662,120800
2018-04-24,27.969999,27.969999,27.260000,27.639999,26.537672,61800
2018-04-25,27.690001,28.200001,27.480000,27.969999,26.854509,119500
2018-04-26,27.900000,28.129999,27.799999,27.930000,26.816109,67300
2018-04-27,27.940001,28.139999,27.700001,27.730000,26.710150,94300
2018-04-30,27.900000,28.549999,27.320000,27.320000,26.315233,65500
2018-05-01,27.299999,27.370001,26.740000,27.230000,26.228540,32800
2018-05-02,27.170000,27.500000,27.020000,27.320000,26.315233,40000
2018-05-03,27.340000,27.670000,27.030001,27.410000,26.401922,48800
2018-05-04,27.330000,27.870001,27.240000,27.389999,26.382656,30700
2018-05-07,27.500000,27.629999,27.120001,27.320000,26.315233,41500
2018-05-08,27.320000,27.520000,27.200001,27.379999,26.373024,31900
2018-05-09,27.240000,27.600000,27.225000,27.280001,26.276701,46800
2018-05-10,27.370001,28.150000,27.080999,28.020000,26.989487,72500
2018-05-11,28.070000,28.260000,27.900000,28.129999,27.095440,55100
2018-05-14,28.150000,28.180000,27.895000,27.990000,26.960587,64500
2018-05-15,28.000000,28.200001,27.920000,28.110001,27.076180,23600
2018-05-16,28.150000,28.400000,28.000000,28.379999,27.336248,109100
2018-05-17,28.360001,28.360001,28.129999,28.230000,27.191765,40800
2018-05-18,28.370001,28.370001,27.850000,28.270000,27.230295,46300
2018-05-21,28.320000,28.809999,28.299999,28.680000,27.625212,85000
2018-05-22,28.719999,29.370001,28.700001,28.850000,27.788961,50700
2018-05-23,28.840000,28.940001,28.750000,28.830000,27.769699,44300
2018-05-24,28.850000,29.500000,28.799999,29.410000,28.328365,70500
2018-05-25,29.240000,29.350000,29.139999,29.330000,28.251310,36100
2018-05-29,29.170000,29.639999,28.969999,29.594999,28.506559,55000
2018-05-30,29.650000,30.480000,29.570000,30.370001,29.253059,67400
2018-05-31,30.350000,30.445000,30.049999,30.389999,29.272324,86200
2018-06-01,30.500000,30.900000,30.389999,30.790001,29.657612,59800
2018-06-04,30.910000,31.500000,30.799999,31.049999,29.908051,61400
2018-06-05,31.100000,31.315001,30.870001,30.940001,29.802097,43600
2018-06-06,31.030001,31.270000,31.020000,31.120001,29.975477,33500
2018-06-07,31.150000,31.379999,31.080000,31.240000,30.091063,31200
2018-06-08,31.320000,31.959999,31.219999,31.709999,30.543779,43500
2018-06-11,31.750000,32.000000,31.058001,31.950001,30.774952,61600
2018-06-12,31.840000,32.740002,31.535000,32.650002,31.449207,56700
2018-06-13,32.610001,32.849998,32.055000,32.439999,31.246929,60600
2018-06-14,32.450001,32.889000,32.230000,32.630001,31.429941,44700
2018-06-15,32.529999,33.040001,32.430000,33.000000,31.786333,130400
2018-06-18,32.930000,33.070000,32.779999,33.000000,31.786333,47800
2018-06-19,33.139999,33.619999,32.810001,32.980000,31.767071,85600
2018-06-20,33.090000,33.480000,32.264000,33.040001,31.824862,55400
2018-06-21,32.590000,33.349998,32.490002,32.919998,31.709269,88700
2018-06-22,33.020000,33.380001,32.459999,33.080002,31.863394,735900
2018-06-25,32.970001,33.439999,32.810001,33.150002,31.930819,62300
2018-06-26,33.150002,33.435001,32.689999,32.900002,31.690008,46800
2018-06-27,33.070000,33.389999,32.410000,32.459999,31.266195,57400
2018-06-28,32.500000,32.770000,32.200001,32.490002,31.295094,37400
2018-06-29,32.689999,32.889999,32.000000,32.119999,30.938698,60300
2018-07-02,32.110001,32.740002,31.100000,32.740002,31.535894,64900
2018-07-03,32.860001,32.970001,32.000000,32.619999,31.420311,27900
2018-07-05,32.720001,33.040001,32.000000,32.880001,31.670748,38800
2018-07-06,32.910000,33.029999,32.631001,32.680000,31.478104,32400
2018-07-09,32.799999,33.090000,32.695000,33.000000,31.786333,38000
2018-07-10,33.000000,33.000000,32.459999,32.500000,31.304722,31700
2018-07-11,32.459999,32.764999,32.195000,32.230000,31.044653,20800
2018-07-12,32.290001,32.549999,31.309999,32.029999,30.852009,48500
2018-07-13,31.950001,32.320000,31.650000,31.889999,30.717155,28500
2018-07-16,31.940001,32.180000,31.785000,32.130001,30.948334,22900
2018-07-17,32.250000,32.480000,32.049999,32.169998,30.986856,33400
2018-07-18,32.150002,32.849998,32.060001,32.439999,31.246929,62100
2018-07-19,32.549999,32.709999,32.250000,32.419998,31.227661,27500
2018-07-20,32.369999,32.709999,32.250000,32.439999,31.246929,18700
2018-07-23,32.470001,32.705002,32.009998,32.529999,31.333616,41400
2018-07-24,32.459999,32.459999,30.870001,31.219999,30.071798,73600
2018-07-25,31.280001,31.424999,30.570000,30.840000,29.705774,36000
2018-07-26,30.930000,31.510000,30.870001,31.469999,30.312603,25100
2018-07-27,31.440001,31.440001,30.400000,31.040001,29.898418,49700
2018-07-30,31.030001,31.440001,30.520000,30.889999,29.840454,49200
2018-07-31,31.049999,31.260000,30.049999,30.170000,29.144917,35100
2018-08-01,29.900000,30.424999,29.520000,30.190001,29.164240,48300
2018-08-02,30.180000,30.740000,30.180000,30.600000,29.560308,15400
2018-08-03,30.180000,30.475000,29.570000,29.910000,28.893751,37900
2018-08-06,29.850000,30.059999,29.580000,29.889999,28.874434,27800
2018-08-07,29.860001,30.250000,29.735001,29.910000,28.893751,23200
2018-08-08,29.889999,30.240000,29.629999,30.070000,29.048315,11000
2018-08-09,30.150000,30.250000,29.959999,30.129999,29.106277,15200
2018-08-10,30.139999,30.250000,29.459999,29.570000,28.565306,34300
2018-08-13,29.650000,29.820000,29.020000,29.620001,28.613607,22700
2018-08-14,29.709999,29.980000,29.100000,29.620001,28.613607,54600
2018-08-15,29.570000,30.120001,29.190001,29.379999,28.381760,57900
2018-08-16,29.480000,29.952999,29.010000,29.500000,28.497686,60100
2018-08-17,29.490000,29.820000,28.350000,29.370001,28.372101,91700
2018-08-20,29.450001,29.450001,28.129999,28.969999,27.985691,90200
2018-08-21,28.200001,29.510000,28.200001,28.850000,27.869768,106200
2018-08-22,28.750000,29.370001,28.670000,28.900000,27.918070,40900
2018-08-23,28.900000,28.900000,28.570000,28.680000,27.705545,27400
2018-08-24,28.719999,28.910000,28.360001,28.709999,27.734526,33400
2018-08-27,28.580000,28.760000,28.440001,28.570000,27.599281,31800
2018-08-28,28.549999,28.549999,28.250000,28.290001,27.328796,26800
2018-08-29,28.350000,28.799999,28.290001,28.670000,27.695885,11800
2018-08-30,28.750000,28.799999,28.400000,28.480000,27.512341,32100
2018-08-31,28.469999,28.799999,28.420000,28.650000,27.676563,35400
2018-09-04,28.700001,28.700001,28.400000,28.600000,27.628262,23200
2018-09-05,28.600000,28.660000,28.459999,28.520000,27.550983,11900
2018-09-06,28.400000,28.690001,28.400000,28.570000,27.599281,11200
2018-09-07,28.570000,28.650000,28.200001,28.290001,27.328796,43600
2018-09-10,28.360001,28.950001,28.309999,28.520000,27.550983,52300
2018-09-11,28.490000,29.299999,28.480000,29.200001,28.207876,80400
2018-09-12,28.950001,28.950001,28.059999,28.200001,27.241856,66300
2018-09-13,28.200001,28.559999,28.129999,28.330000,27.367437,24300
2018-09-14,28.370001,28.940001,28.270000,28.650000,27.676563,26500
2018-09-17,28.650000,30.139999,28.450001,29.760000,28.748850,154900
2018-09-18,29.900000,30.280001,28.430000,28.490000,27.522001,124600
2018-09-19,28.480000,28.700001,28.450001,28.660000,27.686222,51600
2018-09-20,28.690001,29.200001,28.430000,28.690001,27.715204,91400
2018-09-21,28.690001,28.950001,27.549999,27.549999,26.613939,326400
2018-09-24,27.790001,27.950001,26.280001,26.650000,25.744520,121000
2018-09-25,26.570000,26.639999,26.080000,26.100000,25.213207,58200
2018-09-26,26.090000,26.270000,25.629999,25.690001,24.817137,52300
2018-09-27,25.709999,25.900999,25.020000,25.090000,24.322733,108000
2018-09-28,25.020000,25.340000,24.450001,24.500000,23.750774,142600
2018-10-01,24.820000,24.920000,24.295000,24.629999,23.876799,96800
2018-10-02,24.690001,25.000000,23.879999,24.120001,23.382397,63200
2018-10-03,24.209999,24.629999,24.150000,24.540001,23.789551,32900
2018-10-04,24.540001,25.059999,24.459999,25.049999,24.283955,59400
2018-10-05,25.090000,25.129999,24.400000,24.450001,23.702303,41000
2018-10-08,24.450001,24.680000,24.010000,24.530001,23.779860,62100
2018-10-09,24.469999,24.809999,24.370001,24.670000,23.915577,40600
2018-10-10,24.660000,24.950001,24.320000,24.610001,23.857412,47400
2018-10-11,24.559999,25.080000,23.930000,24.020000,23.285454,52300
2018-10-12,24.170000,24.434999,23.090000,23.299999,22.587471,59900
2018-10-15,23.270000,23.520000,22.760000,23.110001,22.403282,24100
2018-10-16,23.209999,23.549999,22.830000,23.350000,22.635942,23800
2018-10-17,23.270000,23.520000,23.010000,23.270000,22.558388,37500
2018-10-18,23.250000,23.309999,22.510000,23.020000,22.316034,87700
2018-10-19,22.879999,23.150000,22.500000,23.000000,22.296644,88200
2018-10-22,23.000000,23.000000,21.840000,22.480000,21.792547,110500
2018-10-23,21.400000,22.000000,20.860001,21.200001,20.551691,72700
2018-10-24,21.080000,21.080000,19.430000,19.700001,19.097563,92500
2018-10-25,19.790001,20.530001,19.790001,20.260000,19.640436,54100
2018-10-26,20.049999,20.860001,20.000000,20.620001,19.989428,45800
2018-10-29,20.820000,21.490000,20.492001,21.059999,20.415972,36700
2018-10-30,21.059999,21.379999,20.820000,21.299999,20.648632,93700
2018-10-31,21.500000,21.625000,21.150000,21.580000,20.920069,53000
2018-11-01,21.620001,22.180000,21.190001,21.410000,20.755266,54200
2018-11-02,21.510000,22.160000,21.264999,21.440001,20.784351,26300
2018-11-05,21.400000,21.825001,21.200001,21.600000,20.939463,24500
2018-11-06,21.590000,21.910000,21.290001,21.610001,20.949152,29700
2018-11-07,21.780001,21.969999,21.430000,21.860001,21.191507,26500
2018-11-08,21.750000,22.580000,21.620001,21.910000,21.239979,12200
2018-11-09,21.879999,22.455999,21.870001,21.870001,21.201202,34600
2018-11-12,21.820000,22.290001,21.820000,21.930000,21.259367,18800
2018-11-13,21.910000,22.360001,21.639999,21.900000,21.230282,18600
2018-11-14,21.799999,22.150000,21.459999,21.639999,20.978233,31700
2018-11-15,21.510000,22.049999,21.510000,21.969999,21.298143,12200
2018-11-16,21.840000,22.070000,21.610001,21.830000,21.162426,25700
2018-11-19,21.730000,22.200001,21.620001,21.740000,21.075178,13900
2018-11-20,21.559999,21.820000,21.250000,21.580000,20.920069,29700
2018-11-21,21.700001,21.959999,21.084000,21.670000,21.007318,23200
2018-11-23,21.559999,21.639999,21.410000,21.570000,20.910376,7500
2018-11-26,21.690001,21.889999,21.330000,21.660000,20.997625,17000
2018-11-27,21.610001,21.870001,21.610001,21.760000,21.094564,9600
2018-11-28,21.650000,22.340000,21.490000,22.129999,21.453249,28600
2018-11-29,22.049999,22.549999,22.010000,22.340000,21.656830,10800
2018-11-30,22.230000,22.495001,21.360001,21.730000,21.065481,36600
2018-12-03,21.950001,22.049999,21.290001,21.930000,21.259367,20200
2018-12-04,21.670000,21.790001,20.500000,20.530001,19.902182,31900
2018-12-06,20.570000,21.520000,20.450001,21.520000,20.861906,69600
2018-12-07,21.330000,21.889999,21.059999,21.559999,20.900682,58700
2018-12-10,21.450001,21.690001,20.580000,20.790001,20.154230,27000
2018-12-11,20.860001,20.860001,20.160000,20.480000,19.853708,18000
2018-12-12,20.559999,21.110001,20.000000,20.990000,20.348110,31200
2018-12-13,20.870001,21.000000,20.030001,20.309999,19.688906,24700
2018-12-14,20.200001,20.580000,19.860001,19.870001,19.262365,18500
2018-12-17,19.850000,20.760000,19.340000,19.450001,18.855206,31000
2018-12-18,19.530001,19.600000,19.110001,19.129999,18.544991,28300
2018-12-19,19.150000,19.150000,18.120001,18.230000,17.672514,71400
2018-12-20,18.299999,18.350000,17.799999,18.030001,17.478632,47000
2018-12-21,18.040001,18.040001,17.270000,17.410000,16.877594,72000
2018-12-24,17.330000,17.610001,17.030001,17.120001,16.596460,17900
2018-12-26,17.410000,17.645000,17.230000,17.400000,16.867895,75800
2018-12-27,17.219999,17.600000,17.080000,17.250000,16.722485,42400
2018-12-28,17.389999,17.950001,17.389999,17.709999,17.168415,75300
2018-12-31,17.920000,17.920000,17.440001,17.570000,17.032698,70500
2019-01-02,17.379999,18.600000,17.379999,18.080000,17.527100,119900
2019-01-03,17.950001,18.415001,17.500000,18.030001,17.478632,97400
2019-01-04,18.219999,18.950001,18.000000,18.450001,17.885790,83500
2019-01-07,18.240000,18.788000,18.219999,18.450001,17.885790,47200
2019-01-08,18.480000,18.716999,18.459999,18.549999,17.982731,47700
2019-01-09,18.520000,18.820000,18.270000,18.400000,17.837315,32000
2019-01-10,18.500000,18.740000,17.990000,18.010000,17.459246,38100
2019-01-11,17.790001,18.379999,17.790001,18.110001,17.556185,25600
2019-01-14,18.230000,18.750000,17.990000,18.280001,17.720989,22500
2019-01-15,18.290001,18.490000,18.020000,18.080000,17.527100,22500
2019-01-16,18.090000,18.590000,18.070000,18.410000,17.847012,19000
2019-01-17,18.490000,18.700001,18.070000,18.209999,17.653128,44200
2019-01-18,18.209999,18.577999,18.070000,18.219999,17.662819,52300
2019-01-22,18.090000,18.940001,17.930000,17.940001,17.391384,34800
2019-01-23,18.129999,18.469999,18.000000,18.379999,17.817926,38400
2019-01-24,18.360001,18.520000,18.000000,18.190001,17.633738,19800
2019-01-25,18.450001,18.790001,18.170000,18.719999,18.147530,16500
2019-01-28,18.610001,18.950001,18.510000,18.799999,18.225084,33400
2019-01-29,18.660000,19.240000,18.590000,18.850000,18.273554,31000
2019-01-30,18.760000,19.080000,18.490000,18.809999,18.234776,21300
2019-01-31,18.840000,18.900000,18.270000,18.650000,18.079670,32200
2019-02-01,18.680000,19.240000,18.680000,19.180000,18.693697,22500
2019-02-04,19.290001,19.559999,19.260000,19.290001,18.800907,17300
2019-02-05,19.490000,19.490000,18.799999,19.240000,18.752176,15800
2019-02-06,19.180000,19.450001,18.975000,19.040001,18.557249,8700
2019-02-07,19.200001,19.580000,19.000000,19.480000,18.986090,20400
2019-02-08,19.360001,19.549999,19.129999,19.440001,18.947107,25200
2019-02-11,19.500000,19.860001,19.209999,19.740000,19.239498,26700
2019-02-12,19.780001,20.000000,19.780001,19.920000,19.414934,15400
2019-02-13,19.910000,20.000000,19.882999,19.969999,19.463667,24900
2019-02-14,19.900000,20.420000,19.757999,19.889999,19.385695,32900
2019-02-15,20.059999,20.590000,20.059999,20.459999,19.941244,51900
2019-02-19,20.469999,21.780001,20.469999,21.780001,21.227776,82800
2019-02-20,21.780001,21.990000,21.735001,21.900000,21.344732,35500
2019-02-21,21.900000,22.000000,21.521999,21.950001,21.393465,40900
2019-02-22,21.760000,22.100000,21.559999,22.010000,21.451946,78000
2019-02-25,22.090000,22.570000,22.090000,22.500000,21.929518,49000
2019-02-26,22.500000,22.950001,22.385000,22.500000,21.929518,49400
2019-02-27,22.500000,22.680000,22.150000,22.200001,21.637125,43100
2019-02-28,22.200001,22.250000,21.580000,21.650000,21.101072,49400
2019-03-01,21.850000,22.180000,21.629999,22.180000,21.617636,33900
2019-03-04,22.110001,22.180000,21.750000,22.150000,21.588396,24800
2019-03-05,22.219999,22.219999,21.650000,22.049999,21.490929,37700
2019-03-06,22.180000,22.180000,21.490000,21.500000,20.954874,82600
2019-03-07,21.850000,21.850000,20.670000,20.709999,20.184904,19700
2019-03-08,20.610001,21.000000,20.520000,20.610001,20.087442,20200
2019-03-11,20.910000,21.010000,20.389999,20.770000,20.243385,35900
2019-03-12,20.780001,21.070000,20.674999,20.940001,20.409073,20700
2019-03-13,21.490000,21.490000,20.750000,20.980000,20.448061,48900
2019-03-14,20.639999,20.910000,20.639999,20.910000,20.379833,35500
2019-03-15,20.860001,21.049999,20.850000,21.049999,20.516281,117500
2019-03-18,21.129999,21.440001,21.040001,21.420000,20.876904,41400
2019-03-19,21.180000,21.309999,19.820000,19.860001,19.356457,67700
2019-03-20,19.670000,20.100000,19.122000,19.230000,18.742428,23100
2019-03-21,19.190001,19.580000,18.900000,19.139999,18.654711,32000
2019-03-22,18.980000,18.980000,18.000000,18.059999,17.602097,43700
2019-03-25,18.160000,18.469999,18.000000,18.350000,17.884743,14100
2019-03-26,18.440001,18.995001,18.400000,18.990000,18.508514,32900
2019-03-27,18.870001,19.160000,18.580000,18.870001,18.391560,38000
2019-03-28,18.860001,18.995001,18.629999,18.980000,18.498768,27700
2019-03-29,19.100000,19.240000,18.680000,18.799999,18.323332,55800
2019-04-01,18.980000,19.340000,18.950001,19.260000,18.771667,85600
2019-04-02,19.260000,19.330000,18.900000,18.990000,18.508514,15400
2019-04-03,19.200001,19.370001,18.990000,19.000000,18.518263,28700
2019-04-04,19.040001,19.410000,18.965000,19.219999,18.732683,30800
2019-04-05,19.000000,19.230000,18.920000,19.080000,18.596231,81800
2019-04-08,19.070000,19.330000,18.830000,19.080000,18.596231,21300
2019-04-09,18.818001,19.209999,18.520000,18.570000,18.099163,30300
2019-04-10,18.660000,18.900000,18.368999,18.485001,18.016321,170000
2019-04-11,19.229000,19.700001,18.400000,19.389999,18.898373,40000
2019-04-12,19.549999,19.834999,19.305000,19.500000,19.005583,22200
2019-04-15,19.150000,19.860001,18.860001,19.110001,18.625473,138900
2019-04-16,19.299999,20.100000,19.299999,19.740000,19.239498,23600
2019-04-17,19.657000,19.840000,19.325001,19.610001,19.112795,11800
2019-04-18,19.590000,19.889999,19.250000,19.540001,19.044569,14700
2019-04-22,19.520000,19.530001,19.000000,19.180000,18.693697,12100
2019-04-23,18.540001,19.590000,18.500000,18.900000,18.420797,47200
2019-04-24,18.400000,18.790001,18.120001,18.610001,18.138147,57400
2019-04-25,18.379999,18.700001,18.209999,18.360001,17.894489,31400
2019-04-26,18.360001,18.850000,18.350000,18.750000,18.274601,22000
2019-04-29,18.770000,19.180000,18.770000,19.070000,18.586487,34600
2019-04-30,19.059999,19.459999,18.910000,19.360001,18.869133,75400
2019-05-01,19.350000,20.000000,19.160000,19.750000,19.349190,65500
2019-05-02,19.730000,20.129999,19.730000,19.879999,19.476549,35700
2019-05-03,19.920000,20.629999,19.920000,20.629999,20.211330,22000
2019-05-06,19.510000,20.334999,19.510000,19.860001,19.456957,16600
2019-05-07,19.690001,19.690001,19.330000,19.580000,19.182638,19000
2019-05-08,19.840000,20.290001,19.530001,19.670000,19.270813,26900
2019-05-09,19.540001,19.790001,19.430000,19.660000,19.261017,13700
2019-05-10,19.650000,20.200001,19.440001,20.180000,19.770464,27100
2019-05-13,19.750000,20.320000,18.950001,19.049999,18.663395,24300
2019-05-14,19.120001,19.500000,18.950001,19.389999,18.996494,13900
2019-05-15,19.160000,19.780001,19.090000,19.600000,19.202232,27700
2019-05-16,19.641001,19.930000,19.379999,19.629999,19.231625,15000
2019-05-17,19.420000,19.969999,18.980000,19.290001,18.898525,15200
2019-05-20,19.120001,19.950001,19.004999,19.620001,19.221828,21100
2019-05-21,19.680000,19.980000,19.600000,19.840000,19.437365,22400
2019-05-22,19.770000,19.860001,19.400000,19.600000,19.202232,11500
2019-05-23,19.330000,19.540001,18.990000,19.059999,18.673191,21500
2019-05-24,19.209999,19.754999,19.170000,19.450001,19.055277,17000
2019-05-28,19.400000,19.985001,18.820000,18.940001,18.555628,22800
2019-05-29,18.709999,19.320000,18.639999,19.100000,18.712383,47200
2019-05-30,19.389999,19.420000,18.549999,19.070000,18.682991,36400
2019-05-31,18.770000,18.879999,18.500000,18.510000,18.134356,39400
2019-06-03,18.590000,19.240000,18.500000,19.170000,18.780960,38900
2019-06-04,19.410000,19.750000,19.184999,19.750000,19.349190,25800
2019-06-05,19.670000,19.740000,18.840000,19.219999,18.829945,14500
2019-06-06,19.219999,19.219999,18.620001,18.670000,18.291105,22300
2019-06-07,18.709999,19.160000,18.709999,19.080000,18.692787,27700
2019-06-10,19.219999,19.709999,19.180000,19.309999,18.918119,31100
2019-06-11,19.420000,19.559999,19.200001,19.540001,19.143452,28400
2019-06-12,19.510000,19.530001,19.190001,19.400000,19.006292,15800
2019-06-13,19.450001,19.750000,19.129999,19.190001,18.800554,37600
2019-06-14,19.190001,19.690001,18.950001,19.580000,19.182638,20300
2019-06-17,19.480000,19.680000,18.940001,19.070000,18.682991,14300
2019-06-18,19.100000,19.600000,19.100000,19.420000,19.025887,24400
2019-06-19,19.450001,19.750000,19.389999,19.629999,19.231625,23400
2019-06-20,19.650000,19.700001,19.389999,19.590000,19.192436,13700
2019-06-21,19.450001,19.700001,19.020000,19.219999,18.829945,43500
2019-06-24,19.330000,19.480000,19.059999,19.200001,18.810352,44600
2019-06-25,19.340000,19.709999,19.224001,19.709999,19.309999,27300
2019-06-26,19.540001,19.950001,19.459999,19.469999,19.074871,37900
2019-06-27,19.559999,20.000000,19.559999,19.879999,19.476549,65000
2019-06-28,19.750000,19.879999,18.480000,19.340000,18.947510,434500
2019-07-01,19.540001,19.570000,18.820000,18.950001,18.565426,66300
2019-07-02,18.940001,19.420000,18.930000,19.180000,18.790756,31300
2019-07-03,19.250000,19.379999,19.090000,19.350000,18.957308,7400
2019-07-05,19.320000,19.600000,19.320000,19.500000,19.104261,12700
2019-07-08,19.379999,19.580000,19.379999,19.520000,19.123859,24900
2019-07-09,19.850000,19.850000,19.150000,19.480000,19.084667,12500
2019-07-10,19.459999,19.590000,19.290001,19.290001,18.898525,12000
2019-07-11,19.299999,19.299999,19.110001,19.150000,18.761364,12300
2019-07-12,19.139999,19.340000,19.139999,19.230000,18.839741,68700
2019-07-15,19.190001,19.290001,19.020000,19.290001,18.898525,34200
2019-07-16,19.299999,19.590000,19.299999,19.410000,19.016088,19600
2019-07-17,19.320000,19.320000,19.100000,19.160000,18.771162,18100
2019-07-18,19.080000,19.469999,19.080000,19.400000,19.006292,41600
2019-07-19,19.219999,19.565001,19.219999,19.389999,18.996494,25400
2019-07-22,19.440001,19.465000,19.120001,19.240000,18.849539,17200
2019-07-23,19.209999,19.209999,18.820000,18.900000,18.516439,37300
2019-07-24,18.750000,19.139999,18.650000,19.080000,18.692787,90800
2019-07-25,19.010000,19.184999,18.950001,19.000000,18.614410,35500
2019-07-26,18.950001,19.850000,18.950001,19.790001,19.388380,39100
2019-07-29,19.690001,20.190001,19.690001,19.850000,19.447159,63000
2019-07-30,19.680000,20.350000,19.639999,20.040001,19.732714,70900
2019-07-31,19.980000,20.370001,19.980000,20.100000,19.791792,56800
2019-08-01,20.139999,20.209999,18.840000,18.840000,18.551113,37600
2019-08-02,18.780001,18.900000,18.299999,18.620001,18.334488,58800
2019-08-05,18.520000,18.520000,17.680000,18.160000,17.881540,68600
2019-08-06,18.139999,18.340000,17.790001,18.270000,17.989853,28000
2019-08-07,18.000000,18.250000,17.820000,17.940001,17.664915,23500
2019-08-08,18.049999,18.900000,18.049999,18.490000,18.206480,34200
2019-08-09,18.520000,18.580000,18.170000,18.170000,17.891386,40100
2019-08-12,18.059999,18.350000,18.059999,18.309999,18.029242,15900
2019-08-13,18.840000,18.930000,18.590000,18.629999,18.344334,23300
2019-08-14,18.280001,18.340000,18.030001,18.030001,17.753536,30600
2019-08-15,18.150000,18.209999,18.000000,18.080000,17.802767,27400
2019-08-16,18.200001,18.850000,18.200001,18.480000,18.196634,42800
2019-08-19,18.820000,18.834999,18.680000,18.730000,18.442801,21600
2019-08-20,18.670000,18.670000,18.430000,18.500000,18.216328,7000
2019-08-21,18.450001,18.530001,18.370001,18.379999,18.098167,10200
2019-08-22,18.500000,18.639999,18.290001,18.389999,18.108011,14200
2019-08-23,18.309999,18.309999,17.820000,17.830000,17.556601,36000
2019-08-26,17.990000,18.500000,17.980000,18.389999,18.108011,24200
2019-08-27,18.570000,18.570000,17.850000,17.990000,17.714148,27900
2019-08-28,18.010000,18.510000,18.010000,18.379999,18.098167,26200
2019-08-29,18.540001,18.760000,18.420000,18.480000,18.196634,18500
2019-08-30,18.570000,18.600000,18.290001,18.430000,18.147402,13900
2019-09-03,18.280001,18.584999,18.139999,18.209999,17.930775,24000
2019-09-04,18.389999,18.500000,18.080000,18.379999,18.098167,40200
2019-09-05,18.670000,19.270000,18.389999,18.900000,18.610193,19100
2019-09-06,18.990000,19.030001,18.459999,18.500000,18.216328,21500
2019-09-09,18.680000,19.490000,18.535000,19.480000,19.181299,47200
2019-09-10,19.480000,20.090000,19.480000,19.910000,19.604708,49200
2019-09-11,20.090000,20.150000,19.920000,20.080000,19.772100,216000
2019-09-12,20.190001,20.200001,19.940001,20.020000,19.713020,81400
2019-09-13,20.139999,20.330000,20.110001,20.139999,19.831181,58600
2019-09-16,19.889999,20.430000,19.889999,20.290001,19.978882,100000
2019-09-17,20.200001,20.360001,19.980000,20.260000,19.949341,36800
2019-09-18,20.309999,20.334999,20.070000,20.280001,19.969034,54900
2019-09-19,20.299999,20.370001,19.959999,19.990000,19.683479,49000
2019-09-20,19.910000,20.250000,19.570000,19.610001,19.309307,153400
2019-09-23,19.799999,20.059999,19.549999,19.995001,19.688404,51100
2019-09-24,20.000000,20.059999,19.520000,19.780001,19.476700,35000
2019-09-25,20.010000,20.110001,19.600000,20.020000,19.713020,72800
2019-09-26,19.959999,19.959999,19.690001,19.709999,19.407772,25000
2019-09-27,19.860001,19.950001,19.629999,19.809999,19.506239,41600
2019-09-30,19.980000,20.049999,19.683001,19.690001,19.388081,72600
2019-10-01,19.780001,19.920000,19.170000,19.260000,18.964674,44200
2019-10-02,19.170000,19.530001,19.170000,19.490000,19.191147,50200
2019-10-03,19.430000,19.430000,18.830000,19.340000,19.043446,162900
2019-10-04,19.379999,19.548000,19.355000,19.450001,19.151758,129300
2019-10-07,19.309999,19.610001,19.309999,19.459999,19.161606,39700
2019-10-08,19.270000,19.440001,18.930000,19.320000,19.023754,47300
2019-10-09,19.459999,19.709999,19.309999,19.360001,19.063141,28000
2019-10-10,19.299999,19.500000,19.260000,19.320000,19.023754,26100
2019-10-11,19.500000,19.799999,19.500000,19.580000,19.279766,67500
2019-10-14,19.440001,19.719999,19.385000,19.469999,19.171453,47500
2019-10-15,19.469999,19.820000,19.469999,19.730000,19.427467,62800
2019-10-16,19.700001,19.940001,19.639999,19.650000,19.348692,34700
2019-10-17,19.830000,19.889999,19.549999,19.780001,19.476700,46200
2019-10-18,19.660000,20.000000,19.660000,19.870001,19.565321,40600
2019-10-21,20.000000,20.129999,19.889999,19.990000,19.683479,81700
2019-10-22,19.990000,20.299999,19.840000,20.190001,19.880415,102000
2019-10-23,20.299999,21.230000,20.240000,21.100000,20.776461,154200
2019-10-24,21.059999,21.150000,20.500000,20.620001,20.303820,53700
2019-10-25,20.580000,20.969999,20.549999,20.600000,20.284126,29600
2019-10-28,20.610001,20.870001,20.610001,20.719999,20.402287,26500
2019-10-29,20.730000,20.850000,20.510000,20.610001,20.293976,56200
2019-10-30,20.500000,20.530001,20.240000,20.400000,20.185131,45700
2019-10-31,20.350000,20.430000,19.889999,20.139999,19.927870,138300
2019-11-01,20.250000,20.459999,20.170000,20.320000,20.105972,140800
2019-11-04,20.549999,20.850000,20.459999,20.639999,20.422602,95100
2019-11-05,20.549999,20.815001,20.459999,20.540001,20.323656,150700
2019-11-06,20.520000,20.600000,20.299999,20.490000,20.274181,50700
2019-11-07,20.600000,20.900000,20.600000,20.650000,20.432497,43100
2019-11-08,20.650000,20.930000,20.620001,20.750000,20.531445,33300
2019-11-11,20.639999,20.770000,20.490000,20.590000,20.373129,20500
2019-11-12,20.620001,20.650000,20.340000,20.350000,20.135658,24300
2019-11-13,20.200001,20.420000,20.115000,20.254999,20.041658,31700
2019-11-14,20.170000,20.330000,20.059999,20.080000,19.868502,33000
2019-11-15,20.190001,20.360001,19.850000,20.020000,19.809134,29200
2019-11-18,19.959999,19.990000,19.629999,19.959999,19.749765,29500
2019-11-19,19.990000,20.315001,19.950001,20.200001,19.987238,28800
2019-11-20,20.139999,20.290001,19.889999,19.959999,19.749765,37300
2019-11-21,20.000000,20.070000,19.730000,19.889999,19.680502,18800
2019-11-22,19.950001,19.980000,19.719999,19.940001,19.729977,20600
2019-11-25,19.980000,20.350000,19.924000,20.195000,19.982290,59600
2019-11-26,20.260000,20.340000,20.010000,20.110001,19.898186,22500
2019-11-27,20.160000,20.400000,20.120001,20.309999,20.096079,27800
2019-11-29,20.260000,20.260000,19.969999,20.020000,19.809134,16500
2019-12-02,20.260000,20.260000,19.950001,20.090000,19.878397,43300
2019-12-03,19.959999,20.100000,19.790001,20.010000,19.799240,36400
2019-12-04,20.110001,20.299999,19.965000,20.100000,19.888290,47000
2019-12-05,20.320000,20.320000,20.080000,20.280001,20.066397,32200
2019-12-06,20.350000,20.570000,20.275000,20.430000,20.214815,52200
2019-12-09,20.430000,20.510000,20.230000,20.330000,20.115870,26200
2019-12-10,20.299999,20.420000,20.190001,20.420000,20.204920,25300
2019-12-11,20.389999,20.500000,20.170000,20.430000,20.214815,31300
2019-12-12,20.400000,20.900000,20.400000,20.830000,20.610603,48400
2019-12-13,20.760000,21.000000,20.670000,20.959999,20.739231,39100
2019-12-16,21.000000,21.250000,20.750000,21.020000,20.798601,65700
2019-12-17,21.150000,21.480000,21.030001,21.139999,20.917336,41100
2019-12-18,21.309999,21.420000,21.170000,21.280001,21.055862,29200
2019-12-19,21.270000,21.430000,21.215000,21.379999,21.154808,36300
2019-12-20,21.500000,21.900000,21.190001,21.790001,21.560492,159100
2019-12-23,21.740000,21.740000,21.070000,21.500000,21.273546,76300
2019-12-24,21.540001,21.559999,21.299999,21.450001,21.224073,16700
2019-12-26,21.350000,21.610001,20.785000,21.070000,20.848074,30700
2019-12-27,21.080000,21.180000,20.840000,21.180000,20.956917,23900
2019-12-30,21.080000,21.280001,21.000000,21.260000,21.036072,37000
2019-12-31,21.260000,21.260000,21.110001,21.170000,20.947021,17100
2020-01-02,21.240000,21.340000,20.790001,20.980000,20.759022,20900
2020-01-03,20.750000,20.900000,20.540001,20.660000,20.442394,13700
2020-01-06,20.500000,20.809999,20.379999,20.629999,20.412708,20900
2020-01-07,20.480000,20.650000,20.230000,20.629999,20.412708,24800
2020-01-08,20.580000,20.820000,20.469999,20.610001,20.392921,25400
2020-01-09,20.660000,20.670000,20.340000,20.420000,20.204920,20000
2020-01-10,20.360001,20.860001,20.309999,20.510000,20.293974,51700
2020-01-13,20.450001,21.260000,20.450001,20.860001,20.640285,17300
2020-01-14,20.820000,20.870001,20.670000,20.700001,20.481972,22400
2020-01-15,20.590000,20.730000,20.410000,20.660000,20.442394,21600
2020-01-16,20.600000,20.980000,20.600000,20.840000,20.620497,22300
2020-01-17,21.010000,21.010000,20.670000,20.709999,20.491865,20100
2020-01-21,20.520000,20.650000,20.389999,20.469999,20.254393,26300
2020-01-22,20.540001,20.600000,20.379999,20.549999,20.333551,14000
2020-01-23,20.450001,20.600000,20.010000,20.299999,20.086184,24700
2020-01-24,20.040001,20.280001,19.940001,20.100000,19.888290,13400
2020-01-27,19.910000,20.209999,19.889999,19.980000,19.769554,19700
2020-01-28,20.459999,20.459999,19.700001,20.250000,20.036711,16700
2020-01-29,20.150000,20.150000,19.730000,19.770000,19.561768,19600
2020-01-30,19.719999,20.230000,19.700001,20.110001,19.898186,14800
2020-01-31,19.990000,20.150000,19.510000,19.680000,19.472715,34000
2020-02-03,19.790001,19.959999,19.610001,19.610001,19.403452,15700
2020-02-04,19.580000,19.889999,19.450001,19.809999,19.601345,37200
2020-02-05,19.990000,20.420000,19.990000,20.320000,20.105972,17500
2020-02-06,20.240000,20.240000,20.000000,20.120001,20.026346,14800
2020-02-07,19.959999,20.100000,19.770000,19.910000,19.817324,18700
2020-02-10,19.969999,20.100000,19.969999,19.980000,19.886997,17100
2020-02-11,20.160000,20.309999,19.959999,20.020000,19.926811,22300
2020-02-12,20.180000,20.190001,20.020000,20.070000,19.976578,15800
2020-02-13,20.014999,20.370001,20.014999,20.290001,20.195557,12100
2020-02-14,20.350000,20.350000,19.980000,19.980000,19.886997,14300
2020-02-18,19.850000,19.930000,19.635000,19.639999,19.548580,10500
2020-02-19,19.490000,20.070000,19.490000,19.709999,19.618254,22000
2020-02-20,19.580000,19.930000,19.580000,19.840000,19.747650,22400
2020-02-21,19.950001,19.959999,19.719999,19.750000,19.658068,24700
2020-02-24,19.500000,19.610001,19.170000,19.389999,19.299744,33700
2020-02-25,19.309999,19.309999,18.410000,18.480000,18.393980,51200
2020-02-26,18.680000,18.700001,18.129999,18.340000,18.254631,36000
2020-02-27,18.120001,18.510000,17.010000,17.219999,17.139845,52100
2020-02-28,16.709999,17.500000,16.540001,16.870001,16.791475,54200
2020-03-02,16.940001,17.500000,16.719999,17.389999,17.309053,82500
2020-03-03,17.379999,17.760000,16.680000,16.780001,16.701893,48400
2020-03-04,17.040001,17.709999,16.730000,17.570000,17.488216,38900
2020-03-05,17.230000,17.230000,16.510000,16.900000,16.821335,56600
2020-03-06,16.980000,17.105000,15.510000,15.690000,15.616966,193300
2020-03-09,14.650000,15.170000,13.160000,13.690000,13.626276,135600
2020-03-10,14.570000,14.570000,13.220000,14.100000,14.034369,195700
2020-03-11,13.610000,14.468000,13.200000,13.450000,13.387393,64800
2020-03-12,12.750000,13.490000,12.380000,12.630000,12.571211,120200
2020-03-13,13.200000,14.000000,12.790000,14.000000,13.934834,63900
2020-03-16,13.000000,13.730000,12.330000,12.390000,12.332328,74600
2020-03-17,12.840000,14.485000,12.520000,13.960000,13.895020,99300
2020-03-18,13.440000,13.880000,12.300000,12.420000,12.362188,82000
2020-03-19,12.450000,13.490000,12.250000,13.250000,13.188324,83700
2020-03-20,13.210000,13.390000,12.020000,12.430000,12.372142,118100
2020-03-23,12.530000,12.850000,11.850000,12.180000,12.123305,114200
2020-03-24,12.700000,12.960000,12.340000,12.910000,12.849907,117100
2020-03-25,12.870000,13.841000,12.340000,13.470000,13.407301,81700
2020-03-26,13.480000,15.050000,13.440000,15.010000,14.940132,121500
2020-03-27,14.530000,14.950000,13.690000,13.830000,13.765624,91600
2020-03-30,13.940000,14.500000,13.400000,14.190000,14.123948,60900
2020-03-31,14.080000,14.200000,12.960000,13.720000,13.656137,104300
2020-04-01,13.050000,13.290000,12.750000,12.750000,12.690652,72800
2020-04-02,12.730000,13.380000,12.420000,12.920000,12.859860,44300
2020-04-03,12.780000,13.520000,12.280000,12.630000,12.571211,52900
2020-04-06,13.200000,13.490000,12.900000,13.450000,13.387393,79400
2020-04-07,13.730000,14.110000,13.000000,13.220000,13.158464,69200
2020-04-08,13.470000,13.830000,13.160000,13.560000,13.496881,90000
2020-04-09,14.030000,14.860000,13.730000,14.750000,14.681342,72200
2020-04-13,14.620000,14.620000,13.690000,13.850000,13.785532,40000
2020-04-14,14.510000,14.520000,13.370000,13.580000,13.516788,59700
2020-04-15,12.890000,13.540000,12.370000,12.500000,12.441815,56700
2020-04-16,12.470000,12.635000,12.120000,12.490000,12.431862,66500
2020-04-17,12.840000,13.710000,12.790000,13.440000,13.377439,66700
2020-04-20,12.960000,13.580000,12.880000,13.180000,13.118650,62000
2020-04-21,12.850000,12.850000,11.681000,12.180000,12.123305,72500
2020-04-22,12.380000,12.380000,11.890000,11.940000,11.884421,38400
2020-04-23,11.530000,12.180000,11.170000,11.680000,11.625632,91600
2020-04-24,11.680000,11.900000,11.440000,11.670000,11.615679,91800
2020-04-27,11.870000,12.500000,11.870000,12.290000,12.232793,59300
2020-04-28,12.810000,13.070000,12.320000,12.890000,12.830001,106500
2020-04-29,13.340000,14.250000,13.125000,14.000000,14.000000,108000
2020-04-30,13.690000,13.820000,12.790000,12.920000,12.920000,65700
2020-05-01,12.480000,12.960000,12.010000,12.900000,12.900000,83100
2020-05-04,12.770000,12.870000,12.140000,12.510000,12.510000,46000
2020-05-05,12.880000,13.010000,12.200000,12.200000,12.200000,75200
2020-05-06,12.350000,12.370000,11.953000,12.020000,12.020000,48700
2020-05-07,12.320000,12.560000,12.080000,12.310000,12.310000,63200
2020-05-08,12.680000,13.070000,12.550000,12.970000,12.970000,66400
2020-05-11,12.670000,12.670000,12.060000,12.150000,12.150000,92700
2020-05-12,12.190000,12.190000,11.500000,11.530000,11.530000,86200
2020-05-13,11.460000,11.540000,11.000000,11.250000,11.250000,83900
2020-05-14,11.040000,11.440000,10.610000,11.300000,11.300000,80000
2020-05-15,11.330000,11.510000,11.050000,11.460000,11.460000,46200
2020-05-18,12.060000,12.490000,11.950000,12.450000,12.450000,100200
2020-05-19,12.270000,12.580000,11.680000,11.690000,11.690000,74400
2020-05-20,12.020000,12.550000,12.000000,12.500000,12.500000,57000
2020-05-21,12.480000,12.590000,12.200000,12.320000,12.320000,44400
2020-05-22,12.400000,12.550000,12.110000,12.500000,12.500000,72800
2020-05-26,13.080000,13.310000,12.710000,12.910000,12.910000,112200
2020-05-27,13.350000,14.060000,13.000000,13.970000,13.970000,84300
2020-05-28,14.260000,14.260000,13.010000,13.080000,13.080000,56100
2020-05-29,12.830000,12.990000,12.610000,12.830000,12.830000,48700
2020-06-01,12.950000,13.080000,12.350000,12.400000,12.400000,65700
2020-06-02,12.580000,12.725000,12.390000,12.540000,12.540000,39100
2020-06-03,12.890000,13.580000,12.660000,13.190000,13.190000,64000
2020-06-04,13.030000,13.570000,12.870000,13.530000,13.530000,48500
2020-06-05,14.340000,14.420000,13.943000,14.170000,14.170000,65300
2020-06-08,14.530000,14.750000,14.370000,14.680000,14.680000,52700
2020-06-09,14.340000,14.930000,14.170000,14.630000,14.630000,52900
2020-06-10,14.670000,14.670000,13.900000,14.000000,14.000000,76800
2020-06-11,13.500000,13.620000,12.700000,12.880000,12.880000,116200
2020-06-12,13.580000,13.580000,12.690000,13.080000,13.080000,92000
2020-06-15,12.590000,13.330000,12.545000,13.220000,13.220000,44000
2020-06-16,13.890000,13.890000,13.010000,13.370000,13.370000,109700
2020-06-17,13.450000,13.450000,12.900000,13.040000,13.040000,114100
2020-06-18,12.840000,13.220000,12.760000,13.050000,13.050000,34600
2020-06-19,13.240000,13.240000,12.910000,13.180000,13.180000,106500
2020-06-22,12.920000,13.260000,12.820000,13.260000,13.260000,76300
2020-06-23,13.510000,13.510000,12.970000,13.280000,13.280000,57100
2020-06-24,13.040000,13.320000,12.880000,13.040000,13.040000,127500
2020-06-25,12.910000,13.370000,12.860000,13.370000,13.370000,50800
2020-06-26,13.120000,13.200000,12.600000,13.040000,13.040000,177500
2020-06-29,13.300000,13.670000,13.210000,13.480000,13.480000,69300
2020-06-30,13.330000,13.880000,13.330000,13.650000,13.650000,48900
2020-07-01,13.590000,13.590000,13.050000,13.120000,13.120000,114100
2020-07-02,13.480000,13.530000,13.050000,13.090000,13.090000,44400
2020-07-06,13.440000,13.540000,13.010000,13.240000,13.240000,42700
2020-07-07,13.110000,13.180000,12.770000,12.830000,12.830000,53000
2020-07-08,12.810000,13.040000,12.680000,12.920000,12.920000,119200
2020-07-09,12.870000,12.870000,12.300000,12.420000,12.420000,90600
2020-07-10,12.600000,12.970000,12.495000,12.970000,12.970000,38100
2020-07-13,13.140000,13.200000,12.655000,12.960000,12.960000,43400
2020-07-14,13.020000,13.060000,12.680000,12.900000,12.900000,32000
2020-07-15,13.300000,13.530000,12.850000,13.330000,13.330000,74700
2020-07-16,13.110000,13.580000,13.110000,13.390000,13.390000,37400
2020-07-17,13.320000,13.350000,12.960000,13.070000,13.070000,76500
2020-07-20,13.050000,13.105000,12.820000,12.940000,12.940000,27600
2020-07-21,12.930000,13.580000,12.930000,13.400000,13.400000,61500
2020-07-22,13.240000,13.410000,13.040000,13.210000,13.210000,33300
2020-07-23,13.140000,13.390000,13.140000,13.290000,13.290000,37100