Date,Open,High,Low,Close,Adj Close,Volume
2019-06-28,28.000000,30.049999,27.040001,28.900000,28.900000,19670200
2019-07-01,29.469999,29.490000,25.145000,26.549999,26.549999,3689200
2019-07-02,26.650000,26.697001,25.059999,25.980000,25.980000,1441900
2019-07-03,26.000000,26.200001,25.200001,25.500000,25.500000,439700
2019-07-05,25.410000,26.620001,25.070000,26.510000,26.510000,2166900
2019-07-08,26.350000,26.500000,25.799999,25.920000,25.920000,1453900
2019-07-09,25.910000,25.910000,25.131001,25.360001,25.360001,776800
2019-07-10,25.360001,26.629999,25.209999,26.400000,26.400000,493600
2019-07-11,26.610001,26.809999,25.400000,25.570000,25.570000,449600
2019-07-12,25.469999,26.000000,25.315001,25.790001,25.790001,535800
2019-07-15,25.959999,25.959999,24.500000,24.910000,24.910000,853100
2019-07-16,24.650000,25.100000,24.010000,24.520000,24.520000,840900
2019-07-17,24.600000,24.653999,23.809999,23.860001,23.860001,766100
2019-07-18,23.709999,25.100000,22.910000,25.059999,25.059999,1410900
2019-07-19,25.230000,25.469999,24.110001,24.139999,24.139999,1108100
2019-07-22,24.180000,25.280001,24.180000,24.790001,24.790001,380000
2019-07-23,25.250000,25.379999,24.365999,24.610001,24.610001,839700
2019-07-24,24.590000,24.879999,24.198999,24.510000,24.510000,380100
2019-07-25,24.500000,24.770000,24.320000,24.610001,24.610001,628100
2019-07-26,24.850000,25.879999,24.540001,25.850000,25.850000,417900
2019-07-29,25.889999,25.990000,25.000000,25.120001,25.120001,389900
2019-07-30,25.000000,25.309999,23.889999,24.610001,24.610001,582200
2019-07-31,24.770000,25.219999,24.280001,24.549999,24.549999,419300
2019-08-01,24.549999,25.400000,24.410000,25.000000,25.000000,575600
2019-08-02,24.840000,24.910000,23.850000,24.049999,24.049999,356900
2019-08-05,23.770000,23.950001,23.270000,23.840000,23.840000,419800
2019-08-06,24.799999,24.799999,23.311001,23.629999,23.629999,259300
2019-08-07,23.600000,23.930000,22.730000,23.000000,23.000000,362400
2019-08-08,23.080000,23.500000,22.600000,23.129999,23.129999,564600
2019-08-09,22.709999,23.100000,17.670000,17.740000,17.740000,3736400
2019-08-12,18.000000,19.576000,17.730000,17.879999,17.879999,2216100
2019-08-13,18.049999,18.162001,16.340000,17.000000,17.000000,2555000
2019-08-14,18.740000,18.750000,14.090000,14.280000,14.280000,9146700
2019-08-15,15.240000,16.000000,14.650000,15.480000,15.480000,4318300
2019-08-16,15.900000,17.389999,15.690000,17.240000,17.240000,2911100
2019-08-19,17.549999,17.930000,16.219999,17.250000,17.250000,2506700
2019-08-20,17.020000,17.549999,16.775999,17.160000,17.160000,1048500
2019-08-21,17.389999,17.400000,16.822001,17.230000,17.230000,796300
2019-08-22,17.230000,17.950001,16.289000,16.690001,16.690001,2294800
2019-08-23,16.400000,16.889999,15.234000,15.350000,15.350000,1366900
2019-08-26,15.710000,15.814000,13.880000,14.230000,14.230000,2265600
2019-08-27,14.250000,14.650000,12.730000,12.800000,12.800000,2279200
2019-08-28,12.810000,13.880000,12.580000,13.610000,13.610000,2196800
2019-08-29,13.890000,14.000000,13.220000,13.980000,13.980000,1507600
2019-08-30,14.110000,14.110000,12.860000,13.070000,13.070000,1216400
2019-09-03,13.140000,14.450000,13.070000,13.810000,13.810000,2213900
2019-09-04,13.820000,14.490000,13.704000,14.260000,14.260000,1587500
2019-09-05,14.700000,15.330000,14.600000,15.000000,15.000000,1623500
2019-09-06,15.030000,15.940000,14.650000,15.370000,15.370000,1303400
2019-09-09,15.390000,15.582000,14.740000,15.330000,15.330000,1023800
2019-09-10,15.160000,17.049999,14.870000,16.180000,16.180000,2251000
2019-09-11,16.280001,16.500000,15.610000,16.350000,16.350000,1387900
2019-09-12,16.180000,17.100000,16.049999,16.920000,16.920000,970200
2019-09-13,16.830000,17.370001,16.660000,17.010000,17.010000,1002600
2019-09-16,16.840000,17.070000,16.520000,16.750000,16.750000,1127000
2019-09-17,16.559999,18.040001,16.500000,17.370001,17.370001,1222000
2019-09-18,17.400000,17.410000,16.080000,16.290001,16.290001,1670300
2019-09-19,16.379999,17.000000,16.360001,16.809999,16.809999,913900
2019-09-20,16.760000,17.080000,16.500000,16.930000,16.930000,4132400
2019-09-23,17.770000,18.250000,17.100000,17.650000,17.650000,1394200
2019-09-24,17.719999,17.940001,16.309999,17.080000,17.080000,1808900
2019-09-25,16.920000,18.490000,16.920000,18.330000,18.330000,1222900
2019-09-26,18.020000,19.049999,18.000000,18.690001,18.690001,1027200
2019-09-27,18.549999,20.235001,18.250000,19.350000,19.350000,2103900
2019-09-30,19.379999,22.410000,19.379999,22.360001,22.360001,2017500
2019-10-01,22.230000,22.250000,20.129999,20.820000,20.820000,2260500
2019-10-02,20.180000,20.489000,18.760000,18.850000,18.850000,1989600
2019-10-03,18.639999,19.149000,17.309999,18.910000,18.910000,2479200
2019-10-04,18.900000,20.150000,18.700001,20.139999,20.139999,1049600
2019-10-07,20.150000,21.330000,19.219999,20.879999,20.879999,998000
2019-10-08,20.530001,21.500000,20.000000,21.100000,21.100000,777700
2019-10-09,21.230000,21.500000,20.299999,21.230000,21.230000,1070000
2019-10-10,21.059999,22.719999,21.049999,22.530001,22.530001,2881900
2019-10-11,23.540001,23.780001,21.200001,22.129999,22.129999,1762400
2019-10-14,22.240000,22.430000,20.450001,21.430000,21.430000,1278300
2019-10-15,21.440001,21.700001,20.740000,21.110001,21.110001,1004200
2019-10-16,21.000000,22.240000,21.000000,21.750000,21.750000,800000
2019-10-17,21.410000,22.750000,21.410000,22.660000,22.660000,1079600
2019-10-18,22.610001,23.000000,21.809999,22.049999,22.049999,770300
2019-10-21,21.610001,22.170000,21.309999,21.639999,21.639999,723500
2019-10-22,21.650000,21.799999,19.920000,20.930000,20.930000,889600
2019-10-23,20.740000,20.940001,18.790001,19.030001,19.030001,965300
2019-10-24,19.000000,20.049999,18.260000,19.750000,19.750000,794400
2019-10-25,19.540001,22.940001,19.139999,22.129999,22.129999,2773400
2019-10-28,22.150000,23.580000,21.540001,23.250000,23.250000,2172400
2019-10-29,23.250000,24.510000,22.780001,23.500000,23.500000,2239400
2019-10-30,23.620001,24.049999,22.709999,23.750000,23.750000,1232800
2019-10-31,23.740000,23.750000,22.299999,23.110001,23.110001,1147900
2019-11-01,23.120001,23.230000,21.500000,22.930000,22.930000,1722600
2019-11-04,22.879999,22.879999,20.400000,21.730000,21.730000,3543700
2019-11-05,22.850000,22.900000,18.459999,19.370001,19.370001,5290500
2019-11-06,19.240000,19.351000,17.549999,17.930000,17.930000,3195900
2019-11-07,18.160000,18.240000,17.010000,17.570000,17.570000,1689500
2019-11-08,17.500000,18.090000,17.100000,17.660000,17.660000,1168300
2019-11-11,17.480000,19.040001,17.100000,18.200001,18.200001,1163900
2019-11-12,18.430000,18.690001,17.870001,18.330000,18.330000,981400
2019-11-13,18.559999,18.840000,17.719999,18.469999,18.469999,1828600
2019-11-14,18.400000,18.455000,17.400000,17.910000,17.910000,1200000
2019-11-15,18.500000,18.650000,17.389999,17.709999,17.709999,1719000
2019-11-18,17.660000,18.184999,16.900000,17.240000,17.240000,943300
2019-11-19,17.250000,17.639999,16.650000,17.549999,17.549999,633700
2019-11-20,17.120001,17.670000,16.600000,16.930000,16.930000,976800
2019-11-21,17.070000,17.170000,15.900000,16.150000,16.150000,1819700
2019-11-22,16.099001,16.420000,15.750000,16.360001,16.360001,1000400
2019-11-25,16.219999,16.889999,16.020000,16.840000,16.840000,891500
2019-11-26,16.850000,17.370001,16.500000,16.639999,16.639999,1176900
2019-11-27,16.600000,17.530001,16.090000,17.469999,17.469999,1098900
2019-11-29,17.250000,17.590000,16.980000,17.200001,17.200001,493400
2019-12-02,17.230000,17.230000,15.810000,16.000000,16.000000,1035800
2019-12-03,15.700000,16.400000,15.590000,16.299999,16.299999,1150800
2019-12-04,16.450001,17.650000,16.450001,17.340000,17.340000,1692400
2019-12-05,17.340000,17.590000,16.770000,16.820000,16.820000,1738800
2019-12-06,16.780001,17.660000,16.780001,17.650000,17.650000,1017700
2019-12-09,17.650000,17.750000,17.200001,17.469999,17.469999,612700
2019-12-10,17.600000,17.600000,16.850000,16.969999,16.969999,817000
2019-12-11,17.219999,17.500000,16.750000,17.080000,17.080000,1058300
2019-12-12,17.250000,18.580000,17.040001,18.570000,18.570000,1570800
2019-12-13,18.500000,18.660000,17.910000,18.600000,18.600000,861200
2019-12-16,18.440001,18.530001,18.219999,18.299999,18.299999,1312500
2019-12-17,18.389999,18.490000,16.959999,17.430000,17.430000,1811700
2019-12-18,17.700001,17.850000,17.309999,17.700001,17.700001,980600
2019-12-19,17.940001,18.629999,17.850000,18.219999,18.219999,1990700
2019-12-20,18.400000,18.700001,17.923000,18.580000,18.580000,1361000
2019-12-23,18.700001,18.770000,18.010000,18.150000,18.150000,1272100
2019-12-24,18.070000,18.600000,17.690001,17.809999,17.809999,1136400
2019-12-26,17.559999,18.430000,17.350000,18.080000,18.080000,4078400
2019-12-27,17.930000,18.559999,17.850000,18.320000,18.320000,2492100
2019-12-30,18.299999,18.639999,17.820000,18.049999,18.049999,1083300
2019-12-31,17.850000,19.110001,17.799999,18.850000,18.850000,2112200
2020-01-02,19.080000,19.150000,17.500000,17.870001,17.870001,3861000
2020-01-03,17.500000,18.570000,17.440001,18.440001,18.440001,1376800
2020-01-06,18.030001,18.610001,17.750000,17.860001,17.860001,933400
2020-01-07,17.860001,18.350000,17.549999,18.105000,18.105000,864900
2020-01-08,17.990000,18.160000,17.320000,17.360001,17.360001,1727700
2020-01-09,17.629999,18.230000,17.250000,18.170000,18.170000,1340500
2020-01-10,18.040001,18.180000,17.730000,17.790001,17.790001,735400
2020-01-13,17.850000,18.240000,17.459999,18.160000,18.160000,1057500
2020-01-14,18.100000,18.260000,17.670000,18.110001,18.110001,957100
2020-01-15,17.840000,17.940001,17.370001,17.740000,17.740000,1621500
2020-01-16,17.750000,18.260000,17.620001,18.139999,18.139999,980800
2020-01-17,18.070000,18.180000,17.417999,17.440001,17.440001,1439200
2020-01-21,17.469999,17.889999,16.910000,17.799999,17.799999,1328000
2020-01-22,17.540001,17.726000,16.570000,16.580000,16.580000,2449800
2020-01-23,16.500000,16.820000,15.940000,16.000000,16.000000,1341600
2020-01-24,16.000000,16.080000,15.350000,15.500000,15.500000,1379700
2020-01-27,15.060000,15.540000,15.040000,15.260000,15.260000,1008300
2020-01-28,15.420000,15.590000,15.200000,15.400000,15.400000,922900
2020-01-29,15.440000,15.440000,14.950000,15.090000,15.090000,823400
2020-01-30,14.920000,15.110000,14.430000,14.790000,14.790000,1128500
2020-01-31,14.670000,14.740000,14.310000,14.470000,14.470000,735700
2020-02-03,14.600000,14.730000,13.960000,14.030000,14.030000,1123700
2020-02-04,14.500000,14.970000,14.250000,14.510000,14.510000,1744600
2020-02-05,14.780000,14.860000,14.270000,14.420000,14.420000,1048700
2020-02-06,14.480000,14.690000,14.380000,14.500000,14.500000,880500
2020-02-07,14.490000,14.550000,13.840000,14.295000,14.295000,1483100
2020-02-10,14.250000,14.815000,14.130000,14.500000,14.500000,1265200
2020-02-11,14.610000,15.380000,14.250000,14.955000,14.955000,1323200
2020-02-12,15.170000,15.720000,15.015000,15.660000,15.660000,709000
2020-02-13,15.450000,15.700000,15.380000,15.430000,15.430000,570900
2020-02-14,15.500000,15.660000,15.060000,15.180000,15.180000,616700
2020-02-18,15.190000,15.750000,15.150000,15.240000,15.240000,895000
2020-02-19,15.080000,15.870000,14.260000,15.530000,15.530000,1609000
2020-02-20,15.410000,15.800000,15.190000,15.600000,15.600000,1118800
2020-02-21,16.150000,16.920000,15.440000,15.900000,15.900000,4241100
2020-02-24,15.000000,15.670000,14.810000,14.950000,14.950000,2515100
2020-02-25,15.090000,15.210000,14.200000,14.970000,14.970000,3356800
2020-02-26,13.360000,15.410000,13.310000,14.950000,14.950000,5707800
2020-02-27,14.450000,14.850000,13.680000,13.860000,13.860000,2981400
2020-02-28,13.500000,14.090000,12.870000,13.990000,13.990000,3542700
2020-03-02,14.000000,14.610000,13.540000,14.210000,14.210000,2549300
2020-03-03,14.220000,14.800000,12.970000,13.590000,13.590000,2273600
2020-03-04,13.940000,14.000000,13.270000,13.430000,13.430000,1922200
2020-03-05,13.130000,13.490000,12.320000,13.000000,13.000000,2305500
2020-03-06,12.460000,13.110000,12.460000,13.010000,13.010000,1818300
2020-03-09,12.000000,12.200000,11.300000,12.140000,12.140000,1482300
2020-03-10,12.610000,12.710000,11.970000,12.550000,12.550000,1653300
2020-03-11,12.180000,12.180000,11.190000,11.390000,11.390000,1969000
2020-03-12,10.150000,10.150000,8.430000,8.810000,8.810000,4159800
2020-03-13,9.500000,9.735000,8.130000,8.700000,8.700000,3508600
2020-03-16,7.400000,7.400000,5.000000,6.470000,6.470000,2821500
2020-03-17,6.560000,7.992000,5.610000,7.580000,7.580000,3568900
2020-03-18,7.070000,8.190000,6.760000,8.020000,8.020000,2896900
2020-03-19,7.960000,8.850000,7.920000,8.080000,8.080000,1582900
2020-03-20,8.150000,8.510000,7.250000,7.560000,7.560000,6286400
2020-03-23,7.500000,7.500000,5.210000,5.460000,5.460000,4804100
2020-03-24,5.940000,6.370000,5.420000,5.750000,5.750000,4079200
2020-03-25,5.800000,7.200000,5.670000,6.950000,6.950000,5839000
2020-03-26,6.980000,7.770000,6.980000,7.660000,7.660000,2304300
2020-03-27,7.390000,7.550000,7.020000,7.310000,7.310000,2144600
2020-03-30,7.350000,7.650000,7.050000,7.360000,7.360000,1160400
2020-03-31,7.350000,7.970000,6.810000,7.010000,7.010000,1610800
2020-04-01,6.700000,6.940000,6.260000,6.560000,6.560000,1415400
2020-04-02,6.460000,7.360000,6.355000,6.950000,6.950000,1023500
2020-04-03,6.600000,6.820000,6.200000,6.400000,6.400000,1550800
2020-04-06,6.670000,7.450000,6.520000,6.620000,6.620000,1911300
2020-04-07,7.100000,7.960000,7.040000,7.480000,7.480000,2052300
2020-04-08,7.440000,8.870000,7.150000,8.750000,8.750000,2491000
2020-04-09,8.660000,9.440000,7.960000,8.160000,8.160000,2102700
2020-04-13,8.160000,8.387000,7.730000,8.000000,8.000000,1284900
2020-04-14,8.060000,8.175000,7.290000,7.990000,7.990000,3651500
2020-04-15,7.710000,8.760000,7.520000,8.670000,8.670000,2684400
2020-04-16,8.700000,9.290000,8.290000,9.220000,9.220000,3851300
2020-04-17,9.570000,10.370000,9.240000,10.155000,10.155000,3474200
2020-04-20,9.890000,11.140000,9.820000,9.880000,9.880000,2944500
2020-04-21,9.665000,10.380000,9.530000,9.550000,9.550000,1939400
2020-04-22,9.500000,9.820000,9.350000,9.540000,9.540000,1590800
2020-04-23,9.590000,9.780000,9.100000,9.430000,9.430000,1380500
2020-04-24,9.550000,10.380000,9.440000,10.110000,10.110000,1711200
2020-04-27,10.330000,12.920000,10.180000,11.660000,11.660000,5492600
2020-04-28,12.010000,12.358000,10.920000,11.200000,11.200000,2116300
2020-04-29,11.550000,12.590000,11.400000,12.470000,12.470000,3747300
2020-04-30,12.390000,12.510000,11.460000,11.740000,11.740000,1328500
2020-05-01,11.390000,12.110000,11.130000,11.910000,11.910000,1641500
2020-05-04,11.550000,11.801000,11.080000,11.660000,11.660000,1798100
2020-05-05,12.137000,12.490000,11.750000,12.120000,12.120000,1642700
2020-05-06,12.200000,12.240000,11.750000,11.820000,11.820000,2039000
2020-05-07,11.990000,13.100000,11.910000,12.810000,12.810000,2913900
2020-05-08,13.010000,14.000000,12.960000,13.920000,13.920000,1571600
2020-05-11,14.240000,14.240000,12.600000,12.810000,12.810000,2183900
2020-05-12,13.000000,13.350000,12.690000,12.770000,12.770000,1046200
2020-05-13,12.640000,12.935000,12.190000,12.630000,12.630000,1938300
2020-05-14,12.290000,12.520000,11.425000,12.030000,12.030000,1697400
2020-05-15,11.800000,12.540000,11.620000,12.510000,12.510000,2463100
2020-05-18,13.000000,13.150000,11.700000,12.170000,12.170000,2397300
2020-05-19,12.160000,12.610000,11.750000,12.440000,12.440000,1674100
2020-05-20,12.690000,13.010000,12.120000,12.310000,12.310000,958700
2020-05-21,12.290000,12.880000,11.910000,12.520000,12.520000,1012200
2020-05-22,12.500000,12.580000,12.170000,12.490000,12.490000,759900
2020-05-26,12.880000,13.750000,12.880000,13.060000,13.060000,1134500
2020-05-27,13.380000,14.220000,12.710000,14.070000,14.070000,1476600
2020-05-28,14.300000,14.500000,13.370000,13.510000,13.510000,1174900
2020-05-29,13.520000,13.930000,13.100000,13.410000,13.410000,2038100
2020-06-01,13.360000,14.160000,13.230000,13.880000,13.880000,1574800
2020-06-02,13.990000,14.020000,13.460000,13.810000,13.810000,1281900
2020-06-03,14.040000,14.850000,13.740000,14.700000,14.700000,1532100
2020-06-04,14.110000,15.110000,13.993000,14.780000,14.780000,1462300
2020-06-05,15.500000,15.815000,14.290000,14.440000,14.440000,1933800
2020-06-08,15.220000,15.530000,14.945000,15.000000,15.000000,3038100
2020-06-09,15.270000,15.840000,15.230000,15.370000,15.370000,2867300
2020-06-10,14.770000,14.950000,13.825000,13.940000,13.940000,5683900
2020-06-11,13.510000,13.920000,11.610000,12.060000,12.060000,6154300
2020-06-12,13.080000,13.080000,11.970000,12.540000,12.540000,2282100
2020-06-15,12.070000,13.270000,11.810000,13.150000,13.150000,2267500
2020-06-16,13.840000,14.070000,13.230000,13.570000,13.570000,1881800
2020-06-17,13.660000,14.310000,13.515000,14.170000,14.170000,2296100
2020-06-18,13.940000,14.700000,13.640000,14.030000,14.030000,2600300
2020-06-19,14.620000,14.940000,13.920000,13.950000,13.950000,2250800
2020-06-22,13.930000,14.500000,13.780000,14.480000,14.480000,2059300
2020-06-23,14.630000,15.000000,14.555000,14.890000,14.890000,2409300
2020-06-24,14.650000,15.200000,13.810000,13.960000,13.960000,2172600
2020-06-25,13.850000,14.415000,13.630000,14.400000,14.400000,2608500
2020-06-26,14.400000,14.500000,13.210000,13.400000,13.400000,3624800
2020-06-29,13.480000,13.685000,12.620000,12.830000,12.830000,2013200
2020-06-30,12.870000,12.900000,12.330000,12.790000,12.790000,3304600
2020-07-01,12.890000,14.060000,12.830000,13.990000,13.990000,1571600
2020-07-02,14.250000,14.340000,13.890000,14.060000,14.060000,1098400
2020-07-06,14.200000,14.450000,13.595000,14.250000,14.250000,1490200
2020-07-07,14.100000,14.970000,14.050000,14.480000,14.480000,2919300
2020-07-08,14.454000,15.110000,14.090000,15.100000,15.100000,6246300
2020-07-09,15.050000,15.270000,14.161000,14.300000,14.300000,1540800
2020-07-10,14.330000,14.440000,13.340000,13.775000,13.775000,1931300
2020-07-13,13.920000,13.920000,12.240000,12.320000,12.320000,2239800
2020-07-14,12.250000,12.335000,11.540000,12.010000,12.010000,2653600
2020-07-15,12.710000,13.000000,12.300000,12.870000,12.870000,2871100
2020-07-16,12.610000,13.500000,12.425000,13.480000,13.480000,2354100
2020-07-17,13.520000,13.920000,13.260000,13.590000,13.590000,2735900
2020-07-20,13.770000,14.600000,13.600000,14.350000,14.350000,2433200
2020-07-21,14.500000,14.610000,13.970000,14.460000,14.460000,2227100
2020-07-22,14.350000,14.630000,14.030000,14.350000,14.350000,580800
2020-07-23,14.151000,14.840000,13.630000,13.940000,13.940000,1919400
2020-07-24,13.710000,13.740000,13.050000,13.170000,13.170000,1340800
2020-07-27,13.240000,13.930000,13.075000,13.830000,13.830000,1752600
2020-07-28,13.690000,13.690000,13.020000,13.230000,13.230000,1294600
2020-07-29,13.360000,14.060000,13.290000,13.930000,13.930000,707100
2020-07-30,13.680000,13.759000,13.020000,13.680000,13.680000,1244100
2020-07-31,13.620000,14.140000,13.160000,13.640000,13.640000,1467300
2020-08-03,13.830000,14.455000,13.420000,14.405000,14.405000,1527900
2020-08-04,14.400000,15.400000,14.340000,14.710000,14.710000,2840400
2020-08-05,14.850000,15.113000,14.310000,14.700000,14.700000,1454600
2020-08-06,14.820000,15.240000,14.410000,15.080000,15.080000,2486300
2020-08-07,14.460000,15.940000,14.190000,14.980000,14.980000,3939800
2020-08-10,15.030000,15.595000,14.801000,15.555000,15.555000,1464000
2020-08-11,15.850000,17.695000,15.770000,16.510000,16.510000,4905400
2020-08-12,16.250000,16.750000,16.059999,16.600000,16.600000,3027800