Date,Open,High,Low,Close,Adj Close,Volume
2016-01-08,19.162428,19.162428,19.114038,19.114038,11.385427,10300
2016-01-11,19.133394,19.230173,19.017258,19.017258,11.327782,49600
2016-01-12,19.113070,19.113070,19.103392,19.103392,11.379086,2300
2016-01-13,19.103392,19.103392,19.103392,19.103392,11.379086,0
2016-01-14,19.065647,19.385021,18.968868,19.104361,11.379664,26100
2016-01-15,19.181784,19.181784,18.937899,18.937899,11.280503,7200
2016-01-19,19.267918,20.459278,18.894348,18.894348,11.254571,9800
2016-01-20,18.872087,18.876926,18.630138,18.630138,11.097189,32900
2016-01-21,18.630138,18.630138,18.630138,18.630138,11.097189,600
2016-01-22,18.930157,18.930157,18.792728,18.792728,11.194039,1700
2016-01-25,18.649494,18.649494,18.349476,18.494646,11.016480,16200
2016-01-26,18.397865,18.688206,18.397865,18.407545,10.964602,7700
2016-01-27,18.410448,18.425932,18.397865,18.407545,10.964602,8600
2016-01-28,18.397865,18.424965,18.378510,18.378510,10.947309,14000
2016-01-29,18.475290,18.872087,18.436579,18.446257,10.987658,10800
2016-02-01,18.397865,18.397865,18.126883,18.175272,10.826247,147900
2016-02-02,18.049458,18.088171,17.855898,17.855898,10.636007,40800
2016-02-03,17.943001,17.943001,17.613949,17.749441,10.572597,16600
2016-02-04,17.613949,17.695244,16.462267,16.637440,9.910223,43700
2016-02-05,16.684862,16.917133,16.570662,16.597759,9.886589,20300
2016-02-08,16.888100,16.888100,15.349298,15.513824,9.240934,70200
2016-02-09,15.426723,15.562214,15.049280,15.426723,9.270008,47300
2016-02-10,15.484790,15.900944,15.271874,15.871910,9.537527,32900
2016-02-11,15.436400,16.936489,15.412205,15.988046,9.607308,75500
2016-02-12,16.087729,16.278385,16.026758,16.065470,9.653835,24400
2016-02-16,16.355810,16.416780,15.881588,16.017080,9.624759,16000
2016-02-17,16.065470,16.152571,15.467370,15.964819,9.593356,33600
2016-02-18,15.920300,16.433233,15.620282,16.397425,9.853314,25400
2016-02-19,16.452589,16.684862,16.238707,16.520336,9.927167,15300
2016-02-22,16.646149,16.683893,16.317097,16.413877,9.863197,37900
2016-02-23,16.498075,16.636471,16.423555,16.626793,9.991141,12600
2016-02-24,16.626793,17.236507,16.500978,17.226830,10.351704,28000
2016-02-25,16.781641,16.781641,16.210640,16.404200,9.857380,8400
2016-02-26,16.592920,17.284897,16.592920,17.284897,10.386595,4100
2016-02-29,17.246185,17.392323,16.742929,16.742929,10.060927,15000
2016-03-01,17.042948,17.042948,16.684862,16.694540,10.031850,18400
2016-03-02,16.936489,16.936489,16.307419,16.597759,9.973693,16900
2016-03-03,16.781641,17.042948,16.597759,16.897778,10.153978,9800
2016-03-04,16.897778,17.217152,16.684862,17.207474,10.340070,17400
2016-03-07,17.066174,17.401033,17.066174,17.401033,10.456386,5800
2016-03-08,17.291672,17.338125,16.878422,17.033270,10.235394,7900
2016-03-09,17.139727,17.410711,17.110693,17.410711,10.462199,10800
2016-03-10,17.410711,17.410711,16.872614,17.139727,10.299367,8700
2016-03-11,17.178438,17.904289,17.178438,17.449423,10.485464,24700
2016-03-14,17.439745,17.563623,17.275219,17.563623,10.554089,12400
2016-03-15,17.342964,17.705889,17.342964,17.633305,10.595956,8000
2016-03-16,17.875254,17.875254,17.517168,17.672016,10.619220,7900
2016-03-17,17.826864,17.904289,17.487167,17.865576,10.818476,14100
2016-03-18,17.892675,17.892675,17.420389,17.526846,10.613361,15800
2016-03-21,17.560720,17.701050,17.207474,17.207474,10.419960,27300
2016-03-22,17.323608,17.604271,17.323608,17.430067,10.554753,11700
2016-03-23,17.618788,17.652660,17.430067,17.642982,10.683682,9100
2016-03-24,17.593624,17.797831,17.517168,17.642982,10.683682,11000
2016-03-28,17.829767,17.894611,17.468779,17.468779,10.578195,28400
2016-03-29,17.439745,17.604271,17.217152,17.401033,10.537176,38100
2016-03-30,17.420389,17.904289,17.420389,17.594593,10.654382,33500
2016-03-31,17.894611,17.894611,17.468779,17.613949,10.666105,24500
2016-04-01,17.884933,17.884933,17.575237,17.703955,10.720607,11600
2016-04-04,17.904289,17.904289,17.575237,17.855898,10.812616,8500
2016-04-05,17.604271,17.719439,17.497812,17.565559,10.636804,8000
2016-04-06,17.797831,17.797831,17.420389,17.468779,10.578195,18900
2016-04-07,17.394258,17.807508,17.323608,17.323608,10.490289,60100
2016-04-08,17.517168,17.791056,17.420389,17.420389,10.548898,11700
2016-04-11,17.304253,17.565559,17.304253,17.468779,10.578195,26000
2016-04-12,17.584915,17.613949,17.420389,17.613949,10.666105,4100
2016-04-13,17.633305,17.991390,17.623627,17.768797,10.759872,27000
2016-04-14,17.759119,18.157852,17.731052,17.933323,10.942939,19600
2016-04-15,18.259470,18.259470,17.759119,18.015585,10.993138,13400
2016-04-18,18.001068,18.120108,17.788153,18.039780,11.007897,16500
2016-04-19,18.001068,19.152750,17.855898,18.381414,11.237468,15600
2016-04-20,18.388187,18.872087,18.388187,18.823698,11.507855,9900
2016-04-21,18.775309,18.775309,18.281731,18.533358,11.330357,3700
2016-04-22,18.668850,18.814020,18.359154,18.565296,11.349883,16200
2016-04-25,18.552713,18.872087,18.213984,18.330120,11.206105,17000
2016-04-26,18.523680,19.036613,17.730085,18.397865,11.247523,50700
2016-04-27,18.691109,18.951447,18.399801,18.659172,11.407273,15500
2016-04-28,18.301086,18.968868,18.184950,18.465612,11.288940,46700
2016-04-29,18.959190,18.959190,18.252697,18.426901,11.265276,16100
2016-05-02,18.359154,18.959190,18.359154,18.775309,11.478274,23400
2016-05-03,18.814020,18.872087,18.581749,18.765631,11.472357,13200
2016-05-04,18.775309,18.872087,18.359154,18.494646,11.306688,12400
2016-05-05,18.581749,18.581749,18.388187,18.446257,11.277111,2000
2016-05-06,18.581749,18.862410,18.562391,18.678528,11.419107,11200
2016-05-09,18.484968,18.630138,18.388187,18.610783,11.377692,8100
2016-05-10,18.630138,18.872087,18.436579,18.533358,11.330357,32600
2016-05-11,18.779179,18.814020,18.426901,18.659172,11.407273,5800
2016-05-12,18.552713,18.552713,18.301086,18.418190,11.342312,10700
2016-05-13,18.459805,18.514002,18.339798,18.484968,11.383431,18000
2016-05-16,18.472387,18.472387,18.194628,18.235275,11.229664,35900
2016-05-17,18.272053,18.359154,18.194628,18.330120,11.288072,10900
2016-05-18,18.330120,18.494646,18.325281,18.494646,11.389392,5600
2016-05-19,18.484968,18.484968,18.010746,18.136560,11.168875,11700
2016-05-20,18.377542,18.377542,17.981712,18.243019,11.234438,9700
2016-05-23,18.339798,18.339798,17.981712,18.213984,11.216554,23400
2016-05-24,18.078493,18.388187,18.059137,18.388187,11.323836,25000
2016-05-25,18.388187,18.475290,18.329153,18.378510,11.317874,27900
2016-05-26,18.755953,18.755953,18.165594,18.291409,11.264235,13000
2016-05-27,18.388187,18.701756,18.030102,18.446257,11.359599,14200
2016-05-31,18.327217,18.436579,18.175272,18.378510,11.317874,4600
2016-06-01,18.341734,18.407545,18.330120,18.330120,11.288072,4100
2016-06-02,18.718208,18.718208,18.330120,18.378510,11.317874,6800
2016-06-03,18.320442,18.591427,18.301086,18.591427,11.448987,8700
2016-06-06,18.494646,18.648527,18.349476,18.533358,11.413233,12300
2016-06-07,18.668850,18.697884,18.426901,18.620461,11.466870,7500
2016-06-08,18.465612,18.697884,18.465612,18.697884,11.514550,11700
2016-06-09,18.630138,18.726917,18.630138,18.726917,11.532431,4300
2016-06-10,18.697884,18.752081,18.591427,18.678528,11.502632,14900
2016-06-13,18.678528,18.678528,18.484968,18.620461,11.466870,19700
2016-06-14,18.620461,18.630138,18.426901,18.620461,11.466870,5800
2016-06-15,18.446257,18.630138,18.446257,18.620461,11.466870,7000
2016-06-16,18.291409,18.488840,18.291409,18.488840,11.469271,9600
2016-06-17,18.436579,18.523680,18.398834,18.426901,11.430851,900
2016-06-20,18.630138,18.630138,18.339798,18.455935,11.448857,20400
2016-06-21,18.517874,18.547874,18.296247,18.339798,11.376818,22500
2016-06-22,18.417223,18.484968,18.291409,18.310764,11.358805,13100
2016-06-23,18.446257,18.523680,18.194628,18.252697,11.322783,32600
2016-06-24,17.836542,18.233341,17.836542,17.918806,11.115658,30100
2016-06-27,17.788153,17.894611,17.488134,17.681694,10.968575,48200
2016-06-28,17.943001,17.943001,17.642982,17.933323,11.124664,20800
2016-06-29,18.078493,18.175272,17.846220,18.175272,11.274756,15800
2016-06-30,18.184950,18.436579,17.991390,18.359154,11.388824,40500
2016-07-01,18.436579,18.581749,18.310764,18.514002,11.484879,14400
2016-07-05,18.475290,18.630138,18.422062,18.610783,11.544920,15600
2016-07-06,18.533358,18.630138,18.455935,18.630138,11.556927,11700
2016-07-07,18.630138,18.794664,18.611750,18.775309,11.646982,16500
2016-07-08,18.881765,19.078230,18.788857,19.065647,11.827084,14900
2016-07-11,19.123716,19.299854,19.123716,19.163395,11.887728,16500
2016-07-12,19.143072,19.261143,18.930157,19.114038,11.857102,25500
2016-07-13,19.181784,19.249529,18.978546,19.104361,11.851105,15000
2016-07-14,18.630138,19.032743,18.620461,19.032743,11.891002,11200
2016-07-15,19.084036,19.084036,18.862410,18.862410,11.784588,16200
2016-07-18,18.997902,18.997902,18.523680,18.843054,11.772494,16600
2016-07-19,18.852732,18.871120,18.736595,18.871120,11.790031,21400
2016-07-20,18.891443,19.114038,18.891443,19.094683,11.929706,12900
2016-07-21,18.755953,18.755953,18.484968,18.494646,11.879968,20100
2016-07-22,18.494646,18.591427,18.426901,18.455935,11.855103,8200
2016-07-25,18.544971,18.591427,18.213984,18.339798,11.780502,22000
2016-07-26,18.339798,18.514002,18.097849,18.339798,11.780502,22000
2016-07-27,18.397865,18.494646,18.388187,18.388187,11.811587,4100
2016-07-28,18.455935,18.659172,18.374640,18.659172,11.985658,17600
2016-07-29,18.572069,18.755953,18.495613,18.639816,11.973219,23400
2016-08-01,18.659172,18.746273,18.659172,18.684336,12.001818,6600
2016-08-02,18.524649,18.630138,18.354315,18.562391,11.923485,7300
2016-08-03,18.502388,18.649494,18.468515,18.604975,11.950835,6200
2016-08-04,18.920477,18.920477,18.514002,18.731756,12.032273,28900
2016-08-05,18.849829,18.861443,18.717239,18.718208,12.023574,18000
2016-08-08,18.843054,18.843054,18.707561,18.784986,12.066469,4700
2016-08-09,18.697884,18.833376,18.697884,18.755953,12.047816,26100
2016-08-10,18.891443,19.162428,18.872087,19.162428,12.308911,87800
2016-08-11,19.114038,19.143072,18.881765,19.123716,12.371527,43700
2016-08-12,19.133394,19.155653,19.026936,19.107264,12.360882,27800
2016-08-15,19.114038,19.259207,18.930157,19.143072,12.384047,43800
2016-08-16,19.067583,19.191462,19.067583,19.191462,12.415350,13600
2016-08-17,19.210817,19.210817,19.017258,19.036613,12.315179,24300
2016-08-18,19.172106,19.172106,19.055969,19.113070,12.364637,21300
2016-08-19,19.065647,19.133394,18.775309,18.997902,12.290133,17800
2016-08-22,19.060808,19.152750,18.968868,19.007580,12.296394,11100
2016-08-23,19.143072,19.346310,19.143072,19.249529,12.452918,34500
2016-08-24,19.220495,19.317276,18.959190,19.065647,12.333963,22900
2016-08-25,19.191462,19.191462,19.046291,19.152750,12.390306,24300
2016-08-26,19.162428,19.355988,19.162428,19.288242,12.477960,38700
2016-08-29,19.304695,19.346310,19.230173,19.239851,12.446654,16800
2016-08-30,19.249529,19.294048,18.920477,18.959190,12.265092,46500
2016-08-31,18.939835,19.055969,18.930157,18.949512,12.258823,23200
2016-09-01,18.862410,19.046291,18.862410,19.007580,12.296394,12200
2016-09-02,19.114038,19.191462,19.114038,19.167267,12.399699,18100
2016-09-06,19.249529,19.355988,19.220495,19.351149,12.518660,22800
2016-09-07,19.443090,20.241524,19.326954,19.752785,12.778480,42500
2016-09-08,19.752785,19.820532,19.435347,19.575678,12.663904,35700
2016-09-09,19.530191,19.530191,19.278564,19.278564,12.471700,18700
2016-09-12,19.152750,19.404377,19.017258,19.278564,12.471700,24600
2016-09-13,19.278564,19.297920,19.104361,19.210817,12.427873,15700
2016-09-14,19.017258,19.201139,19.017258,19.174042,12.404079,18900
2016-09-15,19.152750,19.201139,18.881765,19.054033,12.414166,25800
2016-09-16,19.075325,19.075325,18.707561,18.874023,12.296889,21000
2016-09-19,18.980482,18.980482,18.692078,18.843054,12.276712,3400
2016-09-20,18.881765,19.210817,18.823698,18.928221,12.332196,22900
2016-09-21,18.915638,19.075325,18.872087,19.075325,12.428037,18500
2016-09-22,19.075325,19.384054,19.065647,19.230173,12.528928,39500
2016-09-23,19.375343,19.443090,19.308565,19.412121,12.647470,12600
2016-09-26,19.404377,19.451799,19.259207,19.317276,12.585678,20800
2016-09-27,19.278564,19.452768,19.278564,19.404377,12.642425,17500
2016-09-28,19.227270,19.462446,19.191462,19.336632,12.598289,38700
2016-09-29,19.394699,19.452768,19.162428,19.172106,12.491096,29400
2016-09-30,19.346310,19.346310,19.210817,19.210817,12.516317,10800
2016-10-03,19.240820,19.240820,19.143072,19.160492,12.483530,7700
2016-10-04,19.173073,19.336632,19.114038,19.201139,12.510013,28700
2016-10-05,19.143072,19.355988,19.109200,19.297920,12.573068,27200
2016-10-06,19.375343,19.462446,19.239851,19.425669,12.656295,24300
2016-10-07,19.365665,19.365665,19.210817,19.346310,12.604592,3900
2016-10-10,19.381151,19.660845,19.293081,19.413088,12.648099,22000
2016-10-11,19.259207,19.700523,19.259207,19.385021,12.629811,36500
2016-10-12,19.473091,19.597937,19.294048,19.307598,12.579369,9000
2016-10-13,19.226303,19.226303,18.910799,19.191462,12.592070,24400
2016-10-14,19.375343,19.375343,18.901121,19.087908,12.524123,12600
2016-10-17,19.094683,19.210817,18.367865,18.978546,12.452368,26100
2016-10-18,18.746273,18.881765,18.697884,18.765631,12.531869,13300
2016-10-19,18.862410,18.862410,18.641752,18.641752,12.449141,4000
2016-10-20,18.717239,18.838215,18.717239,18.726917,12.506016,4000
2016-10-21,18.733692,18.735628,18.543036,18.664011,12.464007,7200
2016-10-24,18.630138,19.191462,18.630138,19.060808,12.728992,19200
2016-10-25,18.717239,19.161459,18.717239,18.901121,12.622351,23600
2016-10-26,19.064680,19.065647,18.920477,18.920477,12.635275,3500
2016-10-27,19.104361,19.337599,18.813051,18.920477,12.635275,14000
2016-10-28,19.162428,19.171139,18.949512,19.104361,12.758080,9200
2016-10-31,19.007580,19.065647,19.000805,19.017258,12.699910,2100
2016-11-01,18.872087,18.929188,18.668850,18.668850,12.467239,9600
2016-11-02,18.630138,18.667883,17.826864,17.913967,11.963120,19800
2016-11-03,18.146238,18.146238,17.972034,18.097849,12.085919,7100
2016-11-04,18.341734,18.341734,17.991390,18.020424,12.034214,4100
2016-11-07,18.175272,18.388187,18.175272,18.388187,12.279810,8000
2016-11-08,18.239147,18.377542,18.194628,18.194628,12.150550,10000
2016-11-09,18.194628,18.339798,18.068815,18.068815,12.066527,23100
2016-11-10,18.097849,18.237211,18.029135,18.048491,12.052954,8000
2016-11-11,18.310764,18.388187,17.952679,17.952679,11.988970,10300
2016-11-14,17.990423,18.339798,17.962357,18.051394,12.054894,9700
2016-11-15,18.213984,18.272053,17.923645,18.262375,12.195789,16600
2016-11-16,18.184950,18.272053,18.057201,18.146238,12.118232,18000
2016-11-17,18.165594,18.272053,18.165594,18.272053,12.294049,4000
2016-11-18,18.230436,18.230436,18.165594,18.209145,12.251719,4000
2016-11-21,18.194628,18.272053,18.165594,18.272053,12.294049,16400
2016-11-22,18.272053,18.388187,18.213984,18.310764,12.320090,8800
2016-11-23,18.243019,18.891443,18.243019,18.891443,12.710795,13100
2016-11-25,18.620461,18.939835,18.301086,18.562391,12.489396,7500
2016-11-28,18.436579,18.436579,18.291409,18.301086,12.313582,11300
2016-11-29,18.392059,18.649494,18.359154,18.388187,12.372188,12200
2016-11-30,18.407545,18.546907,18.020424,18.175272,12.228930,14000
2016-12-01,18.213984,18.213984,18.001068,18.049458,12.144279,20700
2016-12-02,18.067846,18.158819,18.001068,18.069782,12.157955,7700
2016-12-05,18.051394,18.112366,18.039780,18.068815,12.157300,8500
2016-12-06,18.136560,18.301086,18.068815,18.146238,12.209394,4500
2016-12-07,18.249792,18.329153,18.181080,18.198500,12.244560,1800
2016-12-08,18.243019,18.406576,18.243019,18.301086,12.313582,10000
2016-12-09,18.298183,18.298183,18.146238,18.243019,12.274514,11100
2016-12-12,18.136560,18.175272,18.029135,18.146238,12.209394,10000
2016-12-13,18.227533,18.368832,18.206242,18.349476,12.346139,4300
2016-12-14,18.175272,18.388187,18.078493,18.281731,12.300558,25900
2016-12-15,18.281731,18.329153,18.109463,18.165594,12.313677,11500
2016-12-16,18.255600,18.255600,17.701050,17.904289,12.136551,48800
2016-12-19,17.904289,18.105591,17.859770,18.020424,12.215272,12700
2016-12-20,18.010746,18.136560,17.952679,18.136560,12.293996,23100
2016-12-21,18.059137,18.233341,18.039780,18.175272,12.320244,28100
2016-12-22,18.107527,18.320442,18.107527,18.165594,12.313677,20300
2016-12-23,18.146238,18.339798,18.059137,18.182047,12.324828,14900
2016-12-27,18.245922,18.272053,18.117205,18.117205,12.280877,34200
2016-12-28,18.146238,18.262375,18.039780,18.262375,12.379279,13600
2016-12-29,18.272053,18.339798,18.208178,18.243019,12.366165,20200
2016-12-30,18.310764,18.340767,17.913967,18.291409,12.398959,44800
2017-01-03,18.388187,18.388187,18.175272,18.223661,12.353041,20000
2017-01-04,18.388187,18.388187,18.223661,18.262375,12.379279,10600
2017-01-05,18.388187,18.407545,18.175272,18.310764,12.412080,12100
2017-01-06,18.465612,18.988224,18.412384,18.504324,12.543286,1900
2017-01-09,18.475290,18.538197,18.310764,18.484968,12.530169,25300
2017-01-10,18.456902,18.620461,18.388187,18.562391,12.582649,15800
2017-01-11,18.562391,18.562391,18.426901,18.455935,12.510486,8700
2017-01-12,18.213984,18.291409,18.155916,18.281731,12.484053,16700
2017-01-13,18.291409,18.484968,18.263342,18.441418,12.593096,22900
2017-01-17,18.484968,18.581749,18.474323,18.581749,12.688919,15500
2017-01-18,18.552713,19.017258,18.504324,18.610783,12.708753,16600
2017-01-19,18.688206,18.833376,18.378510,18.688206,12.761620,49000
2017-01-20,18.823698,18.833376,18.678528,18.812084,12.846212,9500
2017-01-23,18.767565,18.901121,18.726917,18.823698,12.854146,25400
2017-01-24,18.765631,19.007580,18.251728,18.610783,12.708753,53600
2017-01-25,18.591427,18.910799,18.591427,18.816923,12.849519,16700
2017-01-26,18.939835,18.997902,18.678528,18.988224,12.966496,13100
2017-01-27,18.872087,18.872087,18.688206,18.726917,12.788055,7300
2017-01-30,18.668850,18.765631,18.668850,18.740467,12.797308,11300
2017-01-31,19.017258,19.017258,18.774340,18.978546,12.959890,18800
2017-02-01,18.881765,19.007580,18.881765,19.007580,12.979712,4500
2017-02-02,19.007580,19.313404,19.007580,19.162428,13.085451,14600
2017-02-03,19.191462,19.249529,19.123716,19.191462,13.105277,9100
2017-02-06,19.210817,19.210817,19.026936,19.036613,12.999537,20500
2017-02-07,19.144039,19.196301,19.017258,19.075325,13.025974,32800
2017-02-08,19.235981,19.235981,18.939835,19.172106,13.092059,26900
2017-02-09,19.151781,19.307598,19.036613,19.036613,12.999537,8200
2017-02-10,19.191462,19.326954,19.075325,19.230173,13.131714,11100
2017-02-13,19.375343,19.438250,19.133394,19.278564,13.164759,43900
2017-02-14,19.259207,19.259207,18.939835,19.172106,13.092059,10900
2017-02-15,18.920477,19.326954,18.920477,19.297920,13.177974,16900
2017-02-16,19.124683,19.334696,19.046291,19.162428,13.177973,23000
2017-02-17,19.123716,19.172106,19.114038,19.123716,13.151356,3800
2017-02-21,18.892412,19.201139,18.892412,19.133394,13.158010,8000
2017-02-22,19.123716,19.133394,18.872087,19.133394,13.158010,18500
2017-02-23,19.055969,19.190495,18.959190,19.104361,13.138042,41500
2017-02-24,19.385021,19.385021,18.881765,19.065647,13.111419,19700
2017-02-27,19.046291,19.297920,18.891443,19.230173,13.224563,18200
2017-02-28,19.075325,19.270821,18.988224,19.007580,13.071486,19700
2017-03-01,19.384054,19.384054,19.026936,19.355988,13.311090,19400
2017-03-02,19.268887,19.268887,19.123716,19.133394,13.158010,1700
2017-03-03,19.114038,19.133394,19.047260,19.055002,13.104096,4800
2017-03-06,19.036613,19.114038,18.940802,18.949512,13.031553,16600
2017-03-07,19.133394,19.133394,18.862410,19.055969,13.104763,24000
2017-03-08,19.054033,19.151781,19.007580,19.026936,13.084794,18200
2017-03-09,19.036613,19.065647,18.891443,18.930157,13.018243,27800
2017-03-10,18.891443,19.041452,18.872087,18.872087,12.978308,8800
2017-03-13,19.014355,19.014355,18.775309,18.814020,12.938374,17700
2017-03-14,18.862410,18.920477,18.830473,18.920477,13.011586,5800
2017-03-15,18.910799,18.934027,18.825634,18.843054,12.958341,12000
2017-03-16,18.852732,18.925318,18.730789,18.901121,13.092416,14700
2017-03-17,19.081133,19.081133,18.823698,18.988224,13.152751,1900
2017-03-20,18.968868,19.017258,18.909832,19.007580,13.166158,9800
2017-03-21,19.026936,19.090811,18.920477,18.920477,13.105823,12000
2017-03-22,18.833376,18.993063,18.833376,18.902090,13.093086,5500
2017-03-23,19.017258,19.017258,18.784986,18.794664,13.018674,9400
2017-03-24,18.939835,18.939835,18.810148,18.881765,13.079006,3300
2017-03-27,18.935963,19.017258,18.784986,18.844021,13.052861,5500
2017-03-28,18.784986,19.020161,18.775309,18.901121,13.092416,23000
2017-03-29,18.978546,19.021130,18.765631,18.850796,13.057555,13300
2017-03-30,19.046291,19.065647,18.863379,18.959190,13.132633,11100
2017-03-31,18.948544,19.094683,18.891443,18.988224,13.152751,15300
2017-04-03,19.017258,19.046291,18.978546,18.997902,13.159450,10900
2017-04-04,19.051130,19.128555,19.036613,19.055969,13.199677,11700
2017-04-05,19.133394,19.143072,19.031775,19.065647,13.206380,9500
2017-04-06,19.085003,19.125650,18.997902,19.123716,13.246606,24200
2017-04-07,19.123716,19.181784,19.067583,19.181784,13.286824,17600
2017-04-10,19.181784,19.239851,19.181784,19.238884,13.326375,7200
2017-04-11,19.239851,19.452768,19.231142,19.443090,13.467826,21000
2017-04-12,19.355988,19.355988,18.930157,19.133394,13.346309,36400
2017-04-13,19.123716,19.278564,19.104361,19.268887,13.440821,23600
2017-04-17,19.443090,19.443090,19.018225,19.249529,13.427318,12900
2017-04-18,19.140169,19.210817,19.123716,19.152750,13.359813,13000
2017-04-19,19.220495,19.317276,19.123716,19.181784,13.380063,18800
2017-04-20,19.152750,19.355988,19.152750,19.268887,13.440821,16800
2017-04-21,19.297920,19.336632,18.988224,19.046291,13.285555,15400
2017-04-24,19.114038,19.414055,19.114038,19.297920,13.461072,24800
2017-04-25,19.239851,19.443090,19.220495,19.414055,13.542084,11800
2017-04-26,19.433411,19.481802,19.278564,19.462446,13.575832,17800
2017-04-27,19.423733,19.472124,19.346310,19.423733,13.548836,14000
2017-04-28,19.454702,19.475994,19.394699,19.472124,13.582588,11800
2017-05-01,19.385021,19.549547,19.371473,19.452768,13.569084,39600
2017-05-02,19.438250,19.539869,19.404377,19.480833,13.588665,29200
2017-05-03,19.472124,19.530191,19.423733,19.530191,13.623097,14600
2017-05-04,19.530191,19.530191,19.355988,19.375343,13.515080,5100
2017-05-05,19.404377,19.510836,19.365665,19.404377,13.535328,18500
2017-05-08,19.443090,19.443090,19.346310,19.365665,13.508327,22100
2017-05-09,19.355988,19.443090,19.297920,19.346310,13.494829,24200
2017-05-10,19.355988,19.491480,19.355988,19.394699,13.528579,11700
2017-05-11,19.404377,19.404377,19.144039,19.249529,13.427318,32500
2017-05-12,19.249529,19.259207,19.172106,19.172106,13.373312,8200
2017-05-15,19.181784,19.385021,19.172106,19.346310,13.494829,11000
2017-05-16,19.355021,19.355988,19.268887,19.278564,13.447573,22300
2017-05-17,19.172106,19.404377,19.139200,19.211786,13.400993,16900
2017-05-18,19.103392,19.230173,19.103392,19.114038,13.427504,11400
2017-05-19,19.138233,19.265015,19.138233,19.210817,13.495495,15300
2017-05-22,19.274693,19.317276,19.218559,19.230173,13.509089,9800
2017-05-23,19.278564,19.355988,19.249529,19.326954,13.577080,8100
2017-05-24,19.288242,19.355988,19.269854,19.326954,13.577080,7200
2017-05-25,19.355988,19.404377,19.297920,19.385021,13.617869,15200
2017-05-26,19.310501,19.404377,19.310501,19.375343,13.611069,9400
2017-05-30,19.361794,19.400507,19.317276,19.400507,13.628747,10900
2017-05-31,19.423733,19.501158,19.268887,19.307598,13.563477,60200
2017-06-01,19.355988,19.356955,19.317276,19.317276,13.570279,4300
2017-06-02,19.336632,19.336632,19.201139,19.317276,13.570279,18500
2017-06-05,19.278564,19.319212,19.246626,19.317276,13.570279,9700
2017-06-06,19.288242,19.375343,19.242756,19.329857,13.579120,11800
2017-06-07,19.297920,19.404377,19.297920,19.394699,13.624668,12000
2017-06-08,19.404377,19.559225,19.356955,19.559225,13.740245,30400
2017-06-09,19.472124,19.472124,19.423733,19.472124,13.679058,10600
2017-06-12,19.443090,19.443090,19.414055,19.414055,13.638267,5700
2017-06-13,19.462446,19.472124,19.404377,19.472124,13.679058,17700
2017-06-14,19.472124,19.472124,19.394699,19.414055,13.638267,16800
2017-06-15,19.307598,19.365665,19.230173,19.259207,13.604040,14300
2017-06-16,19.318243,19.318243,19.239851,19.298887,13.632073,6800
2017-06-19,19.268887,19.404377,19.259207,19.393732,13.699069,7000
2017-06-20,19.375343,19.375343,19.326954,19.355988,13.672403,12500
2017-06-21,19.365665,19.379215,19.220495,19.220495,13.576697,17700
2017-06-22,19.300823,19.307598,19.210817,19.297920,13.631387,10300
2017-06-23,19.404377,19.404377,18.794664,19.191462,13.556190,24900
2017-06-26,19.394699,19.394699,19.230173,19.249529,13.597208,7400
2017-06-27,19.210817,19.304695,19.085003,19.104361,13.494664,25500
2017-06-28,19.346310,19.346310,19.162428,19.181784,13.549356,11000
2017-06-29,19.307598,19.326954,19.075325,19.123716,13.508338,7300
2017-06-30,19.210817,19.443090,19.191462,19.326954,13.651902,83200
2017-07-03,19.452768,19.656006,19.452768,19.597937,13.843311,113900
2017-07-05,19.936666,20.390566,19.704395,20.256041,14.308173,157400
2017-07-06,20.256041,20.256041,20.130226,20.159262,14.239812,104000
2017-07-07,20.372177,20.444761,20.091515,20.256041,14.308173,88100
2017-07-10,20.323788,20.875433,20.323788,20.491217,14.474288,135300
2017-07-11,20.517347,20.788330,20.333466,20.633482,14.574786,36200
2017-07-12,20.708971,20.827044,20.672195,20.730263,14.643149,44800
2017-07-13,20.739941,20.739941,20.504765,20.517347,14.567525,66600
2017-07-14,20.517347,20.652840,20.439922,20.516378,14.566833,22000
2017-07-17,20.536703,20.710907,20.343143,20.401211,14.485064,38900
2017-07-18,20.178617,20.461214,20.023769,20.043125,14.230820,82900
2017-07-19,20.207651,20.245396,20.068289,20.206684,14.346945,46800
2017-07-20,20.217329,20.322819,20.130226,20.186359,14.332518,48300
2017-07-21,20.304432,20.304432,19.530191,19.704395,13.990318,90700
2017-07-24,19.694717,20.014091,19.617294,19.897955,14.127747,56200
2017-07-25,19.985058,20.314110,19.956991,20.265718,14.388863,48300
2017-07-26,20.265718,20.604448,20.207651,20.565737,14.601876,46300
2017-07-27,20.565737,20.575415,19.859243,20.507669,14.560647,54900
2017-07-28,20.449600,20.505733,20.236685,20.362499,14.457577,38700
2017-07-31,20.546381,20.565737,20.323788,20.362499,14.457577,27400
2017-08-01,20.443794,20.620901,20.401211,20.459278,14.526293,34100
2017-08-02,20.497992,20.542509,20.333466,20.333466,14.436958,31100
2017-08-03,20.372177,20.449600,20.323788,20.391533,14.478189,28900
2017-08-04,20.507669,20.614126,20.459278,20.614126,14.636237,26000
2017-08-07,20.720585,20.817364,20.517347,20.691551,14.691204,38900
2017-08-08,20.691551,20.807686,20.667356,20.807686,14.773656,47700
2017-08-09,20.730263,20.788330,20.478636,20.565737,14.601876,40200
2017-08-10,20.343143,20.343143,19.685040,19.723751,14.146636,76700
2017-08-11,19.791498,20.343143,19.685040,20.285074,14.549240,42700
2017-08-14,20.343143,20.343143,20.023769,20.236685,14.514537,45500
2017-08-15,20.294752,20.294752,20.110870,20.227007,14.507590,25100
2017-08-16,20.343143,20.488314,20.294752,20.362499,14.604771,9600
2017-08-17,20.314110,20.362499,20.081837,20.120548,14.431232,30700
2017-08-18,20.159262,20.313141,20.120548,20.285074,14.549240,28000
2017-08-21,20.285074,20.372177,20.260880,20.333466,14.583946,21300
2017-08-22,20.393469,20.497992,20.393469,20.468956,14.681128,11400
2017-08-23,20.459278,20.604448,20.421535,20.536703,14.729717,20700
2017-08-24,20.575415,20.606384,20.497992,20.565737,14.750541,13100
2017-08-25,20.178617,20.488314,20.101192,20.468956,14.681128,53500
2017-08-28,20.536703,20.536703,20.352821,20.478636,14.688069,21200
2017-08-29,20.362499,20.449600,20.197973,20.304432,14.563125,39300
2017-08-30,20.275396,20.354757,20.227007,20.275396,14.542299,20400
2017-08-31,20.275396,20.372177,20.231846,20.362499,14.604771,16800
2017-09-01,20.372177,20.468956,20.236685,20.468956,14.681128,7800
2017-09-05,20.507669,20.507669,20.178617,20.294752,14.556184,58900
2017-09-06,20.294752,20.381855,20.256041,20.362499,14.604771,17500
2017-09-07,20.401211,20.457344,20.208618,20.287979,14.551323,13400
2017-09-08,20.285074,20.502831,20.285074,20.287010,14.550628,25100
2017-09-11,20.275396,20.420567,20.275396,20.343143,14.590888,11500
2017-09-12,20.423470,20.425406,20.246363,20.420567,14.646420,22900
2017-09-13,20.304432,20.638321,20.304432,20.638321,14.802602,25100
2017-09-14,20.623804,20.623804,20.318949,20.401211,14.724782,18300
2017-09-15,20.352821,20.354757,20.285074,20.323788,14.668898,20400
2017-09-18,20.352821,20.420567,20.352821,20.401211,14.724782,28700
2017-09-19,20.372177,20.376049,19.791498,19.946344,14.396472,144600
2017-09-20,19.868921,19.916344,19.568903,19.694717,14.214856,153500
2017-09-21,19.675362,19.839888,19.597937,19.771173,14.270043,33400
2017-09-22,19.764399,19.936666,19.718912,19.868921,14.340589,28600
2017-09-25,19.868921,19.907633,19.607615,19.781818,14.277725,59500
2017-09-26,19.743107,19.743107,19.462446,19.607615,14.151989,72300
2017-09-27,19.781818,19.781818,19.520514,19.528255,14.094714,30200
2017-09-28,19.694717,19.694717,19.423733,19.607615,14.151989,44700
2017-09-29,19.675362,20.033447,19.665684,19.975380,14.417431,71500
2017-10-02,19.985058,20.091515,19.985058,20.057642,14.476804,19200
2017-10-03,19.878599,20.014091,19.539869,19.781818,14.277725,139400
2017-10-04,19.694717,19.868921,19.549547,19.826338,14.309855,118100
2017-10-05,19.936666,20.130226,19.839888,20.091515,14.501247,124700
2017-10-06,19.936666,20.410889,19.936666,20.314110,14.661911,42100
2017-10-09,20.188295,20.410889,20.120548,20.372177,14.703818,88700
2017-10-10,20.139906,20.594770,19.965702,20.430244,14.745734,119000
2017-10-11,19.764011,19.823009,19.675516,19.714848,14.229387,245800
2017-10-12,19.803343,19.803343,19.557522,19.655851,14.321104,74600
2017-10-13,19.518190,19.764011,19.518190,19.700098,14.353342,33200
2017-10-16,19.724680,19.783678,19.685349,19.714848,14.364088,36700
2017-10-17,19.714848,19.714848,19.370699,19.425762,14.153465,71900
2017-10-18,19.488691,19.655851,19.470011,19.478859,14.192148,117700
2017-10-19,19.478859,19.714848,19.478859,19.675516,14.335430,55100
2017-10-20,19.714848,19.714848,19.558506,19.655851,14.321104,28900
2017-10-23,19.636185,20.068830,19.636185,19.901672,14.500206,87800
2017-10-24,19.921337,20.058996,19.872173,19.931170,14.521706,68000
2017-10-25,19.892822,20.352016,19.891838,19.980335,14.557523,72500
2017-10-26,20.206490,20.383480,19.911505,20.235989,14.743792,48300
2017-10-27,20.285152,20.599804,20.285152,20.511309,14.944388,62700
2017-10-30,20.363815,20.471977,20.196657,20.294985,14.786771,50300
2017-10-31,20.314651,20.314651,20.000000,20.157326,14.686474,74200
2017-11-01,20.137659,20.304817,20.125860,20.216322,14.729463,90900
2017-11-02,20.226156,20.393314,20.068830,20.334316,14.815431,31900
2017-11-03,20.255653,20.517208,20.186825,20.206490,14.722292,42600
2017-11-06,20.157326,20.452311,20.157326,20.196657,14.715133,50300
2017-11-07,20.226156,20.304817,20.195673,20.216322,14.729463,52900
2017-11-08,20.304817,20.421829,20.157326,20.157326,14.686474,67400
2017-11-09,20.599804,20.599804,19.665684,20.265488,14.765281,111400
2017-11-10,20.157326,20.157326,19.783678,20.098328,14.643486,86900
2017-11-13,20.029499,20.098328,19.862341,19.941004,14.528864,65500
2017-11-14,19.941004,19.941004,19.459194,19.508358,14.213646,99800
2017-11-15,19.419863,19.665684,19.390364,19.567354,14.256626,114300
2017-11-16,19.360865,19.480825,19.321533,19.429695,14.159490,130700
2017-11-17,19.469027,19.469027,19.041298,19.252705,14.030508,172100
2017-11-20,19.252705,19.252705,19.026548,19.046215,13.880025,101200
2017-11-21,19.026548,19.360865,19.026548,19.311701,14.073502,98200
2017-11-22,19.265488,19.331367,19.262537,19.311701,14.073502,25100
2017-11-24,19.311701,19.341200,19.006884,19.115044,13.930187,25000
2017-11-27,19.105211,19.242870,19.065880,19.223206,14.009007,48900
2017-11-28,19.223206,19.419863,19.154375,19.301868,14.066336,111400
2017-11-29,19.242870,19.321533,19.154375,19.242870,14.023341,35100
2017-11-30,19.341200,19.360865,19.065880,19.292036,14.059170,97900
2017-12-01,19.292036,19.455261,19.115044,19.223206,14.009007,84900
2017-12-04,19.360865,19.439528,19.257620,19.272369,14.044838,44400
2017-12-05,19.321533,19.469027,19.183874,19.341200,14.094997,110300
2017-12-06,19.429695,19.439528,19.301868,19.390364,14.130824,93800
2017-12-07,19.351032,19.382498,19.273354,19.301868,14.066336,32800
2017-12-08,19.292036,19.390364,19.183874,19.282202,14.051997,33600
2017-12-11,19.360865,19.360865,19.282202,19.341200,14.094997,49400
2017-12-12,19.321533,19.410030,19.301868,19.341200,14.094997,42100
2017-12-13,19.360865,19.449362,19.341200,19.439528,14.166656,48300
2017-12-14,19.331367,19.341200,19.183874,19.213373,14.051043,34300
2017-12-15,19.272369,19.292036,18.780727,19.065880,13.943177,186500
2017-12-18,19.065880,19.142576,19.046215,19.075712,13.950370,52600
2017-12-19,19.130777,19.272369,19.066864,19.193707,14.036662,92600
2017-12-20,19.252705,19.341200,19.223206,19.321533,14.130145,109000
2017-12-21,19.360865,19.459194,19.341200,19.419863,14.202052,103500
2017-12-22,19.469027,19.469027,19.375614,19.459194,14.230819,61300
2017-12-26,19.469027,19.498526,19.410030,19.498526,14.259580,63200
2017-12-27,19.488691,19.557522,19.429695,19.518190,14.273959,52900
2017-12-28,19.567354,19.616520,19.528023,19.616520,14.345871,21100
2017-12-29,19.616520,19.714848,19.616520,19.685349,14.396205,44900
2018-01-02,19.695183,19.901672,19.695183,19.872173,14.532838,94000
2018-01-03,19.891838,19.960669,19.872173,19.911505,14.561599,40700
2018-01-04,19.960669,19.990168,19.862341,19.872173,14.532838,49300
2018-01-05,19.872173,20.019665,19.862341,20.019665,14.640697,50900
2018-01-08,20.088495,20.352999,20.078663,20.334316,14.870807,144100
2018-01-09,20.373648,20.639135,20.334316,20.570305,15.043392,125300
2018-01-10,20.540806,20.550638,20.255653,20.521141,15.007433,80000
2018-01-11,20.629301,20.629301,20.156342,20.176991,14.834565,120000
2018-01-12,20.294985,20.530973,20.196657,20.501474,15.073133,69800
2018-01-16,20.501474,20.501474,20.196657,20.314651,14.935772,70900
2018-01-17,20.373648,20.373648,20.216322,20.216322,14.863480,49400
2018-01-18,20.231071,20.353983,19.960669,19.960669,14.675522,82600
2018-01-19,20.093412,20.157326,19.931170,20.117994,14.791192,42200
2018-01-22,20.127827,20.304817,20.078663,20.304817,14.928548,35700
2018-01-23,20.422812,20.422812,20.206490,20.373648,14.979152,32500
2018-01-24,20.442478,20.560472,20.393314,20.471977,15.051440,53200
2018-01-25,20.550638,20.550638,20.452311,20.471977,15.051440,29600
2018-01-26,20.491642,20.599804,20.491642,20.599804,15.145425,52200
2018-01-29,20.550638,20.599804,20.216322,20.226156,14.870711,91300
2018-01-30,19.744347,20.255653,19.744347,20.226156,14.870711,54800
2018-01-31,20.196657,20.737463,20.196657,20.717798,15.232178,99300
2018-02-01,20.599804,20.678467,20.442478,20.540806,15.102047,62400
2018-02-02,20.403147,20.668633,20.255653,20.294985,14.921319,77000
2018-02-05,20.167158,20.481810,19.862341,19.950836,14.668287,194900
2018-02-06,19.714848,20.609636,19.687315,20.540806,15.102047,139000
2018-02-07,20.265488,20.737463,20.265488,20.501474,15.073133,91400
2018-02-08,20.639135,20.639135,20.275320,20.353983,14.964689,76400
2018-02-09,20.353983,20.520157,20.019665,20.260571,14.896011,101400
2018-02-12,20.265488,20.501474,20.157326,20.501474,15.073133,56100
2018-02-13,20.403147,20.530973,20.383480,20.452311,15.036982,37900
2018-02-14,20.432646,20.589970,20.341200,20.589970,15.138196,26600
2018-02-15,20.501474,20.530973,20.353983,20.452311,15.054533,30900
2018-02-16,20.324484,20.521141,20.167158,20.363815,14.989400,50300
2018-02-20,20.462143,20.462143,20.280235,20.314651,14.953208,39500
2018-02-21,20.462143,20.521141,20.304817,20.324484,14.960443,21200
2018-02-22,20.304817,20.501474,20.304817,20.422812,15.032820,19500
2018-02-23,20.639135,20.648968,20.403147,20.560472,15.134151,28400
2018-02-26,20.550638,20.580137,20.316618,20.403147,15.018346,84800
2018-02-27,20.540806,20.540806,20.196657,20.334316,14.967678,35400
2018-02-28,20.471977,20.471977,20.167158,20.167158,14.844644,41400
2018-03-01,20.157326,20.363815,20.068830,20.078663,14.779501,38900
2018-03-02,20.058996,20.344149,19.942970,20.088495,14.786738,56800
2018-03-05,20.304817,20.441494,20.027533,20.393314,15.011107,70900
2018-03-06,20.442478,20.442478,20.334316,20.373648,14.996634,24500
2018-03-07,20.314651,20.529007,20.235989,20.403147,15.018346,41100
2018-03-08,20.049164,20.648968,20.049164,20.639135,15.192052,26800
2018-03-09,20.639135,20.786627,20.570305,20.589970,15.155862,29500
2018-03-12,20.599804,20.766962,20.540806,20.698132,15.235478,14700
2018-03-13,20.766962,20.884956,20.619469,20.648968,15.199291,46800
2018-03-14,20.521141,21.002951,20.521141,20.806293,15.315094,42900
2018-03-15,20.639135,20.760078,20.560472,20.662733,15.283603,18100
2018-03-16,20.648968,20.737463,20.560472,20.737463,15.338877,24800
2018-03-19,20.747295,20.747295,20.314651,20.496559,15.160687,48300
2018-03-20,20.304817,20.452311,20.235989,20.452311,15.127954,17800
2018-03-21,20.481810,20.481810,20.314651,20.344149,15.047954,27200
2018-03-22,20.320551,20.363815,20.176991,20.186825,14.931582,48100
2018-03-23,20.196657,20.313667,20.176991,20.176991,14.924311,21800
2018-03-26,20.206490,20.314651,19.911505,19.911505,14.727940,60700
2018-03-27,19.901672,20.088495,19.901672,20.058996,14.837027,32300
2018-03-28,20.044249,20.081612,19.990168,19.990168,14.786122,13900
2018-03-29,19.990168,20.058996,19.931170,20.009832,14.800665,25000
2018-04-02,20.058996,20.255653,19.965586,20.176991,14.924311,51400
2018-04-03,20.009832,20.530973,20.009832,20.501474,15.164322,62900
2018-04-04,20.452311,20.619469,20.344149,20.550638,15.200686,22500
2018-04-05,20.639135,20.639135,20.540806,20.619469,15.251598,67700
2018-04-06,20.550638,20.678467,20.481810,20.580137,15.222505,19500
2018-04-09,20.884956,20.884956,20.599804,20.668633,15.287965,37100
2018-04-10,20.825958,20.899706,20.614553,20.619469,15.251598,37700
2018-04-11,20.599804,20.805309,20.599804,20.698132,15.309781,27000
2018-04-12,20.599804,20.747295,20.383480,20.747295,15.421382,44400
2018-04-13,20.462143,20.757130,20.462143,20.501474,15.238663,26900
2018-04-16,20.580137,20.707964,20.441494,20.511309,15.245974,41900
2018-04-17,20.491642,20.717798,20.491642,20.707964,15.392145,34900
2018-04-18,20.707964,20.747295,20.550638,20.747295,15.421382,19900
2018-04-19,20.747295,20.747295,20.157326,20.304817,15.092489,59700
2018-04-20,20.511309,20.511309,20.285152,20.442478,15.194814,17600
2018-04-23,20.599804,20.658800,20.365782,20.589970,15.304442,28300
2018-04-24,20.658800,20.707964,20.412979,20.422812,15.180195,72200
2018-04-25,20.496559,20.496559,20.363815,20.432646,15.187507,12900
2018-04-26,20.668633,20.668633,20.452311,20.521141,15.253281,41300
2018-04-27,20.334316,20.639135,20.334316,20.639135,15.340984,34500
2018-04-30,20.658800,20.721731,20.521141,20.521141,15.253281,27800
2018-05-01,20.577188,20.688299,20.462143,20.648968,15.348295,26000
2018-05-02,20.624386,20.835791,20.610619,20.766962,15.436002,36100
2018-05-03,20.786627,20.835791,20.737463,20.737463,15.414076,23700
2018-05-04,20.648968,20.894789,20.580137,20.619469,15.326367,54600
2018-05-07,20.747295,20.747295,20.511309,20.678467,15.370228,103400
2018-05-08,20.511309,20.698132,20.511309,20.570305,15.289828,25200
2018-05-09,20.560472,20.678467,20.560472,20.678467,15.370228,13000
2018-05-10,20.875122,20.875122,20.609636,20.639135,15.340984,48600
2018-05-11,20.894789,20.919371,20.747295,20.884956,15.523705,35900
2018-05-14,20.914454,21.269421,20.855457,21.101278,15.684498,84700
2018-05-15,21.120943,21.120943,20.875122,20.993116,15.604102,30600
2018-05-16,21.111111,21.178957,20.973452,20.973452,15.589482,41500
2018-05-17,20.973452,21.078663,20.973452,21.032448,15.633339,22000
2018-05-18,21.091446,21.258604,21.081612,21.179941,15.742966,54800
2018-05-21,21.140610,21.150442,20.973452,21.041298,15.788106,40500
2018-05-22,21.032448,21.061947,20.884956,20.934120,15.707686,74300
2018-05-23,20.796461,20.882990,20.796461,20.825958,15.626528,18900
2018-05-24,20.796461,20.941004,20.757130,20.901672,15.683337,20800
2018-05-25,20.894789,20.948870,20.830875,20.934120,15.707686,16100
2018-05-29,21.150442,21.150442,20.835791,20.894789,15.678169,46500
2018-05-30,20.806293,21.007866,20.806293,20.983284,15.744576,52900
2018-05-31,21.130777,21.130777,20.904621,20.939037,15.711376,31600
2018-06-01,20.993116,21.012783,20.963619,20.993116,15.751954,10000
2018-06-04,21.081612,21.081612,20.959686,20.993116,15.751954,38900
2018-06-05,20.943953,21.238937,20.943953,20.983284,15.744576,88300
2018-06-06,21.061947,21.061947,20.983284,21.002951,15.759335,12900
2018-06-07,21.002951,21.111111,21.002951,21.091446,15.825732,26600
2018-06-08,21.101278,21.101278,20.978367,21.052114,15.796221,28700
2018-06-11,21.160275,21.160275,21.052114,21.111111,15.840485,48800
2018-06-12,21.012783,21.150442,21.012783,21.091446,15.825732,33300
2018-06-13,21.150442,21.238937,20.825958,21.189774,15.899513,85400
2018-06-14,21.046215,21.120943,20.961653,21.081612,15.818351,20900
2018-06-15,21.160275,21.179941,21.062931,21.130777,15.855245,30900
2018-06-18,21.091446,21.091446,20.737463,20.737463,15.713680,55200
2018-06-19,20.757130,20.757130,20.599804,20.599804,15.609366,54900
2018-06-20,20.867256,20.867256,20.599804,20.599804,15.609366,43800
2018-06-21,20.766962,20.766962,20.471977,20.560472,15.579568,20100
2018-06-22,20.560472,20.560472,20.412979,20.412979,15.467802,39700
2018-06-25,20.501474,20.501474,20.068830,20.108162,15.236832,42600
2018-06-26,20.294985,20.294985,20.147493,20.275320,15.363492,21500
2018-06-27,20.275320,20.383480,20.196657,20.294985,15.378395,28300
2018-06-28,20.491642,20.491642,20.108162,20.176991,15.288986,36300
2018-06-29,20.186825,20.294985,20.117994,20.265488,15.356045,25100
2018-07-02,20.157326,20.256638,20.157326,20.226156,15.326236,11700
2018-07-03,20.206490,20.501474,20.206490,20.447393,15.493879,34600
2018-07-05,20.226156,20.747295,20.226156,20.727631,15.706228,35200
2018-07-06,20.747295,20.747295,20.619469,20.619469,15.624271,19300
2018-07-09,20.560472,20.747295,20.481810,20.481810,15.519959,44000
2018-07-10,20.707964,20.707964,20.456244,20.511309,15.542314,12100
2018-07-11,20.678467,20.678467,20.265488,20.265488,15.356045,20900
2018-07-12,20.599804,20.599804,20.347099,20.422812,15.475252,24500
2018-07-13,20.599804,20.639135,20.444445,20.580137,15.594467,36600
2018-07-16,20.521141,20.521141,20.373648,20.501474,15.692307,33700
2018-07-17,20.480825,20.491642,20.265488,20.334316,15.564364,18300
2018-07-18,20.452311,20.452311,20.334316,20.344149,15.571888,10500
2018-07-19,20.344149,20.344149,18.652901,19.105211,14.623576,362500
2018-07-20,18.928221,19.242870,18.780727,18.977385,14.525734,186600
2018-07-23,18.829891,18.977385,18.820059,18.879057,14.450470,57200
2018-07-24,18.859390,19.124878,18.859390,18.997049,14.540787,61700
2018-07-25,18.918388,19.328417,18.918388,19.115044,14.631103,53200
2018-07-26,19.154375,19.154375,18.967552,18.967552,14.518210,39800
2018-07-27,18.997049,19.100294,18.898722,18.997049,14.540787,16500
2018-07-30,19.036381,19.036381,18.485743,18.702065,14.315000,105700
2018-07-31,18.702065,18.859390,18.559488,18.820059,14.405312,105100
2018-08-01,18.859390,18.879057,18.752213,18.780727,14.375209,41300
2018-08-02,18.682400,18.869223,18.682400,18.849558,14.427896,36100
2018-08-03,18.928221,18.958702,18.800394,18.879057,14.450470,36000
2018-08-06,18.908554,19.193707,18.908554,19.159292,14.664968,81200
2018-08-07,19.203539,19.390364,19.183874,19.341200,14.804207,53700
2018-08-08,19.419863,19.459194,19.321533,19.459194,14.894522,38400
2018-08-09,19.469027,19.469027,19.183874,19.390364,14.841839,23200
2018-08-10,19.469027,19.469027,19.301868,19.380531,14.834314,26000
2018-08-13,19.380531,19.547689,19.380531,19.547689,14.962261,33900
2018-08-14,19.528023,19.665684,19.528023,19.665684,15.052579,29300
2018-08-15,19.705015,19.705015,19.390364,19.587021,14.992368,41900
2018-08-16,19.252705,19.537857,19.193707,19.498526,15.083646,52500
2018-08-17,19.292036,19.421829,19.292036,19.380531,14.992370,10300
2018-08-20,19.508358,19.508358,19.115044,19.115044,14.786988,57800
2018-08-21,19.075712,19.173058,18.731564,18.844641,14.577812,194800
2018-08-22,18.928221,19.026548,18.834808,18.977385,14.680501,37700
2018-08-23,18.997049,19.213373,18.918388,19.075712,14.756559,74600
2018-08-24,19.174042,19.174042,18.938053,18.938053,14.650074,30100
2018-08-27,18.977385,19.231071,18.977385,19.124878,14.794596,25600
2018-08-28,19.144543,19.188791,19.026548,19.080629,14.760369,20100
2018-08-29,19.223206,19.223206,19.095379,19.095379,14.771777,26100
2018-08-30,19.144543,19.166176,19.016716,19.124878,14.794596,18200
2018-08-31,19.174042,19.242870,19.124878,19.193707,14.847840,18000
2018-09-04,19.311701,19.325466,19.174042,19.292036,14.923908,23500
2018-09-05,19.292036,19.351032,19.183874,19.233038,14.878269,22500
2018-09-06,19.252705,19.291052,19.174042,19.223206,14.870666,38100
2018-09-07,19.301868,19.314651,19.236971,19.262537,14.901090,47300
2018-09-10,19.272369,19.272369,19.134710,19.153393,14.816655,32300
2018-09-11,19.321533,19.360865,19.134710,19.174042,14.832627,36700
2018-09-12,19.174042,19.174042,18.938053,18.974434,14.678217,37100
2018-09-13,18.780727,18.780727,18.682400,18.682400,14.614043,47600
2018-09-14,18.692232,18.780727,18.633236,18.643068,14.583280,44200
2018-09-17,18.711897,18.761063,18.289085,18.289085,14.306383,64600
2018-09-18,18.112095,18.190758,17.699116,17.895771,13.998719,240600
2018-09-19,17.571287,18.082596,17.315634,17.787611,13.914110,183800
2018-09-20,18.131760,18.426744,17.846607,18.171091,14.214083,122900
2018-09-21,18.466076,18.475910,17.699116,17.954769,14.044871,88600
2018-09-24,17.925270,18.603737,17.581121,18.593904,14.544826,275900
2018-09-25,18.593904,18.692232,18.377581,18.387413,14.383297,63200
2018-09-26,18.377581,18.616520,18.151426,18.239922,14.267927,43100
2018-09-27,18.190758,18.426744,18.190758,18.426744,14.414063,37500
2018-09-28,18.584070,18.584070,18.287119,18.436579,14.421757,55200
2018-10-01,18.298918,18.666666,18.274336,18.602753,14.551744,57100
2018-10-02,18.485743,18.552607,18.184858,18.211407,14.245618,162700
2018-10-03,17.669617,18.043264,17.600786,18.003933,14.083325,78900
2018-10-04,17.797443,17.955751,17.797443,17.797443,13.921801,73900
2018-10-05,17.860374,17.876106,17.522123,17.708948,13.852579,77600
2018-10-08,17.718781,17.718781,17.453295,17.650934,13.807199,78900
2018-10-09,17.581121,17.836775,17.551622,17.551622,13.729511,42600
2018-10-10,17.541790,17.787611,17.168142,17.526056,13.709513,188800
2018-10-11,17.512291,17.677483,17.345133,17.404129,13.614137,52000
2018-10-12,17.453295,17.984268,17.453295,17.718781,13.860272,62800
2018-10-15,17.620453,17.836775,17.472960,17.738447,13.875653,48300
2018-10-16,17.630285,17.699116,17.259586,17.630285,13.953478,79000
2018-10-17,17.659784,17.876106,17.502459,17.758112,14.054644,40100
2018-10-18,17.649950,17.738447,17.413963,17.502459,13.852309,49000
2018-10-19,17.679449,17.836775,17.649950,17.797443,14.085770,98400
2018-10-22,17.797443,17.797443,17.236971,17.286137,13.681099,42400
2018-10-23,17.236971,17.276302,17.148476,17.158308,13.579928,36000
2018-10-24,17.148476,17.207474,17.000984,17.000984,13.455416,42000
2018-10-25,17.097345,17.187807,17.082596,17.109144,13.541018,24800
2018-10-26,17.128811,17.135693,16.882990,16.961653,13.424289,73400
2018-10-29,17.158308,17.158308,16.778761,16.814159,13.307552,52300
2018-10-30,16.814159,16.833824,16.479843,16.637169,13.167475,68500
2018-10-31,16.725664,16.794493,16.627335,16.696165,13.214168,69700
2018-11-01,16.853491,16.853491,16.666666,16.814159,13.307552,55200
2018-11-02,16.815142,16.937069,16.795477,16.848574,13.334790,46500
2018-11-05,16.814159,16.863323,16.784660,16.833824,13.323118,44100
2018-11-06,16.833824,16.892822,16.823992,16.843658,13.330902,41500
2018-11-07,16.941986,17.010817,16.804327,16.892822,13.369813,80100
2018-11-08,16.764996,16.852507,16.558506,16.769911,13.272533,287600
2018-11-09,16.755163,16.801376,16.676500,16.764996,13.268642,83900
2018-11-12,16.843658,16.843658,16.617502,16.666666,13.190819,66900
2018-11-13,16.715832,16.764996,16.627335,16.656834,13.183037,75900
2018-11-14,16.715832,16.804327,16.597837,16.607670,13.144125,59100
2018-11-15,16.411013,16.558506,16.204523,16.263519,13.033804,104900
2018-11-16,16.057030,16.283186,16.057030,16.165192,12.955003,51400
2018-11-19,16.165192,16.430679,15.732547,16.361849,13.112607,214700
2018-11-20,16.057030,16.155359,15.811210,15.919371,12.757999,125400
2018-11-21,15.889873,16.017698,15.889873,15.909538,12.750117,55600
2018-11-23,15.948869,15.988200,15.870207,15.880039,12.726478,14000
2018-11-26,15.801376,16.125860,15.801376,15.988200,12.813160,86000
2018-11-27,15.880039,16.076696,15.880039,15.958702,12.789519,76200
2018-11-28,16.096361,16.111111,15.999017,16.066864,12.876204,91800
2018-11-29,16.116028,16.140610,16.037365,16.135693,12.931361,67400
2018-11-30,16.175024,16.283186,16.135693,16.273354,13.041686,42400
2018-12-03,16.371681,16.519175,16.359882,16.519175,13.238689,83300
2018-12-04,16.548672,16.548672,16.361849,16.361849,13.112607,72700
2018-12-06,16.322517,16.381514,16.125860,16.214355,12.994403,52200
2018-12-07,16.190758,16.214355,16.145527,16.165192,12.955003,26800
2018-12-10,16.145527,16.273354,16.096361,16.273354,13.041686,37900
2018-12-11,16.312685,16.460176,16.143560,16.165192,12.955003,72200
2018-12-12,16.204523,16.243855,16.165192,16.204523,12.986524,22700
2018-12-13,16.251720,16.251720,15.968534,15.968534,12.797399,27400
2018-12-14,15.968534,16.076696,15.673550,15.771878,12.639795,50700
2018-12-17,15.594887,15.672566,15.162242,15.162242,12.312425,93300
2018-12-18,15.054081,15.152409,14.867256,14.886922,12.088851,65600
2018-12-19,14.759095,14.837758,14.660767,14.670600,11.913190,89800
2018-12-20,14.670600,14.670600,13.962635,14.395280,11.689616,114800
2018-12-21,14.247787,14.454277,14.139627,14.198624,11.529922,71000
2018-12-24,14.198624,14.278270,14.011800,14.208456,11.537905,68100
2018-12-26,14.119961,16.116028,14.119961,15.998034,12.991123,381700
2018-12-27,15.703048,15.830875,15.368731,15.722713,12.767552,202500
2018-12-28,15.752213,15.830875,15.673550,15.781711,12.815460,51400
2018-12-31,16.096361,16.096361,15.762045,15.978368,12.975155,56100
2019-01-02,15.978368,16.293018,15.909538,16.224188,13.174771,45300
2019-01-03,16.232056,16.232056,15.929204,16.135693,13.102909,92500
2019-01-04,15.634218,16.381514,15.634218,16.293018,13.230664,75500
2019-01-07,16.401180,16.607670,16.302851,16.470011,13.374391,75500
2019-01-08,16.529007,16.617502,16.449362,16.519175,13.414313,60100
2019-01-09,16.578171,16.637169,16.529007,16.568338,13.454239,59300
2019-01-10,16.715832,16.715832,16.420845,16.597837,13.478193,33900
2019-01-11,16.470011,16.597837,16.440512,16.578171,13.462221,28200
2019-01-14,16.479843,16.686333,16.420845,16.568338,13.454239,32500
2019-01-15,16.519175,16.863323,16.519175,16.843658,13.677811,36400
2019-01-16,16.902655,17.010817,16.814159,16.951818,13.765641,46100
2019-01-17,16.764996,16.932154,16.666666,16.907572,13.866447,46200
2019-01-18,17.000984,17.000984,16.715832,16.814159,13.789834,52400
2019-01-22,16.804327,16.804327,16.302851,16.352016,13.410816,58100
2019-01-23,16.371681,16.401180,16.155359,16.234022,13.314045,27400
2019-01-24,16.135693,16.420845,15.958702,16.420845,13.467264,58200
2019-01-25,16.342182,16.548672,16.342182,16.470011,13.507588,77100
2019-01-28,16.391348,16.509340,16.381514,16.509340,13.539840,22500
2019-01-29,16.568338,16.580137,16.473944,16.580137,13.597905,38100
2019-01-30,16.529007,16.617502,16.529007,16.617502,13.628549,55400
2019-01-31,16.617502,16.784660,16.569321,16.755163,13.741448,59300
2019-02-01,16.784660,17.020649,16.784660,16.981318,13.926927,64600
2019-02-04,16.981318,17.069813,16.873156,16.882990,13.846284,47700
2019-02-05,16.892822,16.951818,16.824976,16.833824,13.805964,64800
2019-02-06,16.922321,16.922321,16.764996,16.814159,13.789834,26100
2019-02-07,16.647001,16.853491,16.588003,16.607670,13.620483,46200
2019-02-08,16.666666,16.715832,16.568338,16.617502,13.628549,36800
2019-02-11,16.745329,16.745329,16.597837,16.607670,13.620483,55800
2019-02-12,16.755163,16.764996,16.652901,16.686333,13.684999,30400
2019-02-13,16.715832,16.794493,16.715832,16.764996,13.749514,26300
2019-02-14,16.745329,16.755163,16.588003,16.607670,13.757658,25600
2019-02-15,16.715832,16.715832,16.607670,16.647001,13.790239,14300
2019-02-19,16.656834,16.673550,16.588003,16.588003,13.741369,41900
2019-02-20,16.588003,16.696165,16.579155,16.597837,13.749516,27800
2019-02-21,16.662733,16.662733,16.580137,16.588003,13.741369,17300
2019-02-22,16.715832,16.715832,16.642084,16.676500,13.814675,18600
2019-02-25,16.784660,16.784660,16.538839,16.578171,13.733223,45400
2019-02-26,16.529007,16.627335,16.519175,16.538839,13.700641,27100
2019-02-27,16.582104,16.597837,16.519175,16.538839,13.700641,23100
2019-02-28,16.627335,16.627335,16.534906,16.558506,13.716933,33200
2019-03-01,16.568338,16.656834,16.558506,16.617502,13.765805,24100
2019-03-04,16.617502,16.676500,16.548672,16.568338,13.725080,18200
2019-03-05,16.568338,16.597837,16.568338,16.568338,13.725080,8900
2019-03-06,16.548672,16.617502,16.470011,16.470011,13.643626,21300
2019-03-07,16.460176,16.489676,16.401180,16.430679,13.611045,38900
2019-03-08,16.391348,16.440512,16.391348,16.391348,13.578460,22800
2019-03-11,16.371681,16.538839,16.371681,16.470011,13.643626,38100
2019-03-12,16.420845,16.568338,16.420845,16.489676,13.659916,43700
2019-03-13,16.509340,16.615536,16.489676,16.607670,13.757658,22400
2019-03-14,16.558506,16.558506,16.440512,16.499508,13.809416,20500
2019-03-15,16.483776,16.578171,16.470011,16.578171,13.875256,21900
2019-03-18,16.538839,16.578171,16.470011,16.515242,13.822586,37200
2019-03-19,16.489676,16.556540,16.381514,16.401180,13.727118,48400
2019-03-20,16.253687,16.395281,16.204523,16.332350,13.669511,42400
2019-03-21,16.368732,16.524090,16.312685,16.509340,13.817645,40200
2019-03-22,16.411013,16.420845,16.337267,16.381514,13.710661,36700
2019-03-25,16.381514,16.386431,16.204523,16.204523,13.562527,35200
2019-03-26,16.232056,16.322517,16.204523,16.234022,13.587214,25200
2019-03-27,16.243855,16.401180,16.175024,16.243855,13.595445,34500
2019-03-28,16.165192,16.243855,16.165192,16.214355,13.570756,18700
2019-03-29,16.214355,16.306786,16.213373,16.224188,13.578985,29500
2019-04-01,16.312685,16.401180,16.243855,16.332350,13.669511,47400
2019-04-02,16.283186,16.401180,16.283186,16.332350,13.669511,43700
2019-04-03,16.371681,16.443460,16.371681,16.401180,13.727118,40400
2019-04-04,16.529007,16.578171,16.401180,16.450344,13.768270,46600
2019-04-05,16.470011,16.597837,16.411013,16.509340,13.817645,24600
2019-04-08,16.548672,16.548672,16.470993,16.519175,13.825875,31800
2019-04-09,16.590954,16.597837,16.470011,16.499508,13.809416,36200
2019-04-10,16.499508,16.597837,16.499508,16.548672,13.850562,27000
2019-04-11,16.616520,16.715832,16.558506,16.715832,13.990469,58900
2019-04-12,16.764996,16.774828,16.657818,16.750246,14.019276,48400
2019-04-15,16.764996,16.843658,16.730579,16.814159,14.072765,59400
2019-04-16,16.833824,16.882990,16.833824,16.873156,14.122145,52100
2019-04-17,16.725664,16.764996,16.666666,16.735497,14.149488,34400
2019-04-18,16.686333,16.764996,16.676500,16.725664,14.141173,26800
2019-04-22,16.814159,16.814159,16.519175,16.607670,14.041412,47500
2019-04-23,16.627335,16.647001,16.479843,16.499508,13.949964,32300
2019-04-24,16.588003,16.604719,16.524090,16.558506,13.999847,19200
2019-04-25,16.666666,16.676500,16.519175,16.568338,14.008162,30800
2019-04-26,16.617502,16.695183,16.538839,16.548672,13.991529,14500
2019-04-29,16.578171,16.637169,16.554573,16.637169,14.066356,14700
2019-04-30,16.627335,16.627335,16.578171,16.607670,14.041412,46700
2019-05-01,16.607670,16.725664,16.558506,16.725664,14.141173,29700
2019-05-02,16.666666,16.794493,16.666666,16.764996,14.174428,50300
2019-05-03,16.755163,16.912487,16.715832,16.912487,14.299130,57200
2019-05-06,16.705997,16.991150,16.705997,16.961653,14.340698,54400
2019-05-07,16.991150,16.991150,16.666666,16.676500,14.099605,58300
2019-05-08,16.676500,16.767944,16.529007,16.637169,14.066356,49000
2019-05-09,16.470011,16.592920,16.440512,16.499508,13.949964,34000
2019-05-10,16.531958,16.745329,16.531958,16.666666,14.091292,11400
2019-05-13,16.656834,16.663717,16.479843,16.489676,13.941650,27500
2019-05-14,16.578171,16.686333,16.499508,16.637169,14.066356,41200
2019-05-15,16.715832,16.764996,16.617502,16.705997,14.124548,64700
2019-05-16,16.666666,16.882990,16.519175,16.882990,14.420938,76800
2019-05-17,16.863323,16.912487,16.715832,16.764996,14.320149,46200
2019-05-20,16.794493,16.932154,16.676500,16.723698,14.284876,29200
2019-05-21,16.705997,16.774828,16.656834,16.774828,14.328549,13100
2019-05-22,16.705997,16.863323,16.618486,16.676500,14.244558,17900
2019-05-23,16.607670,16.656834,16.529007,16.597837,14.177370,36900
2019-05-24,16.618486,16.666666,16.549656,16.656834,14.227760,9400
2019-05-28,16.666666,16.705997,16.549656,16.568338,14.152173,23400
2019-05-29,16.538839,16.666666,16.253687,16.352016,13.967397,66600
2019-05-30,16.401180,16.548672,16.401180,16.519175,14.110175,18500
2019-05-31,16.519175,16.568338,16.165192,16.253687,13.883405,28500
2019-06-03,16.263519,16.509340,16.224188,16.293018,13.917003,34800
2019-06-04,16.489676,16.638151,16.410030,16.499508,14.093377,23100
2019-06-05,16.532940,16.641102,16.462143,16.519175,14.110175,21600
2019-06-06,16.656834,16.666666,16.506392,16.666666,14.236159,24500
2019-06-07,16.696165,16.833824,16.647001,16.715832,14.278155,22700
2019-06-10,16.863323,16.863323,16.660767,16.705997,14.269756,32000
2019-06-11,16.745329,16.764996,16.637169,16.764996,14.320149,21100
2019-06-12,16.715832,16.804327,16.656834,16.764996,14.320149,16900
2019-06-13,16.715832,16.735497,16.668633,16.676500,14.390479,36900
2019-06-14,16.623402,16.725664,16.596853,16.725664,14.432908,18200
2019-06-17,16.725664,16.735497,16.647001,16.715832,14.424421,20100
2019-06-18,16.784660,16.839725,16.686333,16.686333,14.398967,16900
2019-06-19,16.843658,16.843658,16.745329,16.794493,14.492297,16300
2019-06-20,16.892822,16.892822,16.715832,16.715832,14.424421,18700
2019-06-21,16.851524,16.853491,16.770895,16.784660,14.483813,8000
2019-06-24,16.755163,16.902655,16.735497,16.823992,14.517755,24600
2019-06-25,16.805309,16.805309,16.686333,16.686333,14.398967,20000
2019-06-26,16.766962,16.774828,16.568338,16.774828,14.475332,19400
2019-06-27,16.764996,16.819077,16.558506,16.656834,14.373510,34300
2019-06-28,16.774828,16.823992,16.715832,16.759096,14.461760,19600
2019-07-01,16.804327,17.079645,16.804327,16.912487,14.594122,30600
2019-07-02,17.079645,17.079645,16.863323,16.902655,14.585638,26300
2019-07-03,16.892822,16.902655,16.857424,16.902655,14.585638,4800
2019-07-05,16.882990,17.000984,16.856440,16.951818,14.628060,36500
2019-07-08,16.873156,17.109144,16.873156,17.010817,14.678972,60900
2019-07-09,16.961653,17.148476,16.961653,17.059980,14.721395,21900
2019-07-10,17.305801,17.305801,17.109144,17.197639,14.840184,31800
2019-07-11,17.256638,17.453295,17.245821,17.295969,14.925034,56000
2019-07-12,17.394297,17.443460,17.109144,17.172075,14.818123,42600
2019-07-15,17.207474,17.375614,17.207474,17.305801,14.933517,57500
2019-07-16,17.138643,17.138643,16.941986,17.109144,14.910290,35200
2019-07-17,17.118977,17.197639,16.853491,16.941986,14.764615,129500
2019-07-18,17.030481,17.048182,16.892822,16.922321,14.747474,14900
2019-07-19,16.971485,17.020649,16.843658,16.912487,14.738907,29000
2019-07-22,16.961653,16.991150,16.881023,16.912487,14.738907,28700
2019-07-23,17.020649,17.102262,16.882990,16.882990,14.713199,35100
2019-07-24,16.863323,16.954769,16.863323,16.892822,14.721767,24400
2019-07-25,16.912487,16.959686,16.794493,16.814159,14.653213,47600
2019-07-26,16.784660,17.089479,16.784660,16.823992,14.661782,26600
2019-07-29,16.823992,17.121927,16.823992,16.922321,14.747474,26700
2019-07-30,16.922321,17.089479,16.833824,17.059980,14.867443,19500
2019-07-31,17.177975,17.177975,16.991150,17.089479,14.893152,18200
2019-08-01,17.109144,17.187807,16.873156,17.000984,14.816031,51900
2019-08-02,16.971485,17.008850,16.823992,16.961653,14.781754,22600
2019-08-05,16.873156,16.951818,16.696165,16.823992,14.661782,58600
2019-08-06,16.902655,16.912487,16.843658,16.873156,14.704629,30600
2019-08-07,16.764996,17.095379,16.686333,16.696165,14.550385,24200
2019-08-08,16.882990,16.892822,16.676500,16.725664,14.576094,24200
2019-08-09,16.776794,16.824976,16.705997,16.725664,14.576094,19300
2019-08-12,16.755163,16.755163,16.676500,16.686333,14.541816,14900
2019-08-13,16.715832,16.849558,16.715832,16.715832,14.567523,33900
2019-08-14,16.460176,16.733530,16.460176,16.470011,14.500770,45700
2019-08-15,16.440512,16.552607,16.352016,16.420845,14.457480,29300
2019-08-16,16.352016,16.548672,16.352016,16.450344,14.483453,9500
2019-08-19,16.460176,16.627335,16.440512,16.529007,14.552710,25700
2019-08-20,16.578171,16.666666,16.460176,16.666666,14.673910,14700
2019-08-21,16.666666,16.701082,16.597837,16.686333,14.691225,22800
2019-08-22,16.637169,16.686333,16.529007,16.548672,14.570022,22000
2019-08-23,16.577188,16.637169,16.529007,16.597837,14.613312,10100
2019-08-26,16.617502,16.617502,16.531958,16.578171,14.595996,15300
2019-08-27,16.637169,16.681416,16.529007,16.597837,14.613312,19800
2019-08-28,16.666666,16.715832,16.440512,16.470011,14.500770,44900
2019-08-29,16.381514,16.457228,16.361849,16.450344,14.483453,32100
2019-08-30,16.519175,16.607670,16.411013,16.588003,14.604652,33600
2019-09-03,16.538839,16.647001,16.489676,16.558506,14.578683,36700
2019-09-04,16.705997,16.873156,16.617502,16.873156,14.855712,39000
2019-09-05,16.912487,16.991150,16.877089,16.912487,14.890342,42600
2019-09-06,16.857424,16.918388,16.656834,16.784660,14.777795,34200
2019-09-09,16.814159,16.902655,16.814159,16.853491,14.838396,22600
2019-09-10,16.863323,16.863323,16.784660,16.784660,14.777795,31000
2019-09-11,16.794493,16.863323,16.776794,16.814159,14.803767,15800
2019-09-12,16.863323,17.058014,16.814159,16.981318,14.950942,48400
2019-09-13,17.010817,17.227139,16.941986,17.227139,15.167369,64100
2019-09-16,17.138643,17.138643,16.932154,17.118977,15.222357,33700
2019-09-17,17.158308,17.158308,16.951818,17.118977,15.222357,35000
2019-09-18,17.118977,17.168142,17.081612,17.138643,15.239843,25700
2019-09-19,17.158308,17.235989,17.129793,17.227139,15.318535,18600
2019-09-20,17.217306,17.315634,17.173058,17.305801,15.388482,24300
2019-09-23,16.932154,17.059980,16.519175,16.656834,14.811414,216500
2019-09-24,16.666666,16.804327,16.588003,16.764996,14.907592,70500
2019-09-25,16.715832,17.148476,16.715832,16.843658,14.977543,151400
2019-09-26,16.853491,16.961653,16.742380,16.853491,14.986283,225300
2019-09-27,16.705997,16.992134,16.607670,16.696165,14.846390,33100
2019-09-30,16.647001,17.128811,16.519175,17.000984,15.117437,121600
2019-10-01,17.200001,17.200001,16.850000,16.850000,14.983180,63800
2019-10-02,16.850000,16.950001,16.549999,16.549999,14.716417,226700
2019-10-03,16.620001,17.049999,16.580999,17.010000,15.125454,60900
2019-10-04,17.000000,17.082001,16.898001,16.910000,15.036532,52300
2019-10-07,16.809000,16.900000,16.770000,16.900000,15.027638,62500
2019-10-08,16.940001,16.940001,16.760000,16.920000,15.045425,76900
2019-10-09,16.920000,17.000000,16.799999,16.980000,15.098778,84500
2019-10-10,17.000000,17.120001,16.900000,16.980000,15.098778,57100
2019-10-11,16.900000,16.973000,16.639999,16.969999,15.242490,121700
2019-10-14,16.910000,16.930000,16.719999,16.719999,15.017939,54300
2019-10-15,16.719999,16.799999,16.650000,16.716999,15.015245,56300
2019-10-16,16.650000,16.700001,16.580000,16.610001,14.919137,106600
2019-10-17,16.750000,16.750000,16.400000,16.510000,14.829317,96100
2019-10-18,16.459999,16.480000,16.400000,16.459999,14.784408,55000
2019-10-21,16.480000,16.559999,16.090000,16.320000,14.658659,184100
2019-10-22,16.299999,16.600000,16.299999,16.590000,14.901172,132600
2019-10-23,16.590000,16.690001,16.420000,16.500000,14.820335,64900
2019-10-24,16.549999,16.549999,16.299999,16.500000,14.820335,98800
2019-10-25,16.500000,16.520000,16.399000,16.469999,14.793389,79600
2019-10-28,16.500000,16.500000,16.280001,16.360001,14.694589,57200
2019-10-29,16.389999,16.400000,16.240000,16.309999,14.649675,32100
2019-10-30,16.400000,16.400000,16.280001,16.320000,14.658659,66500
2019-10-31,16.309999,16.379999,16.270000,16.320000,14.658659,88700
2019-11-01,16.350000,16.400000,16.299999,16.389999,14.721534,44900
2019-11-04,16.440001,16.570000,16.389999,16.570000,14.883208,98000
2019-11-05,16.590000,16.590000,16.420000,16.500000,14.820335,111300
2019-11-06,16.520000,16.523001,16.415001,16.469999,14.793389,39000
2019-11-07,16.469999,16.469999,16.400000,16.420000,14.748478,44800
2019-11-08,16.400000,16.400000,16.250000,16.340000,14.676622,174800
2019-11-11,16.260000,16.341000,16.260000,16.299999,14.640694,100200
2019-11-12,16.320000,16.320000,16.250000,16.260000,14.604768,76500
2019-11-13,16.290001,16.360001,16.240000,16.290001,14.631714,73600
2019-11-14,16.150000,16.230000,16.110001,16.110001,14.622636,68300
2019-11-15,16.139999,16.139999,16.070000,16.080000,14.595404,111300
2019-11-18,16.090000,16.090000,16.025999,16.049999,14.568174,82600
2019-11-19,16.145000,16.150000,16.030001,16.059999,14.577251,42700
2019-11-20,16.040001,16.100000,16.020000,16.020000,14.540945,30500
2019-11-21,16.040001,16.110001,15.990000,16.000000,14.522792,34900
2019-11-22,16.010000,16.055000,15.990000,15.990000,14.513713,22600
2019-11-25,16.000000,16.018000,15.980000,16.000000,14.522792,61500
2019-11-26,16.020000,16.110001,16.000000,16.090000,14.604482,87900
2019-11-27,16.040001,16.153999,16.040001,16.100000,14.613559,37100
2019-11-29,16.110001,16.200001,16.070000,16.090000,14.604482,24600
2019-12-02,16.070000,16.122999,16.040001,16.070000,14.586329,40200
2019-12-03,16.040001,16.150000,16.000000,16.080000,14.595404,55700
2019-12-04,16.120001,16.150000,16.059999,16.120001,14.631713,29300
2019-12-05,16.120001,16.170000,16.080000,16.129999,14.640788,33000
2019-12-06,16.080000,16.270000,16.080000,16.270000,14.767863,65900
2019-12-09,16.170000,16.299999,16.170000,16.299999,14.795094,48700
2019-12-10,16.299999,16.299999,16.120001,16.190001,14.695250,39800
2019-12-11,16.150000,16.299999,16.150000,16.290001,14.786017,30900
2019-12-12,16.350000,16.389999,16.230000,16.280001,14.776940,32700
2019-12-13,16.299999,16.299999,16.240000,16.240000,14.740633,31700
2019-12-16,15.970000,16.129999,15.850000,16.010000,14.685596,91600
2019-12-17,16.070000,16.090000,15.940000,16.059999,14.731461,65800
2019-12-18,16.100000,16.160000,16.040001,16.150000,14.814015,105500
2019-12-19,16.110001,16.150000,16.059999,16.090000,14.758980,87900
2019-12-20,16.049999,16.200001,16.010000,16.120001,14.786497,74100
2019-12-23,16.120001,16.209999,16.098000,16.180000,14.841534,73300
2019-12-24,16.190001,16.250000,16.163000,16.190001,14.850707,36400
2019-12-26,16.150000,16.299999,16.150000,16.250000,14.905744,50400
2019-12-27,16.290001,16.379999,16.209000,16.299999,14.951606,60300
2019-12-30,16.350000,16.379999,16.299999,16.299999,14.951606,68000
2019-12-31,16.299999,16.379999,16.299999,16.320000,14.969953,54600
2020-01-02,16.379999,16.450001,16.326000,16.360001,15.006644,45000
2020-01-03,16.389999,16.450001,16.299999,16.389999,15.034162,48800
2020-01-06,16.430000,16.600000,16.389999,16.559999,15.190099,83400
2020-01-07,16.559999,16.639999,16.549999,16.639999,15.263479,86300
2020-01-08,16.639999,16.770000,16.600000,16.709999,15.327689,50900
2020-01-09,16.709999,16.860001,16.709999,16.790001,15.401073,72700
2020-01-10,16.770000,16.930000,16.770000,16.910000,15.511145,34900
2020-01-13,16.930000,17.020000,16.910000,17.010000,15.602873,63600
2020-01-14,17.070000,17.070000,17.000000,17.030001,15.621219,68800
2020-01-15,16.910000,17.100000,16.900000,17.010000,15.602873,111800
2020-01-16,16.850000,17.010000,16.850000,17.010000,15.769748,63100
2020-01-17,17.000000,17.030001,16.959999,16.959999,15.723393,45100
2020-01-21,16.900000,16.959999,16.850000,16.920000,15.686312,54400
2020-01-22,16.920000,17.040001,16.920000,16.990000,15.751206,41100
2020-01-23,17.030001,17.030001,16.930000,17.020000,15.779020,43100
2020-01-24,17.020000,17.040001,16.965000,17.020000,15.779020,47900
2020-01-27,16.910000,16.910000,16.770000,16.830000,15.602873,53700
2020-01-28,16.840000,16.840000,16.680000,16.680000,15.463812,51000
2020-01-29,16.650000,16.750000,16.530001,16.740000,15.519436,47400
2020-01-30,16.680000,16.790001,16.680000,16.750000,15.528708,48100
2020-01-31,16.799999,16.799999,16.760000,16.790001,15.565792,81300
2020-02-03,16.789000,17.000000,16.789000,16.895000,15.663135,40900
2020-02-04,16.900000,16.930000,16.889999,16.889999,15.658498,48300
2020-02-05,16.900000,17.020000,16.881001,17.020000,15.779020,45900
2020-02-06,17.020000,17.080000,17.000000,17.070000,15.825373,82300
2020-02-07,17.080000,17.110001,17.049999,17.100000,15.853187,49100
2020-02-10,17.139999,17.195999,17.059999,17.180000,15.927356,53900
2020-02-11,17.200001,17.209999,17.150000,17.172001,15.919938,40900
2020-02-12,17.180000,17.219999,17.172001,17.200001,15.945897,52700
2020-02-13,17.020000,17.040001,16.700001,16.770000,15.711674,145200
2020-02-14,16.770000,16.830000,16.719999,16.790001,15.730413,54700
2020-02-18,16.799999,16.799999,16.600000,16.700001,15.646091,75300
2020-02-19,16.709999,16.860001,16.702999,16.840000,15.777256,56500
2020-02-20,16.820000,16.920000,16.820000,16.920000,15.852207,48500
2020-02-21,16.900000,16.950001,16.900000,16.940001,15.870944,52600
2020-02-24,16.750000,16.750000,16.469999,16.549999,15.505557,132700
2020-02-25,16.580000,16.618999,16.160000,16.219999,15.196381,118600
2020-02-26,16.290001,16.531000,16.250000,16.260000,15.233859,68600
2020-02-27,16.120001,16.120001,15.300000,15.660000,14.671723,208400
2020-02-28,15.410000,15.620000,14.810000,15.300000,14.334442,197300
2020-03-02,15.340000,16.240000,15.340000,15.840000,14.840364,149800
2020-03-03,15.840000,16.570000,15.840000,15.922000,14.917190,94800
2020-03-04,16.000000,16.400000,16.000000,16.350000,15.318179,42800
2020-03-05,16.230000,16.270000,15.940000,16.080000,15.065219,97100
2020-03-06,15.960000,16.025000,15.742000,15.890000,14.887210,56700
2020-03-09,15.100000,15.250000,14.834000,14.930000,13.987794,135900
2020-03-10,15.100000,15.290000,14.800000,14.890000,13.950318,83800
2020-03-11,14.550000,14.850000,14.160000,14.160000,13.266385,64000
2020-03-12,13.330000,13.330000,10.330000,12.620000,11.823573,164100
2020-03-13,12.930000,13.320000,12.810000,13.150000,12.320126,87300
2020-03-16,12.150000,12.250000,11.230000,11.350000,10.781297,106900
2020-03-17,11.400000,11.710000,11.050000,11.410000,10.838291,101900
2020-03-18,10.600000,10.997000,9.010000,9.640000,9.156979,385200
2020-03-19,9.260000,10.930000,8.650000,10.920000,10.372844,264600
2020-03-20,11.000000,11.300000,10.650000,11.160000,10.600818,379600
2020-03-23,10.880000,10.880000,8.900000,9.570000,9.090486,281200
2020-03-24,10.010000,10.550000,9.950000,10.470000,9.945390,243700
2020-03-25,10.520000,11.680000,10.520000,11.640000,11.056767,101200
2020-03-26,11.800000,12.932000,11.720000,12.470000,11.845179,114400
2020-03-27,12.270000,12.310000,11.950000,12.060000,11.455722,107000
2020-03-30,12.000000,12.150000,11.943000,12.150000,11.541212,88000
2020-03-31,12.460000,12.560000,12.240000,12.420000,11.797684,87300
2020-04-01,12.120000,12.240000,11.550000,11.720000,11.132758,111000
2020-04-02,11.970000,11.970000,11.558000,11.910000,11.313237,46000
2020-04-03,12.000000,12.000000,11.470000,11.670000,11.085263,32200
2020-04-06,11.860000,12.350000,11.860000,12.210000,11.598206,95700
2020-04-07,12.620000,12.838000,12.440000,12.470000,11.845179,80000
2020-04-08,12.710000,13.004000,12.595000,12.780000,12.139645,118600
2020-04-09,13.050000,13.590000,13.050000,13.260000,12.595594,117600
2020-04-13,13.550000,13.641000,12.730000,13.250000,12.586096,89200
2020-04-14,13.550000,13.860000,13.320000,13.450000,12.776074,112900
2020-04-15,12.860000,13.503000,12.696000,12.950000,12.467985,46100
2020-04-16,13.438000,13.438000,12.735000,12.750000,12.275430,36100
2020-04-17,12.900000,13.353000,12.900000,13.050000,12.564263,25200
2020-04-20,13.080000,13.099000,12.670000,12.670000,12.198408,45500
2020-04-21,12.270000,12.400000,12.100000,12.360000,11.899945,78500
2020-04-22,12.400000,12.650000,12.400000,12.590000,12.121385,40700
2020-04-23,12.610000,12.830000,12.540000,12.670000,12.198408,108100
2020-04-24,12.840000,12.840000,12.620000,12.760000,12.285058,29500
2020-04-27,12.780000,12.890000,12.630000,12.890000,12.410218,54200
2020-04-28,12.900000,12.900000,12.600000,12.885000,12.405405,42100
2020-04-29,12.900000,13.280000,12.867000,13.250000,12.756820,93000
2020-04-30,13.240000,13.340000,13.140000,13.320000,12.824213,121100
2020-05-01,13.250000,13.400000,13.025000,13.120000,12.631658,66600
2020-05-04,12.880000,13.080000,12.710000,13.080000,12.593146,52900
2020-05-05,12.970000,13.160000,12.970000,13.120000,12.631658,53900
2020-05-06,13.040000,13.160000,13.040000,13.140000,12.650914,43700
2020-05-07,13.200000,13.280000,13.200000,13.260000,12.766447,27900
2020-05-08,13.270000,13.360000,13.250000,13.290000,12.795330,41500
2020-05-11,13.110000,13.550000,13.110000,13.520000,13.016769,60400
2020-05-12,13.620000,13.700000,13.450000,13.600000,13.093792,47300
2020-05-13,13.570000,13.670000,12.850000,12.960000,12.477613,137400
2020-05-14,12.630000,12.750000,12.520000,12.680000,12.379979,130600
2020-05-15,12.570000,12.890000,12.570000,12.890000,12.585011,19900
2020-05-18,12.900000,13.250000,12.900000,13.030000,12.721698,92100
2020-05-19,13.150000,13.250000,13.020000,13.240000,12.926729,101300
2020-05-20,13.250000,13.250000,13.150000,13.240000,12.926729,93700
2020-05-21,13.160000,13.280000,13.160000,13.240000,12.926729,79300
2020-05-22,13.210000,13.250000,13.160000,13.240000,12.926729,83500
2020-05-26,13.300000,13.413000,13.281000,13.320000,13.004836,76900
2020-05-27,13.410000,13.560000,13.360000,13.550000,13.229394,38900
2020-05-28,13.610000,13.810000,13.491000,13.720000,13.395372,70500
2020-05-29,13.850000,14.000000,13.720000,14.000000,13.668747,55500
2020-06-01,14.000000,14.240000,13.960000,14.240000,13.903069,82000
2020-06-02,14.240000,14.580000,14.223000,14.520000,14.176443,105300
2020-06-03,14.680000,14.860000,14.620000,14.790000,14.440055,139900
2020-06-04,14.700000,14.750000,14.420000,14.620000,14.274076,76900
2020-06-05,14.780000,14.910000,14.697000,14.730000,14.381474,60100
2020-06-08,14.890000,15.210000,14.815000,15.020000,14.664613,84400
2020-06-09,15.030000,15.180000,15.000000,15.070000,14.713429,60300
2020-06-10,15.150000,15.230000,15.000000,15.210000,14.850118,54000
2020-06-11,14.520000,14.830000,13.910000,13.960000,13.629693,180800
2020-06-12,15.250000,15.400000,14.350000,14.840000,14.488873,101200
2020-06-15,14.140000,14.440000,14.140000,14.300000,14.133074,83600
2020-06-16,14.530000,14.739000,14.330000,14.410000,14.241790,28200
2020-06-17,14.410000,14.870000,14.410000,14.630000,14.459222,51100
2020-06-18,14.730000,14.800000,14.550000,14.680000,14.508638,50000
2020-06-19,14.795000,14.840000,14.600000,14.770000,14.597588,35400
2020-06-22,14.750000,14.900000,14.675000,14.900000,14.726069,19900
2020-06-23,14.900000,15.120000,14.882000,15.050000,14.874319,34200
2020-06-24,14.920000,15.000000,14.740000,14.950000,14.775486,53400
2020-06-25,14.886000,15.100000,14.750000,15.040000,14.864436,48400
2020-06-26,15.160000,15.160000,14.370000,14.550000,14.380156,71900
2020-06-29,14.500000,14.780000,14.170000,14.600000,14.429572,50200
2020-06-30,14.770000,14.947000,14.490000,14.840000,14.666771,37700
2020-07-01,14.940000,15.200000,14.872000,14.935000,14.760662,50000
2020-07-02,15.090000,15.350000,14.960000,15.070000,14.894085,140700
2020-07-06,15.280000,15.340000,14.840000,15.330000,15.151051,70800
2020-07-07,15.350000,15.450000,15.150000,15.400000,15.220233,48100
2020-07-08,15.320000,15.400000,15.270000,15.300000,15.121401,41200
2020-07-09,15.170000,15.337000,14.913000,15.140000,14.963269,91100
2020-07-10,15.210000,15.300000,15.110000,15.300000,15.121401,33100
2020-07-13,15.330000,15.540000,15.260000,15.320000,15.141167,60800
2020-07-14,15.370000,15.370000,15.130000,15.350000,15.170817,34000
2020-07-15,15.300000,15.550000,15.300000,15.420000,15.240000,62200
2020-07-16,15.180000,15.330000,15.070000,15.290000,15.290000,23300
2020-07-17,15.250000,15.370000,15.115000,15.350000,15.350000,29400
2020-07-20,15.260000,15.480000,15.010000,15.140000,15.140000,53400
2020-07-21,15.090000,15.300000,15.080000,15.080000,15.080000,31600
2020-07-22,15.030000,15.080000,14.885000,14.950000,14.950000,45500
2020-07-23,15.000000,15.125000,14.780000,14.820000,14.820000,39500