Date,Open,High,Low,Close,Adj Close,Volume
2019-07-02,13.320000,13.700000,13.320000,13.650000,13.589440,2655000
2019-07-03,13.650000,13.650000,13.550000,13.590000,13.529707,311200
2019-07-05,13.560000,13.650000,13.450000,13.650000,13.589440,444400
2019-07-08,13.590000,13.590000,13.440000,13.450000,13.390328,299200
2019-07-09,13.464000,13.590000,13.400000,13.500000,13.440106,268300
2019-07-10,13.540000,13.540000,13.400000,13.410000,13.350506,367600
2019-07-11,13.460000,13.500000,13.350000,13.400000,13.340549,292900
2019-07-12,13.400000,13.410000,13.350000,13.385000,13.325617,225800
2019-07-15,13.350000,13.370000,13.210000,13.210000,13.151393,252300
2019-07-16,13.250000,13.269000,13.110000,13.180000,13.121527,308400
2019-07-17,13.150000,13.160000,13.050000,13.130000,13.071748,218900
2019-07-18,13.100000,13.150000,13.060000,13.110000,13.051836,160300
2019-07-19,13.145000,13.230000,13.090000,13.100000,13.041882,103100
2019-07-22,13.140000,13.140000,12.960000,13.010000,12.952281,204300
2019-07-23,13.010000,13.100000,13.010000,13.060000,13.002059,79800
2019-07-24,13.060000,13.062000,13.000000,13.020000,12.962236,35900
2019-07-25,13.021000,13.050000,13.000000,13.000000,12.942325,47500
2019-07-26,13.010000,13.020000,12.990000,13.000000,12.942325,62100
2019-07-29,13.030000,13.050000,13.000000,13.020000,12.962236,55500
2019-07-30,13.020000,13.150000,13.000000,13.100000,13.041882,89600
2019-07-31,13.140000,13.250000,13.125000,13.200000,13.141438,55500
2019-08-01,13.214000,13.350000,13.160000,13.230000,13.171304,39600
2019-08-02,13.197000,13.350000,13.060000,13.290000,13.231038,47000
2019-08-05,13.320000,13.320000,13.120000,13.310000,13.250950,76500
2019-08-06,13.300000,13.340000,13.230000,13.340000,13.280816,62600
2019-08-07,13.300000,13.300000,13.140000,13.290000,13.231038,49600
2019-08-08,13.300000,13.300000,13.160000,13.250000,13.191216,32100
2019-08-09,13.300000,13.490000,13.220000,13.410000,13.350506,58800
2019-08-12,13.210000,13.490000,13.210000,13.350000,13.290772,60600
2019-08-13,13.300000,13.450000,13.190000,13.400000,13.340549,27600
2019-08-14,13.400000,13.400000,13.120000,13.250000,13.191216,56100
2019-08-15,13.120000,13.200000,12.970000,12.990000,12.932369,78000
2019-08-16,13.000000,13.400000,12.958000,13.080000,13.021970,43000
2019-08-19,13.210000,13.250000,13.067000,13.230000,13.171304,75200
2019-08-20,13.240000,13.350000,13.130000,13.330000,13.270861,96300
2019-08-21,13.340000,13.340000,13.130000,13.270000,13.211127,33100
2019-08-22,13.280000,13.350000,13.160000,13.350000,13.290772,60500
2019-08-23,13.190000,13.335000,13.180000,13.240000,13.181260,14200
2019-08-26,13.180000,13.275000,13.020000,13.050000,12.992104,76500
2019-08-27,13.050000,13.190000,12.930000,12.950000,12.892547,91000
2019-08-28,12.950000,13.190000,12.950000,13.190000,13.131481,48200
2019-08-29,13.190000,13.260000,13.040000,13.200000,13.141438,55400
2019-08-30,13.230000,13.230000,13.060000,13.180000,13.121527,67000
2019-09-03,13.010000,13.180000,12.750000,12.810000,12.753168,96800
2019-09-04,12.900000,13.010000,12.800000,13.000000,12.942325,29800
2019-09-05,13.060000,13.200000,12.980000,13.100000,13.041882,50800
2019-09-06,13.040000,13.150000,12.990000,13.150000,13.091659,66200
2019-09-09,13.095000,13.450000,13.015000,13.420000,13.360461,252500
2019-09-10,13.430000,13.550000,13.295000,13.350000,13.290772,155700
2019-09-11,13.390000,13.550000,13.310000,13.470000,13.410240,89300
2019-09-12,13.530000,13.560000,13.430000,13.510000,13.450063,93000
2019-09-13,13.520000,13.580000,13.420000,13.460000,13.400284,110700
2019-09-16,13.420000,13.790000,13.370000,13.740000,13.679042,205000
2019-09-17,13.555000,14.020000,13.555000,14.020000,13.957800,241300
2019-09-18,13.980000,14.050000,13.570000,13.930000,13.868199,311900
2019-09-19,13.960000,14.090000,13.815000,13.930000,13.868199,283200
2019-09-20,13.910000,14.070000,13.820000,14.050000,13.987667,1758900
2019-09-23,14.060000,14.060000,13.870000,13.900000,13.838331,100100
2019-09-24,13.820000,14.000000,13.760000,13.900000,13.838331,162000
2019-09-25,13.850000,13.900000,13.710000,13.840000,13.778598,81600
2019-09-26,13.880000,13.880000,13.660000,13.740000,13.679042,38000
2019-09-27,13.780000,13.940000,13.780000,13.870000,13.808465,56500
2019-09-30,13.870000,13.995000,13.860000,13.990000,13.927933,136800
2019-10-01,13.940000,14.000000,13.500000,13.540000,13.479929,100100
2019-10-02,13.530000,13.800000,13.530000,13.770000,13.708909,43000
2019-10-03,13.730000,13.930000,13.520000,13.790000,13.728820,47700
2019-10-04,13.820000,13.870000,13.660000,13.830000,13.768642,18800
2019-10-07,13.810000,13.895000,13.670000,13.710000,13.649175,45700
2019-10-08,13.630000,13.770000,13.470000,13.630000,13.569530,14100
2019-10-09,13.690000,13.690000,13.480000,13.540000,13.479929,20500
2019-10-10,13.550000,13.570000,13.480000,13.550000,13.489885,35300
2019-10-11,13.550000,13.890000,13.480000,13.830000,13.768642,69200
2019-10-14,13.780000,13.780000,13.580000,13.630000,13.569530,40200
2019-10-15,13.670000,13.740000,13.490000,13.720000,13.659131,21200
2019-10-16,13.710000,13.820000,13.705000,13.810000,13.748732,49200
2019-10-17,13.830000,13.950000,13.700000,13.920000,13.858243,62500
2019-10-18,13.860000,13.980000,13.825000,13.960000,13.898066,41300
2019-10-21,13.950000,13.980000,13.875000,13.930000,13.868199,85200
2019-10-22,13.930000,13.980000,13.880000,13.890000,13.828377,42400
2019-10-23,13.940000,13.980000,13.750000,13.860000,13.798509,32300
2019-10-24,13.910000,13.910000,13.760000,13.860000,13.798509,7800
2019-10-25,13.850000,13.980000,13.850000,13.870000,13.808465,103700
2019-10-28,13.900000,13.970000,13.860000,13.940000,13.878154,141900
2019-10-29,13.930000,13.940000,13.830000,13.900000,13.838331,53600
2019-10-30,13.900000,13.940000,13.780000,13.910000,13.848288,30000
2019-10-31,13.890000,13.950000,13.725000,13.950000,13.888110,40500
2019-11-01,13.950000,13.970000,13.835000,13.950000,13.888110,88500
2019-11-04,13.950000,13.950000,13.860000,13.880000,13.818420,74400
2019-11-05,13.930000,13.950000,13.850000,13.930000,13.868199,41000
2019-11-06,13.940000,13.950000,13.820000,13.850000,13.788554,58400
2019-11-07,13.890000,13.900000,13.840000,13.890000,13.828377,52200
2019-11-08,13.910000,13.970000,13.890000,13.930000,13.868199,37000
2019-11-11,13.930000,13.980000,13.918000,13.950000,13.888110,41500
2019-11-12,13.950000,13.980000,13.860000,13.910000,13.848288,44000
2019-11-13,13.870000,13.980000,13.850000,13.970000,13.908022,28200
2019-11-14,13.950000,14.000000,13.860000,13.870000,13.808465,43700
2019-11-15,13.940000,14.000000,13.860000,13.970000,13.908022,29600
2019-11-18,13.940000,14.130000,13.900000,14.130000,14.067311,65400
2019-11-19,14.150000,14.410000,14.000000,14.380000,14.316202,29000
2019-11-20,14.350000,14.550000,14.275000,14.490000,14.425714,59100
2019-11-21,14.520000,14.650000,14.187000,14.600000,14.535227,45100
2019-11-22,14.640000,14.800000,14.150000,14.420000,14.356025,17800
2019-11-25,14.350000,14.780000,14.350000,14.740000,14.674605,29900
2019-11-26,14.750000,14.750000,14.560000,14.570000,14.505359,14400
2019-11-27,14.620000,14.650000,14.560000,14.650000,14.585004,25600
2019-11-29,14.650000,14.650000,14.500000,14.510000,14.445626,3600
2019-12-02,14.470000,14.600000,14.360000,14.500000,14.435670,22100
2019-12-03,14.250000,14.480000,14.250000,14.460000,14.395847,15900
2019-12-04,14.460000,14.560000,14.380000,14.500000,14.435670,14300
2019-12-05,14.570000,14.700000,14.380000,14.530000,14.465537,15100
2019-12-06,14.620000,15.000000,14.500000,14.850000,14.784118,29700
2019-12-09,14.680000,15.000000,14.680000,14.870000,14.804029,40900
2019-12-10,14.850000,15.000000,14.770000,14.970000,14.903585,36700
2019-12-11,14.970000,14.970000,14.810000,14.950000,14.883674,8700
2019-12-12,14.980000,15.150000,14.860000,15.150000,15.082786,23400
2019-12-13,15.150000,15.500000,14.980000,15.360000,15.291854,25100
2019-12-16,15.370000,15.500000,15.290000,15.390000,15.321722,27100
2019-12-17,15.310000,15.480000,15.310000,15.380000,15.311766,13400
2019-12-18,15.460000,15.500000,15.360000,15.490000,15.421278,71500
2019-12-19,15.405000,15.650000,15.405000,15.640000,15.570613,85500
2019-12-20,15.670000,15.890000,15.570000,15.570000,15.500922,36000
2019-12-23,15.610000,15.645000,15.430000,15.430000,15.361545,6300
2019-12-24,15.400000,15.400000,15.400000,15.400000,15.331676,1700
2019-12-26,15.350000,15.700000,14.760000,15.600000,15.530790,12000
2019-12-27,15.455000,15.840000,15.455000,15.750000,15.680124,14200
2019-12-30,15.700000,16.000000,15.700000,15.930000,15.859326,22500
2019-12-31,15.980000,16.000000,15.910000,15.960000,15.889193,18000
2020-01-02,16.020000,16.020000,15.762000,15.880000,15.809547,34300
2020-01-03,15.850000,15.930000,15.763000,15.820000,15.749813,13700
2020-01-06,15.760000,15.870000,15.510000,15.790000,15.719947,17000
2020-01-07,15.800000,15.800000,15.550000,15.570000,15.500922,10300
2020-01-08,15.550000,15.790000,15.520000,15.570000,15.500922,11800
2020-01-09,15.600000,15.790000,15.360000,15.460000,15.391411,15900
2020-01-10,15.400000,15.470000,15.060000,15.180000,15.112654,19500
2020-01-13,15.170000,15.205000,15.133000,15.170000,15.102697,19300
2020-01-14,15.170000,15.180000,15.030000,15.040000,14.973274,32500
2020-01-15,14.970000,14.970000,14.790000,14.860000,14.794072,18000
2020-01-16,14.920000,14.950000,14.863000,14.870000,14.804029,17300
2020-01-17,14.970000,15.330000,14.970000,15.000000,14.933452,27800
2020-01-21,15.040000,15.620000,15.040000,15.270000,15.202254,18600
2020-01-22,15.270000,15.580000,15.270000,15.380000,15.311766,18200
2020-01-23,15.220000,15.480000,15.210000,15.330000,15.261988,4700
2020-01-24,15.320000,15.320000,15.320000,15.320000,15.252031,2000
2020-01-27,15.180000,15.490000,15.150000,15.250000,15.182343,32900
2020-01-28,15.420000,15.430000,15.280000,15.290000,15.222165,6200
2020-01-29,15.310000,15.330000,15.180000,15.180000,15.112654,11600
2020-01-30,15.170000,15.300000,15.120000,15.300000,15.232121,12400
2020-01-31,15.230000,15.430000,15.160000,15.210000,15.142520,20400
2020-02-03,15.300000,15.320000,15.100000,15.230000,15.162431,23800
2020-02-04,15.230000,15.280000,15.160000,15.170000,15.102697,16000
2020-02-05,15.260000,15.280000,15.100000,15.240000,15.172387,31200
2020-02-06,15.273000,15.280000,15.210000,15.210000,15.142520,10900
2020-02-07,15.260000,15.280000,15.130000,15.180000,15.112654,24800
2020-02-10,15.231000,15.240000,15.149000,15.220000,15.152476,17200
2020-02-11,15.290000,15.290000,15.143000,15.240000,15.172387,19400
2020-02-12,15.330000,15.400000,15.140000,15.280000,15.212209,26900
2020-02-13,15.320000,15.333000,15.122000,15.250000,15.182343,16800
2020-02-14,15.218000,15.280000,15.160000,15.160000,15.092742,8900
2020-02-18,15.160000,15.190000,15.100000,15.140000,15.072831,12400
2020-02-19,15.085000,15.180000,15.060000,15.140000,15.072831,9100
2020-02-20,15.110000,15.190000,15.050000,15.090000,15.023052,18200
2020-02-21,15.170000,15.170000,15.010000,15.100000,15.033009,17200
2020-02-24,15.010000,15.040000,14.761000,14.800000,14.734339,11900
2020-02-25,14.824000,14.970000,14.590000,14.670000,14.604916,13000
2020-02-26,14.590000,14.630000,14.000000,14.020000,13.957800,17500
2020-02-27,13.780000,13.885000,13.532000,13.550000,13.489885,34300
2020-02-28,13.490000,13.650000,13.350000,13.450000,13.390328,68200
2020-03-02,13.490000,13.780000,13.400000,13.620000,13.559574,48700
2020-03-03,13.840000,13.840000,13.330000,13.490000,13.430151,29800
2020-03-04,13.510000,13.540000,13.280000,13.500000,13.440106,28700
2020-03-05,13.320000,13.640000,12.870000,13.020000,12.962236,34800
2020-03-06,12.800000,13.240000,12.140000,12.950000,12.892547,104300
2020-03-09,12.500000,12.500000,11.440000,11.740000,11.687915,71200
2020-03-10,12.200000,12.260000,11.790000,11.790000,11.737693,58800
2020-03-11,11.780000,11.940000,11.250000,11.400000,11.349422,59300
2020-03-12,11.010000,11.075000,10.500000,10.710000,10.662484,65000
2020-03-13,11.190000,11.940000,11.090000,11.700000,11.648092,43100
2020-03-16,10.730000,11.280000,10.140000,10.700000,10.652529,60800
2020-03-17,10.900000,11.190000,10.650000,11.000000,10.951198,49800
2020-03-18,10.950000,10.980000,9.660000,9.690000,9.647010,57400
2020-03-19,9.770000,9.990000,9.440000,9.900000,9.856078,131000
2020-03-20,9.900000,9.990000,9.360000,9.970000,9.925768,148600
2020-03-23,10.060000,10.060000,8.950000,9.300000,9.258740,69800
2020-03-24,9.550000,10.260000,9.550000,10.260000,10.214481,91700
2020-03-25,10.320000,10.334000,9.980000,10.190000,10.144791,20100
2020-03-26,10.250000,10.870000,10.230000,10.550000,10.503195,71000
2020-03-27,10.500000,10.500000,10.150000,10.150000,10.104969,26500
2020-03-30,10.490000,10.490000,9.970000,10.160000,10.114924,53800
2020-03-31,10.070000,10.250000,10.020000,10.200000,10.154747,63900
2020-04-01,10.010000,10.130000,9.550000,9.550000,9.507631,50200
2020-04-02,9.560000,10.000000,9.560000,9.890000,9.846123,30400
2020-04-03,9.810000,9.810000,9.150000,9.200000,9.159184,47400
2020-04-06,9.550000,9.550000,9.130000,9.480000,9.437941,62800
2020-04-07,9.650000,10.000000,9.530000,9.610000,9.567365,50400
2020-04-08,9.750000,9.990000,9.750000,9.960000,9.915812,59800
2020-04-09,10.150000,10.345000,9.808000,10.070000,10.025324,147300
2020-04-13,10.030000,10.090000,9.610000,9.670000,9.627099,39800
2020-04-14,9.850000,9.970000,9.600000,9.630000,9.587276,28400
2020-04-15,9.500000,9.940000,9.050000,9.610000,9.567365,91100
2020-04-16,9.700000,9.741000,9.210000,9.380000,9.338386,70900
2020-04-17,9.610000,9.910000,9.610000,9.860000,9.816256,48800
2020-04-20,9.710000,9.840000,9.410000,9.490000,9.447897,17000
2020-04-21,9.480000,9.697000,9.120000,9.530000,9.487720,52300
2020-04-22,9.510000,9.850000,9.130000,9.130000,9.089495,33300
2020-04-23,9.130000,9.650000,9.120000,9.290000,9.248784,19300
2020-04-24,9.210000,9.600000,9.200000,9.600000,9.557409,20800
2020-04-27,9.630000,10.520000,9.490000,10.200000,10.154747,47800
2020-04-28,10.420000,10.420000,9.830000,10.170000,10.124881,32700
2020-04-29,10.420000,11.390000,10.300000,11.000000,10.951198,79500
2020-04-30,10.710000,11.150000,10.510000,10.680000,10.632618,36200
2020-05-01,10.620000,10.770000,10.300000,10.410000,10.363815,28100
2020-05-04,10.280000,10.850000,10.280000,10.770000,10.722219,41500
2020-05-05,10.930000,10.990000,10.320000,10.320000,10.274215,14100
2020-05-06,10.340000,10.570000,10.120000,10.200000,10.154747,26700
2020-05-07,10.370000,10.843000,10.210000,10.630000,10.582840,18300
2020-05-08,10.820000,11.000000,10.430000,10.830000,10.781952,23500
2020-05-11,10.700000,10.840000,10.250000,10.300000,10.254304,67500
2020-05-12,10.680000,11.340000,10.080000,10.120000,10.075102,47000
2020-05-13,10.030000,10.095000,9.745000,9.790000,9.746566,76200
2020-05-14,9.590000,9.990000,9.210000,9.970000,9.925768,61500
2020-05-15,9.960000,10.186000,9.510000,10.100000,10.055191,68000
2020-05-18,10.100000,10.740000,10.100000,10.530000,10.483283,50800
2020-05-19,10.410000,10.410000,10.030000,10.070000,10.025324,18900
2020-05-20,10.240000,10.980000,10.010000,10.300000,10.254304,47200
2020-05-21,10.290000,10.340000,10.240000,10.240000,10.194570,39500
2020-05-22,10.300000,10.760000,10.180000,10.640000,10.592795,18700
2020-05-26,10.990000,11.200000,10.590000,11.020000,10.971109,59400
2020-05-27,11.150000,11.600000,10.900000,11.590000,11.538581,44900
2020-05-28,11.620000,11.650000,11.423000,11.490000,11.439024,27800
2020-05-29,11.360000,11.490000,10.940000,11.120000,11.070665,17100
2020-06-01,11.200000,11.500000,11.010000,11.020000,10.971109,24000
2020-06-02,11.240000,11.330000,10.930000,11.270000,11.220000,8100
2020-06-03,11.300000,11.820000,11.300000,11.790000,11.790000,21700
2020-06-04,11.620000,11.810000,11.215000,11.280000,11.280000,5400
2020-06-05,11.680000,12.250000,11.680000,12.230000,12.230000,40100
2020-06-08,12.470000,12.470000,11.610000,11.680000,11.680000,42600
2020-06-09,11.510000,12.240000,11.130000,11.790000,11.790000,34100
2020-06-10,11.690000,11.980000,11.250000,11.590000,11.590000,34800
2020-06-11,11.310000,11.930000,11.150000,11.190000,11.190000,54500
2020-06-12,11.730000,11.730000,11.020000,11.070000,11.070000,37700
2020-06-15,11.000000,11.100000,11.000000,11.100000,11.100000,46800
2020-06-16,11.420000,11.490000,11.110000,11.450000,11.450000,12600
2020-06-17,11.430000,11.430000,11.120000,11.280000,11.280000,11100
2020-06-18,11.120000,11.295000,11.100000,11.180000,11.180000,14300
2020-06-19,11.190000,11.560000,11.100000,11.560000,11.560000,53500
2020-06-22,11.300000,11.575000,11.110000,11.570000,11.570000,13300
2020-06-23,11.700000,11.700000,11.120000,11.180000,11.180000,11800
2020-06-24,11.120000,11.200000,10.920000,11.120000,11.120000,48100
2020-06-25,11.070000,11.330000,11.060000,11.270000,11.270000,13100
2020-06-26,11.170000,11.400000,10.950000,11.400000,11.400000,90700
2020-06-29,11.400000,11.400000,11.110000,11.180000,11.180000,15900
2020-06-30,11.120000,11.490000,11.120000,11.240000,11.240000,22700
2020-07-01,11.160000,11.350000,11.000000,11.020000,11.020000,21000
2020-07-02,11.190000,11.255000,10.930000,11.040000,11.040000,13900
2020-07-06,11.270000,11.270000,10.920000,10.950000,10.950000,16900
2020-07-07,10.950000,11.020000,10.840000,10.840000,10.840000,40900
2020-07-08,10.850000,10.999000,10.630000,10.670000,10.670000,50800
2020-07-09,10.900000,11.060000,10.700000,10.700000,10.700000,35600
2020-07-10,10.710000,11.460000,10.670000,11.350000,11.350000,24400
2020-07-13,11.440000,11.440000,11.020000,11.090000,11.090000,19400
2020-07-14,11.090000,11.090000,10.850000,11.050000,11.050000,18900
2020-07-15,11.050000,11.500000,10.780000,11.380000,11.380000,58500
2020-07-16,11.110000,11.500000,11.060000,11.470000,11.470000,23000
2020-07-17,11.400000,11.750000,11.220000,11.420000,11.420000,50400
2020-07-20,11.330000,11.500000,11.001000,11.270000,11.270000,14000
2020-07-21,11.370000,11.480000,11.150000,11.350000,11.350000,23000
2020-07-22,11.230000,11.350000,11.060000,11.350000,11.350000,14200
2020-07-23,11.350000,11.490000,11.220000,11.280000,11.280000,8600