Date,Open,High,Low,Close,Adj Close,Volume
2016-03-11,10.000000,10.070000,10.000000,10.000000,10.000000,864400
2016-03-14,10.020000,10.030000,9.960000,10.000000,10.000000,119400
2016-03-15,10.000000,10.000000,9.970000,9.980000,9.980000,31500
2016-03-16,9.980000,10.000000,9.970000,9.990000,9.990000,40000
2016-03-17,9.990000,10.079000,9.990000,9.990000,9.990000,2300
2016-03-18,10.042000,10.042000,9.980000,9.980000,9.980000,7100
2016-03-21,9.980000,10.030000,9.980000,9.980000,9.980000,44400
2016-03-22,10.030000,10.030000,10.020000,10.020000,10.020000,2300
2016-03-23,9.980000,10.040000,9.980000,9.990000,9.990000,5500
2016-03-24,10.030000,10.030000,9.980000,9.990000,9.990000,51100
2016-03-28,10.030000,10.040000,10.030000,10.040000,10.040000,20100
2016-03-29,10.080000,10.100000,10.038000,10.050000,10.050000,30800
2016-03-30,10.060000,10.060000,10.050000,10.050000,10.050000,2700
2016-03-31,10.065000,10.065000,10.060000,10.060000,10.060000,2900
2016-04-01,10.090000,10.100000,10.045000,10.050000,10.050000,33800
2016-04-04,10.090000,10.090000,10.040000,10.040000,10.040000,400
2016-04-05,10.100000,10.100000,10.070000,10.090000,10.090000,21600
2016-04-06,10.100000,10.100000,10.086000,10.089000,10.089000,9600
2016-04-07,10.100000,10.130000,10.060000,10.130000,10.130000,18000
2016-04-08,10.094000,10.094000,10.094000,10.094000,10.094000,1000
2016-04-11,10.070000,10.080000,10.070000,10.070000,10.070000,8000
2016-04-12,10.040000,10.110000,10.040000,10.110000,10.110000,21900
2016-04-13,10.100000,10.120000,10.100000,10.120000,10.120000,1800
2016-04-14,10.100000,10.100000,10.100000,10.100000,10.100000,4900
2016-04-15,10.030000,10.100000,10.030000,10.100000,10.100000,3400
2016-04-18,10.040000,10.120000,10.040000,10.120000,10.120000,300
2016-04-19,10.120000,10.120000,10.120000,10.120000,10.120000,2000
2016-04-20,10.060000,10.120000,10.060000,10.120000,10.120000,1400
2016-04-21,10.120000,10.120000,10.070000,10.120000,10.120000,7400
2016-04-22,10.060000,10.120000,10.060000,10.120000,10.120000,500
2016-04-25,10.120000,10.120000,10.120000,10.120000,10.120000,0
2016-04-26,10.120000,10.120000,10.120000,10.120000,10.120000,0
2016-04-27,10.130000,10.130000,10.130000,10.130000,10.130000,1200
2016-04-28,10.050000,10.110000,10.050000,10.110000,10.110000,2600
2016-04-29,10.110000,10.110000,10.110000,10.110000,10.110000,0
2016-05-02,10.080000,10.120000,10.080000,10.120000,10.120000,1700
2016-05-03,10.090000,10.120000,10.090000,10.100000,10.100000,5000
2016-05-04,10.100000,10.100000,10.100000,10.100000,10.100000,1800
2016-05-05,10.100000,10.100000,10.100000,10.100000,10.100000,1000
2016-05-06,10.100000,10.100000,10.100000,10.100000,10.100000,0
2016-05-09,10.119000,10.150000,10.119000,10.150000,10.150000,200
2016-05-10,10.150000,10.150000,10.150000,10.150000,10.150000,1900
2016-05-11,10.130000,10.130000,10.130000,10.130000,10.130000,1100
2016-05-12,10.148000,10.150000,10.147000,10.147000,10.147000,2500
2016-05-13,10.130000,10.130000,10.130000,10.130000,10.130000,800
2016-05-16,10.050000,10.050000,10.050000,10.050000,10.050000,300
2016-05-17,10.140000,10.150000,10.140000,10.140000,10.140000,1500
2016-05-18,10.150000,10.150000,10.150000,10.150000,10.150000,300
2016-05-19,10.150000,10.150000,10.150000,10.150000,10.150000,0
2016-05-20,10.150000,10.150000,10.150000,10.150000,10.150000,200
2016-05-23,10.150000,10.150000,10.150000,10.150000,10.150000,0
2016-05-24,10.070000,10.130000,10.070000,10.130000,10.130000,400
2016-05-25,10.080000,10.110000,10.080000,10.110000,10.110000,600
2016-05-26,10.095000,10.110000,10.070000,10.110000,10.110000,400
2016-05-27,10.150000,10.150000,10.110000,10.150000,10.150000,500
2016-05-31,10.100000,10.100000,10.100000,10.100000,10.100000,200
2016-06-01,10.100000,10.100000,10.100000,10.100000,10.100000,1000
2016-06-02,10.090000,10.099000,10.070000,10.070000,10.070000,6600
2016-06-03,10.100000,10.100000,10.080000,10.080000,10.080000,4200
2016-06-06,10.080000,10.080000,10.080000,10.080000,10.080000,0
2016-06-07,10.080000,10.080000,10.080000,10.080000,10.080000,0
2016-06-08,10.080000,10.140000,10.080000,10.110000,10.110000,5400
2016-06-09,10.100000,10.110000,10.100000,10.110000,10.110000,400
2016-06-10,10.100000,10.110000,10.100000,10.100000,10.100000,2300
2016-06-13,10.100000,10.325000,10.100000,10.100000,10.100000,700
2016-06-14,10.100000,10.100000,10.060000,10.060000,10.060000,129200
2016-06-15,10.050000,10.080000,10.050000,10.070000,10.070000,5900
2016-06-16,10.070000,10.070000,10.070000,10.070000,10.070000,0
2016-06-17,10.070000,10.120000,10.050000,10.060000,10.060000,29100
2016-06-20,10.060000,10.089000,10.060000,10.089000,10.089000,3100
2016-06-21,10.060000,10.080000,10.030000,10.080000,10.080000,2700
2016-06-22,10.150000,10.150000,9.990000,10.050000,10.050000,31900
2016-06-23,10.040000,10.050000,10.030000,10.050000,10.050000,26800
2016-06-24,10.050000,10.080000,10.010000,10.050000,10.050000,42900
2016-06-27,10.030000,10.090000,10.010000,10.070000,10.070000,10300
2016-06-28,10.040000,10.070000,10.040000,10.070000,10.070000,1300
2016-06-29,10.040000,10.150000,10.030000,10.150000,10.150000,34600
2016-06-30,10.100000,10.140000,10.090000,10.140000,10.140000,3200
2016-07-01,10.150000,10.150000,10.100000,10.100000,10.100000,5300
2016-07-05,10.100000,10.100000,10.100000,10.100000,10.100000,0
2016-07-06,10.130000,10.130000,10.130000,10.130000,10.130000,100
2016-07-07,10.150000,10.200000,10.130000,10.200000,10.200000,3000
2016-07-08,10.200000,10.200000,10.200000,10.200000,10.200000,0
2016-07-11,10.200000,10.200000,10.200000,10.200000,10.200000,0
2016-07-12,10.100000,10.120000,10.100000,10.120000,10.120000,1500
2016-07-13,10.110000,10.290000,10.100000,10.190000,10.190000,1800
2016-07-14,10.190000,10.190000,10.190000,10.190000,10.190000,0
2016-07-15,10.190000,10.190000,10.190000,10.190000,10.190000,0
2016-07-18,10.110000,10.180000,10.100000,10.140000,10.140000,2800
2016-07-19,10.140000,10.140000,10.140000,10.140000,10.140000,0
2016-07-20,10.130000,10.200000,10.100000,10.200000,10.200000,5000
2016-07-21,10.229000,10.229000,10.210000,10.210000,10.210000,1200
2016-07-22,10.220000,10.250000,10.125000,10.220000,10.220000,16400
2016-07-25,10.120000,10.250000,10.100000,10.250000,10.250000,2500
2016-07-26,10.100000,10.240000,10.100000,10.240000,10.240000,500
2016-07-27,10.210000,10.210000,10.210000,10.210000,10.210000,200
2016-07-28,10.110000,10.250000,10.100000,10.240000,10.240000,400
2016-07-29,10.240000,10.330000,10.204000,10.330000,10.330000,4900
2016-08-01,10.220000,10.250000,10.200000,10.250000,10.250000,1600
2016-08-02,10.250000,10.250000,10.250000,10.250000,10.250000,0
2016-08-03,10.250000,10.250000,10.250000,10.250000,10.250000,0
2016-08-04,10.220000,10.220000,10.200000,10.200000,10.200000,800
2016-08-05,10.250000,10.250000,10.220000,10.241000,10.241000,3500
2016-08-08,10.250000,10.300000,10.220000,10.300000,10.300000,1300
2016-08-09,10.300000,10.300000,10.300000,10.300000,10.300000,0
2016-08-10,10.300000,10.300000,10.300000,10.300000,10.300000,0
2016-08-11,10.220000,10.220000,10.210000,10.210000,10.210000,500
2016-08-12,10.210000,10.210000,10.210000,10.210000,10.210000,0
2016-08-15,10.231000,10.231000,10.231000,10.231000,10.231000,1000
2016-08-16,10.231000,10.231000,10.231000,10.231000,10.231000,0
2016-08-17,10.231000,10.231000,10.231000,10.231000,10.231000,0
2016-08-18,10.231000,10.231000,10.231000,10.231000,10.231000,0
2016-08-19,10.231000,10.231000,10.231000,10.231000,10.231000,0
2016-08-22,10.231000,10.231000,10.231000,10.231000,10.231000,0
2016-08-23,10.231000,10.231000,10.231000,10.231000,10.231000,0
2016-08-24,10.231000,10.231000,10.231000,10.231000,10.231000,0
2016-08-25,10.360000,10.360000,10.360000,10.360000,10.360000,3000
2016-08-26,10.360000,10.360000,10.360000,10.360000,10.360000,0
2016-08-29,10.360000,10.360000,10.360000,10.360000,10.360000,0
2016-08-30,10.280000,10.280000,10.280000,10.280000,10.280000,800
2016-08-31,10.280000,10.280000,10.280000,10.280000,10.280000,0
2016-09-01,10.280000,10.280000,10.280000,10.280000,10.280000,0
2016-09-02,10.280000,10.280000,10.280000,10.280000,10.280000,0
2016-09-06,10.280000,10.280000,10.280000,10.280000,10.280000,200
2016-09-07,10.310000,10.310000,10.310000,10.310000,10.310000,1000
2016-09-08,10.360000,10.363000,10.360000,10.361000,10.361000,2600
2016-09-09,10.361000,10.361000,10.361000,10.361000,10.361000,0
2016-09-12,10.480000,10.480000,10.404000,10.449000,10.449000,900
2016-09-13,10.450000,10.450000,10.450000,10.450000,10.450000,200
2016-09-14,10.450000,10.450000,10.450000,10.450000,10.450000,0
2016-09-15,10.377000,10.450000,10.300000,10.450000,10.450000,4200
2016-09-16,10.450000,10.450000,10.450000,10.450000,10.450000,0
2016-09-19,10.450000,10.450000,10.450000,10.450000,10.450000,0
2016-09-20,10.450000,10.450000,10.450000,10.450000,10.450000,0
2016-09-21,10.450000,10.450000,10.450000,10.450000,10.450000,0
2016-09-22,10.450000,10.450000,10.450000,10.450000,10.450000,0
2016-09-23,10.450000,10.450000,10.450000,10.450000,10.450000,0
2016-09-26,10.450000,10.450000,10.450000,10.450000,10.450000,0
2016-09-27,10.450000,10.450000,10.450000,10.450000,10.450000,0
2016-09-28,10.320000,10.480000,10.320000,10.480000,10.480000,4900
2016-09-29,10.479000,10.479000,10.479000,10.479000,10.479000,300
2016-09-30,10.480000,10.500000,10.480000,10.500000,10.500000,1600
2016-10-03,10.500000,10.500000,10.500000,10.500000,10.500000,0
2016-10-04,10.500000,10.500000,10.500000,10.500000,10.500000,0
2016-10-05,10.550000,10.580000,10.550000,10.580000,10.580000,1700
2016-10-06,10.580000,10.580000,10.580000,10.580000,10.580000,100
2016-10-07,10.580000,10.580000,10.580000,10.580000,10.580000,0
2016-10-10,10.580000,10.580000,10.580000,10.580000,10.580000,0
2016-10-11,10.580000,10.580000,10.580000,10.580000,10.580000,0
2016-10-12,10.590000,10.590000,10.570000,10.570000,10.570000,400
2016-10-13,10.420000,10.590000,10.410000,10.590000,10.590000,700
2016-10-14,10.590000,10.590000,10.590000,10.590000,10.590000,0
2016-10-17,10.590000,10.590000,10.590000,10.590000,10.590000,0
2016-10-18,10.590000,10.590000,10.590000,10.590000,10.590000,0
2016-10-19,10.580000,10.580000,10.580000,10.580000,10.580000,300
2016-10-20,10.580000,10.580000,10.580000,10.580000,10.580000,0
2016-10-21,10.590000,10.590000,10.590000,10.590000,10.590000,100
2016-10-24,10.590000,10.590000,10.590000,10.590000,10.590000,0
2016-10-25,10.590000,10.590000,10.590000,10.590000,10.590000,200
2016-10-26,10.590000,10.590000,10.580000,10.580000,10.580000,200
2016-10-27,10.580000,10.580000,10.580000,10.580000,10.580000,0
2016-10-28,10.580000,10.580000,10.580000,10.580000,10.580000,0
2016-10-31,10.580000,10.590000,10.580000,10.590000,10.590000,200
2016-11-01,10.590000,10.590000,10.590000,10.590000,10.590000,0
2016-11-02,10.587000,10.590000,10.587000,10.589000,10.589000,300
2016-11-03,10.589000,10.589000,10.589000,10.589000,10.589000,0
2016-11-04,10.589000,10.589000,10.589000,10.589000,10.589000,0
2016-11-07,10.589000,10.589000,10.589000,10.589000,10.589000,0
2016-11-08,10.589000,10.589000,10.589000,10.589000,10.589000,0
2016-11-09,10.589000,10.589000,10.589000,10.589000,10.589000,0
2016-11-10,10.589000,10.589000,10.589000,10.589000,10.589000,0
2016-11-11,10.587000,10.589000,10.587000,10.589000,10.589000,200
2016-11-14,10.570000,10.570000,10.570000,10.570000,10.570000,100
2016-11-15,10.570000,10.570000,10.570000,10.570000,10.570000,0
2016-11-16,10.540000,10.540000,10.540000,10.540000,10.540000,100
2016-11-17,10.520000,10.520000,10.520000,10.520000,10.520000,1000
2016-11-18,10.520000,10.520000,10.520000,10.520000,10.520000,0
2016-11-21,10.590000,10.590000,10.590000,10.590000,10.590000,100
2016-11-22,10.590000,10.590000,10.590000,10.590000,10.590000,100
2016-11-23,10.590000,10.590000,10.590000,10.590000,10.590000,0
2016-11-25,10.590000,10.590000,10.590000,10.590000,10.590000,0
2016-11-28,10.590000,10.590000,10.590000,10.590000,10.590000,0
2016-11-29,10.590000,10.590000,10.590000,10.590000,10.590000,0
2016-11-30,10.587000,10.589000,10.587000,10.589000,10.589000,200
2016-12-01,10.589000,10.589000,10.589000,10.589000,10.589000,0
2016-12-02,10.589000,10.589000,10.589000,10.589000,10.589000,0
2016-12-05,10.589000,10.589000,10.589000,10.589000,10.589000,0
2016-12-06,10.589000,10.589000,10.589000,10.589000,10.589000,0
2016-12-07,10.589000,10.589000,10.589000,10.589000,10.589000,13300
2016-12-08,10.589000,10.589000,10.589000,10.589000,10.589000,0
2016-12-09,10.589000,10.589000,10.589000,10.589000,10.589000,0
2016-12-12,10.589000,10.589000,10.589000,10.589000,10.589000,0
2016-12-13,10.589000,10.589000,10.589000,10.589000,10.589000,0
2016-12-14,10.589000,10.589000,10.589000,10.589000,10.589000,0
2016-12-15,10.589000,10.589000,10.589000,10.589000,10.589000,0
2016-12-16,10.589000,10.589000,10.589000,10.589000,10.589000,0
2016-12-19,10.589000,10.589000,10.589000,10.589000,10.589000,0
2016-12-20,10.900000,11.850000,10.900000,11.850000,11.850000,27000
2016-12-21,11.380000,12.150000,11.360000,12.090000,12.090000,2700
2016-12-22,11.964000,12.100000,11.960000,12.080000,12.080000,1800
2016-12-23,12.080000,12.080000,12.080000,12.080000,12.080000,0
2016-12-27,12.400000,12.400000,12.150000,12.150000,12.150000,1700
2016-12-28,12.150000,12.150000,12.150000,12.150000,12.150000,0
2016-12-29,12.160000,12.172000,12.150000,12.172000,12.172000,600
2016-12-30,12.250000,12.550000,12.250000,12.490000,12.490000,1600
2017-01-03,12.800000,13.200000,11.762000,12.182000,12.182000,4400
2017-01-04,12.930000,13.000000,12.000000,12.000000,12.000000,3500
2017-01-05,12.000000,12.060000,11.410000,11.825000,11.825000,3300
2017-01-06,11.360000,12.100000,11.360000,12.100000,12.100000,2400
2017-01-09,12.060000,12.060000,12.060000,12.060000,12.060000,300
2017-01-10,12.060000,12.060000,12.060000,12.060000,12.060000,0
2017-01-11,12.060000,12.060000,12.060000,12.060000,12.060000,0
2017-01-12,12.000000,12.050000,12.000000,12.000000,12.000000,1400
2017-01-13,12.000000,12.000000,11.675000,11.825000,11.825000,2100
2017-01-17,11.700000,11.700000,11.700000,11.700000,11.700000,100
2017-01-18,11.800000,11.800000,11.800000,11.800000,11.800000,2100
2017-01-19,11.800000,11.800000,11.800000,11.800000,11.800000,0
2017-01-20,11.800000,11.800000,11.800000,11.800000,11.800000,0
2017-01-23,11.800000,11.800000,11.800000,11.800000,11.800000,0
2017-01-24,11.440000,11.930000,11.440000,11.930000,11.930000,300
2017-01-25,11.930000,11.930000,11.930000,11.930000,11.930000,0
2017-01-26,11.930000,11.930000,11.930000,11.930000,11.930000,0
2017-01-27,11.930000,11.930000,11.930000,11.930000,11.930000,0
2017-01-30,11.930000,11.930000,11.930000,11.930000,11.930000,0
2017-01-31,11.930000,11.930000,11.930000,11.930000,11.930000,0
2017-02-01,12.050000,12.150000,12.050000,12.150000,12.150000,200
2017-02-02,11.350000,11.350000,11.350000,11.350000,11.350000,200
2017-02-03,12.410000,12.410000,12.110000,12.110000,12.110000,400
2017-02-06,12.110000,12.110000,12.110000,12.110000,12.110000,0
2017-02-07,12.110000,12.110000,12.110000,12.110000,12.110000,0
2017-02-08,12.110000,12.110000,12.110000,12.110000,12.110000,0
2017-02-09,12.110000,12.110000,12.110000,12.110000,12.110000,0
2017-02-10,12.110000,12.110000,12.110000,12.110000,12.110000,0
2017-02-13,12.110000,12.110000,12.110000,12.110000,12.110000,0
2017-02-14,12.110000,12.110000,12.110000,12.110000,12.110000,0
2017-02-15,11.590000,12.010000,11.590000,12.010000,12.010000,2600
2017-02-16,12.010000,12.010000,12.010000,12.010000,12.010000,0
2017-02-17,12.010000,12.010000,12.010000,12.010000,12.010000,0
2017-02-21,12.010000,12.010000,12.010000,12.010000,12.010000,0
2017-02-22,12.010000,12.010000,12.010000,12.010000,12.010000,0
2017-02-23,12.010000,12.010000,12.010000,12.010000,12.010000,0
2017-02-24,12.010000,12.010000,12.010000,12.010000,12.010000,0
2017-02-27,12.010000,12.010000,12.010000,12.010000,12.010000,0
2017-02-28,12.010000,12.010000,12.010000,12.010000,12.010000,0
2017-03-01,11.700000,11.700000,11.700000,11.700000,11.700000,1000
2017-03-02,11.700000,11.700000,11.700000,11.700000,11.700000,0
2017-03-03,11.700000,11.700000,11.700000,11.700000,11.700000,0
2017-03-06,11.700000,11.700000,11.700000,11.700000,11.700000,0
2017-03-07,11.650000,11.650000,11.525000,11.600000,11.600000,3200
2017-03-08,11.560000,11.560000,11.370000,11.370000,11.370000,500
2017-03-09,11.350000,11.400000,11.340000,11.400000,11.400000,9800
2017-03-10,11.400000,11.400000,11.400000,11.400000,11.400000,0
2017-03-13,11.400000,11.400000,11.400000,11.400000,11.400000,0
2017-03-14,11.400000,11.400000,11.400000,11.400000,11.400000,0
2017-03-15,11.300000,11.300000,11.200000,11.200000,11.200000,3200
2017-03-16,11.200000,11.200000,11.200000,11.200000,11.200000,0
2017-03-17,11.250000,11.250000,11.250000,11.250000,11.250000,700
2017-03-20,11.250000,11.250000,11.250000,11.250000,11.250000,0
2017-03-21,11.250000,11.250000,11.250000,11.250000,11.250000,500
2017-03-22,11.250000,11.250000,11.250000,11.250000,11.250000,0
2017-03-23,11.600000,11.750000,11.600000,11.750000,11.750000,500
2017-03-24,11.750000,11.750000,11.750000,11.750000,11.750000,0
2017-03-27,11.750000,11.750000,11.750000,11.750000,11.750000,0
2017-03-28,11.750000,11.750000,11.750000,11.750000,11.750000,0
2017-03-29,11.750000,11.750000,11.750000,11.750000,11.750000,0
2017-03-30,11.750000,11.750000,11.750000,11.750000,11.750000,0
2017-03-31,11.750000,11.750000,11.750000,11.750000,11.750000,0
2017-04-03,11.750000,11.750000,11.750000,11.750000,11.750000,0
2017-04-04,11.750000,11.750000,11.750000,11.750000,11.750000,0
2017-04-05,11.750000,11.750000,11.750000,11.750000,11.750000,0
2017-04-06,11.750000,11.750000,11.750000,11.750000,11.750000,0
2017-04-07,11.750000,11.750000,11.750000,11.750000,11.750000,0
2017-04-10,11.750000,11.750000,11.750000,11.750000,11.750000,0
2017-04-11,11.750000,11.750000,11.750000,11.750000,11.750000,0
2017-04-12,11.750000,11.750000,11.750000,11.750000,11.750000,0
2017-04-13,11.750000,11.750000,11.750000,11.750000,11.750000,0
2017-04-17,11.750000,11.750000,11.750000,11.750000,11.750000,0
2017-04-18,11.750000,11.750000,11.750000,11.750000,11.750000,0
2017-04-19,11.750000,11.750000,11.750000,11.750000,11.750000,0
2017-04-20,11.630000,11.630000,11.456000,11.630000,11.630000,6900
2017-04-21,11.600000,11.690000,11.600000,11.611000,11.611000,4900
2017-04-24,11.611000,11.611000,11.611000,11.611000,11.611000,0
2017-04-25,12.740000,12.740000,12.200000,12.200000,12.200000,1000
2017-04-26,12.200000,12.200000,12.200000,12.200000,12.200000,0
2017-04-27,12.200000,12.200000,12.200000,12.200000,12.200000,0
2017-04-28,null,null,null,null,null,null
2017-05-01,12.200000,12.200000,12.200000,12.200000,12.200000,0
2017-05-02,10.980000,10.980000,10.980000,10.980000,10.980000,200
2017-05-03,10.980000,10.980000,10.980000,10.980000,10.980000,0
2017-05-04,10.980000,10.980000,10.980000,10.980000,10.980000,0
2017-05-05,10.980000,10.980000,10.980000,10.980000,10.980000,0
2017-05-08,10.980000,10.980000,10.980000,10.980000,10.980000,2000
2017-05-09,10.980000,10.980000,10.980000,10.980000,10.980000,0
2017-05-10,10.980000,10.980000,10.980000,10.980000,10.980000,0
2017-05-11,10.980000,10.980000,10.980000,10.980000,10.980000,0
2017-05-12,10.890000,10.890000,10.490000,10.490000,10.490000,200
2017-05-15,10.490000,10.490000,10.490000,10.490000,10.490000,0
2017-05-16,10.980000,10.980000,10.980000,10.980000,10.980000,200
2017-05-17,10.980000,10.980000,10.980000,10.980000,10.980000,0
2017-05-18,10.980000,10.980000,10.980000,10.980000,10.980000,0
2017-05-19,10.980000,10.980000,10.980000,10.980000,10.980000,0
2017-05-22,10.980000,10.980000,10.980000,10.980000,10.980000,0
2017-05-23,10.500000,10.500000,10.500000,10.500000,10.500000,500
2017-05-24,10.500000,10.500000,10.500000,10.500000,10.500000,0
2017-05-25,10.500000,10.500000,10.500000,10.500000,10.500000,0
2017-05-26,10.500000,10.700000,10.500000,10.700000,10.700000,4300
2017-05-30,10.700000,10.700000,10.700000,10.700000,10.700000,0
2017-05-31,10.700000,10.700000,10.700000,10.700000,10.700000,0
2017-06-01,10.700000,10.700000,10.700000,10.700000,10.700000,0
2017-06-02,10.700000,10.700000,10.700000,10.700000,10.700000,0
2017-06-05,10.700000,10.700000,10.700000,10.700000,10.700000,0
2017-06-06,9.750000,9.990000,9.750000,9.990000,9.990000,2200
2017-06-07,9.990000,9.990000,9.990000,9.990000,9.990000,0
2017-06-08,9.990000,9.990000,9.990000,9.990000,9.990000,0
2017-06-09,9.990000,9.990000,9.990000,9.990000,9.990000,0
2017-06-12,9.990000,9.990000,9.990000,9.990000,9.990000,0
2017-06-13,9.990000,9.990000,9.990000,9.990000,9.990000,0
2017-06-14,9.990000,9.990000,9.990000,9.990000,9.990000,0
2017-06-15,9.990000,9.990000,9.990000,9.990000,9.990000,0
2017-06-16,9.990000,9.990000,9.990000,9.990000,9.990000,0
2017-06-19,9.990000,9.990000,9.990000,9.990000,9.990000,0
2017-06-20,9.990000,9.990000,9.990000,9.990000,9.990000,0
2017-06-21,9.990000,9.990000,9.990000,9.990000,9.990000,0
2017-06-22,9.500000,9.500000,9.500000,9.500000,9.500000,600
2017-06-23,9.500000,9.500000,9.500000,9.500000,9.500000,0
2017-06-26,9.500000,9.500000,9.500000,9.500000,9.500000,0
2017-06-27,9.500000,9.500000,9.500000,9.500000,9.500000,0
2017-06-28,9.500000,9.500000,9.500000,9.500000,9.500000,0
2017-06-29,9.500000,9.500000,9.500000,9.500000,9.500000,0
2017-06-30,9.500000,9.500000,9.500000,9.500000,9.500000,0
2017-07-03,9.500000,9.500000,9.500000,9.500000,9.500000,0
2017-07-05,9.500000,9.500000,9.500000,9.500000,9.500000,0
2017-07-06,9.500000,9.500000,9.500000,9.500000,9.500000,0
2017-07-07,9.500000,9.500000,9.500000,9.500000,9.500000,0
2017-07-10,9.500000,9.500000,9.500000,9.500000,9.500000,0
2017-07-11,9.500000,9.500000,9.500000,9.500000,9.500000,0
2017-07-12,9.500000,9.500000,9.500000,9.500000,9.500000,0
2017-07-13,9.500000,9.500000,9.500000,9.500000,9.500000,0
2017-07-14,9.500000,9.500000,9.500000,9.500000,9.500000,0
2017-07-17,9.500000,9.500000,9.500000,9.500000,9.500000,0
2017-07-18,9.500000,9.500000,9.500000,9.500000,9.500000,0
2017-07-19,9.500000,9.500000,9.500000,9.500000,9.500000,0
2017-07-20,9.500000,9.500000,9.500000,9.500000,9.500000,0
2017-07-21,9.500000,9.500000,9.500000,9.500000,9.500000,0
2017-07-24,9.500000,9.500000,9.500000,9.500000,9.500000,0
2017-07-25,9.500000,9.500000,9.500000,9.500000,9.500000,0
2017-07-26,9.500000,9.500000,9.500000,9.500000,9.500000,0
2017-07-27,9.500000,9.500000,9.500000,9.500000,9.500000,0
2017-07-28,9.500000,9.500000,9.500000,9.500000,9.500000,0
2017-07-31,9.500000,9.500000,9.500000,9.500000,9.500000,0
2017-08-01,9.500000,9.500000,9.500000,9.500000,9.500000,0
2017-08-02,9.500000,9.500000,9.500000,9.500000,9.500000,0
2017-08-03,9.500000,9.500000,9.500000,9.500000,9.500000,0
2017-08-04,9.500000,9.500000,9.500000,9.500000,9.500000,0
2017-08-07,9.500000,9.500000,9.500000,9.500000,9.500000,0
2017-08-08,9.500000,9.500000,9.500000,9.500000,9.500000,0
2017-08-09,9.500000,9.500000,9.500000,9.500000,9.500000,0
2017-08-10,9.500000,9.500000,9.500000,9.500000,9.500000,0
2017-08-11,9.500000,9.500000,9.500000,9.500000,9.500000,0
2017-08-14,9.500000,9.500000,9.500000,9.500000,9.500000,0
2017-08-15,9.500000,9.500000,9.500000,9.500000,9.500000,0
2017-08-16,8.780000,8.780000,8.780000,8.780000,8.780000,200
2017-08-17,8.780000,8.780000,8.780000,8.780000,8.780000,0
2017-08-18,8.780000,8.780000,8.780000,8.780000,8.780000,0
2017-08-21,8.780000,8.780000,8.780000,8.780000,8.780000,0
2017-08-22,8.780000,8.780000,8.780000,8.780000,8.780000,0
2017-08-23,8.780000,8.780000,8.780000,8.780000,8.780000,0
2017-08-24,8.780000,8.780000,8.780000,8.780000,8.780000,0
2017-08-25,8.780000,8.780000,8.780000,8.780000,8.780000,0
2017-08-28,8.780000,8.780000,8.780000,8.780000,8.780000,0
2017-08-29,8.780000,8.780000,8.780000,8.780000,8.780000,0
2017-08-30,8.780000,8.780000,8.780000,8.780000,8.780000,0
2017-08-31,8.780000,8.780000,8.780000,8.780000,8.780000,0
2017-09-01,8.780000,8.780000,8.780000,8.780000,8.780000,0
2017-09-05,8.780000,8.780000,8.780000,8.780000,8.780000,0
2017-09-06,8.780000,8.780000,8.780000,8.780000,8.780000,0
2017-09-07,8.780000,8.780000,8.780000,8.780000,8.780000,0
2017-09-08,8.780000,8.780000,8.780000,8.780000,8.780000,0
2017-09-11,8.780000,8.780000,8.780000,8.780000,8.780000,0
2017-09-12,8.780000,8.780000,8.780000,8.780000,8.780000,0
2017-09-13,8.780000,8.780000,8.780000,8.780000,8.780000,0
2017-09-14,8.780000,8.780000,8.780000,8.780000,8.780000,0
2017-09-15,8.780000,8.780000,8.780000,8.780000,8.780000,0
2017-09-18,8.780000,8.780000,8.780000,8.780000,8.780000,0
2017-09-19,8.780000,8.780000,8.780000,8.780000,8.780000,0
2017-09-20,8.780000,8.780000,8.780000,8.780000,8.780000,0
2017-09-21,6.760000,6.760000,6.760000,6.760000,6.760000,800
2017-09-22,6.760000,6.760000,6.760000,6.760000,6.760000,0
2017-09-25,6.760000,6.760000,6.760000,6.760000,6.760000,0
2017-09-26,6.760000,6.760000,6.760000,6.760000,6.760000,0
2017-09-27,6.760000,6.760000,6.760000,6.760000,6.760000,0
2017-09-28,6.500000,7.970000,6.500000,7.630000,7.630000,1800
2017-09-29,8.490000,9.650000,8.490000,9.500000,9.500000,1900
2017-10-02,9.850000,10.340000,9.850000,10.340000,10.340000,900
2017-10-03,10.340000,10.340000,10.340000,10.340000,10.340000,0
2017-10-04,10.040000,10.040000,10.000000,10.000000,10.000000,600
2017-10-05,10.330000,10.849000,10.330000,10.460000,10.460000,2400
2017-10-06,10.500000,10.500000,10.500000,10.500000,10.500000,200
2017-10-09,10.500000,10.500000,10.500000,10.500000,10.500000,0
2017-10-10,10.500000,10.500000,10.500000,10.500000,10.500000,0
2017-10-11,10.500000,10.500000,10.500000,10.500000,10.500000,0
2017-10-12,10.800000,11.200000,10.800000,11.200000,11.200000,2500
2017-10-13,11.200000,11.200000,11.200000,11.200000,11.200000,0
2017-10-16,11.250000,11.250000,11.250000,11.250000,11.250000,200
2017-10-17,11.250000,11.250000,11.250000,11.250000,11.250000,0
2017-10-18,11.250000,11.250000,11.250000,11.250000,11.250000,0
2017-10-19,11.250000,11.250000,11.250000,11.250000,11.250000,0
2017-10-20,11.250000,11.250000,11.250000,11.250000,11.250000,0
2017-10-23,11.250000,11.250000,11.250000,11.250000,11.250000,0
2017-10-24,11.250000,11.250000,11.250000,11.250000,11.250000,0
2017-10-25,11.250000,11.250000,11.250000,11.250000,11.250000,0
2017-10-26,11.250000,11.250000,11.250000,11.250000,11.250000,0
2017-10-27,11.250000,11.250000,11.250000,11.250000,11.250000,0
2017-10-30,11.250000,11.250000,11.250000,11.250000,11.250000,0
2017-10-31,11.260000,11.260000,11.260000,11.260000,11.260000,100
2017-11-01,11.260000,11.260000,11.260000,11.260000,11.260000,0
2017-11-02,11.260000,11.260000,11.260000,11.260000,11.260000,0
2017-11-03,11.260000,11.260000,11.260000,11.260000,11.260000,200
2017-11-06,11.260000,11.260000,11.260000,11.260000,11.260000,0
2017-11-07,11.260000,11.260000,11.260000,11.260000,11.260000,0
2017-11-08,11.260000,11.260000,11.260000,11.260000,11.260000,200
2017-11-09,11.260000,11.260000,11.260000,11.260000,11.260000,0
2017-11-10,11.260000,11.260000,11.260000,11.260000,11.260000,0
2017-11-13,11.260000,11.260000,11.260000,11.260000,11.260000,0
2017-11-14,11.260000,11.260000,11.260000,11.260000,11.260000,0
2017-11-15,11.260000,11.260000,11.260000,11.260000,11.260000,0
2017-11-16,11.260000,11.260000,11.260000,11.260000,11.260000,0
2017-11-17,11.260000,11.260000,11.260000,11.260000,11.260000,0
2017-11-20,11.260000,11.260000,11.260000,11.260000,11.260000,0
2017-11-21,11.260000,11.260000,11.260000,11.260000,11.260000,0
2017-11-22,11.260000,11.260000,11.260000,11.260000,11.260000,0
2017-11-24,11.260000,11.260000,11.260000,11.260000,11.260000,0
2017-11-27,11.260000,11.260000,11.260000,11.260000,11.260000,0
2017-11-28,11.260000,11.260000,11.260000,11.260000,11.260000,0
2017-11-29,11.260000,11.260000,11.260000,11.260000,11.260000,0
2017-11-30,11.260000,11.260000,11.260000,11.260000,11.260000,0
2017-12-01,11.260000,11.260000,11.260000,11.260000,11.260000,0
2017-12-04,11.260000,11.260000,11.260000,11.260000,11.260000,0
2017-12-05,11.260000,11.260000,11.260000,11.260000,11.260000,0
2017-12-06,11.260000,11.260000,11.260000,11.260000,11.260000,0
2017-12-07,11.260000,11.260000,11.260000,11.260000,11.260000,0
2017-12-08,11.260000,11.260000,11.260000,11.260000,11.260000,0
2017-12-11,11.260000,11.260000,11.260000,11.260000,11.260000,0
2017-12-12,11.260000,11.260000,11.260000,11.260000,11.260000,0
2017-12-13,11.260000,11.260000,11.260000,11.260000,11.260000,0
2017-12-14,11.260000,11.260000,11.260000,11.260000,11.260000,0
2017-12-15,11.260000,11.260000,11.260000,11.260000,11.260000,0
2017-12-18,11.260000,11.260000,11.260000,11.260000,11.260000,0
2017-12-19,11.260000,11.260000,11.260000,11.260000,11.260000,0
2017-12-20,11.260000,11.260000,11.260000,11.260000,11.260000,0
2017-12-21,11.260000,11.260000,11.260000,11.260000,11.260000,0
2017-12-22,11.260000,11.260000,11.260000,11.260000,11.260000,0
2017-12-26,11.260000,11.260000,11.260000,11.260000,11.260000,0
2017-12-27,11.260000,11.260000,11.260000,11.260000,11.260000,0
2017-12-28,11.260000,11.260000,11.260000,11.260000,11.260000,0
2017-12-29,11.260000,11.260000,11.260000,11.260000,11.260000,0
2018-01-02,11.260000,11.260000,11.260000,11.260000,11.260000,0
2018-01-03,11.260000,11.260000,11.260000,11.260000,11.260000,0
2018-01-04,11.260000,11.260000,11.260000,11.260000,11.260000,0
2018-01-05,11.260000,11.260000,11.260000,11.260000,11.260000,0
2018-01-08,11.260000,11.260000,11.260000,11.260000,11.260000,0
2018-01-09,11.260000,11.260000,11.260000,11.260000,11.260000,0
2018-01-10,11.260000,11.260000,11.260000,11.260000,11.260000,0
2018-01-11,11.260000,11.260000,11.260000,11.260000,11.260000,0
2018-01-12,11.260000,11.260000,11.260000,11.260000,11.260000,0
2018-01-16,11.260000,11.260000,11.260000,11.260000,11.260000,0
2018-01-17,11.260000,11.260000,11.260000,11.260000,11.260000,0
2018-01-18,11.260000,11.260000,11.260000,11.260000,11.260000,0
2018-01-19,11.260000,11.260000,11.260000,11.260000,11.260000,0
2018-01-22,11.260000,11.260000,11.260000,11.260000,11.260000,0
2018-01-23,11.260000,11.260000,11.260000,11.260000,11.260000,0
2018-01-24,11.260000,11.260000,11.260000,11.260000,11.260000,0
2018-01-25,11.260000,11.260000,11.260000,11.260000,11.260000,0
2018-01-26,11.260000,11.260000,11.260000,11.260000,11.260000,0
2018-01-29,11.260000,11.260000,11.260000,11.260000,11.260000,0
2018-01-30,11.260000,11.260000,11.260000,11.260000,11.260000,0
2018-01-31,11.260000,11.260000,11.260000,11.260000,11.260000,0
2018-02-01,11.260000,11.260000,11.260000,11.260000,11.260000,0
2018-02-02,11.260000,11.260000,11.260000,11.260000,11.260000,0
2018-02-05,11.260000,11.260000,11.260000,11.260000,11.260000,0
2018-02-06,11.260000,11.260000,11.260000,11.260000,11.260000,0
2018-02-07,11.260000,11.260000,11.260000,11.260000,11.260000,0
2018-02-08,11.260000,11.260000,11.260000,11.260000,11.260000,0
2018-02-09,11.260000,11.260000,11.260000,11.260000,11.260000,0
2018-02-12,11.260000,11.260000,11.260000,11.260000,11.260000,0
2018-02-13,11.260000,11.260000,11.260000,11.260000,11.260000,0
2018-02-14,11.260000,11.260000,11.260000,11.260000,11.260000,0
2018-02-15,11.260000,11.260000,11.260000,11.260000,11.260000,0
2018-02-16,11.260000,11.260000,11.260000,11.260000,11.260000,0
2018-02-20,11.260000,11.260000,11.260000,11.260000,11.260000,0
2018-02-21,11.260000,11.260000,11.260000,11.260000,11.260000,0
2018-02-22,11.260000,11.260000,11.260000,11.260000,11.260000,0
2018-02-23,11.260000,11.260000,11.260000,11.260000,11.260000,0
2018-02-26,11.260000,11.260000,11.260000,11.260000,11.260000,0
2018-02-27,11.260000,11.260000,11.260000,11.260000,11.260000,0
2018-02-28,11.260000,11.260000,11.260000,11.260000,11.260000,0
2018-03-01,11.260000,11.260000,11.260000,11.260000,11.260000,0
2018-03-02,11.260000,11.260000,11.260000,11.260000,11.260000,0
2018-03-05,11.260000,11.260000,11.260000,11.260000,11.260000,0
2018-03-06,11.260000,11.260000,11.260000,11.260000,11.260000,0
2018-03-07,11.260000,11.260000,11.260000,11.260000,11.260000,0
2018-03-08,11.260000,11.260000,11.260000,11.260000,11.260000,0
2018-03-09,11.260000,11.260000,11.260000,11.260000,11.260000,0
2018-03-12,11.260000,11.260000,11.260000,11.260000,11.260000,0
2018-03-13,11.260000,11.260000,11.260000,11.260000,11.260000,0
2018-03-14,11.260000,11.260000,11.260000,11.260000,11.260000,0
2018-03-15,11.260000,11.260000,11.260000,11.260000,11.260000,0
2018-03-16,11.260000,11.260000,11.260000,11.260000,11.260000,0
2018-03-19,11.260000,11.260000,11.260000,11.260000,11.260000,0
2018-03-20,11.260000,11.260000,11.260000,11.260000,11.260000,0
2018-03-21,11.260000,11.260000,11.260000,11.260000,11.260000,0
2018-03-22,11.260000,11.260000,11.260000,11.260000,11.260000,0
2018-03-23,11.260000,11.260000,11.260000,11.260000,11.260000,0
2018-03-26,11.260000,11.260000,11.260000,11.260000,11.260000,0
2018-03-27,11.260000,11.260000,11.260000,11.260000,11.260000,0
2018-03-28,11.260000,11.260000,11.260000,11.260000,11.260000,0
2018-03-29,11.260000,11.260000,11.260000,11.260000,11.260000,0
2018-04-02,11.260000,11.260000,11.260000,11.260000,11.260000,0
2018-04-03,11.260000,11.260000,11.260000,11.260000,11.260000,0
2018-04-04,11.260000,11.260000,11.260000,11.260000,11.260000,0
2018-04-05,11.260000,11.260000,11.260000,11.260000,11.260000,0
2018-04-06,11.260000,11.260000,11.260000,11.260000,11.260000,0
2018-04-09,11.260000,11.260000,11.260000,11.260000,11.260000,0
2018-04-10,7.650000,8.010000,7.400000,8.010000,8.010000,1800
2018-04-11,8.010000,8.010000,8.010000,8.010000,8.010000,0
2018-04-12,8.010000,8.010000,8.010000,8.010000,8.010000,0
2018-04-13,8.010000,8.010000,8.010000,8.010000,8.010000,0
2018-04-16,8.010000,8.010000,8.010000,8.010000,8.010000,0
2018-04-17,8.010000,8.010000,8.010000,8.010000,8.010000,0
2018-04-18,8.010000,8.010000,8.010000,8.010000,8.010000,0
2018-04-19,8.010000,8.010000,8.010000,8.010000,8.010000,0
2018-04-20,8.010000,8.010000,8.010000,8.010000,8.010000,0
2018-04-23,8.010000,8.010000,8.010000,8.010000,8.010000,0
2018-04-24,8.010000,8.010000,8.010000,8.010000,8.010000,0
2018-04-25,8.010000,8.010000,8.010000,8.010000,8.010000,0
2018-04-26,8.010000,8.010000,8.010000,8.010000,8.010000,0
2018-04-27,8.010000,8.010000,8.010000,8.010000,8.010000,0
2018-04-30,8.010000,8.010000,8.010000,8.010000,8.010000,0
2018-05-01,8.010000,8.010000,8.010000,8.010000,8.010000,0
2018-05-02,8.010000,8.010000,8.010000,8.010000,8.010000,0
2018-05-03,8.010000,8.010000,8.010000,8.010000,8.010000,0
2018-05-04,8.010000,8.010000,8.010000,8.010000,8.010000,0
2018-05-07,8.040000,8.040000,8.040000,8.040000,8.040000,1300
2018-05-08,8.040000,8.040000,8.040000,8.040000,8.040000,0
2018-05-09,8.040000,8.040000,8.040000,8.040000,8.040000,0
2018-05-10,8.040000,8.040000,8.040000,8.040000,8.040000,0
2018-05-11,8.040000,8.040000,8.040000,8.040000,8.040000,0
2018-05-14,8.040000,8.040000,8.040000,8.040000,8.040000,0
2018-05-15,8.040000,8.040000,8.040000,8.040000,8.040000,0
2018-05-16,8.040000,8.040000,8.040000,8.040000,8.040000,0
2018-05-17,8.040000,8.040000,8.040000,8.040000,8.040000,0
2018-05-18,8.040000,8.040000,8.040000,8.040000,8.040000,0
2018-05-21,8.040000,8.040000,8.040000,8.040000,8.040000,0
2018-05-22,8.820000,8.820000,8.820000,8.820000,8.820000,100
2018-05-23,8.820000,8.820000,8.820000,8.820000,8.820000,0
2018-05-24,8.820000,8.820000,8.820000,8.820000,8.820000,0
2018-05-25,9.089000,9.583000,9.050000,9.138000,9.138000,11600
2018-05-29,9.138000,9.138000,9.138000,9.138000,9.138000,0
2018-05-30,9.138000,9.138000,9.138000,9.138000,9.138000,0
2018-05-31,9.138000,9.138000,9.138000,9.138000,9.138000,0
2018-06-01,9.138000,9.138000,9.138000,9.138000,9.138000,0
2018-06-04,9.138000,9.138000,9.138000,9.138000,9.138000,0
2018-06-05,9.138000,9.138000,9.138000,9.138000,9.138000,0
2018-06-06,9.138000,9.138000,9.138000,9.138000,9.138000,0
2018-06-07,9.138000,9.138000,9.138000,9.138000,9.138000,0
2018-06-08,9.138000,9.138000,9.138000,9.138000,9.138000,0
2018-06-11,9.138000,9.138000,9.138000,9.138000,9.138000,0
2018-06-12,9.138000,9.138000,9.138000,9.138000,9.138000,0
2018-06-13,9.000000,9.050000,9.000000,9.000000,9.000000,3000
2018-06-14,9.000000,9.000000,9.000000,9.000000,9.000000,2300
2018-06-15,9.000000,9.000000,9.000000,9.000000,9.000000,2500
2018-06-18,9.000000,9.000000,9.000000,9.000000,9.000000,0
2018-06-19,9.000000,9.000000,9.000000,9.000000,9.000000,0
2018-06-20,9.000000,9.000000,9.000000,9.000000,9.000000,0
2018-06-21,9.150000,10.607000,9.150000,10.170000,10.170000,7000
2018-06-22,10.170000,10.170000,10.170000,10.170000,10.170000,0
2018-06-25,10.150000,10.150000,10.150000,10.150000,10.150000,3000
2018-06-26,10.150000,10.150000,10.150000,10.150000,10.150000,0
2018-06-27,10.150000,10.150000,10.150000,10.150000,10.150000,0
2018-06-28,10.150000,10.150000,10.150000,10.150000,10.150000,0
2018-06-29,10.150000,10.150000,10.150000,10.150000,10.150000,0
2018-07-02,10.150000,10.150000,10.150000,10.150000,10.150000,0
2018-07-03,10.150000,10.150000,10.150000,10.150000,10.150000,0
2018-07-05,10.150000,10.150000,10.150000,10.150000,10.150000,0
2018-07-06,10.150000,10.150000,10.150000,10.150000,10.150000,0
2018-07-09,10.150000,10.150000,10.150000,10.150000,10.150000,0
2018-07-10,10.150000,10.150000,10.150000,10.150000,10.150000,0
2018-07-11,10.150000,10.150000,10.150000,10.150000,10.150000,0
2018-07-12,10.660000,10.660000,10.660000,10.660000,10.660000,100
2018-07-13,10.660000,10.660000,10.660000,10.660000,10.660000,0
2018-07-16,10.660000,10.660000,10.660000,10.660000,10.660000,0
2018-07-17,10.500000,10.500000,9.500000,10.247000,10.247000,8900
2018-07-18,10.247000,10.247000,10.247000,10.247000,10.247000,0
2018-07-19,10.247000,10.247000,10.247000,10.247000,10.247000,0
2018-07-20,10.247000,10.247000,10.247000,10.247000,10.247000,0
2018-07-23,10.247000,10.247000,10.247000,10.247000,10.247000,0
2018-07-24,10.247000,10.247000,10.247000,10.247000,10.247000,0
2018-07-25,10.247000,10.247000,10.247000,10.247000,10.247000,0
2018-07-26,10.247000,10.247000,10.247000,10.247000,10.247000,0
2018-07-27,10.247000,10.247000,10.247000,10.247000,10.247000,0
2018-07-30,10.247000,10.247000,10.247000,10.247000,10.247000,0
2018-07-31,10.247000,10.247000,10.247000,10.247000,10.247000,0
2018-08-01,10.247000,10.247000,10.247000,10.247000,10.247000,0
2018-08-02,10.247000,10.247000,10.247000,10.247000,10.247000,0
2018-08-03,10.247000,10.247000,10.247000,10.247000,10.247000,0
2018-08-06,10.247000,10.247000,10.247000,10.247000,10.247000,0
2018-08-07,10.247000,10.247000,10.247000,10.247000,10.247000,0
2018-08-08,7.600000,10.150000,7.600000,10.150000,10.150000,700
2018-08-09,10.150000,10.150000,10.150000,10.150000,10.150000,100
2018-08-10,10.150000,10.150000,10.150000,10.150000,10.150000,0
2018-08-13,10.150000,10.150000,10.150000,10.150000,10.150000,0
2018-08-14,9.140000,9.750000,9.140000,9.750000,9.750000,300
2018-08-15,9.750000,9.750000,9.750000,9.750000,9.750000,0
2018-08-16,9.750000,9.750000,9.750000,9.750000,9.750000,0
2018-08-17,9.750000,9.750000,9.750000,9.750000,9.750000,0
2018-08-20,9.750000,9.750000,9.750000,9.750000,9.750000,0
2018-08-21,9.750000,9.750000,9.750000,9.750000,9.750000,0
2018-08-22,9.750000,9.750000,9.750000,9.750000,9.750000,0
2018-08-23,9.750000,9.750000,9.750000,9.750000,9.750000,0
2018-08-24,9.780000,9.780000,9.550000,9.550000,9.550000,1000
2018-08-27,9.550000,9.550000,9.550000,9.550000,9.550000,0
2018-08-28,9.550000,9.550000,9.550000,9.550000,9.550000,0
2018-08-29,9.550000,9.550000,9.550000,9.550000,9.550000,0
2018-08-30,9.550000,9.550000,9.550000,9.550000,9.550000,0
2018-08-31,9.550000,9.550000,9.550000,9.550000,9.550000,0
2018-09-04,9.550000,9.550000,9.550000,9.550000,9.550000,0
2018-09-05,9.550000,9.550000,9.550000,9.550000,9.550000,0
2018-09-06,9.550000,9.550000,9.550000,9.550000,9.550000,0
2018-09-07,9.550000,9.550000,9.550000,9.550000,9.550000,0
2018-09-10,9.550000,9.550000,9.550000,9.550000,9.550000,0
2018-09-11,9.550000,9.550000,9.550000,9.550000,9.550000,0
2018-09-12,9.550000,9.550000,9.550000,9.550000,9.550000,0
2018-09-13,9.550000,9.550000,9.550000,9.550000,9.550000,0
2018-09-14,9.550000,9.550000,9.550000,9.550000,9.550000,0
2018-09-17,9.550000,9.550000,9.550000,9.550000,9.550000,0
2018-09-18,9.550000,9.550000,9.550000,9.550000,9.550000,0
2018-09-19,9.500000,9.500000,9.500000,9.500000,9.500000,100
2018-09-20,9.500000,9.500000,9.500000,9.500000,9.500000,0
2018-09-21,9.500000,9.500000,9.500000,9.500000,9.500000,0
2018-09-24,9.500000,9.500000,9.500000,9.500000,9.500000,0
2018-09-25,9.500000,9.500000,9.500000,9.500000,9.500000,0
2018-09-26,9.500000,9.500000,9.500000,9.500000,9.500000,0
2018-09-27,9.500000,9.500000,9.500000,9.500000,9.500000,0
2018-09-28,9.500000,9.500000,9.500000,9.500000,9.500000,0
2018-10-01,9.500000,9.500000,9.500000,9.500000,9.500000,0
2018-10-02,9.500000,9.500000,9.500000,9.500000,9.500000,0
2018-10-03,9.500000,9.500000,9.500000,9.500000,9.500000,0
2018-10-04,9.500000,9.500000,9.500000,9.500000,9.500000,0
2018-10-05,9.500000,9.500000,9.500000,9.500000,9.500000,0
2018-10-08,9.500000,9.500000,9.500000,9.500000,9.500000,0
2018-10-09,9.500000,9.500000,9.500000,9.500000,9.500000,0
2018-10-10,9.500000,9.500000,9.500000,9.500000,9.500000,0
2018-10-11,9.500000,9.500000,9.500000,9.500000,9.500000,0
2018-10-12,9.500000,9.500000,9.500000,9.500000,9.500000,0
2018-10-15,9.500000,9.500000,9.500000,9.500000,9.500000,0
2018-10-16,9.500000,9.500000,9.500000,9.500000,9.500000,0
2018-10-17,9.500000,9.500000,9.500000,9.500000,9.500000,0
2018-10-18,7.120000,7.800000,7.120000,7.800000,7.800000,2000
2018-10-19,7.800000,7.800000,7.800000,7.800000,7.800000,0
2018-10-22,7.800000,7.800000,7.800000,7.800000,7.800000,0
2018-10-23,7.020000,7.590000,7.020000,7.590000,7.590000,1000
2018-10-24,7.590000,7.590000,7.590000,7.590000,7.590000,0
2018-10-25,7.590000,7.590000,7.590000,7.590000,7.590000,0
2018-10-26,6.878000,7.532000,6.490000,6.490000,6.490000,2500
2018-10-29,6.330000,6.330000,6.330000,6.330000,6.330000,200
2018-10-30,6.500000,6.530000,6.500000,6.530000,6.530000,600
2018-10-31,6.530000,6.530000,6.530000,6.530000,6.530000,0
2018-11-01,6.530000,6.530000,6.530000,6.530000,6.530000,0
2018-11-02,6.530000,6.530000,6.530000,6.530000,6.530000,0
2018-11-05,6.530000,6.530000,6.530000,6.530000,6.530000,0
2018-11-06,6.058000,6.058000,6.000000,6.000000,6.000000,1100
2018-11-07,6.000000,6.000000,6.000000,6.000000,6.000000,0
2018-11-08,6.000000,6.000000,6.000000,6.000000,6.000000,0
2018-11-09,6.000000,6.000000,6.000000,6.000000,6.000000,0
2018-11-12,6.000000,6.000000,6.000000,6.000000,6.000000,0
2018-11-13,5.400000,5.400000,5.400000,5.400000,5.400000,600
2018-11-14,5.435000,5.435000,5.435000,5.435000,5.435000,600
2018-11-15,5.435000,5.435000,5.435000,5.435000,5.435000,0
2018-11-16,5.130000,5.150000,5.000000,5.000000,5.000000,1100
2018-11-19,5.000000,5.000000,5.000000,5.000000,5.000000,0
2018-11-20,5.000000,5.000000,5.000000,5.000000,5.000000,0
2018-11-21,5.000000,5.000000,5.000000,5.000000,5.000000,0
2018-11-23,5.000000,5.000000,5.000000,5.000000,5.000000,0
2018-11-26,5.000000,5.000000,5.000000,5.000000,5.000000,0
2018-11-27,5.000000,5.000000,5.000000,5.000000,5.000000,0
2018-11-28,4.620000,4.620000,4.070000,4.200000,4.200000,600
2018-11-29,4.000000,4.300000,4.000000,4.300000,4.300000,2000
2018-11-30,4.300000,4.300000,4.300000,4.300000,4.300000,0
2018-12-03,4.300000,4.300000,4.300000,4.300000,4.300000,0
2018-12-04,4.300000,4.300000,4.300000,4.300000,4.300000,0
2018-12-06,4.300000,4.300000,4.300000,4.300000,4.300000,0
2018-12-07,4.300000,4.300000,4.300000,4.300000,4.300000,0
2018-12-10,4.300000,4.300000,4.300000,4.300000,4.300000,0
2018-12-11,4.300000,4.300000,4.300000,4.300000,4.300000,0
2018-12-12,4.300000,4.300000,4.300000,4.300000,4.300000,200
2018-12-13,4.300000,4.300000,4.300000,4.300000,4.300000,200
2018-12-14,3.830000,3.830000,3.830000,3.830000,3.830000,200
2018-12-17,3.830000,3.830000,3.830000,3.830000,3.830000,0
2018-12-18,3.090000,3.090000,3.090000,3.090000,3.090000,300
2018-12-19,3.090000,3.090000,3.090000,3.090000,3.090000,0
2018-12-20,3.090000,3.090000,3.090000,3.090000,3.090000,0
2018-12-21,3.090000,3.090000,3.090000,3.090000,3.090000,0
2018-12-24,3.090000,3.090000,3.090000,3.090000,3.090000,0
2018-12-26,3.090000,3.090000,3.090000,3.090000,3.090000,0
2018-12-27,3.090000,3.090000,3.090000,3.090000,3.090000,0
2018-12-28,3.090000,3.090000,3.090000,3.090000,3.090000,0
2018-12-31,3.090000,3.090000,3.090000,3.090000,3.090000,0
2019-01-02,2.730000,3.850000,2.730000,3.850000,3.850000,1800
2019-01-03,3.500000,3.700000,3.500000,3.700000,3.700000,1400
2019-01-04,3.700000,3.700000,3.700000,3.700000,3.700000,0
2019-01-07,3.700000,3.700000,3.700000,3.700000,3.700000,0
2019-01-08,3.700000,3.700000,3.700000,3.700000,3.700000,0
2019-01-09,3.700000,3.700000,3.700000,3.700000,3.700000,0
2019-01-10,3.700000,3.700000,3.700000,3.700000,3.700000,0
2019-01-11,3.700000,3.700000,3.700000,3.700000,3.700000,0
2019-01-14,3.700000,3.700000,3.700000,3.700000,3.700000,0
2019-01-15,3.700000,3.700000,3.700000,3.700000,3.700000,0
2019-01-16,3.409000,3.409000,3.409000,3.409000,3.409000,400
2019-01-17,3.340000,3.340000,3.330000,3.330000,3.330000,200
2019-01-18,3.010000,3.010000,3.010000,3.010000,3.010000,100
2019-01-22,3.010000,3.010000,3.010000,3.010000,3.010000,0
2019-01-23,3.010000,3.010000,3.010000,3.010000,3.010000,0
2019-01-24,3.010000,3.010000,3.010000,3.010000,3.010000,100
2019-01-25,3.010000,3.010000,3.010000,3.010000,3.010000,0
2019-01-28,3.010000,3.010000,3.010000,3.010000,3.010000,0
2019-01-29,3.640000,4.000000,3.640000,4.000000,4.000000,300
2019-01-30,4.000000,4.400000,4.000000,4.400000,4.400000,1900
2019-01-31,4.400000,5.720000,4.400000,5.720000,5.720000,1200
2019-02-01,5.800000,5.800000,3.769000,3.960000,3.960000,9100
2019-02-04,3.960000,4.600000,3.960000,4.040000,4.040000,1600
2019-02-05,4.040000,4.040000,3.830000,3.830000,3.830000,1600
2019-02-06,3.830000,3.830000,3.830000,3.830000,3.830000,0
2019-02-07,3.830000,3.830000,3.830000,3.830000,3.830000,100
2019-02-08,3.830000,3.830000,3.830000,3.830000,3.830000,0
2019-02-11,3.830000,3.830000,3.830000,3.830000,3.830000,0
2019-02-12,3.830000,3.830000,3.830000,3.830000,3.830000,0
2019-02-13,3.830000,3.830000,3.830000,3.830000,3.830000,0
2019-02-14,3.830000,3.830000,3.830000,3.830000,3.830000,0
2019-02-15,3.830000,3.830000,3.830000,3.830000,3.830000,0
2019-02-19,3.830000,3.830000,3.830000,3.830000,3.830000,0
2019-02-20,3.810000,3.810000,3.810000,3.810000,3.810000,100
2019-02-21,3.810000,3.810000,3.810000,3.810000,3.810000,0
2019-02-22,3.460000,3.460000,3.420000,3.420000,3.420000,800
2019-02-25,3.420000,3.420000,3.420000,3.420000,3.420000,0
2019-02-26,3.420000,3.420000,3.420000,3.420000,3.420000,0
2019-02-27,3.420000,3.420000,3.420000,3.420000,3.420000,0
2019-02-28,3.420000,3.420000,3.420000,3.420000,3.420000,0
2019-03-01,3.420000,3.420000,3.420000,3.420000,3.420000,0
2019-03-04,3.420000,3.420000,3.420000,3.420000,3.420000,0
2019-03-05,3.420000,3.420000,3.420000,3.420000,3.420000,0
2019-03-06,3.420000,3.420000,3.420000,3.420000,3.420000,0
2019-03-07,3.420000,3.420000,3.420000,3.420000,3.420000,0
2019-03-08,3.420000,3.420000,3.420000,3.420000,3.420000,0
2019-03-11,3.420000,3.420000,3.420000,3.420000,3.420000,0
2019-03-12,3.420000,3.420000,3.420000,3.420000,3.420000,0
2019-03-13,3.420000,3.420000,3.420000,3.420000,3.420000,0
2019-03-14,3.420000,3.420000,3.420000,3.420000,3.420000,0
2019-03-15,3.420000,3.420000,3.420000,3.420000,3.420000,0
2019-03-18,3.420000,3.420000,3.420000,3.420000,3.420000,0
2019-03-19,3.420000,3.420000,3.420000,3.420000,3.420000,0
2019-03-20,3.420000,3.420000,3.420000,3.420000,3.420000,0
2019-03-21,3.420000,3.420000,3.420000,3.420000,3.420000,0
2019-03-22,3.420000,3.420000,3.420000,3.420000,3.420000,0
2019-03-25,3.420000,3.420000,3.420000,3.420000,3.420000,0
2019-03-26,3.420000,3.420000,3.420000,3.420000,3.420000,0
2019-03-27,3.420000,3.420000,3.420000,3.420000,3.420000,0
2019-03-28,3.420000,3.420000,3.420000,3.420000,3.420000,0
2019-03-29,3.759000,3.920000,3.759000,3.920000,3.920000,6200
2019-04-01,3.920000,3.920000,3.920000,3.920000,3.920000,0
2019-04-02,3.920000,3.920000,3.920000,3.920000,3.920000,0
2019-04-03,3.920000,3.920000,3.920000,3.920000,3.920000,0
2019-04-04,3.920000,3.920000,3.920000,3.920000,3.920000,0
2019-04-05,3.920000,3.920000,3.920000,3.920000,3.920000,0
2019-04-08,3.540000,3.540000,3.540000,3.540000,3.540000,100
2019-04-09,3.540000,3.540000,3.540000,3.540000,3.540000,0
2019-04-10,4.240000,4.240000,3.900000,3.900000,3.900000,500
2019-04-11,3.850000,3.850000,3.800000,3.800000,3.800000,400
2019-04-12,4.050000,4.050000,4.050000,4.050000,4.050000,300
2019-04-15,4.500000,4.500000,4.500000,4.500000,4.500000,1000
2019-04-16,4.500000,4.500000,4.500000,4.500000,4.500000,0
2019-04-17,4.500000,4.500000,4.500000,4.500000,4.500000,0
2019-04-18,4.500000,4.500000,4.500000,4.500000,4.500000,0
2019-04-22,4.500000,4.500000,4.500000,4.500000,4.500000,0
2019-04-23,5.500000,5.500000,5.500000,5.500000,5.500000,400
2019-04-24,5.500000,5.500000,5.500000,5.500000,5.500000,0
2019-04-25,5.500000,5.500000,5.500000,5.500000,5.500000,0
2019-04-26,5.500000,5.500000,5.500000,5.500000,5.500000,300
2019-04-29,5.500000,5.500000,5.500000,5.500000,5.500000,0
2019-04-30,5.400000,5.432000,4.730000,5.110000,5.110000,3700
2019-05-01,5.110000,5.110000,5.110000,5.110000,5.110000,0
2019-05-02,5.110000,5.110000,5.110000,5.110000,5.110000,100
2019-05-03,5.110000,5.110000,5.110000,5.110000,5.110000,100
2019-05-06,5.000000,5.000000,5.000000,5.000000,5.000000,400
2019-05-07,5.000000,5.000000,5.000000,5.000000,5.000000,0
2019-05-08,5.000000,5.000000,5.000000,5.000000,5.000000,0
2019-05-09,5.000000,5.000000,5.000000,5.000000,5.000000,0
2019-05-10,5.000000,5.000000,5.000000,5.000000,5.000000,0
2019-05-13,5.000000,5.000000,5.000000,5.000000,5.000000,0
2019-05-14,5.000000,5.000000,5.000000,5.000000,5.000000,0
2019-05-15,4.400000,4.400000,4.400000,4.400000,4.400000,2000
2019-05-16,4.400000,4.400000,4.400000,4.400000,4.400000,0
2019-05-17,4.400000,4.400000,4.400000,4.400000,4.400000,0
2019-05-20,4.400000,4.400000,4.400000,4.400000,4.400000,0
2019-05-21,4.400000,4.400000,4.400000,4.400000,4.400000,0
2019-05-22,4.400000,4.400000,4.400000,4.400000,4.400000,0
2019-05-23,4.400000,4.400000,4.400000,4.400000,4.400000,0
2019-05-24,4.170000,4.170000,3.940000,3.940000,3.940000,600
2019-05-28,3.940000,3.940000,3.940000,3.940000,3.940000,0
2019-05-29,3.940000,3.940000,3.940000,3.940000,3.940000,0
2019-05-30,3.940000,3.940000,3.940000,3.940000,3.940000,0
2019-05-31,3.030000,3.420000,3.030000,3.420000,3.420000,500
2019-06-03,3.420000,3.420000,3.420000,3.420000,3.420000,0
2019-06-04,3.420000,3.420000,3.420000,3.420000,3.420000,0
2019-06-05,3.420000,3.420000,3.420000,3.420000,3.420000,0
2019-06-06,3.420000,3.420000,3.420000,3.420000,3.420000,0
2019-06-07,3.420000,3.420000,3.420000,3.420000,3.420000,0
2019-06-10,3.420000,3.420000,3.420000,3.420000,3.420000,100
2019-06-11,3.420000,3.420000,3.420000,3.420000,3.420000,0
2019-06-12,3.420000,3.420000,3.420000,3.420000,3.420000,0
2019-06-13,3.420000,3.420000,3.420000,3.420000,3.420000,0
2019-06-14,3.420000,3.420000,3.420000,3.420000,3.420000,0
2019-06-17,3.420000,3.420000,3.420000,3.420000,3.420000,0
2019-06-18,3.420000,3.420000,3.420000,3.420000,3.420000,0
2019-06-19,3.420000,3.420000,3.420000,3.420000,3.420000,200
2019-06-20,3.420000,3.420000,3.420000,3.420000,3.420000,0
2019-06-21,3.950000,4.300000,3.950000,3.950000,3.950000,500
2019-06-24,4.655000,4.655000,4.655000,4.655000,4.655000,200
2019-06-25,4.180000,4.180000,4.180000,4.180000,4.180000,200
2019-06-26,4.180000,4.180000,4.180000,4.180000,4.180000,100
2019-06-27,3.650000,3.900000,3.590000,3.750000,3.750000,1400
2019-06-28,3.940000,3.950000,3.940000,3.950000,3.950000,700
2019-07-01,3.950000,3.950000,3.950000,3.950000,3.950000,0
2019-07-02,3.950000,3.950000,3.950000,3.950000,3.950000,0
2019-07-03,3.950000,3.950000,3.950000,3.950000,3.950000,0
2019-07-05,3.950000,3.950000,3.950000,3.950000,3.950000,0
2019-07-08,3.950000,3.950000,3.950000,3.950000,3.950000,0
2019-07-09,3.200000,3.490000,3.200000,3.490000,3.490000,200
2019-07-10,3.490000,3.490000,3.490000,3.490000,3.490000,0
2019-07-11,3.490000,3.490000,3.490000,3.490000,3.490000,0
2019-07-12,3.490000,3.490000,3.490000,3.490000,3.490000,0
2019-07-15,3.490000,3.490000,3.490000,3.490000,3.490000,0
2019-07-16,3.490000,3.490000,3.490000,3.490000,3.490000,0
2019-07-17,3.490000,3.490000,3.490000,3.490000,3.490000,0
2019-07-18,3.490000,3.490000,3.490000,3.490000,3.490000,0
2019-07-19,3.490000,3.490000,3.490000,3.490000,3.490000,0
2019-07-22,3.490000,3.490000,3.490000,3.490000,3.490000,100
2019-07-23,3.490000,3.490000,3.490000,3.490000,3.490000,0
2019-07-24,3.490000,3.490000,3.490000,3.490000,3.490000,0
2019-07-25,3.490000,3.490000,3.490000,3.490000,3.490000,0
2019-07-26,3.490000,3.490000,3.490000,3.490000,3.490000,0
2019-07-29,3.490000,3.490000,3.490000,3.490000,3.490000,0
2019-07-30,3.490000,3.490000,3.490000,3.490000,3.490000,100
2019-07-31,3.490000,3.490000,3.490000,3.490000,3.490000,100
2019-08-01,3.490000,3.490000,3.490000,3.490000,3.490000,100
2019-08-02,3.490000,3.490000,3.490000,3.490000,3.490000,100
2019-08-05,3.490000,3.490000,3.490000,3.490000,3.490000,100
2019-08-06,3.490000,3.490000,3.490000,3.490000,3.490000,100
2019-08-07,2.030000,2.340000,2.030000,2.340000,2.340000,900
2019-08-08,2.200000,2.200000,2.200000,2.200000,2.200000,500
2019-08-09,2.200000,2.200000,2.200000,2.200000,2.200000,500
2019-08-12,2.200000,2.200000,2.200000,2.200000,2.200000,500
2019-08-13,2.200000,2.200000,2.200000,2.200000,2.200000,500
2019-08-14,2.200000,2.200000,2.200000,2.200000,2.200000,500
2019-08-15,2.200000,2.200000,2.200000,2.200000,2.200000,500
2019-08-16,2.200000,2.200000,2.200000,2.200000,2.200000,0
2019-08-19,2.200000,2.200000,2.200000,2.200000,2.200000,0
2019-08-20,2.200000,2.200000,2.200000,2.200000,2.200000,0
2019-08-21,2.200000,2.200000,2.200000,2.200000,2.200000,0
2019-08-22,2.200000,2.200000,2.200000,2.200000,2.200000,0
2019-08-23,2.200000,2.200000,2.200000,2.200000,2.200000,0
2019-08-26,2.200000,2.200000,2.200000,2.200000,2.200000,0
2019-08-27,2.200000,2.200000,2.200000,2.200000,2.200000,0
2019-08-28,2.200000,2.200000,2.200000,2.200000,2.200000,0
2019-08-29,2.200000,2.200000,2.200000,2.200000,2.200000,0
2019-08-30,2.200000,2.200000,2.200000,2.200000,2.200000,0
2019-09-03,2.200000,2.200000,2.200000,2.200000,2.200000,0
2019-09-04,2.200000,2.200000,2.200000,2.200000,2.200000,0
2019-09-05,2.200000,2.200000,2.200000,2.200000,2.200000,0
2019-09-06,2.200000,2.200000,2.200000,2.200000,2.200000,0
2019-09-09,2.200000,2.200000,2.200000,2.200000,2.200000,0
2019-09-10,2.200000,2.200000,2.200000,2.200000,2.200000,0
2019-09-11,1.760000,1.850000,1.760000,1.850000,1.850000,500
2019-09-12,1.850000,1.850000,1.850000,1.850000,1.850000,0
2019-09-13,1.850000,1.850000,1.850000,1.850000,1.850000,0
2019-09-16,1.850000,1.850000,1.850000,1.850000,1.850000,100
2019-09-17,1.850000,1.850000,1.850000,1.850000,1.850000,0
2019-09-18,1.850000,1.850000,1.850000,1.850000,1.850000,0
2019-09-19,1.850000,1.850000,1.850000,1.850000,1.850000,0
2019-09-20,1.850000,1.850000,1.850000,1.850000,1.850000,0
2019-09-23,1.850000,1.850000,1.850000,1.850000,1.850000,0
2019-09-24,1.850000,1.850000,1.850000,1.850000,1.850000,0
2019-09-25,1.850000,1.850000,1.850000,1.850000,1.850000,0
2019-09-26,1.850000,1.850000,1.850000,1.850000,1.850000,0
2019-09-27,1.850000,1.850000,1.850000,1.850000,1.850000,0
2019-09-30,1.850000,1.850000,1.850000,1.850000,1.850000,0
2019-10-01,1.850000,1.850000,1.850000,1.850000,1.850000,0
2019-10-02,1.850000,1.850000,1.850000,1.850000,1.850000,0
2019-10-03,1.850000,1.850000,1.850000,1.850000,1.850000,0
2019-10-04,1.850000,1.850000,1.850000,1.850000,1.850000,0
2019-10-07,1.850000,1.850000,1.850000,1.850000,1.850000,0
2019-10-08,1.850000,1.850000,1.850000,1.850000,1.850000,0
2019-10-09,1.850000,1.850000,1.850000,1.850000,1.850000,0
2019-10-10,1.850000,1.850000,1.850000,1.850000,1.850000,0
2019-10-11,1.850000,1.850000,1.850000,1.850000,1.850000,0
2019-10-14,1.850000,1.850000,1.850000,1.850000,1.850000,0
2019-10-15,1.850000,1.850000,1.850000,1.850000,1.850000,0
2019-10-16,1.850000,1.850000,1.850000,1.850000,1.850000,0
2019-10-17,1.850000,1.850000,1.850000,1.850000,1.850000,0
2019-10-18,1.850000,1.850000,1.850000,1.850000,1.850000,0
2019-10-21,1.850000,1.850000,1.850000,1.850000,1.850000,0
2019-10-22,1.850000,1.850000,1.850000,1.850000,1.850000,0
2019-10-23,1.850000,1.850000,1.850000,1.850000,1.850000,0
2019-10-24,1.850000,1.850000,1.850000,1.850000,1.850000,0
2019-10-25,1.850000,1.850000,1.850000,1.850000,1.850000,0
2019-10-28,1.850000,1.850000,1.850000,1.850000,1.850000,0
2019-10-29,1.850000,1.850000,1.850000,1.850000,1.850000,0
2019-10-30,1.700000,1.700000,1.700000,1.700000,1.700000,400
2019-10-31,1.700000,1.700000,1.700000,1.700000,1.700000,0
2019-11-01,1.700000,1.700000,1.700000,1.700000,1.700000,0
2019-11-04,1.700000,1.700000,1.700000,1.700000,1.700000,0
2019-11-05,1.700000,1.700000,1.700000,1.700000,1.700000,0
2019-11-06,1.700000,1.700000,1.700000,1.700000,1.700000,0
2019-11-07,1.700000,1.700000,1.700000,1.700000,1.700000,0
2019-11-08,1.700000,1.700000,1.700000,1.700000,1.700000,0
2019-11-11,1.700000,1.700000,1.700000,1.700000,1.700000,0
2019-11-12,1.700000,1.700000,1.700000,1.700000,1.700000,0
2019-11-13,1.600000,1.600000,1.600000,1.600000,1.600000,100
2019-11-14,1.600000,1.600000,1.600000,1.600000,1.600000,0
2019-11-15,1.600000,1.600000,1.600000,1.600000,1.600000,100
2019-11-18,1.550000,1.650000,1.500000,1.650000,1.650000,1100
2019-11-19,1.650000,1.650000,1.650000,1.650000,1.650000,0
2019-11-20,1.650000,1.650000,1.650000,1.650000,1.650000,0
2019-11-21,1.650000,1.650000,1.650000,1.650000,1.650000,0
2019-11-22,1.650000,1.650000,1.650000,1.650000,1.650000,0
2019-11-25,1.650000,1.650000,1.650000,1.650000,1.650000,100
2019-11-26,1.650000,1.650000,1.650000,1.650000,1.650000,0
2019-11-27,1.650000,1.650000,1.650000,1.650000,1.650000,0
2019-11-29,1.650000,1.650000,1.650000,1.650000,1.650000,0
2019-12-02,1.650000,1.650000,1.650000,1.650000,1.650000,0
2019-12-03,1.650000,1.650000,1.650000,1.650000,1.650000,100
2019-12-04,1.650000,1.650000,1.650000,1.650000,1.650000,0
2019-12-05,1.650000,1.650000,1.650000,1.650000,1.650000,0
2019-12-06,1.650000,1.650000,1.650000,1.650000,1.650000,0
2019-12-09,1.650000,1.650000,1.650000,1.650000,1.650000,0
2019-12-10,1.800000,1.800000,1.562000,1.562000,1.562000,1000
2019-12-11,1.590000,1.590000,1.590000,1.590000,1.590000,400
2019-12-12,1.800000,3.610000,1.800000,2.550000,2.550000,11400
2019-12-13,1.910000,2.180000,1.790000,1.790000,1.790000,8000
2019-12-16,1.790000,1.790000,1.790000,1.790000,1.790000,0
2019-12-17,1.790000,1.790000,1.790000,1.790000,1.790000,0
2019-12-18,1.820000,1.820000,1.820000,1.820000,1.820000,300
2019-12-19,2.080000,2.080000,1.660000,1.900000,1.900000,700
2019-12-20,1.450000,1.630000,1.350000,1.630000,1.630000,3200
2019-12-23,1.350000,1.500000,1.080000,1.500000,1.500000,3200
2019-12-24,1.080000,1.220000,1.080000,1.220000,1.220000,600
2019-12-26,1.220000,1.220000,1.220000,1.220000,1.220000,0
2019-12-27,1.220000,1.220000,1.220000,1.220000,1.220000,0
2019-12-30,1.220000,1.220000,1.220000,1.220000,1.220000,0
2019-12-31,1.220000,1.220000,1.220000,1.220000,1.220000,0
2020-01-02,1.220000,1.220000,1.220000,1.220000,1.220000,0
2020-01-03,1.220000,1.220000,1.220000,1.220000,1.220000,0
2020-01-06,1.220000,1.220000,1.220000,1.220000,1.220000,0
2020-01-07,1.629000,1.629000,1.500000,1.500000,1.500000,1000
2020-01-08,1.500000,1.500000,1.500000,1.500000,1.500000,0
2020-01-09,1.650000,1.650000,1.350000,1.350000,1.350000,1400
2020-01-10,1.350000,1.350000,1.350000,1.350000,1.350000,0
2020-01-13,1.350000,1.350000,1.350000,1.350000,1.350000,0
2020-01-14,1.350000,1.350000,1.350000,1.350000,1.350000,0
2020-01-15,1.350000,1.350000,1.350000,1.350000,1.350000,0
2020-01-16,1.350000,1.350000,1.350000,1.350000,1.350000,0
2020-01-17,1.350000,1.350000,1.350000,1.350000,1.350000,0
2020-01-21,1.350000,1.350000,1.350000,1.350000,1.350000,0
2020-01-22,1.316000,1.400000,1.310000,1.350000,1.350000,1100
2020-01-23,1.350000,1.350000,1.350000,1.350000,1.350000,0
2020-01-24,1.350000,1.350000,1.350000,1.350000,1.350000,0
2020-01-27,1.940000,1.940000,1.540000,1.570000,1.570000,1400
2020-01-28,1.570000,1.570000,1.570000,1.570000,1.570000,0
2020-01-29,1.570000,1.570000,1.570000,1.570000,1.570000,0
2020-01-30,1.570000,1.570000,1.570000,1.570000,1.570000,0
2020-01-31,1.570000,1.570000,1.570000,1.570000,1.570000,0
2020-02-03,1.470000,1.480000,1.470000,1.480000,1.480000,500
2020-02-04,1.480000,1.480000,1.480000,1.480000,1.480000,0
2020-02-05,1.480000,1.480000,1.480000,1.480000,1.480000,0
2020-02-06,1.450000,1.450000,1.450000,1.450000,1.450000,500
2020-02-07,1.450000,1.450000,1.450000,1.450000,1.450000,0
2020-02-10,1.450000,1.450000,1.450000,1.450000,1.450000,0
2020-02-11,1.450000,1.450000,1.450000,1.450000,1.450000,0
2020-02-12,1.450000,1.450000,1.450000,1.450000,1.450000,0
2020-02-13,1.260000,1.260000,1.240000,1.240000,1.240000,600
2020-02-14,1.205000,1.205000,0.963000,0.963000,0.963000,600
2020-02-18,0.963000,0.963000,0.963000,0.963000,0.963000,0
2020-02-19,0.960000,1.070000,0.960000,1.070000,1.070000,700
2020-02-20,1.070000,1.070000,1.070000,1.070000,1.070000,100
2020-02-21,1.070000,1.070000,1.070000,1.070000,1.070000,0
2020-02-24,1.070000,1.070000,1.070000,1.070000,1.070000,0
2020-02-25,1.140000,1.140000,1.140000,1.140000,1.140000,200
2020-02-26,1.140000,1.140000,1.140000,1.140000,1.140000,0
2020-02-27,1.140000,1.140000,1.140000,1.140000,1.140000,0
2020-02-28,1.140000,1.140000,1.140000,1.140000,1.140000,0
2020-03-02,1.173000,1.173000,0.810000,0.810000,0.810000,1200
2020-03-03,0.880000,0.880000,0.880000,0.880000,0.880000,200
2020-03-04,0.880000,0.880000,0.880000,0.880000,0.880000,200
2020-03-05,0.880000,0.880000,0.880000,0.880000,0.880000,100
2020-03-06,0.880000,0.880000,0.880000,0.880000,0.880000,0
2020-03-09,0.840000,1.010000,0.840000,0.840000,0.840000,200
2020-03-10,0.840000,0.840000,0.840000,0.840000,0.840000,0
2020-03-11,0.810000,0.810000,0.810000,0.810000,0.810000,300
2020-03-12,0.810000,0.810000,0.810000,0.810000,0.810000,0
2020-03-13,0.810000,0.810000,0.810000,0.810000,0.810000,0
2020-03-16,0.810000,0.810000,0.810000,0.810000,0.810000,0
2020-03-17,0.810000,0.810000,0.810000,0.810000,0.810000,0
2020-03-18,0.810000,0.810000,0.810000,0.810000,0.810000,0
2020-03-19,0.810000,0.810000,0.810000,0.810000,0.810000,0
2020-03-20,0.810000,0.810000,0.810000,0.810000,0.810000,0
2020-03-23,0.810000,0.810000,0.810000,0.810000,0.810000,0
2020-03-24,0.810000,0.810000,0.810000,0.810000,0.810000,0
2020-03-25,0.810000,0.810000,0.810000,0.810000,0.810000,0
2020-03-26,0.810000,0.810000,0.810000,0.810000,0.810000,0
2020-03-27,0.810000,0.810000,0.810000,0.810000,0.810000,0
2020-03-30,0.810000,0.810000,0.810000,0.810000,0.810000,0
2020-03-31,0.730000,0.810000,0.320000,0.445000,0.445000,15200
2020-04-01,0.500000,0.500000,0.420000,0.440000,0.440000,3500
2020-04-02,0.440000,0.440000,0.440000,0.440000,0.440000,0
2020-04-03,0.572000,0.572000,0.550000,0.550000,0.550000,700
2020-04-06,0.550000,0.550000,0.512000,0.512000,0.512000,600
2020-04-07,0.430000,0.580000,0.430000,0.580000,0.580000,200
2020-04-08,0.580000,0.580000,0.580000,0.580000,0.580000,0
2020-04-09,0.580000,0.580000,0.580000,0.580000,0.580000,0
2020-04-13,0.580000,0.580000,0.580000,0.580000,0.580000,0
2020-04-14,0.580000,0.580000,0.580000,0.580000,0.580000,100
2020-04-15,0.560000,0.560000,0.558000,0.558000,0.558000,200
2020-04-16,0.558000,0.558000,0.558000,0.558000,0.558000,0
2020-04-17,0.552000,0.552000,0.552000,0.552000,0.552000,200
2020-04-20,0.552000,0.552000,0.552000,0.552000,0.552000,0
2020-04-21,0.552000,0.552000,0.552000,0.552000,0.552000,0
2020-04-22,0.552000,0.552000,0.552000,0.552000,0.552000,0
2020-04-23,0.500000,0.500000,0.498000,0.498000,0.498000,800
2020-04-24,0.498000,0.498000,0.498000,0.498000,0.498000,0
2020-04-27,0.498000,0.498000,0.498000,0.498000,0.498000,0
2020-04-28,0.498000,0.498000,0.498000,0.498000,0.498000,0
2020-04-29,0.498000,0.498000,0.498000,0.498000,0.498000,0
2020-04-30,0.498000,0.498000,0.498000,0.498000,0.498000,0
2020-05-01,0.498000,0.498000,0.498000,0.498000,0.498000,0
2020-05-04,0.650000,0.650000,0.648000,0.650000,0.650000,2300
2020-05-05,0.654000,0.654000,0.650000,0.650000,0.650000,2300
2020-05-06,0.650000,0.650000,0.650000,0.650000,0.650000,0
2020-05-07,0.650000,0.650000,0.650000,0.650000,0.650000,100
2020-05-08,0.625000,0.650000,0.600000,0.650000,0.650000,5400
2020-05-11,0.650000,0.650000,0.650000,0.650000,0.650000,0
2020-05-12,0.650000,0.650000,0.650000,0.650000,0.650000,300
2020-05-13,0.650000,0.650000,0.650000,0.650000,0.650000,200
2020-05-14,0.505000,0.650000,0.455000,0.650000,0.650000,2900
2020-05-15,0.650000,0.650000,0.650000,0.650000,0.650000,800
2020-05-18,0.650000,0.650000,0.500000,0.650000,0.650000,4300
2020-05-19,0.500000,0.650000,0.480000,0.575000,0.575000,5200
2020-05-20,0.490000,0.490000,0.490000,0.490000,0.490000,400
2020-05-21,0.490000,0.600000,0.490000,0.544000,0.544000,3300
2020-05-22,0.470000,0.472000,0.470000,0.470000,0.470000,5500
2020-05-26,0.400000,0.500000,0.400000,0.400000,0.400000,1200
2020-05-27,0.490000,0.490000,0.490000,0.490000,0.490000,200
2020-05-28,0.490000,0.490000,0.403000,0.490000,0.490000,3200
2020-05-29,0.491000,0.491000,0.490000,0.490000,0.490000,700
2020-06-01,0.490000,0.490000,0.490000,0.490000,0.490000,0
2020-06-02,0.400000,0.650000,0.310000,0.370000,0.370000,19800
2020-06-03,0.520000,1.540000,0.490000,1.400000,1.400000,117400
2020-06-04,2.150000,7.500000,2.000000,3.250000,3.250000,682500
2020-06-05,3.250000,3.800000,2.190000,2.250000,2.250000,134200
2020-06-08,3.040000,3.040000,1.870000,2.030000,2.030000,80900
2020-06-09,2.030000,2.060000,1.850000,1.850000,1.850000,35400
2020-06-10,1.750000,1.797000,1.180000,1.210000,1.210000,50700
2020-06-11,1.790000,1.790000,1.170000,1.170000,1.170000,130100
2020-06-12,1.250000,1.600000,0.710000,0.815000,0.815000,194800
2020-06-15,0.900000,1.000000,0.730000,0.950000,0.950000,127500
2020-06-16,5.600000,7.470000,1.500000,1.600000,1.600000,13746200
2020-06-17,2.480000,2.480000,1.420000,1.480000,1.480000,1393900
2020-06-18,1.440000,1.465000,1.220000,1.280000,1.280000,386000
2020-06-19,1.500000,1.560000,1.180000,1.300000,1.300000,613700
2020-06-22,1.360000,1.360000,1.060000,1.180000,1.180000,346400
2020-06-23,1.290000,1.340000,1.060000,1.100000,1.100000,450600
2020-06-24,1.010000,1.105000,1.000000,1.030000,1.030000,206700
2020-06-25,1.020000,1.150000,0.920000,1.048000,1.048000,275400
2020-06-26,0.960000,1.030000,0.920000,0.960000,0.960000,151400
2020-06-29,0.950000,0.990000,0.850000,0.890000,0.890000,125800
2020-06-30,0.920000,0.920000,0.800000,0.861000,0.861000,97300
2020-07-01,0.550000,0.617000,0.400000,0.450000,0.450000,1153900
2020-07-02,0.435000,0.500000,0.420000,0.444000,0.444000,372900
2020-07-06,0.930000,1.300000,0.521000,0.604000,0.604000,8676200
2020-07-07,0.608000,0.690000,0.451000,0.643000,0.643000,1122800
2020-07-08,0.520000,0.590000,0.471000,0.520000,0.520000,514400
2020-07-09,0.500000,0.530000,0.471000,0.510000,0.510000,218100
2020-07-10,0.500000,0.530000,0.460000,0.500000,0.500000,286300
2020-07-13,0.500000,0.503000,0.455000,0.477000,0.477000,357000
2020-07-14,0.450000,0.510000,0.420000,0.456000,0.456000,256200
2020-07-15,0.450000,0.500000,0.430000,0.460000,0.460000,219400
2020-07-16,0.490000,0.510000,0.460000,0.499000,0.499000,188700