Date,Open,High,Low,Close,Adj Close,Volume
2019-06-13,19.914000,19.914000,19.410000,19.566999,16.959887,20400
2019-06-14,19.600000,19.629999,19.471001,19.490000,16.893147,10000
2019-06-17,19.750000,19.920000,19.493000,19.493000,16.895748,12800
2019-06-18,19.518000,19.660000,19.490000,19.549999,16.945147,24900
2019-06-19,19.600000,19.631001,19.510000,19.520000,16.919146,2800
2019-06-20,19.584999,19.600000,19.510000,19.570000,16.962486,18700
2019-06-21,19.559999,19.650000,19.500000,19.570999,16.963348,38600
2019-06-24,19.650000,19.750000,19.620001,19.680000,17.057831,22000
2019-06-25,19.642000,21.052000,19.610001,20.250000,17.551882,48200
2019-06-26,20.200001,20.400000,20.170000,20.379999,17.664560,16800
2019-06-27,20.393000,20.500000,20.389999,20.500000,17.768568,9500
2019-06-28,20.400000,20.600000,20.400000,20.400000,17.681896,23300
2019-07-01,20.400000,20.441999,18.540001,19.700001,17.075167,113700
2019-07-02,19.650000,19.840000,19.549999,19.549999,16.945147,25700
2019-07-03,19.809999,19.839001,19.750000,19.791000,17.154037,1100
2019-07-05,19.667999,19.840000,19.600000,19.600000,16.988487,20800
2019-07-08,19.610001,19.757999,19.600000,19.724001,17.095964,32300
2019-07-09,19.750000,19.750000,19.520000,19.600000,16.988487,20800
2019-07-10,19.340000,19.340000,19.100000,19.320000,17.059124,13900
2019-07-11,19.180000,19.250000,19.150000,19.250000,16.997318,10800
2019-07-12,19.410000,19.410000,19.150000,19.150000,16.909019,18100
2019-07-15,19.299999,19.299999,19.200001,19.240000,16.988487,14800
2019-07-16,19.260000,19.260000,19.150000,19.150000,16.909019,10600
2019-07-17,19.270000,19.330000,19.150000,19.270000,17.014982,9800
2019-07-18,19.250000,19.260000,18.983999,18.983999,16.762447,25100
2019-07-19,19.000000,19.040001,18.915001,18.920000,16.705935,15100
2019-07-22,18.952999,18.996000,18.650000,18.941000,16.724476,8600
2019-07-23,18.959999,18.979000,18.549999,18.799999,16.599976,22100
2019-07-24,18.650000,18.730000,18.650000,18.681999,16.495787,20000
2019-07-25,18.600000,18.719999,18.600000,18.660999,16.477242,7700
2019-07-26,18.756001,18.756001,18.340000,18.400000,16.246786,35300
2019-07-29,18.330000,18.542999,18.125000,18.242001,16.107277,61800
2019-07-30,18.200001,18.500000,18.200001,18.450001,16.290936,27000
2019-07-31,18.400000,18.600000,18.299999,18.450001,16.290936,32400
2019-08-01,18.459999,19.000000,18.459999,18.940001,16.723597,40600
2019-08-02,18.900000,18.980000,18.850000,18.850000,16.644127,17600
2019-08-05,18.860001,18.899000,18.830000,18.861000,16.653839,11900
2019-08-06,18.860001,18.899000,18.830000,18.861000,16.653839,200
2019-08-07,18.990000,18.990000,18.781000,18.830000,16.626469,16200
2019-08-08,18.900000,18.900000,18.775000,18.799999,16.599976,6300
2019-08-09,18.875000,18.900000,18.799999,18.841000,16.636181,13500
2019-08-12,18.879999,18.879999,18.799999,18.818001,16.615873,10600
2019-08-13,18.840000,18.889999,18.802999,18.830999,16.627348,1800
2019-08-14,18.750000,18.840000,18.700001,18.700001,16.671030,4000
2019-08-15,18.790001,18.849001,18.750000,18.780001,16.742352,7000
2019-08-16,18.709999,18.820000,18.709999,18.730000,16.697775,2700
2019-08-19,18.768999,18.841999,18.663000,18.663000,16.638044,13700
2019-08-20,18.750000,18.750000,18.575001,18.600000,16.581884,4500
2019-08-21,18.594999,18.674999,18.559999,18.559999,16.546221,13200
2019-08-22,18.596001,18.670000,18.596001,18.660000,16.635374,2200
2019-08-23,18.625000,18.650000,18.625000,18.639999,16.617542,2100
2019-08-26,18.597000,18.650000,18.590000,18.607000,16.588123,3400
2019-08-27,18.680000,18.799999,18.645000,18.799999,16.760181,5000
2019-08-28,18.799999,19.000000,18.799999,18.879999,16.831503,20800
2019-08-29,18.940001,19.000000,18.850000,18.868999,16.821697,13600
2019-08-30,18.830000,18.856001,18.830000,18.850000,16.804762,3400
2019-09-03,18.909000,19.000000,18.820000,18.820000,16.778013,13300
2019-09-04,18.910000,19.000000,18.910000,18.987000,16.926895,8000
2019-09-05,18.951000,18.980000,18.951000,18.980000,16.920650,1900
2019-09-06,18.934999,18.981001,18.934999,18.981001,16.921541,2100
2019-09-09,18.947001,18.947001,18.947001,18.947001,16.891232,400
2019-09-10,18.938000,18.950001,18.900000,18.931000,16.876968,8500
2019-09-11,18.850000,18.850000,18.809999,18.809999,16.930069,1500
2019-09-12,18.900000,18.900000,18.750000,18.750000,16.876068,3300
2019-09-13,18.719999,18.785999,18.719999,18.785999,16.908470,500
2019-09-16,18.840000,18.902000,18.840000,18.893000,17.004780,2500
2019-09-17,18.900000,18.900000,18.881001,18.900000,17.011078,4500
2019-09-18,18.840000,19.007999,18.840000,19.007999,17.108284,1800
2019-09-19,19.007999,19.007999,19.007999,19.007999,17.108284,0
2019-09-20,19.114000,19.114000,19.113001,19.113001,17.202787,600
2019-09-23,19.209999,19.240000,19.209999,19.240000,17.317099,700
2019-09-24,19.247000,19.271000,19.160000,19.184000,17.266693,9200
2019-09-25,19.139999,19.139999,19.121000,19.121000,17.209991,700
2019-09-26,19.180000,19.180000,18.900000,19.180000,17.263094,5000
2019-09-27,19.059999,19.200001,19.059999,19.080999,17.173988,2700
2019-09-30,19.030001,19.113001,18.969999,19.080000,17.173090,18200
2019-10-01,19.090000,19.100000,18.950001,18.950001,17.056080,6800
2019-10-02,18.950001,19.097000,18.750000,18.902000,17.012878,25400
2019-10-03,18.910000,19.870001,18.799999,18.917999,17.027279,3200
2019-10-04,19.070000,19.100000,18.600000,18.752001,16.877871,8300
2019-10-07,18.752001,18.752001,18.752001,18.752001,16.877871,100
2019-10-08,18.806000,18.806000,18.719999,18.719999,16.849066,1600
2019-10-09,18.719999,18.764000,18.719999,18.764000,16.888668,1000
2019-10-10,18.790001,19.000000,18.760000,18.760000,16.885071,3200
2019-10-11,18.760000,19.375999,18.760000,19.100000,17.191090,1200
2019-10-14,19.167000,19.167000,18.719999,18.719999,16.849066,6300
2019-10-15,18.830000,18.900000,18.787001,18.860001,16.975077,1000
2019-10-16,18.698999,18.698999,18.674000,18.674000,16.969624,400
2019-10-17,18.770000,18.879999,18.770000,18.870001,17.147736,2500
2019-10-18,18.808001,18.999001,18.808001,18.948000,17.218616,600
2019-10-21,19.000000,19.000000,18.945999,18.945999,17.216795,1000
2019-10-22,18.931000,19.000000,18.931000,19.000000,17.265869,800
2019-10-23,18.990999,19.100000,18.990999,19.100000,17.356743,1200
2019-10-24,18.766001,19.046000,18.766001,19.046000,17.307673,1700
2019-10-25,19.000000,19.014999,18.934999,18.959999,17.229517,3000
2019-10-28,18.775000,18.962000,18.775000,18.799999,17.084122,3100
2019-10-29,18.840000,19.100000,18.760000,19.049999,17.311304,15100
2019-10-30,19.016001,19.030001,18.980000,18.980000,17.247694,4300
2019-10-31,18.950001,18.986000,18.764999,18.764999,17.052317,6400
2019-11-01,18.799999,18.893000,18.750000,18.750000,17.038683,18300
2019-11-04,18.650000,18.709000,18.480000,18.700001,16.993252,12500
2019-11-05,18.790001,18.922001,18.790001,18.799999,17.084122,27200
2019-11-06,18.596001,18.690001,18.532000,18.542000,16.849669,3200
2019-11-07,18.524000,18.537001,18.480000,18.520000,16.829678,5800
2019-11-08,18.610001,18.652000,18.520000,18.639999,16.938725,6500
2019-11-11,18.620001,18.670000,18.570000,18.650000,16.947811,3500
2019-11-12,18.600000,18.659000,18.570000,18.650000,16.947811,8000
2019-11-13,18.430000,18.632000,18.299999,18.299999,16.791824,24200
2019-11-14,18.299999,18.350000,18.250000,18.290001,16.782650,5100
2019-11-15,18.250000,18.410999,18.240000,18.270000,16.764296,5100
2019-11-18,18.230000,18.278999,18.180000,18.180000,16.681711,5200
2019-11-19,18.150000,18.186001,18.121000,18.165001,16.667948,12000
2019-11-20,18.316999,18.407000,18.299999,18.302000,16.793659,1900
2019-11-21,18.299999,18.455999,18.120001,18.120001,16.626659,11100
2019-11-22,18.209999,18.410000,18.131001,18.305000,16.796412,6700
2019-11-25,18.219999,18.610001,18.000000,18.049999,16.562428,8200
2019-11-26,18.139999,18.600000,18.110001,18.518999,16.992775,15000
2019-11-27,18.590000,18.590000,18.510000,18.549000,17.020304,1200
2019-11-29,18.600000,18.600000,18.370001,18.430000,16.911108,5800
2019-12-02,18.320000,18.330000,18.295000,18.309999,16.800999,8100
2019-12-03,18.360001,18.379999,18.336000,18.379999,16.865229,1600
2019-12-04,18.440001,18.440001,18.350000,18.415001,16.897346,5000
2019-12-05,18.400000,18.480000,18.299999,18.480000,16.956987,5900
2019-12-06,18.500000,18.580000,18.450001,18.450001,16.929461,8500
2019-12-09,18.500000,18.540001,18.010000,18.320000,16.810173,10200
2019-12-10,18.290001,18.500000,18.260000,18.330000,16.819351,18300
2019-12-11,18.290001,18.290001,18.180000,18.257999,16.919434,36800
2019-12-12,18.149000,18.160000,18.100000,18.145000,16.814716,5100
2019-12-13,18.129999,18.254000,18.129999,18.200001,16.865686,34100
2019-12-16,18.200001,18.340000,18.160000,18.320999,16.977814,5800
2019-12-17,18.209999,18.332001,18.209999,18.299999,16.958355,16600
2019-12-18,18.129999,18.313000,18.129999,18.280001,16.939821,13200
2019-12-19,18.250000,18.260000,18.120001,18.254999,16.916653,38000
2019-12-20,18.190001,18.298000,18.190001,18.254999,16.916653,70900
2019-12-23,18.180000,18.180000,18.000000,18.115000,16.786917,133200
2019-12-24,18.299999,18.299999,18.020000,18.066000,16.741508,19100
2019-12-26,18.059999,18.080999,18.000000,18.045000,16.722052,20100
2019-12-27,18.139999,18.370001,18.000000,18.240000,16.902750,25700
2019-12-30,18.180000,18.350000,18.150000,18.240000,16.902750,19700
2019-12-31,18.150000,18.296000,18.000000,18.219999,16.884220,10800
2020-01-02,18.309999,18.309999,18.150000,18.219999,16.884220,9500
2020-01-03,18.240000,18.240000,18.190001,18.209999,16.874952,6500
2020-01-06,18.280001,18.306000,18.253000,18.306000,16.963917,4000
2020-01-07,18.400000,18.400000,18.260000,18.260000,16.921286,10800
2020-01-08,18.350000,18.500000,18.250000,18.469999,17.115889,15000
2020-01-09,18.521999,18.549999,18.450001,18.450001,17.097357,21000
2020-01-10,18.459999,18.549999,18.350000,18.549999,17.190025,15700
2020-01-13,18.450001,18.510000,18.299999,18.480000,17.125156,38700
2020-01-14,18.450001,18.700001,18.440001,18.520000,17.162226,12900
2020-01-15,18.610001,18.670000,18.389999,18.430000,17.078821,17600
2020-01-16,18.240000,18.420000,18.190001,18.230000,17.060106,19100
2020-01-17,18.200001,18.280001,18.200001,18.200001,17.032036,9000
2020-01-21,18.059999,18.350000,18.059999,18.160000,16.994598,45800
2020-01-22,18.280001,18.280001,18.180000,18.200001,17.032036,24400
2020-01-23,18.290001,18.290001,18.110001,18.110001,16.947811,16400
2020-01-24,18.200001,18.200001,18.100000,18.120001,16.957169,23000
2020-01-27,18.170000,18.250000,18.010000,18.200001,17.032036,24900
2020-01-28,18.219999,18.340000,18.219999,18.250000,17.078823,107300
2020-01-29,18.270000,18.483000,18.247000,18.389000,17.208902,15000
2020-01-30,18.250000,18.424999,18.250000,18.400000,17.219196,6300
2020-01-31,18.389999,18.389999,18.329000,18.329000,17.152754,4500
2020-02-03,18.400000,18.400000,18.389999,18.393000,17.212645,3500
2020-02-04,18.450001,18.450001,18.410000,18.440001,17.256634,14400
2020-02-05,18.379999,18.450001,18.260000,18.287001,17.113449,22800
2020-02-06,18.379999,18.400000,18.250999,18.318001,17.142460,25000
2020-02-07,18.379999,18.440001,18.100000,18.270000,17.097540,62700
2020-02-10,18.299999,18.340000,18.049999,18.240000,17.069464,349700
2020-02-11,18.290001,18.344000,18.218000,18.299999,17.125616,74600
2020-02-12,18.299999,18.309999,18.290001,18.290001,17.116259,44300
2020-02-13,18.200001,18.299999,18.152000,18.230000,17.229671,15200
2020-02-14,18.309999,18.409000,18.160000,18.170000,17.172966,38900
2020-02-18,18.180000,18.316000,18.180000,18.209999,17.210768,15900
2020-02-19,18.263000,18.263000,18.179001,18.219999,17.220222,19000
2020-02-20,18.249001,18.249001,18.180000,18.235001,17.234398,44200
2020-02-21,18.190001,18.263000,18.190001,18.252001,17.250467,9700
2020-02-24,18.299999,18.350000,18.150000,18.230000,17.229671,53700
2020-02-25,18.200001,18.297001,18.070000,18.080000,17.087904,72800
2020-02-26,18.100000,18.129999,18.049999,18.105000,17.111532,45600
2020-02-27,18.080000,18.150000,18.080000,18.086000,17.093573,6800
2020-02-28,18.080000,18.277000,18.080000,18.101000,17.107748,17000
2020-03-02,18.100000,18.184999,18.100000,18.100000,17.106806,24400
2020-03-03,18.299999,18.299999,18.110001,18.240000,17.239122,60700
2020-03-04,18.396000,18.450001,18.270000,18.309999,17.305283,4600
2020-03-05,18.400000,18.417999,18.170000,18.250000,17.248575,15300
2020-03-06,18.299000,18.315001,18.049999,18.049999,17.059547,34300
2020-03-09,17.959999,18.440001,17.850000,17.850000,16.870523,18900
2020-03-10,17.940001,17.990000,17.750000,17.850000,16.870523,15400
2020-03-11,17.850000,17.850000,17.610001,17.620001,16.653145,15800
2020-03-12,17.500000,17.840000,16.190001,16.389999,15.490638,20200
2020-03-13,16.600000,16.988001,16.400000,16.559999,15.651310,38500
2020-03-16,16.000000,16.000000,15.370000,15.820000,15.116221,55600
2020-03-17,15.740000,16.097000,15.740000,15.850000,15.144888,100700
2020-03-18,15.530000,15.587000,14.250000,14.300000,13.663841,46800
2020-03-19,14.500000,14.517000,14.050000,14.450000,13.807169,9700
2020-03-20,15.500000,15.650000,14.850000,15.250000,14.571580,63300
2020-03-23,15.250000,15.250000,14.500000,14.650000,13.998270,15900
2020-03-24,14.750000,15.360000,14.750000,15.150000,14.476028,40200
2020-03-25,15.030000,15.910000,15.010000,15.890000,15.183108,25200
2020-03-26,16.059000,16.150000,15.700000,16.150000,15.431542,31500
2020-03-27,15.563000,16.150000,14.510000,16.139999,15.421986,18200
2020-03-30,15.940000,15.940000,15.510000,15.925000,15.216551,2200
2020-03-31,15.930000,16.160000,15.500000,16.160000,15.441097,22200
2020-04-01,15.570000,16.150000,15.500000,15.620000,14.925119,14700
2020-04-02,15.835000,16.150000,15.510000,15.640000,14.944230,145200
2020-04-03,15.840000,15.982000,15.765000,15.780000,15.078002,7400
2020-04-06,15.850000,15.900000,15.795000,15.900000,15.192663,4500
2020-04-07,15.770000,16.059999,15.770000,16.059999,15.345545,1000
2020-04-08,16.129999,18.709999,16.129999,16.639999,15.899741,5900
2020-04-09,16.590000,17.340000,16.590000,16.650000,15.909298,3200
2020-04-13,17.049999,17.049999,15.010000,15.350000,14.667131,25100
2020-04-14,15.750000,15.750000,15.075000,15.380000,14.695797,46800
2020-04-15,15.380000,15.381000,14.800000,15.260000,14.753806,7700
2020-04-16,15.020000,15.328000,14.950000,15.234000,14.728668,10000
2020-04-17,15.020000,15.240000,14.900000,15.210000,14.705464,41300
2020-04-20,15.000000,15.250000,15.000000,15.080000,14.579776,22700
2020-04-21,15.060000,15.155000,14.950000,15.155000,14.652287,22200
2020-04-22,15.451000,15.451000,14.975000,15.069000,14.569142,6100
2020-04-23,14.950000,15.265000,14.950000,15.030000,14.531435,7400
2020-04-24,15.000000,15.206000,15.000000,15.075000,14.574942,10000
2020-04-27,14.920000,14.992000,14.920000,14.920000,14.425084,15100
2020-04-28,15.070000,15.458000,14.920000,15.110000,14.608781,12100
2020-04-29,15.225000,15.497000,14.977000,15.040000,14.541103,6600
2020-04-30,14.950000,15.500000,14.920000,15.350000,14.840820,18300
2020-05-01,15.100000,15.490000,15.000000,15.160000,14.657122,5200
2020-05-04,15.000000,15.347000,15.000000,15.141000,14.638754,9600
2020-05-05,15.225000,15.225000,15.000000,15.097000,14.596212,3300
2020-05-06,15.085000,15.260000,14.975000,15.065000,14.565273,8200
2020-05-07,15.115000,15.115000,15.082000,15.082000,14.581711,2800
2020-05-08,15.002000,15.090000,15.000000,15.075000,14.574942,2100
2020-05-11,15.226000,15.454000,14.950000,15.450000,14.937503,40600
2020-05-12,15.325000,15.465000,15.180000,15.452000,14.939436,7800
2020-05-13,15.150000,15.429000,15.150000,15.250000,14.744137,10800
2020-05-14,15.150000,15.200000,15.080000,15.180000,14.851759,37400
2020-05-15,15.245000,15.245000,15.100000,15.170000,14.841975,4500
2020-05-18,15.210000,15.357000,15.050000,15.197000,14.868390,2800
2020-05-19,15.070000,15.250000,15.070000,15.080000,14.753921,15500
2020-05-20,15.070000,15.283000,14.300000,14.720000,14.401706,191200
2020-05-21,14.820000,14.833000,14.660000,14.660000,14.343002,29100
2020-05-22,14.760000,14.790000,14.755000,14.760000,14.440841,3000
2020-05-26,14.780000,14.830000,14.750000,14.820000,14.499543,11400
2020-05-27,14.960000,15.065000,14.800000,14.995000,14.670759,17400
2020-05-28,15.140000,15.216000,14.800000,15.040000,14.714786,10200
2020-05-29,14.980000,15.120000,14.500000,15.120000,14.793056,8100
2020-06-01,15.160000,15.160000,15.000000,15.070000,14.744137,46500
2020-06-02,15.190000,15.220000,14.795000,15.150000,14.822407,26600
2020-06-03,15.230000,15.320000,15.080000,15.120000,14.793056,17900
2020-06-04,15.220000,15.460000,15.025000,15.025000,14.700110,18300
2020-06-05,15.130000,15.400000,15.130000,15.248000,14.918288,14400
2020-06-08,15.380000,15.670000,15.250000,15.410000,15.076785,228900
2020-06-09,15.470000,15.510000,14.990000,15.310000,14.978948,21300
2020-06-10,15.400000,15.400000,15.050000,15.385000,15.052326,6500
2020-06-11,15.160000,15.160000,14.820000,15.040000,14.714786,62400
2020-06-12,15.260000,15.260000,14.910000,15.055000,14.729462,5000
2020-06-15,14.910000,14.970000,14.850000,14.850000,14.704706,10800
2020-06-16,15.030000,15.030000,14.860000,15.000000,14.853238,9000
2020-06-17,15.000000,15.120000,14.976000,15.050000,14.902749,5500
2020-06-18,15.040000,15.050000,14.770000,15.050000,14.902749,3400
2020-06-19,15.090000,15.090000,14.850000,14.950000,14.803727,6300
2020-06-22,14.880000,15.440000,14.860000,14.860000,14.714608,6900
2020-06-23,15.235000,15.235000,14.850000,14.975000,14.828484,6300
2020-06-24,14.850000,15.148000,14.730000,14.820000,14.674999,8100
2020-06-25,14.860000,14.995000,14.860000,14.980000,14.833434,6200
2020-06-26,14.940000,15.065000,14.760000,15.055000,14.907701,8600
2020-06-29,14.940000,15.000000,14.860000,14.860000,14.714608,3600
2020-06-30,14.925000,14.925000,14.800000,14.850000,14.704706,17500
2020-07-01,14.840000,14.989000,14.782000,14.989000,14.842346,9500
2020-07-02,15.060000,15.100000,14.900000,14.900000,14.754216,6300
2020-07-06,14.980000,14.980000,14.795000,14.925000,14.778973,5600
2020-07-07,14.970000,14.970000,14.780000,14.780000,14.635390,5200
2020-07-08,14.780000,14.982000,14.780000,14.780000,14.635390,7500
2020-07-09,14.950000,14.960000,14.835000,14.835000,14.689853,3400
2020-07-10,14.940000,14.940000,14.721000,14.790000,14.645293,4100
2020-07-13,14.780000,14.900000,14.780000,14.800000,14.655195,28300
2020-07-14,14.800000,14.800000,14.710000,14.745000,14.600734,3400
2020-07-15,14.800000,14.900000,14.730000,14.820000,14.674999,106300
2020-07-16,14.750000,14.750000,14.575000,14.719000,14.719000,98200
2020-07-17,14.650000,14.760000,14.620000,14.760000,14.760000,14300
2020-07-20,14.740000,14.770000,14.740000,14.770000,14.770000,2100
2020-07-21,14.880000,14.960000,14.660000,14.910000,14.910000,13700
2020-07-22,14.960000,15.097000,14.940000,15.073000,15.073000,2300
2020-07-23,15.040000,15.040000,14.930000,14.930000,14.930000,500