Date,Open,High,Low,Close,Adj Close,Volume
2020-01-08,9.940000,10.000000,9.840000,10.000000,10.000000,164300
2020-01-09,10.000000,10.000000,9.900000,9.900000,9.900000,27400
2020-01-10,9.900000,9.900000,9.900000,9.900000,9.900000,3700
2020-01-13,9.960000,10.000000,9.940000,9.940000,9.940000,108000
2020-01-14,9.940000,9.940000,9.940000,9.940000,9.940000,0
2020-01-15,9.940000,9.940000,9.940000,9.940000,9.940000,1200
2020-01-16,9.940000,9.940000,9.940000,9.940000,9.940000,0
2020-01-17,9.875000,9.875000,9.875000,9.875000,9.875000,80300
2020-01-21,9.875000,9.875000,9.875000,9.875000,9.875000,0
2020-01-22,9.875000,9.875000,9.875000,9.875000,9.875000,0
2020-01-23,9.940000,9.940000,9.940000,9.940000,9.940000,100
2020-01-24,9.940000,9.940000,9.940000,9.940000,9.940000,0
2020-01-27,9.880000,9.880000,9.880000,9.880000,9.880000,13200
2020-01-28,9.910000,9.910000,9.900000,9.900000,9.900000,88600
2020-01-29,9.890000,9.900000,9.890000,9.900000,9.900000,325800
2020-01-30,9.900000,9.900000,9.900000,9.900000,9.900000,0
2020-01-31,9.900000,9.900000,9.900000,9.900000,9.900000,0
2020-02-03,9.900000,9.920000,9.900000,9.910000,9.910000,120300
2020-02-04,9.880000,9.920000,9.880000,9.920000,9.920000,33200
2020-02-05,9.913000,9.930000,9.913000,9.920000,9.920000,254800
2020-02-06,9.930000,9.935000,9.926000,9.935000,9.935000,338100
2020-02-07,9.940000,9.940000,9.940000,9.940000,9.940000,201000
2020-02-10,9.967000,9.967000,9.967000,9.967000,9.967000,200
2020-02-11,9.967000,9.984000,9.967000,9.984000,9.984000,200
2020-02-12,9.984000,9.984000,9.984000,9.984000,9.984000,0
2020-02-13,9.984000,9.984000,9.984000,9.984000,9.984000,0
2020-02-14,9.984000,9.984000,9.984000,9.984000,9.984000,0
2020-02-18,9.984000,9.984000,9.984000,9.984000,9.984000,0
2020-02-19,9.984000,9.984000,9.984000,9.984000,9.984000,0
2020-02-20,9.960000,9.960000,9.960000,9.960000,9.960000,75000
2020-02-21,9.940000,9.940000,9.940000,9.940000,9.940000,50000
2020-02-24,9.940000,9.940000,9.930000,9.930000,9.930000,258400
2020-02-25,9.940000,9.940000,9.930000,9.930000,9.930000,26200
2020-02-26,9.940000,9.940000,9.930000,9.930000,9.930000,5100
2020-02-27,9.920000,9.920000,9.920000,9.920000,9.920000,800
2020-02-28,9.900000,9.914000,9.900000,9.900000,9.900000,288600
2020-03-02,9.940000,10.000000,9.940000,10.000000,10.000000,2600
2020-03-03,9.900000,9.900000,9.900000,9.900000,9.900000,800
2020-03-04,9.900000,9.900000,9.900000,9.900000,9.900000,0
2020-03-05,9.950000,9.950000,9.950000,9.950000,9.950000,200
2020-03-06,9.910000,9.984000,9.910000,9.984000,9.984000,900
2020-03-09,9.880000,9.880000,9.702000,9.702000,9.702000,200
2020-03-10,9.900000,9.900000,9.900000,9.900000,9.900000,500000
2020-03-11,9.900000,9.900000,9.900000,9.900000,9.900000,0
2020-03-12,9.860000,10.000000,9.750000,9.750000,9.750000,31400
2020-03-13,9.780000,9.780000,9.720000,9.720000,9.720000,23500
2020-03-16,9.720000,9.720000,9.720000,9.720000,9.720000,0
2020-03-17,9.600000,9.600000,9.600000,9.600000,9.600000,8000
2020-03-18,9.600000,9.650000,9.300000,9.650000,9.650000,614200
2020-03-19,9.650000,9.650000,9.650000,9.650000,9.650000,0
2020-03-20,9.650000,9.650000,9.650000,9.650000,9.650000,102500
2020-03-23,9.420000,9.490000,9.417000,9.490000,9.490000,56300
2020-03-24,9.510000,9.510000,9.510000,9.510000,9.510000,38000
2020-03-25,9.510000,9.510000,9.510000,9.510000,9.510000,0
2020-03-26,9.625000,9.625000,9.625000,9.625000,9.625000,123500
2020-03-27,10.000000,10.000000,9.950000,9.950000,9.950000,3300
2020-03-30,9.950000,9.950000,9.950000,9.950000,9.950000,0
2020-03-31,9.810000,9.810000,9.810000,9.810000,9.810000,200
2020-04-01,9.800000,9.800000,9.800000,9.800000,9.800000,100
2020-04-02,9.875000,9.875000,9.800000,9.800000,9.800000,63400
2020-04-03,9.730000,9.878000,9.680000,9.680000,9.680000,5300
2020-04-06,9.725000,9.725000,9.725000,9.725000,9.725000,21500
2020-04-07,9.725000,9.725000,9.725000,9.725000,9.725000,0
2020-04-08,9.730000,9.730000,9.730000,9.730000,9.730000,700
2020-04-09,9.730000,9.730000,9.730000,9.730000,9.730000,561100
2020-04-13,9.750000,9.750000,9.740000,9.750000,9.750000,138800
2020-04-14,9.750000,9.750000,9.750000,9.750000,9.750000,0
2020-04-15,9.750000,9.750000,9.750000,9.750000,9.750000,0
2020-04-16,9.750000,9.750000,9.750000,9.750000,9.750000,0
2020-04-17,9.780000,9.780000,9.780000,9.780000,9.780000,434100
2020-04-20,9.780000,9.836000,9.760000,9.760000,9.760000,21100
2020-04-21,9.760000,9.760000,9.760000,9.760000,9.760000,0
2020-04-22,9.850000,9.850000,9.850000,9.850000,9.850000,8400
2020-04-23,9.800000,9.800000,9.800000,9.800000,9.800000,2300
2020-04-24,9.950000,9.950000,9.950000,9.950000,9.950000,5100
2020-04-27,9.950000,9.950000,9.950000,9.950000,9.950000,0
2020-04-28,9.950000,9.950000,9.950000,9.950000,9.950000,0
2020-04-29,9.950000,9.950000,9.950000,9.950000,9.950000,457600
2020-04-30,9.950000,9.950000,9.950000,9.950000,9.950000,0
2020-05-01,9.740000,9.800000,9.740000,9.800000,9.800000,8200
2020-05-04,9.810000,9.810000,9.800000,9.800000,9.800000,15000
2020-05-05,9.800000,9.800000,9.780000,9.780000,9.780000,299400
2020-05-06,9.750000,9.750000,9.750000,9.750000,9.750000,10000
2020-05-07,9.750000,9.750000,9.750000,9.750000,9.750000,0
2020-05-08,9.750000,9.750000,9.750000,9.750000,9.750000,0
2020-05-11,9.750000,9.750000,9.750000,9.750000,9.750000,0
2020-05-12,9.750000,9.750000,9.750000,9.750000,9.750000,0
2020-05-13,9.750000,9.770000,9.690000,9.690000,9.690000,7500
2020-05-14,9.720000,9.720000,9.700000,9.700000,9.700000,7000
2020-05-15,9.800000,9.800000,9.800000,9.800000,9.800000,100
2020-05-18,9.800000,9.800000,9.800000,9.800000,9.800000,0
2020-05-19,9.800000,9.800000,9.800000,9.800000,9.800000,0
2020-05-20,9.800000,9.800000,9.800000,9.800000,9.800000,0
2020-05-21,9.789000,9.789000,9.789000,9.789000,9.789000,100
2020-05-22,9.789000,9.789000,9.789000,9.789000,9.789000,0
2020-05-26,9.800000,9.800000,9.800000,9.800000,9.800000,6200
2020-05-27,9.800000,9.800000,9.800000,9.800000,9.800000,0
2020-05-28,9.800000,9.800000,9.800000,9.800000,9.800000,0
2020-05-29,9.780000,9.780000,9.780000,9.780000,9.780000,13400
2020-06-01,9.780000,9.780000,9.780000,9.780000,9.780000,0
2020-06-02,9.800000,9.800000,9.800000,9.800000,9.800000,400
2020-06-03,9.760000,9.760000,9.750000,9.750000,9.750000,13000
2020-06-04,9.750000,9.750000,9.750000,9.750000,9.750000,0
2020-06-05,9.750000,9.750000,9.750000,9.750000,9.750000,0
2020-06-08,9.750000,9.750000,9.750000,9.750000,9.750000,0
2020-06-09,9.950000,9.950000,9.930000,9.950000,9.950000,600
2020-06-10,9.900000,9.900000,9.860000,9.860000,9.860000,1900
2020-06-11,9.830000,9.850000,9.830000,9.850000,9.850000,158000
2020-06-12,9.855000,9.855000,9.855000,9.855000,9.855000,200
2020-06-15,9.855000,9.855000,9.855000,9.855000,9.855000,100
2020-06-16,9.875000,9.900000,9.875000,9.900000,9.900000,36300
2020-06-17,9.900000,9.900000,9.900000,9.900000,9.900000,0
2020-06-18,9.901000,9.901000,9.901000,9.901000,9.901000,500
2020-06-19,9.900000,9.900000,9.900000,9.900000,9.900000,100
2020-06-22,9.900000,9.950000,9.900000,9.950000,9.950000,900
2020-06-23,10.000000,10.000000,10.000000,10.000000,10.000000,15400
2020-06-24,10.000000,10.000000,9.990000,9.990000,9.990000,10300
2020-06-25,9.980000,10.000000,9.980000,9.990000,9.990000,88100
2020-06-26,10.000000,10.000000,10.000000,10.000000,10.000000,15200
2020-06-29,9.997000,10.050000,9.997000,10.020000,10.020000,35000
2020-06-30,10.140000,10.140000,9.990000,10.050000,10.050000,60000
2020-07-01,10.050000,10.050000,10.000000,10.020000,10.020000,6800
2020-07-02,9.980000,9.980000,9.980000,9.980000,9.980000,1200
2020-07-06,10.070000,10.070000,10.050000,10.070000,10.070000,18700
2020-07-07,10.060000,10.090000,10.000000,10.048000,10.048000,44400
2020-07-08,10.048000,10.048000,10.048000,10.048000,10.048000,0
2020-07-09,10.048000,10.048000,10.048000,10.048000,10.048000,0
2020-07-10,10.000000,10.030000,10.000000,10.030000,10.030000,8400
2020-07-13,10.060000,10.090000,10.050000,10.070000,10.070000,126700
2020-07-14,10.080000,10.150000,10.080000,10.150000,10.150000,12800
2020-07-15,10.150000,10.150000,10.150000,10.150000,10.150000,0
2020-07-16,10.150000,10.201000,10.150000,10.150000,10.150000,1400
2020-07-17,10.160000,10.230000,10.150000,10.150000,10.150000,45000
2020-07-20,10.160000,10.180000,10.160000,10.160000,10.160000,500
2020-07-21,10.210000,10.280000,10.200000,10.280000,10.280000,15700
2020-07-22,10.300000,10.440000,10.298000,10.440000,10.440000,37500
2020-07-23,10.350000,10.430000,10.350000,10.400000,10.400000,25200