Date,Open,High,Low,Close,Adj Close,Volume
2019-05-03,18.000000,18.750000,14.210000,15.250000,15.250000,17404200
2019-05-06,14.780000,15.410000,14.460000,14.820000,14.820000,1468300
2019-05-07,14.060000,15.100000,14.010000,15.010000,15.010000,862900
2019-05-08,14.940000,15.600000,14.750000,15.330000,15.330000,1944200
2019-05-09,15.110000,15.640000,14.770000,15.510000,15.510000,2488700
2019-05-10,15.670000,15.700000,14.970000,15.100000,15.100000,872900
2019-05-13,15.110000,15.250000,14.295000,14.500000,14.500000,800700
2019-05-14,14.650000,15.060000,14.370000,14.970000,14.970000,864200
2019-05-15,14.880000,15.570000,14.661000,15.350000,15.350000,572000
2019-05-16,15.350000,16.045000,15.350000,15.970000,15.970000,1300000
2019-05-17,15.820000,16.160000,15.500000,15.560000,15.560000,415900
2019-05-20,15.430000,15.620000,14.743000,15.070000,15.070000,444700
2019-05-21,15.280000,15.500000,15.055000,15.280000,15.280000,227200
2019-05-22,15.200000,15.480000,15.060000,15.450000,15.450000,172900
2019-05-23,15.520000,15.570000,15.055000,15.470000,15.470000,420100
2019-05-24,15.790000,15.990000,15.480000,15.770000,15.770000,198300
2019-05-28,15.850000,16.030001,15.500000,15.590000,15.590000,721900
2019-05-29,15.500000,15.650000,15.150000,15.450000,15.450000,628500
2019-05-30,15.500000,15.810000,15.490000,15.800000,15.800000,1213300
2019-05-31,15.760000,16.030001,15.610000,16.000000,16.000000,1717500
2019-06-03,16.049999,16.120001,15.250000,15.400000,15.400000,396900
2019-06-04,15.500000,15.695000,14.680000,14.990000,14.990000,1317900
2019-06-05,15.010000,15.510000,14.500000,15.350000,15.350000,608600
2019-06-06,15.300000,16.139000,15.180000,15.420000,15.420000,515000
2019-06-07,15.430000,15.860000,14.930000,15.170000,15.170000,559800
2019-06-10,15.240000,15.445000,14.200000,14.540000,14.540000,742000
2019-06-11,14.690000,14.960000,14.210000,14.710000,14.710000,309100
2019-06-12,14.670000,14.670000,13.020000,13.820000,13.820000,1360700
2019-06-13,13.920000,13.920000,13.100000,13.500000,13.500000,694700
2019-06-14,13.610000,13.610000,12.720000,13.450000,13.450000,856900
2019-06-17,13.430000,13.830000,12.970000,13.600000,13.600000,630200
2019-06-18,13.970000,14.350000,13.720000,14.020000,14.020000,648600
2019-06-19,14.010000,14.130000,13.680000,13.880000,13.880000,340900
2019-06-20,14.000000,14.249000,13.840000,14.100000,14.100000,242000
2019-06-21,13.950000,14.600000,13.850000,14.420000,14.420000,1080300
2019-06-24,14.510000,14.580000,13.460000,13.790000,13.790000,395300
2019-06-25,13.820000,13.980000,13.400000,13.490000,13.490000,192800
2019-06-26,13.520000,13.858000,13.340000,13.690000,13.690000,203100
2019-06-27,13.710000,13.830000,13.585000,13.710000,13.710000,153400
2019-06-28,13.740000,14.030000,13.510000,13.710000,13.710000,240300
2019-07-01,13.860000,13.860000,13.430000,13.430000,13.430000,323800
2019-07-02,13.460000,13.505000,13.220000,13.400000,13.400000,244100
2019-07-03,13.380000,13.500000,13.280000,13.350000,13.350000,205600
2019-07-05,13.330000,13.370000,12.860000,13.020000,13.020000,209500
2019-07-08,12.980000,12.980000,12.270000,12.300000,12.300000,485100
2019-07-09,12.300000,12.805000,11.720000,12.460000,12.460000,343200
2019-07-10,12.510000,12.875000,12.270000,12.460000,12.460000,163000
2019-07-11,12.500000,12.830000,12.030000,12.250000,12.250000,286200
2019-07-12,12.270000,13.080000,12.010000,12.890000,12.890000,353000
2019-07-15,12.900000,13.230000,12.755000,12.900000,12.900000,166500
2019-07-16,12.950000,13.060000,12.690000,12.740000,12.740000,178300
2019-07-17,12.700000,12.720000,10.630000,10.700000,10.700000,1025500
2019-07-18,10.730000,11.200000,10.200000,10.340000,10.340000,635000
2019-07-19,10.420000,10.940000,10.160000,10.560000,10.560000,1158300
2019-07-22,10.600000,10.890000,10.400000,10.460000,10.460000,102200
2019-07-23,10.570000,10.720000,10.430000,10.610000,10.610000,138400
2019-07-24,10.560000,10.790000,10.500000,10.680000,10.680000,125000
2019-07-25,10.680000,10.780000,10.480000,10.490000,10.490000,87700
2019-07-26,10.560000,10.825000,10.550000,10.710000,10.710000,229300
2019-07-29,10.770000,10.850000,10.410000,10.450000,10.450000,132700
2019-07-30,10.490000,10.490000,10.180000,10.230000,10.230000,85200
2019-07-31,10.180000,10.610000,10.020000,10.430000,10.430000,294100
2019-08-01,10.370000,10.940000,10.050000,10.850000,10.850000,866400
2019-08-02,11.750000,11.828000,9.640000,10.590000,10.590000,1788100
2019-08-05,10.500000,10.660000,10.050000,10.410000,10.410000,315500
2019-08-06,10.450000,10.640000,10.040000,10.310000,10.310000,268600
2019-08-07,10.180000,10.710000,10.070000,10.300000,10.300000,223900
2019-08-08,10.460000,10.690000,10.420000,10.490000,10.490000,260700
2019-08-09,10.610000,10.730000,10.240000,10.510000,10.510000,301900
2019-08-12,10.430000,10.730000,9.860000,10.030000,10.030000,466900
2019-08-13,9.990000,10.225000,9.865000,10.110000,10.110000,358900
2019-08-14,10.210000,10.310000,9.830000,10.030000,10.030000,819000
2019-08-15,10.000000,10.280000,9.790000,10.070000,10.070000,340800
2019-08-16,10.190000,10.530000,10.100000,10.500000,10.500000,512100
2019-08-19,10.640000,10.750000,10.270000,10.560000,10.560000,772700
2019-08-20,10.540000,10.610000,10.205000,10.420000,10.420000,563800
2019-08-21,10.500000,10.683000,10.245000,10.600000,10.600000,789600
2019-08-22,10.640000,10.640000,10.430000,10.470000,10.470000,166400
2019-08-23,10.440000,10.630000,9.870000,9.880000,9.880000,229000
2019-08-26,9.980000,10.130000,9.850000,10.010000,10.010000,263600
2019-08-27,10.040000,10.300000,10.000000,10.160000,10.160000,419600
2019-08-28,10.170000,10.280000,9.920000,10.070000,10.070000,254300
2019-08-29,10.150000,10.200000,9.720000,9.910000,9.910000,175700
2019-08-30,9.910000,9.940000,9.500000,9.510000,9.510000,204500
2019-09-03,9.500000,9.552000,9.120000,9.130000,9.130000,173100
2019-09-04,9.210000,9.700000,9.210000,9.370000,9.370000,383600
2019-09-05,9.520000,9.910000,9.380000,9.820000,9.820000,271800
2019-09-06,9.850000,10.420000,9.850000,10.350000,10.350000,287800
2019-09-09,10.370000,11.508000,10.370000,11.360000,11.360000,563300
2019-09-10,11.220000,11.890000,10.967000,11.810000,11.810000,469800
2019-09-11,11.870000,12.000000,11.100000,11.310000,11.310000,619800
2019-09-12,11.360000,11.600000,11.150000,11.560000,11.560000,254200
2019-09-13,11.590000,12.000000,11.310000,11.820000,11.820000,406100
2019-09-16,11.900000,12.130000,11.610000,11.720000,11.720000,219400
2019-09-17,11.700000,11.800000,11.550000,11.590000,11.590000,155100
2019-09-18,11.590000,11.660000,11.050000,11.350000,11.350000,181400
2019-09-19,10.800000,11.160000,10.260000,10.890000,10.890000,470800
2019-09-20,10.800000,11.080000,10.650000,10.900000,10.900000,199500
2019-09-23,10.840000,11.000000,10.550000,10.910000,10.910000,481900
2019-09-24,10.940000,11.060000,10.530000,10.600000,10.600000,164200
2019-09-25,10.550000,10.710000,10.235000,10.640000,10.640000,150400
2019-09-26,10.610000,10.750000,10.378000,10.570000,10.570000,212300
2019-09-27,10.580000,10.900000,10.550000,10.800000,10.800000,115300
2019-09-30,10.800000,10.853000,10.270000,10.700000,10.700000,438200
2019-10-01,10.660000,10.712000,9.740000,9.770000,9.770000,291200
2019-10-02,9.680000,10.100000,9.400000,10.040000,10.040000,427400
2019-10-03,10.070000,10.435000,9.810000,10.280000,10.280000,221100
2019-10-04,10.330000,10.490000,10.000000,10.120000,10.120000,176900
2019-10-07,10.020000,10.150000,9.813000,10.000000,10.000000,158200
2019-10-08,9.930000,10.020000,9.730000,9.860000,9.860000,149900
2019-10-09,9.920000,9.930000,9.610000,9.740000,9.740000,129700
2019-10-10,9.730000,9.815000,9.550000,9.630000,9.630000,331900
2019-10-11,9.740000,9.900000,9.560000,9.630000,9.630000,195600
2019-10-14,9.590000,9.680000,9.370000,9.610000,9.610000,273800
2019-10-15,9.600000,9.650000,9.390000,9.580000,9.580000,331800
2019-10-16,9.510000,9.589000,9.230000,9.240000,9.240000,550400
2019-10-17,9.200000,9.290000,8.830000,8.850000,8.850000,474600
2019-10-18,8.850000,8.895000,8.260000,8.550000,8.550000,549400
2019-10-21,8.670000,8.710000,8.260000,8.610000,8.610000,469600
2019-10-22,8.610000,9.050000,8.610000,8.810000,8.810000,267200
2019-10-23,8.810000,8.980000,8.550000,8.710000,8.710000,245300
2019-10-24,8.740000,9.010000,8.610000,8.860000,8.860000,264100
2019-10-25,8.930000,8.995000,8.690000,8.890000,8.890000,134500
2019-10-28,8.940000,9.250000,8.840000,8.940000,8.940000,294600
2019-10-29,8.930000,9.050000,8.620000,8.800000,8.800000,440600
2019-10-30,8.830000,9.240000,8.810000,9.160000,9.160000,876900
2019-10-31,9.240000,9.800000,9.170000,9.670000,9.670000,957800
2019-11-01,9.660000,10.000000,9.660000,9.680000,9.680000,392200
2019-11-04,9.630000,9.940000,9.410000,9.810000,9.810000,305000
2019-11-05,9.870000,10.190000,9.550000,10.000000,10.000000,694600
2019-11-06,10.040000,10.300000,9.730000,9.840000,9.840000,274500
2019-11-07,9.890000,10.080000,9.800000,9.930000,9.930000,437700
2019-11-08,8.700000,10.620000,8.330000,10.270000,10.270000,1363500
2019-11-11,10.140000,10.260000,9.630000,9.710000,9.710000,396100
2019-11-12,9.650000,9.940000,9.495000,9.500000,9.500000,386000
2019-11-13,9.460000,9.855000,9.010000,9.760000,9.760000,241700
2019-11-14,9.760000,9.910000,9.510000,9.750000,9.750000,324100
2019-11-15,9.800000,10.150000,9.700000,10.100000,10.100000,246500
2019-11-18,10.060000,10.090000,9.680000,9.890000,9.890000,378600
2019-11-19,9.930000,10.200000,9.770000,10.110000,10.110000,370300
2019-11-20,10.050000,10.220000,10.000000,10.070000,10.070000,232200
2019-11-21,10.050000,10.150000,10.035000,10.130000,10.130000,141800
2019-11-22,10.160000,10.245000,9.960000,10.010000,10.010000,110500
2019-11-25,10.040000,10.300000,10.010000,10.250000,10.250000,135300
2019-11-26,10.280000,10.650000,10.180000,10.570000,10.570000,238100
2019-11-27,10.640000,10.750000,10.530000,10.620000,10.620000,136400
2019-11-29,10.970000,11.920000,10.660000,11.780000,11.780000,645600
2019-12-02,11.800000,12.375000,11.580000,12.220000,12.220000,603200
2019-12-03,12.150000,12.790000,12.010000,12.530000,12.530000,2066900
2019-12-04,12.630000,12.800000,12.310000,12.670000,12.670000,362100
2019-12-05,12.700000,12.730000,12.350000,12.630000,12.630000,257700
2019-12-06,12.650000,12.680000,12.480000,12.530000,12.530000,251000
2019-12-09,12.490000,13.140000,12.430000,13.020000,13.020000,386200
2019-12-10,13.010000,13.200000,12.600000,12.690000,12.690000,298400
2019-12-11,12.690000,12.700000,12.380000,12.470000,12.470000,386400
2019-12-12,12.480000,12.690000,12.420000,12.670000,12.670000,412900
2019-12-13,12.680000,12.750000,12.640000,12.640000,12.640000,174500
2019-12-16,12.730000,12.940000,12.610000,12.790000,12.790000,190100
2019-12-17,11.610000,12.260000,11.190000,12.080000,12.080000,504500
2019-12-18,12.000000,12.320000,11.960000,12.270000,12.270000,195700
2019-12-19,12.190000,12.495000,12.185000,12.250000,12.250000,243200
2019-12-20,12.340000,12.530000,12.090000,12.380000,12.380000,407400
2019-12-23,12.360000,12.480000,12.310000,12.410000,12.410000,221800
2019-12-24,12.420000,12.645000,12.290000,12.640000,12.640000,147500
2019-12-26,12.630000,12.910000,12.530000,12.700000,12.700000,89800
2019-12-27,12.680000,12.770000,12.430000,12.510000,12.510000,66900
2019-12-30,12.530000,12.600000,12.290000,12.420000,12.420000,130500
2019-12-31,12.410000,12.590000,12.280000,12.290000,12.290000,130800
2020-01-02,12.390000,12.670000,12.350000,12.410000,12.410000,129100
2020-01-03,12.320000,12.430000,12.210000,12.400000,12.400000,96200
2020-01-06,12.380000,12.580000,12.295000,12.480000,12.480000,115400
2020-01-07,12.400000,12.590000,12.180000,12.440000,12.440000,140200
2020-01-08,12.410000,12.680000,12.140000,12.470000,12.470000,98200
2020-01-09,12.530000,12.802000,11.990000,12.060000,12.060000,115000
2020-01-10,12.190000,12.240000,11.960000,12.010000,12.010000,76100
2020-01-13,12.050000,12.200000,11.900000,11.920000,11.920000,90300
2020-01-14,11.940000,12.560000,11.690000,12.510000,12.510000,267600
2020-01-15,12.490000,12.785000,12.310000,12.390000,12.390000,68600
2020-01-16,12.450000,12.690000,12.120000,12.130000,12.130000,62800
2020-01-17,12.100000,12.230000,11.900000,12.130000,12.130000,98100
2020-01-21,12.110000,12.316000,11.970000,12.070000,12.070000,146000
2020-01-22,12.500000,12.500000,12.130000,12.180000,12.180000,117200
2020-01-23,12.210000,12.300000,12.020000,12.160000,12.160000,80000
2020-01-24,12.170000,12.325000,11.830000,11.850000,11.850000,105700
2020-01-27,11.760000,11.770000,11.330000,11.590000,11.590000,154400
2020-01-28,11.600000,11.800000,11.530000,11.560000,11.560000,61300
2020-01-29,11.510000,11.645000,11.180000,11.270000,11.270000,75500
2020-01-30,11.190000,11.421000,10.680000,10.890000,10.890000,98500
2020-01-31,10.890000,11.025000,10.450000,10.600000,10.600000,68900
2020-02-03,10.580000,10.705000,9.830000,10.270000,10.270000,234300
2020-02-04,10.340000,10.650000,10.185000,10.380000,10.380000,75600
2020-02-05,10.420000,10.710000,10.380000,10.690000,10.690000,83500
2020-02-06,10.680000,10.969000,10.450000,10.710000,10.710000,145400
2020-02-07,10.750000,11.050000,10.579000,10.980000,10.980000,86600
2020-02-10,10.970000,11.000000,10.630000,10.675000,10.675000,79700
2020-02-11,10.670000,10.820000,10.500000,10.530000,10.530000,41400
2020-02-12,10.610000,10.775000,10.130000,10.720000,10.720000,43500
2020-02-13,10.670000,10.750000,10.480000,10.540000,10.540000,64200
2020-02-14,10.570000,10.645000,10.290000,10.550000,10.550000,195100
2020-02-18,10.540000,10.930000,10.260000,10.360000,10.360000,219400
2020-02-19,10.420000,10.740000,9.810000,9.830000,9.830000,463900
2020-02-20,9.850000,9.965000,9.190000,9.560000,9.560000,381600
2020-02-21,9.490000,9.865000,9.200000,9.340000,9.340000,444900
2020-02-24,9.100000,9.330000,9.000000,9.050000,9.050000,209100
2020-02-25,9.090000,9.110000,8.830000,8.850000,8.850000,268000
2020-02-26,8.850000,9.060000,8.845000,8.880000,8.880000,95100
2020-02-27,9.060000,9.250000,8.400000,8.760000,8.760000,174900
2020-02-28,8.660000,9.250000,8.640000,9.040000,9.040000,234200
2020-03-02,9.040000,9.540000,8.920000,9.450000,9.450000,207800
2020-03-03,9.510000,9.620000,8.930000,9.155000,9.155000,556800
2020-03-04,9.200000,9.650000,9.200000,9.480000,9.480000,166600
2020-03-05,9.290000,9.470000,9.140000,9.150000,9.150000,88500
2020-03-06,8.900000,9.420000,8.830000,9.150000,9.150000,166200
2020-03-09,8.700000,8.900000,8.240000,8.610000,8.610000,188400
2020-03-10,8.780000,9.080000,8.560000,8.870000,8.870000,164800
2020-03-11,8.690000,9.360000,8.510000,9.350000,9.350000,146300
2020-03-12,9.020000,9.020000,7.700000,7.810000,7.810000,262800
2020-03-13,8.050000,8.570000,7.520000,7.715000,7.715000,107400
2020-03-16,7.140000,7.720000,6.930000,7.340000,7.340000,371000
2020-03-17,7.460000,7.920000,6.780000,6.800000,6.800000,134400
2020-03-18,6.160000,7.200000,5.820000,6.340000,6.340000,149400
2020-03-19,6.290000,8.110000,5.833000,7.640000,7.640000,184600
2020-03-20,7.800000,8.470000,7.030000,8.470000,8.470000,299400
2020-03-23,8.460000,8.790000,7.720000,8.170000,8.170000,294000
2020-03-24,8.470000,8.880000,8.070000,8.490000,8.490000,146900
2020-03-25,8.650000,9.675000,8.520000,8.570000,8.570000,207100
2020-03-26,8.640000,9.425000,8.640000,9.090000,9.090000,111000
2020-03-27,8.980000,9.490000,8.210000,8.480000,8.480000,156600
2020-03-30,8.560000,9.350000,8.488000,9.160000,9.160000,202200
2020-03-31,9.190000,9.700000,9.110000,9.525000,9.525000,126200
2020-04-01,9.360000,9.380000,8.750000,9.110000,9.110000,129800
2020-04-02,9.110000,9.420000,8.800000,9.240000,9.240000,151100
2020-04-03,9.330000,9.700000,8.800000,9.400000,9.400000,243800
2020-04-06,9.990000,9.990000,8.810000,8.960000,8.960000,264100
2020-04-07,9.080000,9.345000,8.810000,8.810000,8.810000,368400
2020-04-08,9.000000,9.265000,8.760000,8.890000,8.890000,486400
2020-04-09,9.070000,9.180000,8.310000,8.500000,8.500000,281800
2020-04-13,8.610000,8.980000,8.500000,8.720000,8.720000,568800
2020-04-14,9.040000,9.100000,8.840000,8.980000,8.980000,451400
2020-04-15,8.990000,9.096000,8.560000,8.650000,8.650000,393500
2020-04-16,8.730000,9.030000,8.730000,9.000000,9.000000,466400
2020-04-17,9.840000,10.550000,9.090000,10.450000,10.450000,1233600
2020-04-20,10.490000,11.180000,10.450000,10.490000,10.490000,640100
2020-04-21,10.450000,10.914000,10.150000,10.395000,10.395000,198400
2020-04-22,10.830000,10.860000,10.090000,10.440000,10.440000,1228800
2020-04-23,10.480000,11.060000,10.430000,10.470000,10.470000,364100
2020-04-24,10.580000,10.990000,10.412000,10.805000,10.805000,390500
2020-04-27,11.130000,11.490000,10.520000,10.830000,10.830000,426500
2020-04-28,11.080000,11.240000,10.598000,10.630000,10.630000,358400
2020-04-29,10.780000,11.090000,10.646000,10.910000,10.910000,468400
2020-04-30,10.840000,10.880000,10.380000,10.550000,10.550000,330300
2020-05-01,10.450000,10.930000,10.050000,10.860000,10.860000,930800
2020-05-04,10.860000,11.910000,10.649000,11.540000,11.540000,431100
2020-05-05,11.850000,12.199000,11.320000,11.890000,11.890000,605100
2020-05-06,11.970000,12.380000,11.280000,11.420000,11.420000,345700
2020-05-07,11.780000,12.160000,11.620000,11.880000,11.880000,530600
2020-05-08,12.090000,12.620000,11.830000,11.900000,11.900000,433600
2020-05-11,11.950000,12.750000,11.920000,12.210000,12.210000,993200
2020-05-12,12.010000,13.560000,11.910000,12.570000,12.570000,1129300
2020-05-13,12.610000,12.890000,11.800000,12.120000,12.120000,502800
2020-05-14,12.070000,12.760000,11.809000,12.500000,12.500000,272300
2020-05-15,12.510000,13.670000,12.410000,13.600000,13.600000,608600
2020-05-18,13.820000,14.070000,13.010000,13.220000,13.220000,484000
2020-05-19,13.180000,13.890000,13.110000,13.440000,13.440000,223300
2020-05-20,13.580000,14.080000,13.580000,13.700000,13.700000,277600
2020-05-21,13.690000,13.980000,13.130000,13.350000,13.350000,372900
2020-05-22,13.290000,14.289000,13.290000,13.870000,13.870000,551400
2020-05-26,14.180000,14.350000,13.009000,13.150000,13.150000,449700
2020-05-27,12.910000,13.430000,12.640000,13.030000,13.030000,483800
2020-05-28,12.850000,13.870000,12.700000,13.270000,13.270000,438800
2020-05-29,13.120000,14.450000,13.120000,14.020000,14.020000,765700
2020-06-01,14.120000,14.665000,13.820000,14.570000,14.570000,1207400
2020-06-02,14.520000,14.750000,13.760000,14.230000,14.230000,1162200
2020-06-03,14.340000,14.510000,14.005000,14.120000,14.120000,344200
2020-06-04,14.000000,14.450000,13.860000,13.970000,13.970000,632900
2020-06-05,14.100000,14.710000,13.940000,14.500000,14.500000,790200
2020-06-08,14.310000,15.330000,14.310000,15.020000,15.020000,693500
2020-06-09,14.980000,15.320000,14.800000,14.910000,14.910000,494100
2020-06-10,14.050000,14.740000,13.090000,14.000000,14.000000,839600
2020-06-11,13.530000,14.350000,13.300000,13.400000,13.400000,501600
2020-06-12,13.790000,13.990000,13.150000,13.350000,13.350000,706300
2020-06-15,13.170000,14.460000,13.170000,13.930000,13.930000,548300
2020-06-16,14.110000,14.450000,13.810000,13.900000,13.900000,406500
2020-06-17,13.930000,14.580000,13.820000,14.460000,14.460000,905400
2020-06-18,14.400000,14.700000,14.090000,14.320000,14.320000,330300
2020-06-19,14.430000,14.740000,13.935000,13.960000,13.960000,468500
2020-06-22,14.750000,14.800000,13.620000,14.250000,14.250000,464200
2020-06-23,14.370000,14.900000,14.350000,14.370000,14.370000,557600
2020-06-24,14.330000,15.060000,14.330000,14.540000,14.540000,407100
2020-06-25,14.530000,14.800000,14.250000,14.660000,14.660000,523200
2020-06-26,14.650000,14.900000,14.310000,14.670000,14.670000,487500
2020-06-29,14.870000,15.560000,14.600000,15.290000,15.290000,863900
2020-06-30,15.340000,15.810000,14.730000,14.830000,14.830000,1041500
2020-07-01,14.840000,15.200000,14.330000,14.940000,14.940000,711400
2020-07-02,15.200000,15.840000,14.950000,15.350000,15.350000,868000
2020-07-06,15.520000,15.840000,15.005000,15.090000,15.090000,539700
2020-07-07,15.050000,15.810000,14.910000,15.390000,15.390000,462300
2020-07-08,15.350000,15.800000,15.290000,15.470000,15.470000,298900
2020-07-09,15.550000,15.855000,15.147000,15.740000,15.740000,617000
2020-07-10,15.740000,16.225000,15.380000,15.410000,15.410000,495100
2020-07-13,15.560000,15.780000,14.520000,14.630000,14.630000,320100
2020-07-14,14.610000,14.890000,14.111000,14.620000,14.620000,326300
2020-07-15,14.750000,15.190000,14.390000,14.920000,14.920000,501200
2020-07-16,14.790000,15.260000,14.750000,15.010000,15.010000,391900
2020-07-17,15.000000,15.380000,14.910000,14.930000,14.930000,521000
2020-07-20,15.120000,15.350000,15.010000,15.240000,15.240000,549500
2020-07-21,15.430000,15.850000,15.260000,15.700000,15.700000,507300
2020-07-22,15.600000,15.960000,15.368000,15.490000,15.490000,347300
2020-07-23,15.500000,15.670000,14.620000,14.840000,14.840000,815500
2020-07-24,16.049999,16.110001,14.750000,14.990000,14.990000,2166100
2020-07-27,15.000000,15.230000,14.190000,14.710000,14.710000,1050500
2020-07-28,14.680000,14.740000,14.130000,14.230000,14.230000,880500
2020-07-29,14.390000,14.700000,14.040000,14.110000,14.110000,702600
2020-07-30,14.120000,14.590000,13.910000,14.240000,14.240000,553700
2020-07-31,14.260000,14.840000,14.170000,14.620000,14.620000,504100
2020-08-03,14.720000,15.700000,14.720000,15.490000,15.490000,555700
2020-08-04,15.520000,16.770000,15.520000,16.600000,16.600000,1406500
2020-08-05,16.920000,17.230000,15.670000,15.770000,15.770000,1114200
2020-08-06,15.850000,15.850000,14.930000,15.410000,15.410000,819400
2020-08-07,15.370000,15.440000,14.670000,14.910000,14.910000,922200
2020-08-10,15.200000,15.580000,14.040000,14.230000,14.230000,883100
2020-08-11,14.290000,14.290000,13.060000,13.310000,13.310000,1029200
2020-08-12,13.260000,14.040000,13.260000,13.840000,13.840000,445800