Date,Open,High,Low,Close,Adj Close,Volume
2018-03-07,10.550000,10.600000,10.550000,10.600000,10.600000,1000
2018-03-08,10.700000,10.750000,10.700000,10.700000,10.700000,1100
2018-03-09,10.700000,10.700000,10.700000,10.700000,10.700000,0
2018-03-12,10.700000,10.700000,10.320000,10.320000,10.320000,2400
2018-03-13,10.700000,10.750000,10.700000,10.750000,10.750000,2200
2018-03-14,10.750000,10.750000,10.750000,10.750000,10.750000,0
2018-03-15,10.750000,10.750000,10.750000,10.750000,10.750000,1000
2018-03-16,10.500000,10.500000,10.500000,10.500000,10.500000,1700
2018-03-19,10.500000,10.500000,10.500000,10.500000,10.500000,0
2018-03-20,10.510000,10.510000,10.510000,10.510000,10.510000,3400
2018-03-21,10.510000,10.510000,10.510000,10.510000,10.510000,100
2018-03-22,10.510000,10.510000,10.510000,10.510000,10.510000,0
2018-03-23,10.510000,10.510000,10.510000,10.510000,10.510000,0
2018-03-26,10.510000,10.510000,10.510000,10.510000,10.510000,0
2018-03-27,10.510000,10.510000,10.510000,10.510000,10.510000,0
2018-03-28,10.250000,10.400000,10.180000,10.400000,10.400000,500
2018-03-29,10.400000,10.500000,10.210000,10.210000,10.210000,1200
2018-04-02,10.210000,10.210000,10.200000,10.200000,10.200000,4600
2018-04-03,10.200000,10.200000,10.200000,10.200000,10.200000,0
2018-04-04,10.200000,10.200000,10.200000,10.200000,10.200000,0
2018-04-05,10.060000,10.060000,10.060000,10.060000,10.060000,200
2018-04-06,10.030000,10.030000,10.030000,10.030000,10.030000,2200
2018-04-09,10.030000,10.030000,10.030000,10.030000,10.030000,0
2018-04-10,10.200000,10.350000,10.200000,10.200000,10.200000,4000
2018-04-11,10.200000,10.200000,10.200000,10.200000,10.200000,0
2018-04-12,10.200000,10.200000,10.200000,10.200000,10.200000,0
2018-04-13,10.200000,10.200000,10.000000,10.000000,10.000000,1500
2018-04-16,10.000000,10.000000,10.000000,10.000000,10.000000,0
2018-04-17,10.000000,10.000000,10.000000,10.000000,10.000000,0
2018-04-18,10.000000,10.000000,10.000000,10.000000,10.000000,0
2018-04-19,10.090000,10.090000,10.090000,10.090000,10.090000,100
2018-04-20,10.400000,10.400000,10.350000,10.350000,10.350000,3000
2018-04-23,10.400000,10.400000,10.400000,10.400000,10.400000,1900
2018-04-24,10.400000,10.500000,10.300000,10.300000,10.300000,13300
2018-04-25,10.300000,10.300000,10.300000,10.300000,10.300000,100
2018-04-26,10.300000,10.300000,9.500000,9.500000,9.500000,1100
2018-04-27,9.150000,10.250000,9.150000,10.250000,10.250000,3200
2018-04-30,10.250000,10.250000,10.250000,10.250000,10.250000,0
2018-05-01,9.550000,9.893000,9.550000,9.893000,9.893000,500
2018-05-02,9.893000,9.893000,9.893000,9.893000,9.893000,0
2018-05-03,9.893000,9.893000,9.893000,9.893000,9.893000,0
2018-05-04,9.893000,9.893000,9.893000,9.893000,9.893000,0
2018-05-07,10.090000,10.090000,10.000000,10.000000,10.000000,5600
2018-05-08,10.000000,10.000000,10.000000,10.000000,10.000000,0
2018-05-09,9.750000,10.000000,9.750000,10.000000,10.000000,900
2018-05-10,10.600000,10.600000,10.500000,10.500000,10.500000,1100
2018-05-11,10.250000,10.600000,10.250000,10.600000,10.600000,7700
2018-05-14,10.250000,10.600000,10.125000,10.250000,10.250000,3200
2018-05-15,10.050000,10.050000,10.050000,10.050000,10.050000,100
2018-05-16,10.600000,10.680000,10.600000,10.680000,10.680000,2100
2018-05-17,10.700000,11.150000,10.700000,11.150000,11.150000,10100
2018-05-18,11.150000,11.250000,11.010000,11.250000,11.250000,4100
2018-05-21,11.240000,11.240000,10.990000,11.149000,11.149000,2700
2018-05-22,11.010000,11.100000,11.010000,11.100000,11.100000,14700
2018-05-23,11.010000,11.010000,10.960000,11.010000,11.010000,1300
2018-05-24,11.100000,11.500000,11.028000,11.500000,11.500000,11900
2018-05-25,11.500000,11.500000,11.474000,11.500000,11.500000,1500
2018-05-29,11.490000,11.580000,11.490000,11.580000,11.580000,2300
2018-05-30,11.420000,11.650000,11.410000,11.650000,11.650000,2700
2018-05-31,11.500000,11.900000,11.500000,11.900000,11.900000,7300
2018-06-01,11.550000,11.970000,11.540000,11.870000,11.870000,11400
2018-06-04,11.990000,12.250000,11.590000,11.590000,11.590000,28000
2018-06-05,11.760000,12.300000,11.760000,12.300000,12.300000,1800
2018-06-06,12.300000,13.500000,12.300000,13.260000,13.260000,14400
2018-06-07,13.450000,13.490000,13.380000,13.380000,13.380000,2500
2018-06-08,14.830000,15.500000,13.500000,13.610000,13.610000,28100
2018-06-11,13.990000,14.670000,13.425000,14.460000,14.460000,9800
2018-06-12,14.750000,14.750000,14.420000,14.650000,14.650000,9200
2018-06-13,15.000000,15.500000,14.630000,15.250000,15.250000,14600
2018-06-14,15.250000,15.500000,15.100000,15.140000,15.140000,6300
2018-06-15,14.770000,15.180000,14.000000,14.000000,14.000000,10000
2018-06-18,15.740000,15.740000,14.500000,14.500000,14.500000,3200
2018-06-19,14.280000,14.940000,13.140000,14.450000,14.450000,5000
2018-06-20,14.929000,14.929000,13.956000,14.500000,14.500000,6000
2018-06-21,14.350000,14.900000,14.344000,14.900000,14.900000,12500
2018-06-22,14.900000,14.900000,14.650000,14.750000,14.750000,2600
2018-06-25,14.540000,15.100000,13.970000,15.050000,15.050000,22600
2018-06-26,15.009000,15.009000,15.009000,15.009000,15.009000,100
2018-06-27,14.838000,15.000000,14.400000,14.400000,14.400000,3800
2018-06-28,13.578000,14.980000,13.578000,14.980000,14.980000,2800
2018-06-29,14.670000,15.100000,14.225000,14.750000,14.750000,22800
2018-07-02,13.500000,14.750000,13.500000,14.750000,14.750000,3000
2018-07-03,14.594000,14.750000,14.310000,14.750000,14.750000,1100
2018-07-05,14.550000,14.750000,14.550000,14.750000,14.750000,2400
2018-07-06,14.750000,14.750000,14.660000,14.750000,14.750000,2100
2018-07-09,14.790000,14.790000,14.750000,14.750000,14.750000,1000
2018-07-10,14.470000,14.470000,14.470000,14.470000,14.470000,500
2018-07-11,14.550000,14.550000,14.000000,14.000000,14.000000,4500
2018-07-12,14.030000,14.490000,14.030000,14.040000,14.040000,3300
2018-07-13,14.250000,14.250000,14.250000,14.250000,14.250000,200
2018-07-16,13.900000,14.220000,13.900000,14.220000,14.220000,8800
2018-07-17,14.000000,14.000000,13.900000,14.000000,14.000000,20500
2018-07-18,15.000000,15.000000,14.750000,14.850000,14.850000,180600
2018-07-19,15.040000,15.730000,14.950000,15.230000,15.230000,38600
2018-07-20,15.450000,17.000000,15.450000,16.709999,16.709999,21200
2018-07-23,17.500000,17.510000,16.719999,17.200001,17.200001,26500
2018-07-24,17.200001,19.740000,17.200001,18.530001,18.530001,40600
2018-07-25,17.700001,17.700001,17.500000,17.500000,17.500000,24000
2018-07-26,17.296000,17.620001,17.296000,17.600000,17.600000,6800
2018-07-27,17.556999,17.600000,17.379999,17.559999,17.559999,1700
2018-07-30,17.488001,17.590000,17.450001,17.459999,17.459999,4500
2018-07-31,17.473000,17.610001,17.450001,17.540001,17.540001,8200
2018-08-01,17.600000,18.048000,17.600000,18.048000,18.048000,7200
2018-08-02,17.969999,17.969999,17.500000,17.590000,17.590000,4100
2018-08-03,17.957001,17.957001,17.500000,17.510000,17.510000,2200
2018-08-06,17.948999,17.948999,17.549999,17.600000,17.600000,8200
2018-08-07,18.150000,18.150000,17.600000,17.600000,17.600000,1900
2018-08-08,18.183001,18.183001,16.700001,16.830000,16.830000,8400
2018-08-09,16.889000,16.889000,16.500000,16.500000,16.500000,6900
2018-08-10,16.299999,16.299999,15.840000,15.840000,15.840000,1700
2018-08-13,15.800000,17.280001,15.760000,17.000000,17.000000,17600
2018-08-14,17.500000,17.500000,16.080999,16.990000,16.990000,3800
2018-08-15,15.833000,16.830000,15.833000,16.299999,16.299999,2000
2018-08-16,16.150000,16.150000,15.850000,15.980000,15.980000,6500
2018-08-17,15.980000,16.010000,15.500000,15.500000,15.500000,13400
2018-08-20,15.500000,15.990000,15.500000,15.600000,15.600000,12000
2018-08-21,15.500000,15.588000,15.500000,15.500000,15.500000,6500
2018-08-22,15.550000,16.530001,15.500000,15.640000,15.640000,6900
2018-08-23,16.000000,16.145000,15.760000,15.970000,15.970000,1600
2018-08-24,15.892000,15.900000,15.750000,15.850000,15.850000,3200
2018-08-27,15.750000,15.880000,15.750000,15.810000,15.810000,7800
2018-08-28,15.810000,16.600000,15.810000,16.600000,16.600000,800
2018-08-29,16.481001,16.481001,15.850000,15.850000,15.850000,3700
2018-08-30,15.900000,15.900000,15.750000,15.780000,15.780000,1900
2018-08-31,15.780000,15.780000,15.500000,15.780000,15.780000,6000
2018-09-04,15.782000,15.782000,15.500000,15.570000,15.570000,3500
2018-09-05,15.500000,15.580000,15.060000,15.580000,15.580000,8400
2018-09-06,15.580000,16.250000,15.500000,15.770000,15.770000,10200
2018-09-07,15.770000,16.500000,15.620000,16.000000,16.000000,87300
2018-09-10,15.880000,16.750000,15.500000,16.520000,16.520000,193500
2018-09-11,16.750000,16.750000,15.500000,16.600000,16.600000,77100
2018-09-12,16.600000,16.660000,16.250000,16.660000,16.660000,94000
2018-09-13,16.660000,16.660000,16.250000,16.417000,16.417000,15100
2018-09-14,16.500000,16.655001,16.184999,16.646999,16.646999,27200
2018-09-17,17.190001,17.520000,16.299999,17.490000,17.490000,67700
2018-09-18,17.270000,17.270000,15.940000,16.650000,16.650000,5000
2018-09-19,16.870001,17.150000,16.830000,17.129999,17.129999,5600
2018-09-20,17.139999,17.139999,16.850000,16.850000,16.850000,4500
2018-09-21,16.719999,17.100000,16.370001,16.370001,16.370001,17100
2018-09-24,16.450001,16.500999,15.700000,15.910000,15.910000,8400
2018-09-25,16.020000,16.110001,15.550000,16.110001,16.110001,6900
2018-09-26,15.500000,15.940000,15.500000,15.700000,15.700000,7000
2018-09-27,15.900000,16.219999,15.510000,15.740000,15.740000,8100
2018-09-28,15.740000,16.448999,15.740000,16.448999,16.448999,17400
2018-10-01,15.600000,16.299999,15.600000,15.760000,15.760000,14600
2018-10-02,16.014999,16.290001,15.800000,16.230000,16.230000,13600
2018-10-03,16.350000,16.430000,15.810000,16.430000,16.430000,23400
2018-10-04,16.430000,16.430000,16.070000,16.250000,16.250000,1300
2018-10-05,16.000000,16.240000,15.821000,16.090000,16.090000,7900
2018-10-08,16.420000,16.950001,16.400000,16.950001,16.950001,26600
2018-10-09,16.618999,17.135000,16.618999,16.620001,16.620001,67200
2018-10-10,16.329000,16.329000,15.500000,15.700000,15.700000,20000
2018-10-11,15.578000,16.230000,15.578000,15.840000,15.840000,900
2018-10-12,15.840000,15.840000,15.840000,15.840000,15.840000,0
2018-10-15,15.500000,17.410000,15.500000,16.280001,16.280001,8100
2018-10-16,16.230000,16.700001,16.009001,16.440001,16.440001,21600
2018-10-17,16.480000,16.920000,16.480000,16.920000,16.920000,11100
2018-10-18,16.750000,16.750000,16.330999,16.330999,16.330999,8500
2018-10-19,15.580000,16.750000,15.580000,16.420000,16.420000,24200
2018-10-22,16.110001,17.000000,16.110001,16.892000,16.892000,11400
2018-10-23,15.618000,16.841999,15.618000,16.566000,16.566000,5200
2018-10-24,16.410999,16.610001,16.049999,16.049999,16.049999,1800
2018-10-25,16.049999,16.919001,16.000000,16.260000,16.260000,29900
2018-10-26,16.360001,16.360001,16.250000,16.299999,16.299999,5900
2018-10-29,16.549999,16.650000,16.400000,16.400000,16.400000,7600
2018-10-30,16.319000,16.500000,16.319000,16.500000,16.500000,1300
2018-10-31,16.450001,18.309999,16.224001,17.020000,17.020000,20500
2018-11-01,16.309999,17.760000,16.309999,16.760000,16.760000,14400
2018-11-02,16.750000,17.250000,16.547001,16.980000,16.980000,36900
2018-11-05,16.216000,17.190001,15.970000,16.290001,16.290001,17100
2018-11-06,15.960000,16.530001,15.560000,16.299999,16.299999,7600
2018-11-07,15.910000,16.459999,15.560000,15.660000,15.660000,4200
2018-11-08,16.570000,16.570000,16.030001,16.030001,16.030001,400
2018-11-09,15.530000,15.750000,14.990000,15.100000,15.100000,17200
2018-11-12,15.000000,15.000000,13.890000,14.352000,14.352000,15900
2018-11-13,14.050000,14.810000,14.000000,14.130000,14.130000,10800
2018-11-14,14.421000,14.500000,14.100000,14.400000,14.400000,9500
2018-11-15,14.300000,14.940000,14.000000,14.710000,14.710000,13600
2018-11-16,14.500000,15.230000,14.500000,14.600000,14.600000,10000
2018-11-19,14.600000,15.740000,14.600000,15.360000,15.360000,6100
2018-11-20,15.000000,15.700000,14.063000,15.140000,15.140000,8900
2018-11-21,15.620000,15.700000,15.470000,15.470000,15.470000,1900
2018-11-23,15.210000,15.280000,15.000000,15.000000,15.000000,300
2018-11-26,15.050000,15.050000,14.900000,14.950000,14.950000,2200
2018-11-27,14.690000,14.690000,14.350000,14.350000,14.350000,2200
2018-11-28,14.080000,14.990000,13.010000,14.490000,14.490000,8300
2018-11-29,14.230000,14.730000,13.500000,14.730000,14.730000,6300
2018-11-30,14.940000,15.000000,14.840000,14.840000,14.840000,7300
2018-12-03,14.880000,14.990000,14.120000,14.120000,14.120000,5500
2018-12-04,14.200000,14.200000,12.510000,13.340000,13.340000,7900
2018-12-06,13.980000,14.110000,13.000000,14.100000,14.100000,27200
2018-12-07,13.600000,13.600000,13.000000,13.210000,13.210000,9300
2018-12-10,13.000000,13.050000,12.500000,12.610000,12.610000,34400
2018-12-11,12.450000,12.573000,11.700000,11.750000,11.750000,9500
2018-12-12,11.750000,13.120000,11.300000,13.120000,13.120000,8400
2018-12-13,12.800000,15.000000,11.750000,15.000000,15.000000,3000
2018-12-14,14.750000,14.750000,12.550000,13.010000,13.010000,12100
2018-12-17,12.520000,12.700000,12.000000,12.000000,12.000000,25600
2018-12-18,12.250000,12.400000,11.116000,11.120000,11.120000,19800
2018-12-19,11.100000,12.000000,11.060000,11.060000,11.060000,17800
2018-12-20,11.000000,11.560000,10.760000,11.080000,11.080000,15200
2018-12-21,10.890000,12.000000,10.890000,11.500000,11.500000,23500
2018-12-24,11.590000,12.500000,11.367000,12.060000,12.060000,12500
2018-12-26,12.500000,13.500000,12.500000,13.168000,13.168000,5700
2018-12-27,12.750000,15.000000,12.100000,14.250000,14.250000,44800
2018-12-28,14.370000,15.400000,14.370000,14.900000,14.900000,26600
2018-12-31,14.900000,15.415000,14.030000,14.850000,14.850000,49100
2019-01-02,15.000000,15.135000,13.180000,15.000000,15.000000,8900
2019-01-03,14.793000,14.793000,14.490000,14.500000,14.500000,1400
2019-01-04,13.000000,13.850000,12.500000,13.200000,13.200000,6200
2019-01-07,12.860000,14.460000,12.860000,13.510000,13.510000,6100
2019-01-08,13.570000,14.400000,13.570000,14.400000,14.400000,1000
2019-01-09,13.911000,14.380000,13.350000,14.380000,14.380000,3500
2019-01-10,14.400000,14.437000,13.120000,13.880000,13.880000,5200
2019-01-11,13.830000,14.450000,13.820000,14.450000,14.450000,1100
2019-01-14,14.430000,14.440000,13.830000,14.440000,14.440000,1500
2019-01-15,14.450000,14.450000,14.000000,14.200000,14.200000,2500
2019-01-16,14.460000,14.460000,13.770000,14.450000,14.450000,1300
2019-01-17,14.140000,14.900000,13.780000,14.720000,14.720000,3900
2019-01-18,14.970000,14.970000,14.970000,14.970000,14.970000,400
2019-01-22,14.020000,14.020000,14.010000,14.010000,14.010000,700
2019-01-23,14.800000,14.942000,14.500000,14.830000,14.830000,28000
2019-01-24,14.200000,14.260000,13.940000,14.260000,14.260000,2000
2019-01-25,14.800000,14.800000,13.010000,14.000000,14.000000,8800
2019-01-28,14.039000,14.300000,13.680000,13.940000,13.940000,2600
2019-01-29,13.900000,14.715000,13.900000,14.187000,14.187000,4900
2019-01-30,13.650000,14.000000,13.600000,14.000000,14.000000,17700
2019-01-31,13.530000,14.500000,13.530000,14.500000,14.500000,22700
2019-02-01,14.434000,14.630000,14.387000,14.630000,14.630000,3400
2019-02-04,14.510000,15.500000,14.270000,14.710000,14.710000,21600
2019-02-05,13.960000,13.960000,13.960000,13.960000,13.960000,600
2019-02-06,14.000000,14.340000,13.970000,13.970000,13.970000,1400
2019-02-07,14.310000,14.620000,14.290000,14.600000,14.600000,800
2019-02-08,14.182000,14.500000,13.890000,13.890000,13.890000,1200
2019-02-11,14.330000,14.330000,13.670000,13.670000,13.670000,2100
2019-02-12,14.800000,14.800000,13.870000,14.059000,14.059000,11400
2019-02-13,13.626000,14.740000,13.200000,14.730000,14.730000,14600
2019-02-14,14.410000,15.440000,14.410000,14.720000,14.720000,7000
2019-02-15,14.931000,15.000000,14.931000,15.000000,15.000000,500
2019-02-19,15.000000,15.000000,13.600000,14.870000,14.870000,11300
2019-02-20,15.000000,15.000000,14.730000,14.800000,14.800000,6000
2019-02-21,15.000000,15.000000,14.680000,14.845000,14.845000,1000
2019-02-22,14.932000,14.932000,14.520000,14.850000,14.850000,1000
2019-02-25,15.000000,15.000000,14.480000,14.480000,14.480000,6600
2019-02-26,14.805000,14.917000,14.550000,14.880000,14.880000,2500
2019-02-27,13.678000,14.920000,13.678000,14.620000,14.620000,11600
2019-02-28,14.350000,14.810000,13.940000,14.350000,14.350000,3200
2019-03-01,14.513000,14.755000,14.380000,14.755000,14.755000,2300
2019-03-04,13.740000,14.430000,13.740000,14.430000,14.430000,4800
2019-03-05,14.990000,16.290001,14.340000,15.800000,15.800000,46200
2019-03-06,15.400000,16.000000,15.400000,15.880000,15.880000,8800
2019-03-07,15.928000,16.000000,15.600000,15.670000,15.670000,4200
2019-03-08,15.896000,15.950000,14.735000,15.500000,15.500000,12300
2019-03-11,15.750000,17.000000,15.500000,16.580000,16.580000,42800
2019-03-12,17.000000,18.000000,17.000000,17.510000,17.510000,37200
2019-03-13,18.100000,21.000000,18.100000,20.990000,20.990000,72000
2019-03-14,20.990000,21.910000,20.000000,21.820000,21.820000,91600
2019-03-15,21.360001,21.650000,18.950001,21.620001,21.620001,33400
2019-03-18,21.600000,22.000000,21.000000,21.709999,21.709999,30700
2019-03-19,21.750000,22.190001,21.190001,22.040001,22.040001,50700
2019-03-20,22.000000,22.490000,21.600000,22.049999,22.049999,41300
2019-03-21,21.150000,22.100000,20.660000,21.700001,21.700001,7700
2019-03-22,21.600000,21.600000,20.760000,20.799999,20.799999,10700
2019-03-25,20.600000,20.600000,19.405001,19.889999,19.889999,51500
2019-03-26,20.070000,20.260000,18.500000,19.100000,19.100000,46800
2019-03-27,18.709999,19.650000,18.120001,18.500000,18.500000,13100
2019-03-28,18.889999,18.889999,17.510000,18.000000,18.000000,2500
2019-03-29,17.969999,19.520000,17.718000,19.190001,19.190001,22900
2019-04-01,17.709999,18.600000,17.709999,18.129999,18.129999,9800
2019-04-02,18.860001,18.860001,17.905001,18.000000,18.000000,3900
2019-04-03,18.010000,18.355000,18.010000,18.280001,18.280001,2200
2019-04-04,18.142000,18.142000,17.559999,17.690001,17.690001,1700
2019-04-05,17.500000,17.975000,17.061001,17.430000,17.430000,7200
2019-04-08,17.260000,17.260000,16.500000,16.990000,16.990000,7300
2019-04-09,17.000000,17.459999,16.750000,16.760000,16.760000,41400
2019-04-10,17.010000,17.305000,16.830000,17.000000,17.000000,18300
2019-04-11,17.750000,18.000000,17.520000,17.520000,17.520000,1100
2019-04-12,17.510000,17.510000,17.020000,17.020000,17.020000,600
2019-04-15,17.250000,18.969999,17.250000,18.969999,18.969999,1600
2019-04-16,18.520000,18.520000,17.600000,17.910000,17.910000,2300
2019-04-17,17.969999,17.980000,17.969999,17.980000,17.980000,600
2019-04-18,17.510000,17.510000,16.799999,16.799999,16.799999,3900
2019-04-22,16.650000,17.490000,16.510000,17.490000,17.490000,12200
2019-04-23,18.020000,18.299999,17.750000,17.750000,17.750000,2400
2019-04-24,18.590000,19.080000,18.100000,18.309999,18.309999,3800
2019-04-25,16.520000,17.910000,16.520000,17.830000,17.830000,4100
2019-04-26,19.950001,19.950001,17.799999,18.209999,18.209999,2300
2019-04-29,17.190001,18.340000,17.190001,18.340000,18.340000,3800
2019-04-30,17.750000,18.260000,17.000000,17.170000,17.170000,16800
2019-05-01,18.069000,20.030001,17.549999,19.850000,19.850000,26900
2019-05-02,19.504999,20.150000,19.504999,20.070000,20.070000,2600
2019-05-03,19.000000,21.000000,19.000000,20.790001,20.790001,8900
2019-05-06,20.250000,21.000000,20.250000,20.500000,20.500000,2400
2019-05-07,20.500000,20.750000,20.500000,20.500000,20.500000,2400
2019-05-08,20.750000,20.754999,20.510000,20.510000,20.510000,2200
2019-05-09,20.754999,20.819000,20.665001,20.750000,20.750000,14100
2019-05-10,20.799999,20.799999,20.260000,20.260000,20.260000,16000
2019-05-13,19.240000,20.100000,19.240000,19.895000,19.895000,7000
2019-05-14,20.469999,20.469999,19.708000,20.440001,20.440001,5300
2019-05-15,20.100000,20.100000,19.638000,19.700001,19.700001,4400
2019-05-16,20.150000,20.500000,19.660000,20.400000,20.400000,3300
2019-05-17,20.959999,21.430000,20.639999,21.400000,21.400000,3400
2019-05-20,21.105000,22.000000,21.105000,22.000000,22.000000,11500
2019-05-21,22.000000,22.000000,21.280001,21.280001,21.280001,6400
2019-05-22,18.870001,21.000000,18.870001,20.549999,20.549999,6400
2019-05-23,20.490000,21.000000,20.299999,20.730000,20.730000,2800
2019-05-24,21.000000,21.000000,20.459999,20.870001,20.870001,3800
2019-05-28,20.770000,20.799999,18.610001,18.610001,18.610001,4800
2019-05-29,19.000000,20.690001,19.000000,20.250000,20.250000,8000
2019-05-30,20.650000,20.700001,20.620001,20.700001,20.700001,1700
2019-05-31,21.950001,21.950001,20.520000,21.600000,21.600000,5700
2019-06-03,20.980000,21.000000,20.209999,20.209999,20.209999,2100
2019-06-04,19.593000,21.000000,19.593000,20.440001,20.440001,2300
2019-06-05,20.500000,20.990000,20.500000,20.500000,20.500000,5700
2019-06-06,21.510000,21.980000,20.860001,21.770000,21.770000,3000
2019-06-07,21.260000,22.500000,21.260000,22.000000,22.000000,18000
2019-06-10,22.290001,22.290001,21.309999,22.059999,22.059999,7800
2019-06-11,20.530001,20.620001,19.790001,20.020000,20.020000,4900
2019-06-12,20.000000,20.469999,20.000000,20.150000,20.150000,6700
2019-06-13,20.200001,20.209999,20.000000,20.010000,20.010000,6800
2019-06-14,20.000000,20.389999,18.049999,19.870001,19.870001,18000
2019-06-17,19.700001,20.180000,19.700001,19.700001,19.700001,2800
2019-06-18,19.500000,20.400000,19.500000,20.059999,20.059999,3000
2019-06-19,18.070000,20.000000,18.070000,19.820000,19.820000,2100
2019-06-20,19.888000,20.360001,19.888000,20.299999,20.299999,6500
2019-06-21,19.299999,19.990000,19.290001,19.990000,19.990000,4900
2019-06-24,18.549999,19.900000,18.549999,19.200001,19.200001,11100
2019-06-25,19.030001,19.459999,18.650000,18.650000,18.650000,9600
2019-06-26,19.200001,19.969999,18.750000,18.760000,18.760000,4200
2019-06-27,18.559000,19.020000,18.559000,18.700001,18.700001,4100
2019-06-28,18.990000,19.690001,18.799999,19.100000,19.100000,21600
2019-07-01,19.490000,19.910000,19.400000,19.400000,19.400000,5700
2019-07-02,19.847000,19.959999,19.200001,19.600000,19.600000,3300
2019-07-03,19.600000,20.000000,19.600000,20.000000,20.000000,600
2019-07-05,18.830000,19.990000,18.830000,19.990000,19.990000,500
2019-07-08,20.000000,20.379999,19.844999,20.379999,20.379999,9700
2019-07-09,19.750000,20.250000,19.750000,20.250000,20.250000,900
2019-07-10,20.063000,20.285000,20.059999,20.250000,20.250000,9900
2019-07-11,20.489000,20.490000,20.250000,20.250000,20.250000,7900
2019-07-12,20.250000,20.348000,20.250000,20.250000,20.250000,8000
2019-07-15,20.500000,20.500000,20.020000,20.500000,20.500000,2400
2019-07-16,20.500000,20.948999,20.500000,20.639999,20.639999,5600
2019-07-17,20.500000,20.500000,20.450001,20.450001,20.450001,500
2019-07-18,20.450001,20.500000,20.450001,20.500000,20.500000,5200
2019-07-19,20.469999,20.469999,20.469999,20.469999,20.469999,400
2019-07-22,19.417000,19.847000,19.400000,19.400000,19.400000,2600
2019-07-23,19.361000,19.361000,18.750000,18.780001,18.780001,5800
2019-07-24,18.600000,18.600000,18.150000,18.219999,18.219999,1400
2019-07-25,18.180000,18.180000,17.090000,17.090000,17.090000,3000
2019-07-26,17.500000,17.500000,17.250000,17.430000,17.430000,2800
2019-07-29,17.000000,17.549999,17.000000,17.080000,17.080000,1000
2019-07-30,17.000000,17.000000,16.645000,16.650000,16.650000,1600
2019-07-31,15.605000,16.500000,15.130000,15.540000,15.540000,7700
2019-08-01,15.600000,15.800000,14.330000,14.930000,14.930000,7200
2019-08-02,14.830000,15.202000,14.830000,15.202000,15.202000,6500
2019-08-05,13.690000,15.062000,13.690000,14.450000,14.450000,15800
2019-08-06,14.402000,15.125000,14.402000,15.125000,15.125000,2700
2019-08-07,14.038000,15.000000,14.038000,14.900000,14.900000,1100
2019-08-08,14.030000,14.800000,14.030000,14.550000,14.550000,600
2019-08-09,14.171000,14.500000,13.810000,14.090000,14.090000,2900
2019-08-12,13.790000,14.109000,13.790000,14.040000,14.040000,2900
2019-08-13,14.500000,14.500000,14.240000,14.270000,14.270000,1200
2019-08-14,14.490000,14.500000,14.050000,14.200000,14.200000,3900
2019-08-15,14.270000,14.496000,14.050000,14.050000,14.050000,700
2019-08-16,14.190000,14.450000,14.000000,14.450000,14.450000,1200
2019-08-19,14.456000,14.500000,14.000000,14.400000,14.400000,4400
2019-08-20,14.500000,14.500000,14.000000,14.177000,14.177000,10600
2019-08-21,14.360000,15.000000,14.360000,14.900000,14.900000,12000
2019-08-22,14.900000,15.000000,14.800000,14.993000,14.993000,3300
2019-08-23,15.915000,15.915000,14.800000,14.950000,14.950000,2500
2019-08-26,14.950000,14.950000,14.850000,14.900000,14.900000,2100
2019-08-27,14.700000,14.700000,14.400000,14.400000,14.400000,3000
2019-08-28,14.400000,14.990000,14.150000,14.990000,14.990000,16900
2019-08-29,15.000000,15.181000,14.750000,15.000000,15.000000,8200
2019-08-30,15.000000,15.500000,14.627000,15.157000,15.157000,24000
2019-09-03,14.410000,14.750000,14.300000,14.300000,14.300000,2800
2019-09-04,14.600000,14.600000,13.750000,13.900000,13.900000,39400
2019-09-05,14.040000,14.040000,13.276000,13.490000,13.490000,2500
2019-09-06,13.350000,13.390000,12.100000,13.360000,13.360000,11400
2019-09-09,13.000000,13.060000,12.600000,12.830000,12.830000,8800
2019-09-10,12.450000,12.710000,12.010000,12.650000,12.650000,8300
2019-09-11,12.600000,12.800000,12.171000,12.620000,12.620000,2800
2019-09-12,12.721000,12.800000,12.300000,12.650000,12.650000,4800
2019-09-13,12.253000,12.650000,12.235000,12.530000,12.530000,3000
2019-09-16,12.250000,12.250000,11.354000,11.650000,11.650000,20500
2019-09-17,11.540000,11.990000,11.540000,11.680000,11.680000,4100
2019-09-18,11.810000,12.490000,11.700000,11.950000,11.950000,9400
2019-09-19,12.000000,12.000000,10.750000,10.850000,10.850000,49800
2019-09-20,10.962000,11.605000,10.850000,10.850000,10.850000,45100
2019-09-23,10.920000,10.920000,10.100000,10.580000,10.580000,23600
2019-09-24,10.300000,11.010000,10.100000,10.960000,10.960000,24900
2019-09-25,10.820000,11.135000,10.820000,11.010000,11.010000,21300
2019-09-26,11.060000,11.310000,10.855000,11.040000,11.040000,17200
2019-09-27,10.540000,11.600000,10.530000,11.100000,11.100000,26200
2019-09-30,11.030000,11.450000,10.610000,11.450000,11.450000,20900
2019-10-01,11.550000,11.750000,10.600000,11.210000,11.210000,5400
2019-10-02,10.650000,11.075000,10.650000,10.740000,10.740000,700
2019-10-03,11.114000,11.393000,10.200000,10.855000,10.855000,3400
2019-10-04,10.760000,10.987000,10.760000,10.987000,10.987000,1900
2019-10-07,10.840000,10.990000,10.480000,10.480000,10.480000,2200
2019-10-08,10.500000,11.280000,10.500000,11.000000,11.000000,3900
2019-10-09,11.020000,11.740000,11.020000,11.699000,11.699000,18300
2019-10-10,11.750000,12.460000,11.700000,12.120000,12.120000,13500
2019-10-11,12.200000,12.315000,12.000000,12.251000,12.251000,4800
2019-10-14,12.150000,12.350000,12.150000,12.150000,12.150000,8900
2019-10-15,12.150000,12.199000,12.150000,12.150000,12.150000,500
2019-10-16,12.150000,12.569000,12.150000,12.398000,12.398000,1100
2019-10-17,12.900000,12.907000,12.820000,12.840000,12.840000,2400
2019-10-18,12.150000,12.150000,12.150000,12.150000,12.150000,300
2019-10-21,12.400000,12.400000,11.650000,11.950000,11.950000,14800
2019-10-22,11.950000,11.950000,11.950000,11.950000,11.950000,0
2019-10-23,11.800000,11.800000,10.710000,10.750000,10.750000,6300
2019-10-24,11.072000,11.072000,10.750000,10.750000,10.750000,4800
2019-10-25,10.820000,11.224000,10.820000,11.000000,11.000000,3000
2019-10-28,12.320000,12.990000,10.770000,10.770000,10.770000,5900
2019-10-29,10.750000,10.870000,10.750000,10.870000,10.870000,1400
2019-10-30,10.928000,10.928000,10.200000,10.280000,10.280000,11200
2019-10-31,10.250000,11.980000,10.050000,11.260000,11.260000,35900
2019-11-01,11.030000,12.767000,11.030000,11.339000,11.339000,25800
2019-11-04,12.347000,12.347000,11.882000,12.000000,12.000000,7100
2019-11-05,12.000000,12.000000,11.510000,11.875000,11.875000,5900
2019-11-06,11.750000,11.770000,11.260000,11.655000,11.655000,7500
2019-11-07,11.716000,11.716000,11.500000,11.500000,11.500000,700
2019-11-08,11.590000,11.654000,11.050000,11.600000,11.600000,162600
2019-11-11,11.810000,11.810000,11.120000,11.300000,11.300000,8400
2019-11-12,11.300000,11.410000,11.180000,11.250000,11.250000,4800
2019-11-13,11.298000,11.370000,11.050000,11.100000,11.100000,11500
2019-11-14,11.240000,11.240000,11.240000,11.240000,11.240000,200
2019-11-15,10.850000,11.310000,10.800000,10.890000,10.890000,70900
2019-11-18,12.450000,14.100000,12.100000,13.900000,13.900000,170700
2019-11-19,14.570000,14.570000,12.770000,13.400000,13.400000,19000
2019-11-20,13.283000,13.542000,13.283000,13.400000,13.400000,9200
2019-11-21,13.430000,13.494000,13.250000,13.330000,13.330000,6100
2019-11-22,13.300000,13.949000,13.300000,13.949000,13.949000,5100
2019-11-25,13.610000,13.979000,13.500000,13.800000,13.800000,15000
2019-11-26,14.000000,14.857000,14.000000,14.857000,14.857000,20900
2019-11-27,14.713000,14.713000,14.700000,14.700000,14.700000,7700
2019-11-29,14.870000,15.250000,14.870000,15.130000,15.130000,3700
2019-12-02,15.150000,15.500000,15.000000,15.150000,15.150000,27300
2019-12-03,15.190000,15.200000,14.980000,15.000000,15.000000,14600
2019-12-04,14.700000,14.700000,14.480000,14.551000,14.551000,1600
2019-12-05,13.710000,14.220000,13.040000,13.630000,13.630000,14100
2019-12-06,13.700000,13.900000,13.650000,13.650000,13.650000,7900
2019-12-09,13.650000,13.965000,13.530000,13.530000,13.530000,24900
2019-12-10,13.330000,13.640000,13.330000,13.500000,13.500000,7200
2019-12-11,14.470000,14.470000,13.030000,13.030000,13.030000,17500
2019-12-12,13.980000,13.980000,13.000000,13.350000,13.350000,3000
2019-12-13,13.460000,13.750000,13.400000,13.640000,13.640000,8300
2019-12-16,13.590000,13.600000,13.230000,13.490000,13.490000,10100
2019-12-17,13.150000,13.360000,13.000000,13.250000,13.250000,19100
2019-12-18,13.950000,13.950000,13.080000,13.580000,13.580000,1300
2019-12-19,13.169000,13.770000,13.169000,13.770000,13.770000,2900
2019-12-20,13.760000,13.760000,13.000000,13.310000,13.310000,29900
2019-12-23,13.500000,13.820000,13.500000,13.550000,13.550000,15400
2019-12-24,13.980000,14.000000,13.630000,13.630000,13.630000,2400
2019-12-26,13.950000,13.950000,13.510000,13.510000,13.510000,5500
2019-12-27,13.500000,13.850000,13.500000,13.720000,13.720000,3700
2019-12-30,13.790000,14.000000,13.500000,13.530000,13.530000,31500
2019-12-31,14.000000,15.190000,13.725000,14.650000,14.650000,69700
2020-01-02,14.060000,14.400000,14.000000,14.000000,14.000000,7200
2020-01-03,13.760000,14.440000,13.730000,13.940000,13.940000,7600
2020-01-06,13.800000,13.850000,13.550000,13.850000,13.850000,9400
2020-01-07,14.160000,14.160000,14.049000,14.100000,14.100000,3600
2020-01-08,14.400000,14.450000,14.271000,14.450000,14.450000,1300
2020-01-09,14.410000,14.825000,14.125000,14.125000,14.125000,11000
2020-01-10,14.352000,14.400000,14.180000,14.400000,14.400000,2200
2020-01-13,14.400000,14.400000,14.400000,14.400000,14.400000,300
2020-01-14,14.379000,14.380000,13.510000,13.650000,13.650000,80700
2020-01-15,14.330000,14.520000,13.800000,14.151000,14.151000,16200
2020-01-16,14.500000,14.500000,13.611000,14.310000,14.310000,7800
2020-01-17,14.180000,14.410000,13.990000,14.270000,14.270000,8400
2020-01-21,14.000000,14.380000,14.000000,14.090000,14.090000,5300
2020-01-22,14.340000,14.340000,13.600000,13.750000,13.750000,3300
2020-01-23,13.950000,13.950000,13.540000,13.540000,13.540000,2700
2020-01-24,14.000000,14.000000,13.310000,13.310000,13.310000,2000
2020-01-27,13.980000,13.980000,13.340000,13.520000,13.520000,5800
2020-01-28,13.710000,13.880000,13.420000,13.750000,13.750000,7600
2020-01-29,13.940000,13.940000,12.820000,13.180000,13.180000,7900
2020-01-30,13.370000,13.610000,12.607000,12.607000,12.607000,10100
2020-01-31,12.820000,13.030000,12.675000,12.700000,12.700000,15800
2020-02-03,12.970000,13.030000,11.900000,11.900000,11.900000,7000
2020-02-04,12.010000,12.080000,11.310000,11.610000,11.610000,23300
2020-02-05,11.500000,11.520000,10.810000,11.150000,11.150000,21700
2020-02-06,11.750000,12.000000,11.480000,12.000000,12.000000,9500
2020-02-07,12.000000,12.000000,11.350000,11.660000,11.660000,5000
2020-02-10,11.510000,12.250000,11.510000,11.810000,11.810000,6800
2020-02-11,12.000000,12.255000,11.770000,12.040000,12.040000,8100
2020-02-12,11.971000,12.130000,11.820000,12.010000,12.010000,12100
2020-02-13,11.880000,12.250000,11.870000,12.000000,12.000000,4700
2020-02-14,12.030000,12.030000,11.770000,11.901000,11.901000,7400
2020-02-18,11.970000,12.250000,11.970000,12.040000,12.040000,7900
2020-02-19,12.020000,12.250000,11.970000,12.250000,12.250000,10100
2020-02-20,12.400000,13.300000,12.060000,12.500000,12.500000,8900
2020-02-21,12.690000,12.690000,12.100000,12.600000,12.600000,4600
2020-02-24,12.530000,12.665000,12.230000,12.560000,12.560000,4700
2020-02-25,12.760000,12.760000,11.920000,12.074000,12.074000,8100
2020-02-26,12.680000,13.870000,12.680000,12.770000,12.770000,22400
2020-02-27,13.200000,13.710000,12.650000,12.910000,12.910000,23100
2020-02-28,13.000000,13.650000,11.837000,13.610000,13.610000,5000
2020-03-02,14.280000,14.280000,13.300000,14.000000,14.000000,4700
2020-03-03,14.250000,14.250000,13.590000,13.590000,13.590000,2100
2020-03-04,13.600000,14.250000,13.600000,13.850000,13.850000,4600
2020-03-05,13.000000,13.336000,12.480000,12.480000,12.480000,59400
2020-03-06,11.860000,12.740000,11.860000,12.600000,12.600000,8600
2020-03-09,12.180000,12.259000,11.580000,11.900000,11.900000,4900
2020-03-10,12.580000,12.635000,11.340000,12.635000,12.635000,8900
2020-03-11,12.070000,12.200000,10.860000,11.030000,11.030000,14200
2020-03-12,10.100000,10.400000,9.400000,9.400000,9.400000,11000
2020-03-13,9.400000,9.850000,9.120000,9.120000,9.120000,8000
2020-03-16,8.340000,8.770000,8.030000,8.030000,8.030000,6900
2020-03-17,8.460000,9.080000,7.660000,8.200000,8.200000,34700
2020-03-18,8.280000,8.280000,6.500000,6.500000,6.500000,17400
2020-03-19,6.750000,7.500000,6.710000,6.710000,6.710000,29200
2020-03-20,7.370000,8.350000,7.100000,7.600000,7.600000,12900
2020-03-23,7.020000,7.800000,7.020000,7.150000,7.150000,28300
2020-03-24,7.860000,8.752000,7.815000,8.100000,8.100000,26300
2020-03-25,8.230000,10.650000,8.150000,10.000000,10.000000,63700
2020-03-26,10.990000,10.990000,10.215000,10.470000,10.470000,6700
2020-03-27,10.450000,10.450000,9.880000,10.040000,10.040000,1700
2020-03-30,9.700000,10.700000,9.700000,10.400000,10.400000,1300
2020-03-31,10.130000,11.700000,10.130000,10.900000,10.900000,12400
2020-04-01,10.750000,10.750000,10.070000,10.070000,10.070000,2800
2020-04-02,10.000000,10.560000,9.294000,9.760000,9.760000,4000
2020-04-03,9.250000,10.100000,9.070000,10.100000,10.100000,6200
2020-04-06,10.120000,10.493000,9.900000,10.480000,10.480000,2500
2020-04-07,10.999000,10.999000,10.310000,10.370000,10.370000,4100
2020-04-08,11.410000,11.900000,10.560000,11.150000,11.150000,170200
2020-04-09,10.710000,12.050000,10.710000,11.850000,11.850000,54500
2020-04-13,12.490000,12.490000,11.770000,12.290000,12.290000,27600
2020-04-14,12.314000,12.400000,11.755000,12.100000,12.100000,10100
2020-04-15,11.990000,11.990000,11.410000,11.624000,11.624000,6600
2020-04-16,11.301000,11.821000,11.120000,11.250000,11.250000,23400
2020-04-17,11.110000,12.010000,11.110000,11.480000,11.480000,15600
2020-04-20,11.800000,11.800000,11.070000,11.220000,11.220000,11200
2020-04-21,11.220000,11.220000,10.850000,10.910000,10.910000,7200
2020-04-22,11.000000,11.630000,10.850000,11.050000,11.050000,132000
2020-04-23,11.250000,11.390000,11.100000,11.390000,11.390000,4000
2020-04-24,11.490000,11.510000,11.130000,11.450000,11.450000,7200
2020-04-27,11.750000,12.230000,11.420000,12.080000,12.080000,28700
2020-04-28,12.470000,13.770000,12.470000,12.900000,12.900000,24300
2020-04-29,13.170000,13.170000,12.570000,12.620000,12.620000,6100
2020-04-30,12.140000,13.360000,12.140000,12.950000,12.950000,18200
2020-05-01,13.360000,13.360000,12.550000,13.000000,13.000000,6800
2020-05-04,13.350000,13.350000,12.940000,13.130000,13.130000,21500
2020-05-05,12.990000,13.680000,12.850000,12.850000,12.850000,8100
2020-05-06,13.000000,13.000000,12.250000,12.935000,12.935000,4700
2020-05-07,12.700000,12.910000,11.970000,12.680000,12.680000,17400
2020-05-08,13.100000,13.360000,12.900000,12.990000,12.990000,9400
2020-05-11,13.600000,13.600000,12.690000,12.900000,12.900000,21000
2020-05-12,13.250000,13.250000,12.830000,13.150000,13.150000,3600
2020-05-13,12.110000,12.438000,11.920000,12.140000,12.140000,4000
2020-05-14,12.170000,12.170000,11.722000,12.130000,12.130000,3600
2020-05-15,12.240000,12.360000,11.710000,11.710000,11.710000,9800
2020-05-18,12.250000,12.250000,11.220000,11.320000,11.320000,13000
2020-05-19,11.730000,11.740000,11.210000,11.210000,11.210000,4400
2020-05-20,11.310000,11.700000,11.250000,11.560000,11.560000,9700
2020-05-21,11.670000,11.670000,11.195000,11.530000,11.530000,7300
2020-05-22,11.740000,11.830000,11.650000,11.830000,11.830000,6400
2020-05-26,12.200000,12.510000,12.200000,12.250000,12.250000,3300
2020-05-27,12.440000,13.000000,12.440000,12.910000,12.910000,12700
2020-05-28,12.720000,13.210000,12.610000,12.610000,12.610000,8700
2020-05-29,12.810000,13.280000,12.510000,12.840000,12.840000,36600
2020-06-01,12.800000,13.190000,12.750000,12.860000,12.860000,16500
2020-06-02,12.890000,13.140000,12.890000,13.140000,13.140000,1900
2020-06-03,13.200000,13.490000,12.720000,13.240000,13.240000,5700
2020-06-04,12.790000,12.970000,12.565000,12.730000,12.730000,40500
2020-06-05,13.130000,13.410000,12.870000,13.000000,13.000000,14700
2020-06-08,13.500000,13.550000,13.110000,13.460000,13.460000,11800
2020-06-09,13.090000,13.210000,13.090000,13.150000,13.150000,700
2020-06-10,13.120000,13.120000,12.780000,13.050000,13.050000,1900
2020-06-11,12.813000,12.813000,12.490000,12.750000,12.750000,2200