Date,Open,High,Low,Close,Adj Close,Volume
2017-05-12,12.210000,12.470000,11.000000,11.550000,10.758206,4329500
2017-05-15,11.950000,12.000000,11.410000,11.750000,10.944496,575100
2017-05-16,11.880000,12.250000,11.620000,12.030000,11.205299,247400
2017-05-17,12.010000,12.200000,11.610000,12.040000,11.214615,263400
2017-05-18,12.020000,12.070000,11.760000,12.000000,11.177357,312100
2017-05-19,11.980000,12.110000,11.670000,11.850000,11.037641,166000
2017-05-22,11.950000,12.050000,11.750000,11.830000,11.019011,244900
2017-05-23,11.820000,12.010000,11.730000,11.850000,11.037641,149600
2017-05-24,11.810000,12.010000,11.720000,12.000000,11.177357,190200
2017-05-25,12.040000,12.137000,11.740000,12.000000,11.177357,284800
2017-05-26,11.960000,12.015000,11.770000,11.980000,11.158729,412700
2017-05-30,12.000000,12.049000,11.840000,11.870000,11.056269,436700
2017-05-31,11.790000,11.940000,11.300000,11.500000,10.711634,328800
2017-06-01,11.470000,12.000000,11.468000,11.700000,10.897923,171800
2017-06-02,11.670000,11.850000,11.630000,11.670000,10.869981,124200
2017-06-05,11.630000,11.770000,11.500000,11.560000,10.767521,167600
2017-06-06,11.800000,11.900000,11.440000,11.540000,10.748891,571500
2017-06-07,11.620000,11.652000,10.080000,10.360000,9.649784,738300
2017-06-08,10.340000,10.550000,9.895000,10.040000,9.351723,534700
2017-06-09,10.100000,10.240000,9.930000,9.970000,9.286522,437800
2017-06-12,10.050000,10.550000,10.050000,10.390000,9.677728,401100
2017-06-13,10.790000,11.688000,10.520000,11.340000,10.562604,558100
2017-06-14,11.270000,11.350000,10.900000,11.160000,10.394942,370700
2017-06-15,11.080000,11.380000,10.560000,11.130000,10.366999,243600
2017-06-16,11.080000,11.480000,11.000000,11.250000,10.478772,379300
2017-06-19,11.280000,11.380000,10.900000,11.260000,10.488088,172200
2017-06-20,11.190000,11.190000,10.600000,10.710000,9.975792,205200
2017-06-21,10.740000,11.000000,10.501000,10.900000,10.152766,143100
2017-06-22,10.830000,11.050000,10.110000,10.310000,9.603212,242200
2017-06-23,10.210000,10.800000,10.210000,10.730000,9.994420,1175600
2017-06-26,10.800000,10.890000,10.600000,10.740000,10.003735,105100
2017-06-27,10.740000,11.500000,10.740000,11.100000,10.339056,168800
2017-06-28,11.140000,11.970000,11.050000,11.430000,10.646434,168200
2017-06-29,11.330000,11.860000,11.330000,11.770000,10.963126,125900
2017-06-30,11.770000,11.900000,11.470000,11.530000,10.739578,103900
2017-07-03,11.460000,11.810000,11.460000,11.620000,10.823407,195200
2017-07-05,11.690000,11.690000,11.180000,11.380000,10.599861,140200
2017-07-06,11.400000,11.960000,11.181000,11.610000,10.814093,234900
2017-07-07,11.550000,11.730000,11.220000,11.590000,10.795465,177700
2017-07-10,11.600000,12.010000,11.040000,11.980000,11.158729,185700
2017-07-11,11.960000,12.200000,11.778000,12.000000,11.177357,165500
2017-07-12,12.080000,12.100000,11.500000,11.710000,10.907236,101000
2017-07-13,11.670000,12.000000,11.211000,11.950000,11.130784,109300
2017-07-14,11.870000,12.240000,11.530000,12.090000,11.261188,60300
2017-07-17,12.050000,13.450000,11.770000,12.930000,12.043603,347500
2017-07-18,13.020000,13.160000,12.800000,12.880000,11.997030,237700
2017-07-19,12.850000,14.000000,12.160000,13.860000,12.909847,396300
2017-07-20,14.020000,14.067000,12.580000,12.710000,11.838684,348000
2017-07-21,12.770000,13.055000,12.320000,12.760000,11.885258,121000
2017-07-24,12.750000,12.890000,12.360000,12.720000,11.847999,166600
2017-07-25,12.750000,12.900000,12.000000,12.290000,11.447477,154100
2017-07-26,12.260000,13.000000,12.153000,12.780000,11.903885,281600
2017-07-27,12.810000,13.422000,12.530000,12.940000,12.052917,142400
2017-07-28,12.830000,13.380000,12.780000,13.100000,12.201948,122400
2017-07-31,13.170000,13.240000,12.740000,13.050000,12.155375,94200
2017-08-01,13.120000,13.120000,12.620000,12.860000,11.978400,85100
2017-08-02,12.900000,12.920000,12.490000,12.570000,11.708281,122700
2017-08-03,12.750000,12.840000,12.450000,12.660000,11.792112,236300
2017-08-04,12.700000,13.510000,12.630000,13.440000,12.518640,261900
2017-08-07,13.540000,13.800000,13.110000,13.420000,12.500010,193500
2017-08-08,13.270000,13.450000,12.850000,12.990000,12.099489,179000
2017-08-09,12.900000,13.250000,12.520000,12.710000,11.838684,84500
2017-08-10,12.250000,12.580000,11.710000,12.120000,11.289131,264500
2017-08-11,12.210000,12.740000,11.800000,11.830000,11.019011,189000
2017-08-14,11.930000,13.090000,11.900000,12.300000,11.456792,239800
2017-08-15,12.470000,12.470000,12.030000,12.140000,11.307760,101600
2017-08-16,12.290000,12.630000,12.190000,12.390000,11.540622,147000
2017-08-17,12.290000,12.450000,12.070000,12.270000,11.428847,104500
2017-08-18,12.170000,12.910000,12.170000,12.810000,11.931828,220800
2017-08-21,12.880000,13.350000,12.500000,13.250000,12.341666,157400
2017-08-22,13.360000,13.570000,12.910000,13.490000,12.565213,164300
2017-08-23,13.440000,13.780000,13.070000,13.290000,12.378922,164900
2017-08-24,13.300000,13.865000,13.060000,13.540000,12.611785,199100
2017-08-25,13.600000,13.955000,12.270000,13.270000,12.360295,387900
2017-08-28,13.380000,13.430000,12.960000,13.230000,12.323036,97900
2017-08-29,13.090000,13.590000,13.010000,13.450000,12.527955,132300
2017-08-30,13.430000,13.867000,13.190000,13.730000,12.788760,132700
2017-08-31,13.800000,14.470000,13.650000,14.160000,13.189281,247600
2017-09-01,14.160000,14.480000,13.875000,14.430000,13.440771,106700
2017-09-05,14.380000,14.990000,14.380000,14.750000,13.738834,228600
2017-09-06,14.750000,15.740000,14.750000,15.620000,14.549193,229400
2017-09-07,15.710000,16.280001,14.710000,14.840000,13.822665,212700
2017-09-08,14.810000,14.810000,14.060000,14.320000,13.338313,171900
2017-09-11,14.390000,15.400000,14.390000,15.150000,14.111413,150900
2017-09-12,15.140000,16.058001,15.140000,15.980000,14.884515,307800
2017-09-13,16.090000,16.990000,15.875000,16.080000,14.977659,329800
2017-09-14,16.280001,16.490000,15.580000,15.700000,14.623709,214000
2017-09-15,15.800000,16.230000,15.520000,15.960000,14.865887,236100
2017-09-18,15.880000,16.480000,15.560000,16.389999,15.266407,147300
2017-09-19,16.320000,16.370001,15.780000,16.070000,14.968344,116600
2017-09-20,16.059999,16.400000,15.920000,16.290001,15.173265,182900
2017-09-21,16.290001,16.440001,15.710000,16.129999,15.024230,118700
2017-09-22,16.139999,16.530001,16.139999,16.420000,15.294353,273800
2017-09-25,16.420000,17.070000,16.420000,16.830000,15.676244,117800
2017-09-26,16.860001,17.719999,16.860001,17.410000,16.216482,348300
2017-09-27,17.450001,17.658001,17.170000,17.500000,16.300312,223600
2017-09-28,17.600000,17.600000,17.129999,17.500000,16.300312,203200
2017-09-29,17.500000,17.500000,17.299999,17.430000,16.235111,105100
2017-10-02,17.270000,17.500000,17.120001,17.500000,16.300312,93500
2017-10-03,17.480000,17.700001,17.155001,17.260000,16.076767,137000
2017-10-04,17.350000,17.450001,16.730000,16.950001,15.788018,131600
2017-10-05,17.070000,17.709999,16.940001,17.559999,16.356199,180000
2017-10-06,17.320000,17.370001,17.020000,17.070000,15.899792,87800
2017-10-09,17.190001,17.670000,17.040001,17.440001,16.244427,285700
2017-10-10,17.520000,17.610001,17.010000,17.059999,15.890475,164700
2017-10-11,16.250000,16.600000,15.726000,16.590000,15.452698,364600
2017-10-12,16.459999,16.639999,16.180000,16.530001,15.396812,131600
2017-10-13,16.730000,16.740000,16.040001,16.150000,15.042859,156300
2017-10-16,16.400000,16.480000,15.880000,15.980000,14.884515,95400
2017-10-17,16.180000,16.180000,15.730000,15.880000,14.791369,150300
2017-10-18,16.000000,16.040001,14.761000,14.980000,13.953067,419900
2017-10-19,14.920000,15.400000,14.910000,15.020000,13.990325,147100
2017-10-20,15.140000,15.310000,14.600000,15.300000,14.251130,108500
2017-10-23,15.260000,15.570000,15.140000,15.320000,14.269760,128100
2017-10-24,15.540000,15.540000,15.120000,15.230000,14.185928,118600
2017-10-25,15.120000,15.120000,14.240000,14.280000,13.301055,218800
2017-10-26,14.260000,14.805000,14.030000,14.700000,13.692263,341500
2017-10-27,14.580000,15.480000,14.580000,15.430000,14.372219,100700
2017-10-30,15.420000,15.830000,15.320000,15.610000,14.539879,99200
2017-10-31,15.660000,16.280001,15.470000,15.960000,14.865887,119300
2017-11-01,16.139999,16.360001,15.820000,16.070000,14.968344,107100
2017-11-02,16.129999,16.150000,15.760000,15.790000,14.707541,125400
2017-11-03,15.460000,16.370001,14.300000,15.960000,14.865887,480700
2017-11-06,16.059999,16.670000,16.040001,16.600000,15.462011,311600
2017-11-07,16.700001,18.118999,16.700001,17.870001,16.644951,442500
2017-11-08,17.440001,18.420000,16.430000,17.280001,16.095394,636500
2017-11-09,16.959999,17.670000,16.250000,16.500000,15.368866,732700
2017-11-10,16.600000,16.650000,15.750000,16.080000,14.977659,3361900
2017-11-13,16.059999,16.240000,15.780000,16.059999,14.959028,524800
2017-11-14,15.940000,15.950000,15.010000,15.280000,14.232502,640100
2017-11-15,15.110000,15.400000,14.750000,15.000000,13.971697,309400
2017-11-16,15.010000,15.100000,14.750000,14.960000,13.934440,322500
2017-11-17,14.990000,15.575000,14.910000,15.220000,14.176616,299000
2017-11-20,15.140000,16.250000,15.140000,16.200001,15.089433,445000
2017-11-21,16.200001,16.840000,16.070000,16.490000,15.359551,283000
2017-11-22,16.600000,17.299999,16.469999,16.760000,15.611044,400900
2017-11-24,16.889999,17.450001,16.790001,16.889999,15.732132,420000
2017-11-27,16.980000,17.209000,16.260000,16.459999,15.331607,158500
2017-11-28,16.430000,16.660000,15.410000,15.990000,14.893827,273100
2017-11-29,15.980000,16.230000,15.380000,15.680000,14.605080,364800
2017-11-30,15.780000,16.320000,15.670000,16.200001,15.089433,310300
2017-12-01,16.270000,16.879999,16.270000,16.690001,15.545843,409800
2017-12-04,16.770000,16.990000,16.660000,16.830000,15.676244,272100
2017-12-05,16.770000,16.990000,16.700001,16.740000,15.592414,234800
2017-12-06,16.639999,16.670000,15.910000,16.110001,15.005603,298300
2017-12-07,16.170000,16.320000,15.790000,15.950000,14.856570,244600
2017-12-08,16.000000,16.440001,15.940000,16.240000,15.126690,142700
2017-12-11,16.480000,17.600000,16.320000,17.379999,16.188538,572000
2017-12-12,17.379999,18.930000,17.200001,18.620001,17.343534,581000
2017-12-13,18.650000,19.549999,18.570000,18.820000,17.529821,844600
2017-12-14,18.750000,18.895000,18.030001,18.260000,17.008215,392100
2017-12-15,18.490000,19.790001,18.379999,19.400000,18.070059,1382200
2017-12-18,19.600000,19.691999,18.980000,19.070000,17.762682,347000
2017-12-19,19.059999,19.400000,18.639999,18.670000,17.390106,375800
2017-12-20,18.820000,19.570000,18.510000,19.389999,18.060743,793700
2017-12-21,19.430000,20.299999,19.340000,19.950001,18.582359,608000
2017-12-22,20.049999,20.219999,19.570000,20.150000,18.768646,197600
2017-12-26,20.150000,21.020000,19.799999,20.930000,19.495174,248800
2017-12-27,20.980000,21.344999,20.520000,21.150000,19.700092,418800
2017-12-28,21.320000,21.830000,20.910000,21.680000,20.193758,276300
2017-12-29,21.889999,22.010000,20.833000,21.410000,19.942268,219800
2018-01-02,21.469999,22.450001,21.320000,22.370001,20.836458,431600
2018-01-03,22.670000,23.049999,21.910000,22.420000,20.883028,490100
2018-01-04,22.610001,23.389999,22.500000,23.040001,21.460529,527500
2018-01-05,23.139999,23.980000,22.850000,23.459999,21.851734,576800
2018-01-08,23.660000,23.719000,22.840000,22.870001,21.302181,365300
2018-01-09,23.010000,23.280001,22.370001,22.980000,21.404640,245800
2018-01-10,22.969999,23.090000,22.500000,23.080000,21.497782,197900
2018-01-11,23.170000,23.700001,22.299999,22.410000,20.873714,678100
2018-01-12,22.629999,23.059999,21.020000,21.790001,20.296221,626500
2018-01-16,22.010000,22.010000,19.650000,19.980000,18.610300,1058700
2018-01-17,20.000000,21.180000,19.860001,20.700001,19.280943,490800
2018-01-18,20.590000,20.930000,20.209999,20.799999,19.374083,310000
2018-01-19,20.660000,20.950001,20.340000,20.900000,19.467232,519400
2018-01-22,20.889999,21.290001,20.730000,21.000000,19.560375,349600
2018-01-23,21.150000,21.280001,20.809999,21.059999,19.616262,351400
2018-01-24,21.469999,22.629999,21.309999,22.160000,20.640854,1143300
2018-01-25,22.299999,22.450001,20.389999,20.410000,19.010820,427900
2018-01-26,20.510000,20.549999,19.200001,19.959999,18.591669,588900
2018-01-29,20.440001,20.440001,19.250000,19.570000,18.228409,329800
2018-01-30,19.240000,19.570000,19.010000,19.540001,18.200464,224100
2018-01-31,19.540001,19.700001,18.270000,18.870001,17.576395,329900
2018-02-01,18.870001,19.770000,18.500999,19.600000,18.256353,383600
2018-02-02,19.309999,19.309999,18.570000,18.910000,17.613651,462900
2018-02-05,18.620001,19.059999,18.440001,18.570000,17.296959,516300
2018-02-06,18.059999,19.230000,18.030001,18.930000,17.632280,554900
2018-02-07,18.930000,19.190001,17.760000,17.770000,16.551802,292700
2018-02-08,17.840000,17.906000,17.370001,17.530001,16.328257,652700
2018-02-09,17.670000,17.679001,15.700000,16.990000,15.825275,436000
2018-02-12,17.170000,17.520000,16.780001,17.299999,16.114025,221700
2018-02-13,17.040001,17.370001,16.790001,17.030001,15.862533,145400
2018-02-14,16.889999,18.430000,16.889999,18.270000,17.017527,392400
2018-02-15,18.270000,18.830000,18.139999,18.820000,17.529821,634700
2018-02-16,18.620001,18.969999,18.590000,18.730000,17.445992,254100
2018-02-20,18.650000,19.100000,17.500000,17.760000,16.542488,316100
2018-02-21,17.670000,18.239000,17.469999,17.790001,16.570433,346100
2018-02-22,18.049999,18.309999,17.740000,17.910000,16.682205,508900
2018-02-23,17.940001,18.160000,17.879999,18.110001,16.868492,390500
2018-02-26,18.150000,18.299999,17.940001,18.139999,16.896435,143600
2018-02-27,18.129999,18.430000,17.719999,17.740000,16.523861,376500
2018-02-28,17.820000,17.969999,16.709999,16.830000,15.676244,754900
2018-03-01,16.770000,17.469999,16.629999,17.000000,15.834588,421600
2018-03-02,16.760000,17.370001,16.260000,17.209999,16.030191,351700
2018-03-05,17.200001,17.600000,16.930000,17.490000,16.290997,168900
2018-03-06,17.500000,18.420000,17.500000,18.260000,17.008215,458600
2018-03-07,18.270000,18.270000,16.700001,17.030001,15.862533,809400
2018-03-08,16.940001,17.320000,16.730000,17.049999,15.881159,432200
2018-03-09,17.469999,18.969999,17.469999,17.680000,16.467972,673300
2018-03-12,17.580000,17.945000,16.559999,16.660000,15.517898,402000
2018-03-13,16.730000,16.799999,16.115999,16.510000,15.378182,433300
2018-03-14,16.639999,17.170000,16.469999,16.920000,15.760076,417800
2018-03-15,16.980000,17.000000,16.040001,16.100000,14.996289,414300
2018-03-16,16.170000,16.780001,15.700000,16.719999,15.573785,942000
2018-03-19,16.709999,16.760000,15.750000,15.980000,14.884515,354500
2018-03-20,16.120001,16.990000,16.030001,16.870001,15.713501,578800
2018-03-21,16.920000,18.340000,16.920000,17.490000,16.290997,604000
2018-03-22,17.110001,17.580000,16.750000,16.940001,15.778705,302000
2018-03-23,17.020000,17.520000,16.504999,17.059999,15.890475,451300
2018-03-26,17.340000,17.490000,16.459999,17.200001,16.020878,262200
2018-03-27,17.230000,17.563999,16.520000,16.719999,15.573785,299900
2018-03-28,16.660000,16.760000,15.920000,16.219999,15.108061,484100
2018-03-29,16.280001,16.955000,16.070000,16.559999,15.424754,285700
2018-04-02,16.459999,16.610001,15.960000,16.340000,15.219837,304700
2018-04-03,16.400000,16.995001,16.129999,16.900000,15.741445,351900
2018-04-04,16.510000,16.750000,16.100000,16.309999,15.191890,525300
2018-04-05,16.450001,17.490000,16.450001,17.209999,16.030191,291500
2018-04-06,17.120001,17.930000,16.750000,17.129999,15.955675,463100
2018-04-09,17.299999,17.469999,16.450001,16.459999,15.331607,186800
2018-04-10,16.809999,17.959999,16.667000,17.690001,16.477287,701900
2018-04-11,17.580000,18.160000,17.445000,17.860001,16.635633,387400
2018-04-12,17.870001,18.000000,17.260000,17.930000,16.700834,198500
2018-04-13,18.080000,18.230000,17.740000,18.209999,16.961641,238900
2018-04-16,18.240000,18.240000,17.719999,18.000000,16.766035,165700
2018-04-17,18.129999,18.270000,17.780001,17.809999,16.589060,309800
2018-04-18,18.040001,18.450001,18.000000,18.180000,16.933697,877200
2018-04-19,18.180000,18.469999,17.350000,17.469999,16.272367,717100
2018-04-20,17.200001,18.000000,16.889999,18.000000,16.766035,434600
2018-04-23,18.030001,18.504999,17.879999,18.400000,17.138617,551100
2018-04-24,18.440001,18.750000,17.820999,18.190001,16.943012,413600
2018-04-25,18.090000,18.209999,17.750000,17.799999,16.579746,383800
2018-04-26,17.930000,18.395000,17.900000,18.000000,16.766035,721900
2018-04-27,17.910000,18.690001,17.610001,18.400000,17.138617,1776800
2018-04-30,18.650000,19.438000,18.650000,18.799999,17.511192,797700
2018-05-01,18.799999,18.895000,17.850000,18.219999,16.970953,379100
2018-05-02,18.209999,18.709999,18.209999,18.650000,17.371477,419600
2018-05-03,18.680000,18.770000,17.850000,18.230000,16.980268,458100
2018-05-04,18.170000,18.520000,18.094999,18.370001,17.110674,260700
2018-05-07,18.549999,19.299999,18.549999,18.980000,17.678854,425500
2018-05-08,19.000000,19.150000,18.299999,18.850000,17.557766,534900
2018-05-09,19.799999,20.177000,17.820000,19.000000,17.697479,1250300
2018-05-10,19.030001,19.030001,16.070000,16.740000,15.592414,2358800
2018-05-11,17.150000,18.059999,17.000000,17.180000,16.002251,1132800
2018-05-14,17.430000,17.580000,15.820000,16.299999,15.182576,912100
2018-05-15,16.309999,16.610001,16.059999,16.440001,15.312980,733000
2018-05-16,16.410000,16.860001,16.100000,16.240000,15.126690,812100
2018-05-17,16.260000,16.639999,16.125000,16.459999,15.331607,769600
2018-05-18,16.540001,17.160000,16.389999,16.690001,15.545843,675500
2018-05-21,16.730000,17.240000,16.200001,16.240000,15.126690,442700
2018-05-22,16.219999,16.510000,16.090000,16.200001,15.089433,506800
2018-05-23,16.049999,16.549999,16.040001,16.459999,15.331607,521400
2018-05-24,16.740000,16.900000,16.320000,16.610001,15.471327,616700
2018-05-25,16.240000,16.600000,16.020000,16.540001,15.406123,1229600
2018-05-29,16.260000,16.799999,16.260000,16.340000,15.219837,434800
2018-05-30,16.430000,16.820000,16.280001,16.469999,15.340920,602500
2018-05-31,16.360001,16.430000,15.420000,15.440000,14.381533,543700
2018-06-01,15.500000,15.500000,14.350000,14.970000,13.943753,1958200
2018-06-04,14.860000,15.200000,14.470000,14.600000,13.599117,666100
2018-06-05,14.530000,15.130000,14.270000,15.010000,13.981011,766500
2018-06-06,15.090000,15.160000,14.665000,15.080000,14.046213,697400
2018-06-07,15.360000,15.575000,15.185000,15.450000,14.390847,608200
2018-06-08,15.370000,15.830000,15.241000,15.480000,14.418792,584400
2018-06-11,15.450000,16.190001,15.400000,16.000000,14.903143,672700
2018-06-12,15.930000,16.299999,15.930000,16.230000,15.117375,460900
2018-06-13,16.260000,16.556000,16.129999,16.430000,15.303666,467600
2018-06-14,16.540001,16.650000,15.900000,16.040001,14.940403,645900
2018-06-15,15.910000,16.059999,15.400000,15.890000,14.800684,486900
2018-06-18,15.770000,16.051001,14.900000,14.930000,13.906497,805900
2018-06-19,14.790000,15.040000,14.610000,14.910000,13.887866,879900
2018-06-20,14.950000,15.342000,14.390000,14.670000,13.664319,757100
2018-06-21,14.600000,14.700000,13.470000,13.630000,12.695616,1248700
2018-06-22,14.030000,14.660000,13.900000,14.560000,13.561861,1559700
2018-06-25,14.440000,14.580000,13.770000,13.940000,12.984363,488200
2018-06-26,13.950000,14.500000,13.920000,14.380000,13.394200,486800
2018-06-27,14.510000,14.965000,14.270000,14.310000,13.329000,587100
2018-06-28,14.020000,14.200000,13.650000,14.120000,13.152024,464800
2018-06-29,13.950000,14.360000,13.950000,14.290000,13.310369,445100
2018-07-02,14.180000,14.190000,13.560000,13.800000,12.853962,486200
2018-07-03,13.920000,14.220000,13.700000,13.930000,12.975050,260400
2018-07-05,13.960000,14.070000,13.760000,13.970000,13.012308,452100
2018-07-06,13.950000,14.170000,13.770000,14.040000,13.077508,372400
2018-07-09,14.120000,14.520000,14.120000,14.390000,13.403515,343600
2018-07-10,14.490000,15.000000,14.350000,14.550000,13.552548,849400
2018-07-11,14.390000,14.640000,14.190000,14.340000,13.356943,432500
2018-07-12,14.400000,14.400000,13.830000,14.270000,13.291741,387400
2018-07-13,14.230000,14.470000,14.120000,14.400000,13.412829,365700
2018-07-16,14.320000,14.350000,13.970000,14.300000,13.319685,243100
2018-07-17,14.270000,14.340000,14.061000,14.140000,13.170653,137800
2018-07-18,14.080000,14.345000,13.780000,14.270000,13.291741,329200
2018-07-19,14.180000,14.415000,14.180000,14.320000,13.338313,273600
2018-07-20,14.260000,14.330000,13.958000,14.200000,13.226540,396800
2018-07-23,14.110000,14.235000,13.590000,13.920000,12.965734,798500
2018-07-24,13.760000,13.946000,13.250000,13.260000,12.350980,1277600
2018-07-25,13.260000,13.520000,12.974000,13.470000,12.546584,529800
2018-07-26,13.470000,13.750000,13.260000,13.640000,12.704930,505200
2018-07-27,13.590000,14.720000,13.520000,14.630000,13.627062,893300
2018-07-30,14.750000,15.300000,14.480000,14.640000,13.636376,445500
2018-07-31,15.450000,15.820000,14.830000,15.690000,14.614395,1172300
2018-08-01,15.620000,16.160000,14.757000,15.160000,14.120728,944900
2018-08-02,15.010000,16.160000,15.010000,16.110001,15.005603,1027600
2018-08-03,16.299999,17.100000,16.240000,16.740000,15.592414,910100
2018-08-06,16.750000,17.000000,16.360001,16.590000,15.452698,386800
2018-08-07,16.889999,17.055000,16.620001,16.780001,15.629672,382200
2018-08-08,16.799999,17.049999,16.709999,16.990000,15.825275,591900
2018-08-09,16.969999,17.490000,16.870001,17.219999,16.039507,471600
2018-08-10,17.200001,17.600000,16.980000,17.570000,16.365515,407900
2018-08-13,17.520000,17.590000,17.160000,17.200001,16.020878,266200
2018-08-14,17.379999,17.400000,16.930000,17.160000,15.983621,376600
2018-08-15,17.110001,17.110001,16.100000,16.209999,15.098745,557900
2018-08-16,16.309999,16.340000,15.920000,16.150000,15.042859,337800
2018-08-17,16.139999,16.670000,15.960000,16.580000,15.443381,222200
2018-08-20,16.510000,16.730000,16.219999,16.660000,15.517898,304400
2018-08-21,17.000000,17.219999,16.510000,16.650000,15.508584,390300
2018-08-22,16.770000,17.139999,16.559999,17.030001,15.862533,357800
2018-08-23,17.000000,17.070000,16.590000,16.920000,15.760076,347000
2018-08-24,16.980000,17.180000,16.809999,16.900000,15.741445,205700
2018-08-27,16.910000,17.260000,16.639999,16.750000,15.601727,220200
2018-08-28,16.790001,17.059999,16.730000,16.950001,15.788018,162100
2018-08-29,17.120001,17.340000,17.040001,17.270000,16.086079,213600
2018-08-30,17.309999,17.330000,16.780001,16.840000,15.685560,305600
2018-08-31,16.820000,17.309999,16.660000,17.219999,16.039507,358900
2018-09-04,17.230000,17.230000,16.840000,16.980000,15.815960,379600
2018-09-05,16.870001,16.870001,16.260000,16.670000,15.527214,380000
2018-09-06,16.629999,16.629999,16.049999,16.090000,14.986973,386300
2018-09-07,16.000000,16.000000,15.040000,15.290000,14.241816,483700
2018-09-10,15.420000,15.890000,15.420000,15.720000,14.642339,170800
2018-09-11,15.870000,16.920000,15.800000,16.700001,15.555156,545900
2018-09-12,16.870001,17.139999,16.480000,16.850000,15.694873,408000
2018-09-13,16.780001,17.139999,16.709999,17.049999,15.881159,327900
2018-09-14,17.049999,17.330000,16.920000,17.030001,15.862533,272500
2018-09-17,17.010000,17.090000,16.549999,16.670000,15.527214,192100
2018-09-18,16.879999,17.410000,16.879999,17.370001,16.179226,438800
2018-09-19,17.410000,18.020000,17.410000,17.469999,16.272367,465500
2018-09-20,17.629999,17.680000,16.920000,17.250000,16.067451,200800
2018-09-21,17.250000,17.469999,17.110001,17.299999,16.114025,549300
2018-09-24,17.430000,18.490000,17.430000,18.469999,17.203815,570500
2018-09-25,18.549999,19.230000,18.497999,18.959999,17.660225,925600
2018-09-26,18.940001,18.959999,17.670000,18.400000,17.138617,496300
2018-09-27,18.469999,18.518999,18.028000,18.270000,17.017527,226600
2018-09-28,18.230000,19.090000,18.230000,18.889999,17.595022,537800
2018-10-01,18.910000,19.170000,18.450001,18.870001,17.576395,340300
2018-10-02,18.820000,18.920000,17.790001,18.070000,16.831238,386400
2018-10-03,18.120001,18.950001,18.110001,18.690001,17.408735,362800
2018-10-04,18.559999,19.000000,18.330000,18.670000,17.390106,190200
2018-10-05,18.629999,18.750000,18.049999,18.360001,17.101357,239500
2018-10-08,18.250000,18.690001,17.930000,18.650000,17.371477,197700
2018-10-09,18.660000,19.200001,18.485001,18.860001,17.567080,399800
2018-10-10,18.520000,18.620001,16.860001,17.400000,16.207170,682500
2018-10-11,17.200001,17.719999,17.150000,17.389999,16.197855,336500
2018-10-12,17.709999,17.709999,17.070000,17.420000,16.225800,444800
2018-10-15,17.450001,17.639999,17.315001,17.440001,16.244427,279400
2018-10-16,17.600000,17.980000,17.549999,17.750000,16.533175,669200
2018-10-17,17.620001,17.799999,16.980000,17.209999,16.030191,461900
2018-10-18,16.950001,16.950001,15.660000,15.980000,14.884515,870500
2018-10-19,16.000000,16.490000,15.570000,15.600000,14.530565,389200
2018-10-22,15.650000,15.650000,15.070000,15.320000,14.269760,383500
2018-10-23,14.960000,14.960000,14.400000,14.540000,13.543231,543100
2018-10-24,14.580000,14.580000,13.690000,13.690000,12.751503,400200
2018-10-25,13.910000,14.085000,13.580000,13.710000,12.770130,557700
2018-10-26,13.430000,14.000000,13.260000,13.660000,12.723558,633200
2018-10-29,13.590000,13.620000,13.060000,13.080000,12.183320,493700
2018-10-30,13.020000,13.460000,12.880000,13.280000,12.369608,632000
2018-10-31,13.440000,13.500000,13.110000,13.200000,12.295094,834600
2018-11-01,13.850000,14.865000,13.430000,14.610000,13.608433,1067400
2018-11-02,14.650000,15.470000,14.330000,14.590000,13.589805,484700
2018-11-05,14.560000,14.790000,14.350000,14.620000,13.617748,359000
2018-11-06,14.750000,14.825000,14.550000,14.670000,13.664319,444700
2018-11-07,14.940000,14.980000,14.400000,14.920000,13.897179,322800
2018-11-08,14.860000,15.000000,14.480000,14.710000,13.701578,228700
2018-11-09,14.430000,14.670000,14.160000,14.430000,13.440771,296800
2018-11-12,14.510000,14.540000,13.680000,13.710000,12.770130,293100
2018-11-13,13.490000,14.030000,13.320000,13.360000,12.444124,326400
2018-11-14,13.630000,13.835000,12.960000,13.130000,12.229892,417500
2018-11-15,13.060000,13.555000,13.040000,13.530000,12.602470,344800
2018-11-16,13.530000,13.910000,13.280000,13.890000,12.937792,254800
2018-11-19,13.790000,14.140000,13.590000,13.830000,12.881904,331500
2018-11-20,13.490000,13.600000,12.450000,12.870000,11.987717,614500
2018-11-21,13.090000,13.515000,13.090000,13.360000,12.444124,358300
2018-11-23,12.890000,13.500000,12.890000,13.340000,12.425495,393100
2018-11-26,13.570000,13.900000,13.460000,13.730000,12.788760,302700
2018-11-27,13.680000,13.831000,13.220000,13.250000,12.341666,150300
2018-11-28,13.290000,13.580000,12.860000,13.530000,12.602470,218300
2018-11-29,13.520000,13.650000,13.120000,13.350000,12.434810,258200
2018-11-30,13.190000,13.700000,13.030000,13.130000,12.229892,383900
2018-12-03,13.640000,13.684000,13.080000,13.400000,12.481382,352000
2018-12-04,13.360000,13.470000,12.800000,13.000000,12.108805,342500
2018-12-06,12.600000,12.900000,12.280000,12.450000,11.596509,392600
2018-12-07,12.620000,13.430000,12.320000,12.370000,11.521992,498200
2018-12-10,12.340000,12.600000,11.760000,11.820000,11.009697,396500
2018-12-11,11.970000,12.070000,11.600000,11.900000,11.084212,281700
2018-12-12,12.110000,12.670000,12.050000,12.560000,11.698968,443200
2018-12-13,12.430000,12.620000,11.800000,12.110000,11.279816,379200
2018-12-14,11.870000,12.100000,11.770000,12.000000,11.270424,434900
2018-12-17,11.950000,12.110000,11.380000,11.410000,10.716294,524300
2018-12-18,11.490000,11.850000,11.030000,11.830000,11.110760,746700
2018-12-19,11.690000,12.290000,11.690000,11.760000,11.045016,709300
2018-12-20,11.640000,11.850000,11.510000,11.590000,10.885352,468100
2018-12-21,11.600000,11.600000,10.500000,11.040000,10.368791,1068600
2018-12-24,10.840000,11.150000,10.800000,10.850000,10.190342,688400
2018-12-26,10.960000,11.730000,10.500000,11.720000,11.007448,561900
2018-12-27,11.340000,11.810000,11.220000,11.800000,11.082583,364500
2018-12-28,11.860000,12.060000,11.548000,11.850000,11.129543,501400
2018-12-31,12.030000,12.110000,11.740000,12.090000,11.354953,324600
2019-01-02,11.890000,12.740000,11.710000,12.610000,11.843337,372400
2019-01-03,12.480000,12.700000,11.945000,12.350000,11.599145,317700
2019-01-04,12.660000,13.185000,12.585000,13.140000,12.341115,285500
2019-01-07,13.130000,13.350000,12.800000,13.350000,12.538347,407900
2019-01-08,13.640000,13.640000,12.970000,13.300000,12.491387,282800
2019-01-09,13.500000,14.175000,13.310000,13.750000,12.914027,485700
2019-01-10,13.530000,13.870000,13.210000,13.710000,12.876459,474000
2019-01-11,13.560000,14.285000,13.500000,14.140000,13.280317,478800
2019-01-14,13.940000,14.400000,13.670000,14.270000,13.402414,333800
2019-01-15,14.340000,14.630000,14.140000,14.610000,13.721742,309400
2019-01-16,14.580000,14.990000,14.450000,14.920000,14.012893,342500
2019-01-17,14.780000,15.280000,14.780000,15.200000,14.275870,760400
2019-01-18,15.370000,15.690000,15.230000,15.600000,14.651552,381100
2019-01-22,15.390000,15.390000,14.740000,14.930000,14.022287,379200
2019-01-23,15.050000,15.120000,14.490000,14.640000,13.749918,374900
2019-01-24,14.810000,15.300000,14.730000,15.270000,14.341616,249500
2019-01-25,15.530000,15.670000,15.405000,15.510000,14.567023,367700
2019-01-28,15.220000,15.320000,15.070000,15.150000,14.228910,343200
2019-01-29,15.260000,15.280000,14.850000,14.950000,14.041070,332100
2019-01-30,15.110000,15.110000,14.590000,14.600000,13.712349,418500
2019-01-31,14.610000,15.110000,14.361000,15.040000,14.125599,253000
2019-02-01,15.080000,15.570000,15.080000,15.200000,14.275870,337900
2019-02-04,15.080000,15.624000,14.870000,15.100000,14.181952,442300
2019-02-05,15.160000,15.160000,14.900000,14.990000,14.078637,216600
2019-02-06,14.940000,15.066000,14.780000,14.810000,13.909581,285500
2019-02-07,14.700000,14.740000,14.110000,14.270000,13.402414,419800
2019-02-08,14.170000,14.320000,13.620000,13.680000,12.848285,542200
2019-02-11,13.590000,14.440000,13.563000,14.090000,13.233357,681300
2019-02-12,14.300000,14.620000,13.970000,14.420000,13.543293,374200
2019-02-13,14.470000,15.470000,14.470000,14.990000,14.078637,466100
2019-02-14,14.930000,15.430000,14.750000,15.350000,14.416751,260000
2019-02-15,15.520000,15.980000,15.450000,15.770000,14.811216,265200
2019-02-19,15.650000,16.650000,15.650000,16.500000,15.496833,596200
2019-02-20,16.250000,16.549999,15.970000,16.299999,15.308992,678900
2019-02-21,16.260000,16.400000,15.920000,15.960000,14.989665,430600
2019-02-22,16.080000,16.250000,15.930000,16.040001,15.064802,147800
2019-02-25,16.049999,16.379999,15.970000,16.080000,15.102368,202200
2019-02-26,16.090000,16.350000,16.049999,16.160000,15.177505,327500
2019-02-27,16.360001,16.549999,15.975000,16.480000,15.478049,542000
2019-02-28,17.020000,17.350000,16.000000,17.000000,15.966433,914800
2019-03-01,16.930000,17.209999,16.610001,17.020000,15.985221,426200
2019-03-04,17.360001,17.600000,16.855000,17.120001,16.079140,940800
2019-03-05,17.410000,17.430000,16.639999,16.840000,15.816164,260200
2019-03-06,16.830000,16.830000,15.740000,15.850000,14.886353,443900
2019-03-07,15.870000,15.870000,15.400000,15.480000,14.538848,282700
2019-03-08,15.070000,15.370000,14.860000,15.280000,14.351007,349700
2019-03-11,15.270000,15.610000,15.150000,15.440000,14.501279,387000
2019-03-12,15.510000,16.160000,15.460000,16.040001,15.064802,498000
2019-03-13,16.400000,16.440001,16.030001,16.180000,15.196290,697700
2019-03-14,16.219999,16.590000,16.120001,16.530001,15.525012,1112800
2019-03-15,16.490000,17.070000,16.490000,16.740000,15.722242,1113700
2019-03-18,16.870001,17.070000,16.420000,16.459999,15.459264,598800
2019-03-19,16.700001,16.797001,16.219999,16.330000,15.337169,269300
2019-03-20,16.330000,16.790001,16.040001,16.620001,15.609538,415300
2019-03-21,16.450001,17.040001,16.320000,16.980000,16.044186,337300
2019-03-22,16.799999,16.799999,15.480000,15.500000,14.645753,373600
2019-03-25,15.440000,15.870000,15.200000,15.860000,14.985912,420300
2019-03-26,16.040001,16.480000,16.030001,16.260000,15.363868,252600
2019-03-27,16.200001,16.295000,15.770000,16.059999,15.174889,236600
2019-03-28,16.040001,16.639999,16.040001,16.570000,15.656782,242600
2019-03-29,16.700001,16.709999,16.080000,16.440001,15.533947,490800
2019-04-01,16.600000,16.815001,16.450001,16.670000,15.751272,281700
2019-04-02,16.700001,17.120001,16.440001,17.030001,16.091431,448600
2019-04-03,17.190001,17.809999,16.934999,16.980000,16.044186,500900
2019-04-04,17.000000,17.040001,16.650000,16.770000,15.845761,277900
2019-04-05,16.820000,17.000000,16.620001,16.820000,15.893005,437300
2019-04-08,16.770000,17.190001,16.722000,16.879999,15.949697,232000
2019-04-09,16.790001,16.930000,16.475000,16.580000,15.666230,281500
2019-04-10,16.639999,17.131001,16.639999,16.980000,16.044186,228300
2019-04-11,17.049999,17.700001,17.000000,17.670000,16.696159,472500
2019-04-12,17.750000,18.389999,17.750000,18.250000,17.244190,621100
2019-04-15,18.250000,18.740000,18.129999,18.230000,17.225296,628300
2019-04-16,18.340000,18.879999,18.190001,18.830000,17.792227,384500
2019-04-17,18.950001,18.959999,18.440001,18.540001,17.518211,613900
2019-04-18,18.590000,18.750000,18.375000,18.430000,17.414272,855800
2019-04-22,18.590000,18.920000,18.510000,18.920000,17.877266,545400
2019-04-23,18.920000,19.309999,18.680000,18.900000,17.858368,1104700
2019-04-24,18.900000,19.090000,18.590000,18.620001,17.593801,480700
2019-04-25,18.620001,18.830000,18.430000,18.590000,17.565454,309500
2019-04-26,18.430000,19.097000,18.389999,18.549999,17.527658,888600
2019-04-29,18.600000,18.650000,17.910000,18.000000,17.007971,562400
2019-04-30,18.100000,18.250000,16.809999,16.990000,16.053635,686600
2019-05-01,18.110001,18.250000,17.209999,17.750000,16.771749,894700
2019-05-02,17.549999,18.219999,17.285000,17.500000,16.535528,582700
2019-05-03,17.600000,18.320000,17.530001,18.139999,17.140253,1673800
2019-05-06,17.910000,18.850000,17.719999,18.750000,17.716635,587300
2019-05-07,18.540001,18.719999,17.770000,17.910000,16.922932,792800
2019-05-08,18.080000,18.260000,17.709999,17.860001,16.875687,844000
2019-05-09,17.670000,18.035999,17.549999,17.799999,16.818993,704600
2019-05-10,17.740000,17.930000,17.230000,17.469999,16.507179,697400
2019-05-13,17.200001,17.350000,16.809999,17.010000,16.072533,371500
2019-05-14,17.219999,17.510000,17.139999,17.230000,16.280409,368600
2019-05-15,17.040001,17.750000,17.010000,17.670000,16.696159,261600
2019-05-16,17.670000,18.230000,17.670000,18.129999,17.130806,361700
2019-05-17,17.900000,18.139999,17.139999,17.190001,16.242611,617900
2019-05-20,17.110001,17.238001,16.889999,16.930000,15.996942,373000
2019-05-21,17.010000,17.270000,16.879999,16.969999,16.034737,317600
2019-05-22,16.780001,16.860001,15.640000,15.920000,15.042604,486700
2019-05-23,15.600000,15.600000,15.080000,15.350000,14.504020,941400
2019-05-24,15.540000,15.620000,14.650000,14.820000,14.003228,1124800
2019-05-28,14.790000,14.950000,14.580000,14.750000,13.937087,855700
2019-05-29,14.410000,14.860000,14.110000,14.680000,13.870944,479600
2019-05-30,14.670000,14.840000,14.220000,14.290000,13.502439,367200
2019-05-31,14.000000,14.360000,13.860000,14.230000,13.445745,760600
2019-06-03,14.210000,14.580000,14.190000,14.440000,13.644171,825100
2019-06-04,14.470000,14.800000,14.430000,14.580000,13.776457,243700
2019-06-05,14.750000,14.855000,14.170000,14.530000,13.729211,384600
2019-06-06,14.480000,14.750000,14.385000,14.640000,13.833150,530000
2019-06-07,14.710000,15.540000,14.550000,15.330000,14.485122,699300
2019-06-10,15.440000,15.910000,15.420000,15.700000,14.834729,425700
2019-06-11,15.920000,16.225000,15.570000,15.620000,14.759139,402300
2019-06-12,15.510000,15.510000,14.860000,15.070000,14.239451,326900
2019-06-13,15.260000,15.400000,14.856000,15.150000,14.410667,475900
2019-06-14,15.100000,15.160000,14.920000,15.000000,14.267987,324100
2019-06-17,14.980000,15.480000,14.795000,15.450000,14.696027,372200
2019-06-18,15.510000,15.960000,15.490000,15.620000,14.857732,413700
2019-06-19,15.540000,15.750000,15.350000,15.380000,14.629443,309000
2019-06-20,15.720000,15.875000,15.390000,15.810000,15.038459,948700
2019-06-21,15.810000,16.010000,15.120000,15.550000,14.791148,615000
2019-06-24,15.500000,15.990000,14.840000,14.880000,14.153844,579600
2019-06-25,14.850000,15.370000,14.650000,15.120000,14.382132,493700
2019-06-26,15.250000,15.770000,15.200000,15.420000,14.667491,427100
2019-06-27,15.420000,15.490000,14.930000,14.990000,14.258475,450900
2019-06-28,15.080000,15.280000,14.900000,14.980000,14.248964,1101900
2019-07-01,15.250000,15.450000,14.790000,14.820000,14.096771,432500
2019-07-02,14.740000,14.740000,14.110000,14.140000,13.449957,788500
2019-07-03,14.260000,14.260000,13.740000,13.810000,13.136060,364100
2019-07-05,13.660000,13.970000,13.540000,13.780000,13.107525,556100
2019-07-08,13.690000,13.970000,13.500000,13.750000,13.078988,305500
2019-07-09,13.750000,13.860000,13.510000,13.770000,13.098014,325300
2019-07-10,13.810000,14.240000,13.630000,14.070000,13.383372,497100
2019-07-11,14.080000,14.350000,13.930000,14.050000,13.364348,317200
2019-07-12,14.040000,14.550000,14.000000,14.330000,13.630684,521400
2019-07-15,14.370000,14.500000,13.560000,13.620000,12.955333,536200
2019-07-16,13.510000,13.890000,13.340000,13.420000,12.765092,454900
2019-07-17,13.350000,13.420000,12.900000,12.920000,12.289493,655800
2019-07-18,12.910000,13.270000,12.590000,13.120000,12.479733,639900
2019-07-19,13.100000,13.230000,12.880000,13.090000,12.451199,444200
2019-07-22,13.190000,13.750000,13.190000,13.660000,12.993381,447400
2019-07-23,13.660000,13.880000,13.400000,13.500000,12.841189,406300
2019-07-24,13.470000,13.870000,13.470000,13.770000,13.098014,375200
2019-07-25,13.790000,13.870000,13.260000,13.360000,12.708020,378800
2019-07-26,13.510000,13.520000,13.240000,13.500000,12.841189,360000
2019-07-29,13.490000,13.630000,12.825000,13.010000,12.375101,469100
2019-07-30,13.050000,14.040000,12.970000,14.010000,13.326301,541800
2019-07-31,13.510000,14.890000,13.250000,14.310000,13.611660,1305900
2019-08-01,14.010000,14.010000,13.035000,13.330000,12.679485,564500
2019-08-02,13.280000,13.720000,13.160000,13.660000,12.993381,480000
2019-08-05,13.100000,13.400000,13.000000,13.290000,12.641437,366600
2019-08-06,13.420000,13.490000,13.020000,13.440000,12.784117,497700
2019-08-07,13.240000,13.610000,12.960000,13.490000,12.831676,301300
2019-08-08,13.660000,13.820000,13.440000,13.810000,13.136060,307900
2019-08-09,13.850000,14.000000,13.480000,13.860000,13.183619,388000
2019-08-12,13.760000,14.015000,13.630000,13.940000,13.259717,211600
2019-08-13,13.920000,14.380000,13.890000,13.910000,13.231180,384400
2019-08-14,13.550000,13.620000,13.130000,13.190000,12.546317,410600
2019-08-15,13.110000,13.350000,12.925000,13.140000,12.498758,394000
2019-08-16,13.200000,13.910000,13.130000,13.850000,13.174109,697500
2019-08-19,14.000000,14.080000,13.750000,13.910000,13.231180,433200
2019-08-20,13.860000,13.930000,13.640000,13.820000,13.145572,337900
2019-08-21,14.070000,14.070000,13.715000,13.810000,13.136060,316000
2019-08-22,13.900000,14.010000,13.700000,13.750000,13.078988,244700
2019-08-23,13.530000,13.870000,13.170000,13.330000,12.679485,355800
2019-08-26,13.510000,13.645000,13.230000,13.310000,12.660461,453000
2019-08-27,13.420000,13.500000,12.790000,12.840000,12.213398,338600
2019-08-28,12.910000,13.750000,12.900000,13.640000,12.974357,320100
2019-08-29,13.710000,14.240000,13.710000,14.190000,13.497517,618600
2019-08-30,14.290000,14.550000,13.730000,13.750000,13.078988,320500
2019-09-03,13.460000,13.580000,13.230000,13.280000,12.631925,386100
2019-09-04,13.570000,13.700000,13.200000,13.680000,13.012405,495000
2019-09-05,13.850000,14.030000,13.450000,13.480000,12.822165,583800
2019-09-06,13.450000,13.610000,13.200000,13.470000,12.812653,291700
2019-09-09,13.630000,13.760000,13.395000,13.700000,13.031428,303200
2019-09-10,13.750000,14.450000,13.620000,13.900000,13.221668,704600
2019-09-11,14.040000,14.220000,13.780000,13.920000,13.240692,365900
2019-09-12,13.750000,13.870000,13.290000,13.650000,12.983868,401700
2019-09-13,13.760000,14.015000,13.450000,13.890000,13.212157,379900
2019-09-16,14.390000,15.180000,14.370000,14.780000,14.058723,750800
2019-09-17,14.800000,14.800000,13.580000,13.650000,12.983868,413100
2019-09-18,13.410000,13.560000,12.800000,13.130000,12.581417,597200
2019-09-19,13.300000,13.440000,13.090000,13.180000,12.629328,388200
2019-09-20,13.150000,13.710000,13.150000,13.600000,13.031780,420900
2019-09-23,13.450000,14.090000,13.450000,14.070000,13.482142,260100
2019-09-24,14.020000,14.020000,13.510000,13.580000,13.012615,506100
2019-09-25,13.480000,13.720000,13.400000,13.690000,13.118019,167800
2019-09-26,13.580000,13.690000,13.360000,13.550000,12.983870,189700
2019-09-27,13.450000,13.730000,13.380000,13.520000,12.955123,302400
2019-09-30,13.560000,13.600000,13.365000,13.420000,12.859300,292300
2019-10-01,13.600000,13.630000,13.180000,13.250000,12.696403,413600
2019-10-02,13.200000,13.270000,12.740000,12.820000,12.284369,557200
2019-10-03,12.780000,12.820000,12.310000,12.500000,11.977738,341100
2019-10-04,12.510000,12.660000,11.970000,12.050000,11.546541,608700
2019-10-07,11.990000,12.535000,11.930000,12.310000,11.795678,590200
2019-10-08,12.130000,12.260000,11.950000,12.090000,11.584869,315400
2019-10-09,12.120000,12.210000,11.710000,11.810000,11.316568,769600
2019-10-10,11.800000,11.995000,11.710000,11.850000,11.354897,461300
2019-10-11,11.980000,12.230000,11.930000,12.080000,11.575287,398600
2019-10-14,11.880000,11.950000,11.590000,11.830000,11.335732,214300
2019-10-15,11.790000,11.930000,11.600000,11.630000,11.144089,276000
2019-10-16,11.590000,11.645000,11.090000,11.200000,10.732055,597100
2019-10-17,11.200000,11.350000,11.065000,11.270000,10.799130,580800
2019-10-18,11.260000,11.450000,11.000000,11.010000,10.549993,421300
2019-10-21,11.060000,11.425000,11.060000,11.240000,10.770383,251400
2019-10-22,11.240000,11.450000,11.160000,11.280000,10.808711,278000
2019-10-23,11.210000,11.520000,11.170000,11.380000,10.904534,211200
2019-10-24,11.430000,11.470000,11.280000,11.420000,10.942863,213200
2019-10-25,11.410000,11.895000,11.300000,11.790000,11.297403,375300
2019-10-28,11.880000,11.980000,11.680000,11.720000,11.230329,240700
2019-10-29,11.550000,11.760000,11.440000,11.450000,10.971609,417000
2019-10-30,11.430000,11.510000,10.850000,10.900000,10.444588,644200
2019-10-31,10.830000,11.270000,10.310000,10.640000,10.195451,1230300
2019-11-01,10.640000,11.230000,10.240000,11.050000,10.588322,1079000
2019-11-04,11.260000,11.750000,11.100000,11.610000,11.124924,689300
2019-11-05,11.840000,12.071000,11.350000,11.680000,11.191999,731600
2019-11-06,11.680000,11.760000,11.410000,11.410000,10.933280,537900
2019-11-07,11.630000,11.930000,11.530000,11.610000,11.124924,710600
2019-11-08,11.500000,11.640000,11.320000,11.540000,11.057849,247900
2019-11-11,11.310000,11.580000,11.310000,11.580000,11.096177,235600
2019-11-12,11.580000,11.710000,11.430000,11.700000,11.211164,424900
2019-11-13,11.570000,11.640000,11.200000,11.230000,10.760800,305800
2019-11-14,11.220000,11.370000,11.150000,11.190000,10.722471,364900
2019-11-15,11.280000,11.370000,11.120000,11.150000,10.684143,425200
2019-11-18,11.050000,11.050000,10.750000,10.970000,10.511664,388700
2019-11-19,10.910000,10.920000,10.580000,10.710000,10.262526,218200
2019-11-20,10.700000,11.046000,10.335000,10.770000,10.320020,795000
2019-11-21,10.810000,10.970000,10.560000,10.650000,10.205032,410600
2019-11-22,10.680000,10.750000,10.530000,10.640000,10.195451,284400
2019-11-25,10.610000,11.000000,10.540000,10.920000,10.463754,591600
2019-11-26,10.900000,11.160000,10.820000,10.940000,10.482917,353500
2019-11-27,10.960000,11.230000,10.960000,11.170000,10.703308,265800
2019-11-29,11.000000,11.000000,10.594000,10.730000,10.281691,160800
2019-12-02,10.800000,10.920000,10.690000,10.760000,10.310437,239900
2019-12-03,10.660000,10.660000,10.470000,10.510000,10.070883,496100
2019-12-04,10.930000,11.710000,10.730000,11.570000,11.086595,661700
2019-12-05,11.690000,11.880000,11.545000,11.740000,11.249493,424500
2019-12-06,11.780000,12.220000,11.730000,12.070000,11.565704,961900
2019-12-09,11.960000,12.090000,11.910000,11.940000,11.441136,251700
2019-12-10,12.460000,12.550000,12.120000,12.420000,11.901081,401700
2019-12-11,12.400000,12.640000,12.280000,12.540000,12.016068,334900
2019-12-12,12.640000,13.180000,12.560000,13.130000,12.581417,629700
2019-12-13,13.030000,13.190000,12.890000,13.150000,12.702160,638100
2019-12-16,13.320000,13.690000,13.320000,13.410000,12.953305,385300
2019-12-17,13.460000,14.000000,13.450000,13.980000,13.503893,665500
2019-12-18,13.990000,14.230000,13.900000,14.190000,13.706741,740400
2019-12-19,14.190000,14.625000,14.060000,14.470000,13.977206,415000
2019-12-20,14.550000,14.750000,14.160000,14.250000,13.764698,823500
2019-12-23,14.330000,14.650000,14.190000,14.600000,14.102778,252200
2019-12-24,14.580000,14.730000,14.490000,14.590000,14.093120,150800
2019-12-26,14.560000,14.740000,14.500000,14.590000,14.093120,200200
2019-12-27,14.650000,14.660000,14.270000,14.280000,13.793675,249000
2019-12-30,14.340000,14.660000,14.340000,14.450000,13.957887,279000
2019-12-31,14.440000,14.475000,13.990000,14.000000,13.523212,601000
2020-01-02,14.280000,14.340000,13.895000,14.000000,13.523212,382000
2020-01-03,14.210000,14.430000,13.850000,14.010000,13.532872,269600
2020-01-06,14.010000,14.610000,13.960000,14.450000,13.957887,560700
2020-01-07,14.370000,14.600000,14.120000,14.390000,13.899930,427500
2020-01-08,14.310000,14.580000,14.080000,14.100000,13.619806,386600
2020-01-09,14.210000,14.210000,13.900000,13.970000,13.494234,217800
2020-01-10,13.880000,13.930000,13.590000,13.620000,13.156154,298200
2020-01-13,13.620000,13.670000,13.320000,13.380000,12.924328,284000
2020-01-14,13.340000,13.640000,13.220000,13.410000,12.953305,433100
2020-01-15,13.360000,13.360000,13.070000,13.170000,12.721478,364400
2020-01-16,13.270000,13.890000,13.270000,13.550000,13.088538,251700
2020-01-17,13.680000,13.680000,13.385000,13.420000,12.962964,268600
2020-01-21,13.240000,13.405000,13.080000,13.100000,12.653863,338800
2020-01-22,13.020000,13.060000,12.770000,12.950000,12.508971,342200
2020-01-23,12.750000,12.820000,12.490000,12.620000,12.190209,282900
2020-01-24,12.570000,12.650000,12.420000,12.500000,12.074296,259100
2020-01-27,12.150000,12.310000,12.060000,12.070000,11.658940,506700
2020-01-28,12.210000,12.300000,12.130000,12.200000,11.784513,412700
2020-01-29,12.220000,12.430000,11.930000,11.960000,11.552687,409400
2020-01-30,11.730000,12.060000,11.690000,11.790000,11.388476,552800
2020-01-31,11.710000,11.960000,11.500000,11.530000,11.137330,484900
2020-02-03,11.570000,11.900000,11.505000,11.830000,11.427114,830300
2020-02-04,12.120000,12.200000,11.770000,11.800000,11.398136,353200
2020-02-05,12.000000,12.000000,11.750000,12.000000,11.591325,544000
2020-02-06,12.040000,12.160000,11.800000,11.940000,11.533368,390700
2020-02-07,11.810000,12.000000,11.730000,11.920000,11.514049,331500
2020-02-10,11.780000,12.100000,11.710000,11.750000,11.349838,444800
2020-02-11,11.860000,12.010000,11.790000,11.820000,11.417455,267600
2020-02-12,12.030000,12.120000,11.780000,11.950000,11.543028,479200
2020-02-13,11.860000,12.370000,11.850000,12.090000,11.678260,359500
2020-02-14,12.140000,12.340000,12.060000,12.330000,11.910086,373200
2020-02-18,12.340000,12.520000,12.215000,12.490000,12.064637,473700
2020-02-19,12.830000,14.230000,12.600000,13.480000,13.020922,1053100
2020-02-20,13.300000,13.820000,13.080000,13.110000,12.663522,692500
2020-02-21,13.000000,13.250000,12.840000,13.110000,12.663522,349300
2020-02-24,12.610000,12.740000,12.430000,12.600000,12.170891,370500
2020-02-25,12.630000,12.630000,11.800000,11.840000,11.436774,505400
2020-02-26,11.840000,12.070000,11.600000,11.630000,11.233926,632600
2020-02-27,11.300000,11.365000,10.500000,10.550000,10.190706,848200
2020-02-28,10.220000,10.710000,10.200000,10.600000,10.239004,750900
2020-03-02,10.730000,10.800000,10.320000,10.760000,10.393555,480900
2020-03-03,10.690000,10.960000,10.130000,10.390000,10.036156,790100
2020-03-04,10.520000,10.785000,10.250000,10.610000,10.248662,490900
2020-03-05,10.290000,10.790000,10.150000,10.250000,9.900923,492400
2020-03-06,9.890000,10.070000,9.540000,9.750000,9.417951,565400
2020-03-09,8.390000,8.390000,6.500000,7.410000,7.157643,905400
2020-03-10,7.800000,7.864000,6.790000,7.130000,6.887179,1365800
2020-03-11,6.660000,6.950000,6.060000,6.130000,5.921235,1276500
2020-03-12,5.710000,5.765000,5.000000,5.110000,4.935973,817800
2020-03-13,5.510000,5.557000,4.880000,5.470000,5.283712,676100
2020-03-16,4.940000,5.360000,4.800000,5.130000,5.052273,644500
2020-03-17,5.200000,5.835000,4.850000,5.680000,5.593939,619000
2020-03-18,5.310000,5.590000,5.100000,5.140000,5.062121,672500
2020-03-19,5.250000,5.590000,4.990000,5.000000,4.924242,628600
2020-03-20,5.060000,5.160000,4.660000,4.830000,4.756818,754100
2020-03-23,4.800000,5.050000,4.500000,4.550000,4.481061,389800
2020-03-24,4.780000,5.460000,4.660000,5.400000,5.318182,660200
2020-03-25,5.400000,5.680000,4.880000,5.350000,5.268939,318600
2020-03-26,5.520000,5.740000,5.080000,5.610000,5.525000,605400
2020-03-27,5.210000,5.770000,5.120000,5.480000,5.396970,429800
2020-03-30,5.440000,5.640000,5.140000,5.250000,5.170455,587100
2020-03-31,5.370000,5.580000,5.090000,5.250000,5.170455,672500
2020-04-01,5.060000,5.240000,4.810000,4.920000,4.845455,758900
2020-04-02,5.070000,5.600000,5.040000,5.370000,5.288636,628800
2020-04-03,5.500000,5.540000,5.085000,5.320000,5.239394,952700
2020-04-06,5.540000,5.540000,5.010000,5.170000,5.091667,748600
2020-04-07,5.410000,5.610000,5.135000,5.290000,5.209848,749600
2020-04-08,5.370000,5.670000,5.240000,5.670000,5.584091,669900
2020-04-09,5.750000,6.300000,5.610000,5.910000,5.820455,1226400
2020-04-13,6.300000,6.378000,5.780000,6.170000,6.076515,375500
2020-04-14,6.210000,6.330000,5.850000,6.060000,5.968182,287800
2020-04-15,5.470000,5.670000,5.170000,5.470000,5.387121,390700
2020-04-16,5.410000,5.477000,5.190000,5.390000,5.308333,295800
2020-04-17,5.490000,5.740000,5.315000,5.500000,5.416667,872900
2020-04-20,5.310000,5.940000,5.210000,5.400000,5.318182,849600
2020-04-21,5.330000,5.640000,5.110000,5.540000,5.456061,400200
2020-04-22,5.750000,5.890000,5.430000,5.560000,5.475758,548900
2020-04-23,5.850000,6.180000,5.670000,6.060000,5.968182,735400
2020-04-24,6.200000,6.330000,5.760000,6.000000,5.909091,300900
2020-04-27,6.010000,6.210000,5.720000,6.100000,6.007576,402000
2020-04-28,6.290000,6.520000,6.130000,6.480000,6.381818,314600
2020-04-29,6.840000,7.340000,6.830000,7.180000,7.071212,509300
2020-04-30,7.250000,7.250000,6.610000,6.840000,6.736364,514200
2020-05-01,7.200000,7.610000,6.320000,6.490000,6.391666,849600
2020-05-04,6.470000,6.570000,6.130000,6.550000,6.450758,429000
2020-05-05,6.850000,6.950000,6.340000,6.440000,6.342424,507400
2020-05-06,6.490000,6.640000,6.042000,6.120000,6.027273,845800
2020-05-07,6.240000,6.580000,6.160000,6.340000,6.243939,308100
2020-05-08,6.450000,7.000000,6.400000,6.970000,6.864394,384100
2020-05-11,6.770000,6.850000,6.400000,6.520000,6.421212,429400
2020-05-12,6.550000,6.650000,6.260000,6.430000,6.332576,586300
2020-05-13,6.290000,6.320000,5.060000,5.320000,5.239394,798700
2020-05-14,5.410000,5.765000,5.140000,5.480000,5.396970,335400
2020-05-15,5.420000,5.655000,5.350000,5.630000,5.544697,428500
2020-05-18,5.790000,6.390000,5.790000,6.350000,6.253788,486200
2020-05-19,6.260000,6.270000,5.840000,5.860000,5.771212,378600
2020-05-20,6.030000,6.500000,6.030000,6.360000,6.263637,520300
2020-05-21,6.320000,6.500000,6.280000,6.400000,6.303030,312400
2020-05-22,6.450000,6.450000,6.070000,6.210000,6.115909,196900
2020-05-26,6.530000,6.870000,6.400000,6.760000,6.657576,506900
2020-05-27,6.950000,7.060000,6.590000,6.810000,6.706818,541400
2020-05-28,6.830000,7.090000,6.610000,6.850000,6.746212,548200
2020-05-29,6.800000,6.950000,6.450000,6.930000,6.825000,1149300
2020-06-01,6.750000,6.910000,6.570000,6.770000,6.770000,379800
2020-06-02,6.880000,7.160000,6.810000,7.080000,7.080000,178000
2020-06-03,7.200000,7.500000,7.200000,7.390000,7.390000,312400
2020-06-04,7.230000,7.690000,7.140000,7.690000,7.690000,267400
2020-06-05,8.100000,8.490000,8.080000,8.170000,8.170000,348100
2020-06-08,8.650000,9.100000,8.575000,9.060000,9.060000,605300
2020-06-09,8.740000,8.790000,8.250000,8.390000,8.390000,377600
2020-06-10,8.390000,8.390000,7.750000,7.950000,7.950000,378400
2020-06-11,7.420000,7.660000,7.020000,7.060000,7.060000,408500
2020-06-12,7.510000,7.620000,7.070000,7.360000,7.360000,362600
2020-06-15,6.960000,7.370000,6.810000,7.150000,7.150000,428100
2020-06-16,7.550000,7.720000,7.280000,7.470000,7.470000,651400
2020-06-17,7.560000,7.560000,7.010000,7.180000,7.180000,378500
2020-06-18,7.040000,7.370000,6.943000,7.330000,7.330000,595200
2020-06-19,7.570000,7.596000,7.100000,7.510000,7.510000,986200
2020-06-22,7.410000,7.490000,7.110000,7.390000,7.390000,381300
2020-06-23,7.500000,7.630000,7.350000,7.460000,7.460000,495600
2020-06-24,7.300000,7.300000,6.750000,6.850000,6.850000,374300
2020-06-25,6.760000,7.080000,6.760000,7.040000,7.040000,260000
2020-06-26,6.930000,7.120000,6.610000,7.120000,7.120000,1252200
2020-06-29,7.120000,7.430000,7.060000,7.220000,7.220000,442900
2020-06-30,7.200000,7.500000,7.090000,7.420000,7.420000,411800
2020-07-01,7.450000,7.540000,7.030000,7.190000,7.190000,214300
2020-07-02,7.350000,7.470000,7.080000,7.120000,7.120000,258600
2020-07-06,7.360000,7.370000,6.980000,7.240000,7.240000,248900
2020-07-07,7.210000,7.980000,7.000000,7.450000,7.450000,2141200
2020-07-08,7.480000,7.640000,7.089000,7.260000,7.260000,531900
2020-07-09,7.230000,7.230000,6.680000,6.790000,6.790000,818600
2020-07-10,6.700000,7.020000,6.500000,6.900000,6.900000,323400
2020-07-13,6.990000,7.060000,6.800000,6.840000,6.840000,412300
2020-07-14,6.800000,7.240000,6.780000,7.160000,7.160000,466300
2020-07-15,7.390000,7.476000,7.190000,7.370000,7.370000,326200
2020-07-16,7.340000,7.410000,7.140000,7.240000,7.240000,295900
2020-07-17,7.280000,7.375000,7.130000,7.180000,7.180000,140900
2020-07-20,7.060000,7.200000,6.930000,6.990000,6.990000,287000
2020-07-21,7.130000,7.660000,7.115000,7.620000,7.620000,517800
2020-07-22,7.520000,7.750000,7.330000,7.670000,7.670000,447200
2020-07-23,7.650000,8.000000,7.610000,7.990000,7.990000,313100
2020-07-24,7.990000,8.140000,7.770000,7.890000,7.890000,202400
2020-07-27,7.920000,8.050000,7.770000,7.840000,7.840000,197000
2020-07-28,7.800000,7.860000,7.550000,7.580000,7.580000,163800
2020-07-29,7.600000,7.790000,7.440000,7.770000,7.770000,190700
2020-07-30,7.540000,7.790000,7.330000,7.630000,7.630000,244900
2020-07-31,7.210000,7.440000,6.850000,7.260000,7.260000,410600
2020-08-03,7.260000,7.460000,7.200000,7.390000,7.390000,190400
2020-08-04,7.370000,7.430000,7.260000,7.300000,7.300000,186000
2020-08-05,7.410000,7.750000,7.400000,7.740000,7.740000,342900
2020-08-06,7.800000,7.820000,7.570000,7.610000,7.610000,157400
2020-08-07,7.590000,7.845000,7.465000,7.830000,7.830000,393800
2020-08-10,7.870000,8.140000,7.850000,8.110000,8.110000,309800
2020-08-11,8.250000,8.430000,8.020000,8.100000,8.100000,293300
2020-08-12,8.270000,8.270000,8.010000,8.200000,8.200000,290600