Date,Open,High,Low,Close,Adj Close,Volume
2018-06-28,11.500000,12.340000,11.450000,11.520000,11.520000,3053400
2018-06-29,11.600000,12.680000,11.501000,12.650000,12.650000,284100
2018-07-02,12.500000,13.264000,12.500000,13.000000,13.000000,235400
2018-07-03,13.470000,13.470000,12.920000,12.920000,12.920000,123500
2018-07-05,13.490000,13.490000,13.000000,13.170000,13.170000,82200
2018-07-06,13.340000,13.600000,13.011000,13.250000,13.250000,39400
2018-07-09,13.530000,13.660000,13.190000,13.300000,13.300000,185600
2018-07-10,13.600000,13.797000,13.000000,13.010000,13.010000,91900
2018-07-11,13.050000,13.200000,13.000000,13.000000,13.000000,59200
2018-07-12,13.000000,13.294000,13.000000,13.000000,13.000000,70300
2018-07-13,13.160000,13.800000,12.750000,12.850000,12.850000,25300
2018-07-16,13.080000,13.220000,13.000000,13.000000,13.000000,65300
2018-07-17,13.100000,13.100000,13.000000,13.010000,13.010000,20200
2018-07-18,13.020000,15.410000,12.910000,14.100000,14.100000,219400
2018-07-19,14.140000,14.980000,14.000000,14.680000,14.680000,103400
2018-07-20,14.770000,16.600000,13.500000,15.940000,15.940000,95600
2018-07-23,15.740000,16.100000,15.121000,15.900000,15.900000,43800
2018-07-24,16.000000,16.018999,14.880000,15.360000,15.360000,43100
2018-07-25,15.460000,15.570000,15.110000,15.570000,15.570000,18300
2018-07-26,15.510000,16.000000,13.560000,14.380000,14.380000,82700
2018-07-27,14.370000,15.115000,13.923000,14.400000,14.400000,80900
2018-07-30,14.500000,15.219000,12.000000,12.210000,12.210000,105200
2018-07-31,12.200000,12.680000,10.610000,11.010000,11.010000,134400
2018-08-01,11.000000,12.500000,10.740000,11.470000,11.470000,131100
2018-08-02,11.470000,11.520000,10.950000,11.050000,11.050000,52700
2018-08-03,11.470000,11.470000,10.650000,11.010000,11.010000,32700
2018-08-06,11.020000,11.155000,9.210000,9.670000,9.670000,80800
2018-08-07,9.740000,10.500000,9.740000,10.430000,10.430000,45600
2018-08-08,10.430000,10.620000,10.025000,10.500000,10.500000,107400
2018-08-09,10.460000,10.460000,9.750000,10.210000,10.210000,13700
2018-08-10,10.460000,10.460000,9.670000,10.450000,10.450000,11900
2018-08-13,10.380000,10.520000,10.020000,10.250000,10.250000,6000
2018-08-14,10.310000,12.230000,10.250000,10.550000,10.550000,61100
2018-08-15,10.760000,12.170000,10.625000,11.730000,11.730000,40700
2018-08-16,11.720000,12.249000,10.500000,10.600000,10.600000,88500
2018-08-17,10.500000,10.970000,10.110000,10.480000,10.480000,22400
2018-08-20,10.490000,10.750000,10.366000,10.500000,10.500000,29200
2018-08-21,10.570000,10.570000,10.324000,10.490000,10.490000,27700
2018-08-22,10.500000,10.660000,10.350000,10.650000,10.650000,110800
2018-08-23,10.650000,11.015000,10.550000,10.800000,10.800000,43900
2018-08-24,10.710000,11.664000,10.710000,10.860000,10.860000,59200
2018-08-27,10.970000,10.999000,10.550000,10.740000,10.740000,16800
2018-08-28,10.730000,10.830000,9.800000,10.700000,10.700000,48600
2018-08-29,10.612000,11.340000,10.500000,10.900000,10.900000,20000
2018-08-30,10.910000,11.880000,9.915000,10.820000,10.820000,19000
2018-08-31,10.780000,10.930000,10.500000,10.610000,10.610000,14700
2018-09-04,10.510000,11.510000,10.000000,10.340000,10.340000,128100
2018-09-05,10.310000,11.250000,10.250000,11.050000,11.050000,102900
2018-09-06,11.050000,11.540000,10.803000,11.090000,11.090000,127100
2018-09-07,11.030000,11.750000,11.030000,11.570000,11.570000,45700
2018-09-10,11.670000,11.750000,11.265000,11.540000,11.540000,73100
2018-09-11,11.520000,11.650000,11.250000,11.330000,11.330000,154900
2018-09-12,11.400000,11.410000,10.815000,11.210000,11.210000,158600
2018-09-13,11.240000,11.350000,10.810000,10.900000,10.900000,70000
2018-09-14,10.910000,11.465000,10.340000,10.660000,10.660000,78400
2018-09-17,10.650000,11.923000,10.281000,10.530000,10.530000,90200
2018-09-18,10.540000,11.005000,10.260000,10.350000,10.350000,82800
2018-09-19,10.330000,11.000000,10.330000,10.340000,10.340000,113300
2018-09-20,10.380000,11.045000,10.310000,10.360000,10.360000,144300
2018-09-21,10.380000,10.805000,9.980000,9.990000,9.990000,1142300
2018-09-24,10.100000,10.250000,9.800000,9.930000,9.930000,123200
2018-09-25,9.970000,10.350000,9.900000,9.930000,9.930000,102600
2018-09-26,10.030000,10.155000,9.770000,9.900000,9.900000,70900
2018-09-27,9.900000,10.030000,9.800000,9.950000,9.950000,102600
2018-09-28,9.850000,10.150000,9.850000,10.000000,10.000000,114900
2018-10-01,10.010000,10.100000,9.800000,9.950000,9.950000,106100
2018-10-02,9.960000,10.055000,9.810000,9.910000,9.910000,149600
2018-10-03,9.960000,9.970000,9.790000,9.860000,9.860000,37800
2018-10-04,9.870000,10.071000,9.060000,9.160000,9.160000,49000
2018-10-05,9.200000,9.205000,8.638000,8.760000,8.760000,45100
2018-10-08,8.770000,10.140000,8.510000,8.840000,8.840000,39000
2018-10-09,8.870000,8.870000,8.530000,8.560000,8.560000,32000
2018-10-10,8.570000,8.632000,8.000000,8.000000,8.000000,41400
2018-10-11,8.140000,8.380000,7.540000,7.700000,7.700000,82000
2018-10-12,7.810000,8.868000,7.210000,7.460000,7.460000,40900
2018-10-15,7.470000,7.670000,6.910000,7.150000,7.150000,88300
2018-10-16,7.180000,7.850000,7.020000,7.130000,7.130000,45600
2018-10-17,7.090000,7.408000,6.580000,6.880000,6.880000,34500
2018-10-18,7.000000,7.810000,6.830000,6.960000,6.960000,167500
2018-10-19,6.970000,6.970000,5.725000,5.820000,5.820000,71000
2018-10-22,5.790000,6.030000,5.690000,5.740000,5.740000,73000
2018-10-23,5.710000,5.840000,5.000000,5.460000,5.460000,82000
2018-10-24,5.420000,5.695000,5.150000,5.160000,5.160000,39900
2018-10-25,5.210000,6.050000,5.180000,5.680000,5.680000,110900
2018-10-26,5.590000,6.020000,5.310000,5.540000,5.540000,82700
2018-10-29,5.630000,6.890000,5.250000,5.390000,5.390000,48200
2018-10-30,5.400000,5.850000,5.250000,5.490000,5.490000,42000
2018-10-31,5.500000,5.830000,5.290000,5.630000,5.630000,76800
2018-11-01,5.650000,6.290000,5.380000,5.850000,5.850000,107800
2018-11-02,5.910000,6.360000,5.680000,5.930000,5.930000,38300
2018-11-05,5.930000,6.760000,5.590000,6.530000,6.530000,50700
2018-11-06,6.580000,6.790000,5.980000,6.590000,6.590000,25300
2018-11-07,6.710000,6.880000,6.510000,6.750000,6.750000,56800
2018-11-08,6.750000,6.890000,6.540000,6.790000,6.790000,44200
2018-11-09,6.460000,6.940000,6.450000,6.500000,6.500000,56200
2018-11-12,6.470000,6.555000,5.740000,5.990000,5.990000,22600
2018-11-13,6.060000,6.500000,5.927000,6.290000,6.290000,20500
2018-11-14,6.410000,6.410000,5.520000,5.910000,5.910000,33200
2018-11-15,5.890000,7.672000,5.890000,7.330000,7.330000,88300
2018-11-16,7.140000,7.570000,6.640000,6.800000,6.800000,34100
2018-11-19,6.600000,7.300000,6.600000,6.840000,6.840000,37200
2018-11-20,6.830000,7.020000,6.600000,6.990000,6.990000,23800
2018-11-21,7.000000,7.240000,6.600000,6.990000,6.990000,26700
2018-11-23,6.880000,6.980000,6.637000,6.980000,6.980000,3300
2018-11-26,7.070000,7.390000,6.633000,6.790000,6.790000,17800
2018-11-27,6.760000,6.880000,6.630000,6.630000,6.630000,14700
2018-11-28,6.640000,7.390000,6.450000,7.350000,7.350000,117800
2018-11-29,7.320000,8.088000,7.130000,7.590000,7.590000,239500
2018-11-30,7.500000,8.080000,6.870000,7.230000,7.230000,279300
2018-12-03,7.280000,8.000000,7.097000,7.750000,7.750000,132200
2018-12-04,7.910000,8.862000,7.910000,8.210000,8.210000,88100
2018-12-06,8.170000,8.550000,7.680000,8.450000,8.450000,52000
2018-12-07,8.460000,9.200000,8.205000,8.530000,8.530000,158400
2018-12-10,8.630000,8.630000,8.010000,8.510000,8.510000,48700
2018-12-11,8.720000,9.340000,8.460000,9.060000,9.060000,83500
2018-12-12,9.190000,10.330000,8.990000,9.000000,9.000000,80700
2018-12-13,9.000000,9.010000,8.485000,8.730000,8.730000,68000
2018-12-14,8.630000,9.220000,7.950000,8.190000,8.190000,75200
2018-12-17,8.200000,8.750000,7.960000,8.350000,8.350000,86700
2018-12-18,8.430000,8.750000,7.240000,8.150000,8.150000,114400
2018-12-19,8.200000,8.570000,7.460000,7.890000,7.890000,142700
2018-12-20,7.900000,8.230000,7.180000,7.370000,7.370000,141500
2018-12-21,7.390000,10.010000,7.000000,8.200000,8.200000,976300
2018-12-24,8.050000,8.640000,7.900000,8.050000,8.050000,72400
2018-12-26,8.110000,8.380000,7.760000,8.060000,8.060000,98800
2018-12-27,8.020000,8.210000,7.130000,7.370000,7.370000,223100
2018-12-28,7.320000,7.625000,7.150000,7.280000,7.280000,113700
2018-12-31,7.290000,8.000000,7.290000,7.500000,7.500000,102300
2019-01-02,7.400000,7.850000,7.000000,7.490000,7.490000,83300
2019-01-03,7.480000,7.540000,6.690000,6.780000,6.780000,147500
2019-01-04,6.910000,8.460000,6.510000,8.380000,8.380000,330900
2019-01-07,8.410000,8.704000,6.900000,7.320000,7.320000,367300
2019-01-08,7.330000,7.509000,6.870000,6.900000,6.900000,72500
2019-01-09,6.950000,7.050000,6.540000,6.790000,6.790000,40300
2019-01-10,6.790000,6.790000,6.000000,6.150000,6.150000,86900
2019-01-11,6.240000,6.280000,5.966000,6.130000,6.130000,41300
2019-01-14,6.090000,6.220000,5.570000,5.800000,5.800000,81800
2019-01-15,5.870000,5.919000,5.600000,5.700000,5.700000,74300
2019-01-16,5.700000,6.052000,5.298000,5.650000,5.650000,124200
2019-01-17,5.670000,6.190000,5.580000,5.750000,5.750000,54700
2019-01-18,5.790000,5.830000,5.400000,5.530000,5.530000,47400
2019-01-22,5.500000,5.500000,4.810000,4.900000,4.900000,85100
2019-01-23,4.960000,5.530000,4.960000,5.280000,5.280000,79900
2019-01-24,5.280000,5.860000,5.070000,5.480000,5.480000,156100
2019-01-25,5.530000,5.830000,5.000000,5.710000,5.710000,65500
2019-01-28,5.710000,5.770000,5.400000,5.610000,5.610000,60500
2019-01-29,5.630000,5.730000,5.450000,5.500000,5.500000,26100
2019-01-30,5.520000,5.730000,5.450000,5.660000,5.660000,35700
2019-01-31,5.650000,5.830000,5.480000,5.680000,5.680000,53300
2019-02-01,5.700000,5.790000,5.600000,5.720000,5.720000,11900
2019-02-04,5.740000,5.990000,5.653000,5.820000,5.820000,36200
2019-02-05,5.940000,6.310000,5.868000,6.100000,6.100000,56700
2019-02-06,6.110000,6.650000,6.110000,6.430000,6.430000,116300
2019-02-07,6.430000,6.780000,6.050000,6.520000,6.520000,64200
2019-02-08,6.350000,6.830000,6.195000,6.770000,6.770000,78800
2019-02-11,6.610000,7.180000,6.563000,6.900000,6.900000,55800
2019-02-12,6.890000,7.650000,6.890000,7.230000,7.230000,318100
2019-02-13,7.220000,7.630000,7.185000,7.380000,7.380000,48000
2019-02-14,7.320000,7.650000,7.220000,7.370000,7.370000,41400
2019-02-15,7.430000,9.500000,7.270000,9.350000,9.350000,145900
2019-02-19,9.500000,9.940000,7.630000,8.310000,8.310000,151400
2019-02-20,8.220000,8.700000,7.480000,8.540000,8.540000,210900
2019-02-21,8.550000,8.690000,7.500000,8.450000,8.450000,36400
2019-02-22,8.470000,9.330000,8.000000,8.700000,8.700000,1263600
2019-02-25,8.800000,9.450000,8.520000,9.010000,9.010000,278800
2019-02-26,9.020000,9.980000,8.920000,9.800000,9.800000,219700
2019-02-27,9.800000,10.165000,9.590000,9.920000,9.920000,163100
2019-02-28,9.930000,10.400000,8.900000,10.200000,10.200000,202600
2019-03-01,10.030000,10.360000,9.875000,10.230000,10.230000,219400
2019-03-04,10.270000,10.270000,9.170000,9.220000,9.220000,200800
2019-03-05,9.150000,9.691000,9.150000,9.410000,9.410000,100400
2019-03-06,9.490000,9.530000,8.840000,9.020000,9.020000,190400
2019-03-07,9.060000,10.000000,9.040000,9.840000,9.840000,121800
2019-03-08,9.800000,9.850000,7.600000,7.950000,7.950000,309700
2019-03-11,7.950000,8.993000,7.625000,7.760000,7.760000,308600
2019-03-12,7.800000,8.060000,7.600000,7.620000,7.620000,159900
2019-03-13,7.650000,8.430000,7.650000,7.880000,7.880000,225500
2019-03-14,7.900000,8.370000,7.520000,7.880000,7.880000,220900
2019-03-15,7.860000,8.750000,7.740000,8.300000,8.300000,2223800
2019-03-18,8.290000,9.765000,8.290000,9.610000,9.610000,221600
2019-03-19,9.820000,10.180000,9.610000,10.030000,10.030000,391600
2019-03-20,10.040000,10.080000,9.420000,9.600000,9.600000,119000
2019-03-21,9.600000,10.000000,9.410000,9.920000,9.920000,137100
2019-03-22,9.930000,9.960000,8.960000,8.960000,8.960000,123000
2019-03-25,9.000000,9.330000,8.680000,9.060000,9.060000,84700
2019-03-26,9.130000,9.660000,9.060000,9.360000,9.360000,102600
2019-03-27,9.350000,9.644000,9.000000,9.320000,9.320000,126000
2019-03-28,9.300000,9.870000,9.149000,9.850000,9.850000,59100
2019-03-29,9.850000,10.250000,9.727000,10.190000,10.190000,167000
2019-04-01,10.230000,13.200000,10.000000,12.770000,12.770000,383800
2019-04-02,12.780000,14.336000,10.819000,11.680000,11.680000,450800
2019-04-03,11.580000,12.620000,10.980000,12.210000,12.210000,203400
2019-04-04,12.210000,12.370000,11.290000,11.810000,11.810000,117000
2019-04-05,11.830000,13.160000,11.600000,12.950000,12.950000,284700
2019-04-08,12.900000,13.832000,12.540000,13.120000,13.120000,191800
2019-04-09,13.110000,13.110000,12.570000,12.710000,12.710000,106300
2019-04-10,12.730000,12.900000,11.870000,12.360000,12.360000,268800
2019-04-11,12.080000,12.350000,11.550000,11.970000,11.970000,124600
2019-04-12,12.080000,12.160000,11.640000,11.900000,11.900000,95200
2019-04-15,11.920000,12.330000,11.000000,11.340000,11.340000,70200
2019-04-16,11.400000,11.770000,10.780000,11.230000,11.230000,129800
2019-04-17,11.280000,11.350000,10.260000,10.340000,10.340000,99400
2019-04-18,10.380000,11.000000,9.590000,9.990000,9.990000,578600
2019-04-22,9.990000,10.310000,9.540000,9.880000,9.880000,73500
2019-04-23,9.840000,9.918000,9.456000,9.750000,9.750000,180900
2019-04-24,9.740000,9.910000,9.130000,9.400000,9.400000,82100
2019-04-25,9.380000,9.380000,8.809000,9.260000,9.260000,519900
2019-04-26,9.260000,10.025000,9.260000,9.940000,9.940000,81700
2019-04-29,9.990000,10.090000,9.630000,9.940000,9.940000,154100
2019-04-30,9.850000,9.910000,9.417000,9.700000,9.700000,62800
2019-05-01,9.660000,9.800000,9.076000,9.370000,9.370000,114900
2019-05-02,9.320000,9.882000,9.080000,9.350000,9.350000,130700
2019-05-03,9.410000,9.900000,8.910000,9.360000,9.360000,117200
2019-05-06,9.120000,9.427000,9.088000,9.310000,9.310000,55000
2019-05-07,9.280000,9.360000,8.970000,9.130000,9.130000,134800
2019-05-08,9.140000,9.490000,8.820000,9.330000,9.330000,143900
2019-05-09,9.300000,9.640000,9.010000,9.270000,9.270000,78800
2019-05-10,9.150000,9.620000,8.920000,9.540000,9.540000,99500
2019-05-13,9.350000,9.390000,9.030000,9.280000,9.280000,167900
2019-05-14,9.320000,10.370000,8.990000,10.270000,10.270000,241100
2019-05-15,10.260000,10.630000,10.020000,10.420000,10.420000,132900
2019-05-16,10.420000,11.005000,10.390000,10.550000,10.550000,168100
2019-05-17,10.410000,10.640000,9.555000,10.020000,10.020000,205200
2019-05-20,9.900000,10.740000,8.790000,8.870000,8.870000,217900
2019-05-21,8.960000,9.500000,8.830000,9.400000,9.400000,107200
2019-05-22,9.400000,9.450000,8.935000,9.040000,9.040000,90600
2019-05-23,8.880000,9.895000,8.880000,9.220000,9.220000,159500
2019-05-24,9.280000,9.530000,8.650000,9.200000,9.200000,88800
2019-05-28,9.210000,10.190000,9.190000,9.960000,9.960000,376400
2019-05-29,9.870000,10.945000,9.870000,10.150000,10.150000,393200
2019-05-30,10.190000,11.140000,10.190000,10.990000,10.990000,416700
2019-05-31,10.820000,11.500000,10.150000,10.480000,10.480000,831100
2019-06-03,10.400000,10.588000,9.290000,9.510000,9.510000,293800
2019-06-04,9.620000,9.620000,9.060000,9.290000,9.290000,156500
2019-06-05,9.320000,9.730000,9.075000,9.340000,9.340000,211900
2019-06-06,9.310000,9.360000,9.156000,9.300000,9.300000,198300
2019-06-07,9.360000,9.800000,9.260000,9.790000,9.790000,127400
2019-06-10,9.850000,10.420000,9.770000,10.090000,10.090000,175600
2019-06-11,10.200000,10.340000,9.940000,10.050000,10.050000,301300
2019-06-12,10.020000,10.210000,9.790000,10.100000,10.100000,77400
2019-06-13,10.130000,10.190000,9.910000,10.080000,10.080000,179600
2019-06-14,9.840000,10.240000,9.800000,10.030000,10.030000,111000
2019-06-17,10.030000,10.270000,9.860000,10.080000,10.080000,268000
2019-06-18,10.620000,10.620000,10.020000,10.200000,10.200000,450300
2019-06-19,10.310000,11.390000,10.250000,11.220000,11.220000,341100
2019-06-20,11.380000,12.370000,11.365000,12.360000,12.360000,243800
2019-06-21,12.240000,12.600000,11.658000,12.560000,12.560000,332000
2019-06-24,12.560000,12.600000,12.150000,12.540000,12.540000,175300
2019-06-25,12.570000,13.297000,12.082000,12.430000,12.430000,400600
2019-06-26,13.000000,13.900000,12.501000,12.960000,12.960000,319600
2019-06-27,13.010000,13.379000,12.200000,12.860000,12.860000,213800
2019-06-28,12.890000,13.115000,12.195000,12.630000,12.630000,898500
2019-07-01,12.850000,12.850000,11.670000,12.090000,12.090000,180200
2019-07-02,12.090000,12.090000,11.150000,11.590000,11.590000,286100
2019-07-03,11.700000,11.910000,11.472000,11.890000,11.890000,51000
2019-07-05,11.700000,12.230000,11.340000,11.510000,11.510000,99600
2019-07-08,11.470000,12.350000,10.710000,10.740000,10.740000,141400
2019-07-09,10.710000,11.250000,10.550000,10.640000,10.640000,83900
2019-07-10,10.700000,10.740000,10.060000,10.320000,10.320000,194900
2019-07-11,10.350000,10.490000,9.690000,9.810000,9.810000,130800
2019-07-12,9.850000,10.295000,9.385000,10.150000,10.150000,143000
2019-07-15,10.090000,10.175000,9.600000,9.810000,9.810000,75000
2019-07-16,9.880000,10.050000,9.620000,9.730000,9.730000,61800
2019-07-17,9.740000,9.840000,9.500000,9.720000,9.720000,52000
2019-07-18,9.720000,9.770000,9.115000,9.600000,9.600000,43900
2019-07-19,9.540000,9.680000,9.280000,9.280000,9.280000,54900
2019-07-22,9.590000,10.000000,9.320000,9.620000,9.620000,112400
2019-07-23,9.450000,9.530000,8.830000,8.980000,8.980000,110300
2019-07-24,8.890000,9.570000,8.610000,8.900000,8.900000,173400
2019-07-25,8.980000,9.140000,8.030000,8.160000,8.160000,97000
2019-07-26,8.190000,8.480000,8.000000,8.380000,8.380000,92000
2019-07-29,8.370000,9.140000,8.370000,8.940000,8.940000,72200
2019-07-30,8.840000,9.130000,8.490000,9.010000,9.010000,79200
2019-07-31,8.550000,9.000000,7.780000,8.020000,8.020000,1495400
2019-08-01,8.010000,8.650000,7.950000,8.030000,8.030000,261000
2019-08-02,8.000000,8.600000,7.810000,8.310000,8.310000,430500
2019-08-05,8.050000,8.210000,7.800000,8.100000,8.100000,328400
2019-08-06,8.150000,8.363000,7.975000,8.120000,8.120000,250000
2019-08-07,7.960000,8.540000,7.850000,8.060000,8.060000,250100
2019-08-08,8.130000,8.290000,7.960000,8.100000,8.100000,282800
2019-08-09,8.040000,8.430000,7.920000,8.140000,8.140000,331000
2019-08-12,8.110000,8.400000,7.940000,8.000000,8.000000,145000
2019-08-13,8.000000,8.320000,8.000000,8.240000,8.240000,254000
2019-08-14,8.240000,8.380000,7.985000,8.000000,8.000000,534000
2019-08-15,8.010000,8.090000,7.820000,7.940000,7.940000,243400
2019-08-16,7.990000,8.530000,7.850000,8.130000,8.130000,1378700
2019-08-19,8.260000,8.520000,8.080000,8.140000,8.140000,110300
2019-08-20,8.140000,8.900000,8.140000,8.690000,8.690000,196300
2019-08-21,8.800000,9.175000,8.640000,8.720000,8.720000,123500
2019-08-22,8.760000,8.846000,8.270000,8.410000,8.410000,71100
2019-08-23,8.500000,8.730000,8.220000,8.340000,8.340000,107000
2019-08-26,8.490000,8.855000,8.267000,8.750000,8.750000,142300
2019-08-27,8.780000,8.940000,8.550000,8.730000,8.730000,144400
2019-08-28,8.710000,8.990000,8.670000,8.860000,8.860000,82400
2019-08-29,8.960000,9.276000,8.880000,9.240000,9.240000,461300
2019-08-30,9.270000,9.355000,9.010000,9.080000,9.080000,98000
2019-09-03,10.290000,10.940000,9.210000,9.440000,9.440000,645500
2019-09-04,9.680000,10.200000,9.500000,9.940000,9.940000,436600
2019-09-05,10.140000,10.156000,9.390000,10.050000,10.050000,423300
2019-09-06,10.200000,10.947000,9.890000,10.130000,10.130000,309300
2019-09-09,10.200000,10.410000,9.840000,9.980000,9.980000,185900
2019-09-10,9.160000,9.906000,9.050000,9.810000,9.810000,387500
2019-09-11,9.900000,10.500000,9.900000,10.270000,10.270000,254300
2019-09-12,10.450000,10.740000,10.000000,10.410000,10.410000,208400
2019-09-13,10.400000,11.100000,10.100000,10.580000,10.580000,185700
2019-09-16,10.530000,11.030000,10.290000,10.580000,10.580000,119000
2019-09-17,10.580000,11.240000,10.520000,10.990000,10.990000,158400
2019-09-18,10.160000,10.200000,9.870000,10.010000,10.010000,1826500
2019-09-19,10.000000,10.325000,10.000000,10.100000,10.100000,181100
2019-09-20,10.110000,10.970000,9.990000,10.080000,10.080000,505700
2019-09-23,10.130000,10.500000,10.100000,10.450000,10.450000,380100
2019-09-24,10.450000,10.450000,10.010000,10.270000,10.270000,284300
2019-09-25,10.160000,10.460000,10.050000,10.070000,10.070000,276100
2019-09-26,10.080000,10.260000,9.990000,10.140000,10.140000,691900
2019-09-27,10.130000,10.335000,9.995000,10.060000,10.060000,951900
2019-09-30,10.030000,10.120000,9.890000,9.910000,9.910000,602000
2019-10-01,9.900000,10.190000,9.890000,9.910000,9.910000,263500
2019-10-02,9.850000,10.070000,9.840000,9.920000,9.920000,286100
2019-10-03,9.930000,9.980000,9.800000,9.820000,9.820000,224700
2019-10-04,9.790000,9.970000,9.740000,9.830000,9.830000,285800
2019-10-07,9.770000,9.905000,9.750000,9.800000,9.800000,239000
2019-10-08,9.800000,9.900000,9.670000,9.800000,9.800000,289000
2019-10-09,9.850000,9.908000,9.650000,9.690000,9.690000,253700
2019-10-10,9.690000,9.690000,8.900000,8.960000,8.960000,296400
2019-10-11,8.940000,9.020000,8.050000,8.110000,8.110000,202600
2019-10-14,8.100000,8.206000,7.895000,8.010000,8.010000,166600
2019-10-15,8.040000,8.440000,8.003000,8.350000,8.350000,102000
2019-10-16,8.340000,8.570000,8.310000,8.540000,8.540000,123000
2019-10-17,8.650000,8.800000,8.490000,8.770000,8.770000,161800
2019-10-18,8.840000,8.960000,8.230000,8.340000,8.340000,193000
2019-10-21,8.380000,8.890000,8.260000,8.770000,8.770000,105000
2019-10-22,8.800000,9.090000,8.705000,8.810000,8.810000,137000
2019-10-23,8.760000,9.360000,8.740000,8.990000,8.990000,143900
2019-10-24,9.010000,9.171000,8.600000,8.640000,8.640000,117400
2019-10-25,8.650000,9.020000,8.510000,8.930000,8.930000,98500
2019-10-28,8.990000,9.310000,8.800000,9.290000,9.290000,143100
2019-10-29,9.300000,9.450000,9.200000,9.230000,9.230000,101100
2019-10-30,9.210000,9.270000,8.830000,9.020000,9.020000,153900
2019-10-31,8.980000,9.150000,8.800000,9.145000,9.145000,104800
2019-11-01,9.200000,9.690000,9.150000,9.440000,9.440000,252800
2019-11-04,9.500000,9.840000,9.330000,9.470000,9.470000,84400
2019-11-05,9.520000,9.940000,9.310000,9.700000,9.700000,114200
2019-11-06,9.700000,9.700000,9.280000,9.350000,9.350000,60900
2019-11-07,9.300000,9.949000,9.300000,9.750000,9.750000,177100
2019-11-08,9.670000,10.090000,9.050000,9.410000,9.410000,418800
2019-11-11,9.420000,9.740000,9.090000,9.580000,9.580000,153100
2019-11-12,9.600000,9.900000,9.290000,9.420000,9.420000,156700
2019-11-13,9.320000,9.510000,9.090000,9.310000,9.310000,90800
2019-11-14,9.330000,9.420000,8.940000,9.160000,9.160000,121400
2019-11-15,9.240000,9.490000,9.090000,9.410000,9.410000,154300
2019-11-18,9.480000,9.845000,9.380000,9.630000,9.630000,137700
2019-11-19,9.690000,10.840000,9.690000,10.650000,10.650000,436500
2019-11-20,10.640000,11.374000,10.480000,11.000000,11.000000,514500
2019-11-21,10.930000,11.000000,10.670000,10.710000,10.710000,153000
2019-11-22,10.700000,10.730000,9.680000,9.820000,9.820000,165300
2019-11-25,9.850000,10.520000,9.850000,10.100000,10.100000,231800
2019-11-26,10.190000,10.450000,9.390000,9.460000,9.460000,451400
2019-11-27,9.500000,10.030000,9.500000,9.970000,9.970000,180700
2019-11-29,10.010000,10.140000,9.750000,10.050000,10.050000,147100
2019-12-02,10.100000,10.500000,9.540000,9.810000,9.810000,201400
2019-12-03,9.600000,10.170000,9.510000,10.000000,10.000000,148100
2019-12-04,10.060000,10.150000,9.840000,9.940000,9.940000,245300
2019-12-05,9.940000,10.100000,9.630000,9.710000,9.710000,198100
2019-12-06,9.720000,10.150000,9.630000,9.990000,9.990000,325400
2019-12-09,9.960000,10.000000,8.585000,8.680000,8.680000,368500
2019-12-10,8.690000,8.840000,8.080000,8.320000,8.320000,336500
2019-12-11,8.400000,8.680000,8.250000,8.460000,8.460000,324500
2019-12-12,8.440000,9.285000,8.370000,8.910000,8.910000,348200
2019-12-13,8.870000,9.050000,8.500000,8.640000,8.640000,155300
2019-12-16,8.700000,9.040000,8.550000,8.900000,8.900000,366700
2019-12-17,8.960000,9.045000,8.370000,8.640000,8.640000,333300
2019-12-18,8.640000,8.830000,8.450000,8.650000,8.650000,416900
2019-12-19,8.680000,8.750000,8.310000,8.410000,8.410000,373200
2019-12-20,8.410000,8.550000,8.000000,8.420000,8.420000,960000
2019-12-23,8.450000,8.960000,8.380000,8.810000,8.810000,168400
2019-12-24,8.830000,8.960000,8.640000,8.960000,8.960000,51000
2019-12-26,8.970000,9.090000,8.330000,8.520000,8.520000,361400
2019-12-27,8.530000,8.530000,8.000000,8.160000,8.160000,389100
2019-12-30,8.100000,8.460000,8.070000,8.360000,8.360000,296600
2019-12-31,8.320000,8.450000,8.000000,8.140000,8.140000,449300
2020-01-02,8.220000,8.220000,7.860000,7.900000,7.900000,324400
2020-01-03,7.890000,7.980000,7.300000,7.500000,7.500000,326800
2020-01-06,7.450000,7.570000,7.250000,7.440000,7.440000,228900
2020-01-07,7.430000,7.810000,7.350000,7.550000,7.550000,232600
2020-01-08,7.510000,7.820000,7.330000,7.720000,7.720000,286200
2020-01-09,7.800000,8.180000,7.690000,8.160000,8.160000,377700
2020-01-10,8.240000,8.450000,7.827000,7.900000,7.900000,212100
2020-01-13,7.870000,8.329000,7.420000,7.640000,7.640000,246100
2020-01-14,7.630000,8.280000,7.490000,7.850000,7.850000,406100
2020-01-15,7.870000,8.580000,7.845000,8.550000,8.550000,332300
2020-01-16,8.640000,8.730000,8.070000,8.340000,8.340000,342300
2020-01-17,8.440000,8.580000,7.901000,8.040000,8.040000,327200
2020-01-21,8.030000,8.250000,7.930000,8.070000,8.070000,207400
2020-01-22,8.070000,8.450000,8.050000,8.350000,8.350000,248200
2020-01-23,8.290000,9.200000,8.080000,8.700000,8.700000,311200
2020-01-24,8.700000,8.750000,7.900000,8.050000,8.050000,358800
2020-01-27,7.940000,8.090000,7.760000,7.890000,7.890000,220500
2020-01-28,7.940000,8.030000,7.700000,7.840000,7.840000,205600
2020-01-29,7.850000,7.940000,7.700000,7.710000,7.710000,126000
2020-01-30,7.630000,7.740000,7.317000,7.530000,7.530000,195300
2020-01-31,7.500000,7.510000,7.120000,7.170000,7.170000,178800
2020-02-03,7.150000,7.210000,6.860000,7.010000,7.010000,223400
2020-02-04,7.110000,7.320000,6.910000,7.300000,7.300000,146700
2020-02-05,7.350000,7.770000,7.350000,7.610000,7.610000,179500
2020-02-06,7.650000,7.850000,7.500000,7.720000,7.720000,126000
2020-02-07,7.770000,7.770000,7.470000,7.510000,7.510000,105700
2020-02-10,7.530000,7.920000,7.510000,7.880000,7.880000,218600
2020-02-11,7.950000,8.330000,7.870000,7.950000,7.950000,323300
2020-02-12,8.040000,8.040000,7.680000,7.890000,7.890000,131300
2020-02-13,7.850000,8.270000,7.707000,8.000000,8.000000,137200
2020-02-14,7.990000,8.050000,7.800000,7.840000,7.840000,143700
2020-02-18,7.840000,8.000000,7.710000,7.990000,7.990000,91300
2020-02-19,8.020000,8.170000,7.880000,8.020000,8.020000,106100
2020-02-20,8.010000,8.040000,7.770000,7.890000,7.890000,94200
2020-02-21,7.900000,8.040000,7.620000,7.890000,7.890000,104300
2020-02-24,7.630000,7.745000,7.120000,7.350000,7.350000,126600
2020-02-25,7.400000,7.400000,7.000000,7.280000,7.280000,148100
2020-02-26,7.410000,7.410000,7.010000,7.240000,7.240000,154700
2020-02-27,7.220000,7.700000,6.890000,7.250000,7.250000,297800
2020-02-28,7.120000,7.620000,7.100000,7.580000,7.580000,240700
2020-03-02,7.650000,7.800000,7.400000,7.750000,7.750000,136700
2020-03-03,7.730000,7.950000,7.490000,7.660000,7.660000,166200
2020-03-04,7.830000,7.920000,7.630000,7.880000,7.880000,156200
2020-03-05,7.760000,7.934000,7.640000,7.770000,7.770000,157800
2020-03-06,7.590000,7.735000,7.290000,7.400000,7.400000,261200
2020-03-09,6.980000,7.860000,6.800000,7.360000,7.360000,321600
2020-03-10,7.550000,7.710000,7.000000,7.320000,7.320000,286400
2020-03-11,7.150000,7.625000,6.930000,7.430000,7.430000,463700
2020-03-12,7.150000,8.360000,7.000000,8.090000,8.090000,616600
2020-03-13,8.230000,9.250000,7.820000,8.930000,8.930000,796300
2020-03-16,8.720000,9.150000,8.000000,9.020000,9.020000,388400
2020-03-17,8.940000,10.030000,8.540000,9.900000,9.900000,835800
2020-03-18,9.600000,9.850000,7.970000,8.920000,8.920000,389000
2020-03-19,8.620000,9.500000,8.620000,9.000000,9.000000,311800
2020-03-20,9.050000,9.800000,8.630000,9.770000,9.770000,565100