Date,Open,High,Low,Close,Adj Close,Volume
2015-01-30,100.000000,104.900002,92.099998,94.000000,94.000000,127900
2015-02-02,95.500000,99.000000,94.000000,95.000000,95.000000,7100
2015-02-03,95.099998,96.699997,92.500000,95.000000,95.000000,5200
2015-02-04,96.000000,96.000000,92.500000,93.800003,93.800003,3500
2015-02-05,92.199997,94.000000,91.500000,93.300003,93.300003,5300
2015-02-06,92.699997,93.500000,90.269997,92.900002,92.900002,3800
2015-02-09,91.599998,93.000000,91.000000,91.000000,91.000000,1400
2015-02-10,91.500000,93.000000,90.800003,90.800003,90.800003,2800
2015-02-11,90.199997,94.900002,90.199997,94.900002,94.900002,2300
2015-02-12,95.000000,95.000000,92.699997,95.000000,95.000000,2300
2015-02-13,95.000000,95.000000,92.709999,93.400002,93.400002,1800
2015-02-17,92.199997,94.500000,92.199997,92.599998,92.599998,2000
2015-02-18,93.559998,102.000000,93.559998,102.000000,102.000000,5300
2015-02-19,100.000000,102.500000,96.199997,99.699997,99.699997,3300
2015-02-20,96.599998,102.500000,96.599998,101.400002,101.400002,3400
2015-02-23,102.000000,102.000000,97.500000,101.500000,101.500000,2400
2015-02-24,108.000000,128.399994,105.500000,125.199997,125.199997,55000
2015-02-25,126.699997,146.779999,125.500000,134.000000,134.000000,38800
2015-02-26,135.399994,144.899994,127.800003,144.699997,144.699997,18400
2015-02-27,148.899994,149.699997,131.199997,134.300003,134.300003,15400
2015-03-02,150.000000,201.800003,142.500000,174.199997,174.199997,86800
2015-03-03,180.000000,210.000000,176.000000,184.399994,184.399994,57400
2015-03-04,183.699997,188.500000,152.000000,163.800003,163.800003,33300
2015-03-05,164.100006,188.500000,164.100006,172.100006,172.100006,10400
2015-03-06,171.000000,179.699997,167.500000,175.699997,175.699997,10600
2015-03-09,173.300003,182.750000,167.000000,173.800003,173.800003,6500
2015-03-10,174.300003,175.000000,160.100006,161.899994,161.899994,12900
2015-03-11,161.600006,169.399994,160.399994,163.399994,163.399994,8700
2015-03-12,164.000000,165.500000,134.899994,142.500000,142.500000,14400
2015-03-13,142.399994,143.509995,135.000000,137.500000,137.500000,11300
2015-03-16,137.300003,151.990005,136.000000,150.100006,150.100006,16500
2015-03-17,150.000000,169.970001,150.000000,164.600006,164.600006,11700
2015-03-18,166.000000,175.699997,153.169998,165.600006,165.600006,13000
2015-03-19,164.199997,171.500000,152.889999,156.000000,156.000000,13800
2015-03-20,155.800003,169.300003,140.000000,142.000000,142.000000,21300
2015-03-23,140.600006,164.000000,140.000000,157.199997,157.199997,8700
2015-03-24,157.100006,167.500000,145.500000,153.199997,153.199997,4500
2015-03-25,152.899994,159.339996,138.100006,146.199997,146.199997,6200
2015-03-26,142.100006,145.179993,139.500000,143.399994,143.399994,3400
2015-03-27,144.399994,149.899994,138.000000,143.000000,143.000000,2900
2015-03-30,145.000000,149.899994,136.600006,143.100006,143.100006,3400
2015-03-31,144.199997,149.399994,138.300003,140.399994,140.399994,2600
2015-04-01,139.500000,149.000000,139.500000,144.100006,144.100006,2000
2015-04-02,145.500000,145.820007,137.350006,139.000000,139.000000,2100
2015-04-06,139.000000,144.500000,135.000000,139.600006,139.600006,6400
2015-04-07,138.399994,140.600006,135.000000,136.000000,136.000000,4700
2015-04-08,135.000000,137.580002,135.000000,135.000000,135.000000,2600
2015-04-09,136.300003,139.399994,125.300003,127.599998,127.599998,2400
2015-04-10,127.000000,127.000000,116.570000,124.000000,124.000000,4400
2015-04-13,122.800003,128.070007,117.500000,122.400002,122.400002,5600
2015-04-14,121.699997,130.210007,119.830002,128.899994,128.899994,2000
2015-04-15,131.100006,134.000000,123.400002,127.199997,127.199997,5600
2015-04-16,127.800003,130.000000,122.000000,124.400002,124.400002,3800
2015-04-17,125.589996,126.000000,123.000000,124.500000,124.500000,1900
2015-04-20,125.470001,131.600006,124.099998,127.400002,127.400002,7300
2015-04-21,127.400002,131.699997,123.800003,123.900002,123.900002,4600
2015-04-22,123.800003,128.399994,123.800003,124.800003,124.800003,1600
2015-04-23,123.800003,124.080002,118.000000,121.500000,121.500000,3900
2015-04-24,117.000000,124.400002,115.300003,117.400002,117.400002,6500
2015-04-27,112.000000,121.099998,112.000000,119.800003,119.800003,7400
2015-04-28,117.449997,118.599998,110.000000,114.099998,114.099998,14100
2015-04-29,112.599998,115.099998,111.599998,115.000000,115.000000,2200
2015-04-30,112.000000,119.699997,107.500000,109.099998,109.099998,8600
2015-05-01,110.000000,113.099998,105.000000,111.000000,111.000000,10500
2015-05-04,109.300003,112.739998,109.000000,111.800003,111.800003,2400
2015-05-05,110.599998,113.500000,110.199997,111.400002,111.400002,4100
2015-05-06,110.199997,112.720001,101.199997,103.500000,103.500000,6800
2015-05-07,105.000000,109.900002,100.000000,101.900002,101.900002,4600
2015-05-08,102.699997,105.220001,100.000000,102.500000,102.500000,4800
2015-05-11,109.199997,109.599998,102.300003,106.199997,106.199997,4100
2015-05-12,105.199997,116.650002,103.599998,113.300003,113.300003,9700
2015-05-13,113.800003,118.599998,110.400002,112.199997,112.199997,9300
2015-05-14,115.000000,115.099998,100.000000,108.599998,108.599998,9400
2015-05-15,111.000000,129.399994,111.000000,122.699997,122.699997,16100
2015-05-18,124.000000,124.000000,117.500000,124.000000,124.000000,5000
2015-05-19,124.000000,124.000000,116.699997,119.599998,119.599998,7000
2015-05-20,119.599998,120.099998,102.599998,109.800003,109.800003,6900
2015-05-21,109.000000,119.199997,106.750000,108.599998,108.599998,3600
2015-05-22,107.500000,115.099998,107.500000,108.699997,108.699997,10900
2015-05-26,110.000000,111.199997,108.800003,110.300003,110.300003,3200
2015-05-27,112.099998,112.400002,108.000000,109.199997,109.199997,5700
2015-05-28,109.099998,111.900002,108.000000,111.900002,111.900002,3200
2015-05-29,115.800003,123.500000,112.000000,113.599998,113.599998,11100
2015-06-01,121.099998,122.500000,109.099998,111.599998,111.599998,5800
2015-06-02,112.000000,112.500000,108.099998,109.800003,109.800003,3600
2015-06-03,109.400002,111.199997,107.500000,109.500000,109.500000,2500
2015-06-04,108.300003,111.510002,106.400002,106.699997,106.699997,3600
2015-06-05,107.000000,108.500000,105.000000,107.699997,107.699997,3500
2015-06-08,107.000000,108.650002,106.099998,106.500000,106.500000,5200
2015-06-09,108.000000,108.000000,102.500000,103.500000,103.500000,4800
2015-06-10,104.400002,107.400002,102.500000,104.500000,104.500000,4400
2015-06-11,104.900002,105.500000,101.800003,102.500000,102.500000,2500
2015-06-12,102.500000,104.459999,102.099998,104.199997,104.199997,2500
2015-06-15,104.099998,106.500000,103.199997,103.199997,103.199997,1100
2015-06-16,103.599998,114.099998,103.500000,113.699997,113.699997,6600
2015-06-17,113.699997,115.900002,108.709999,113.599998,113.599998,5500
2015-06-18,113.199997,116.510002,112.599998,113.800003,113.800003,3300
2015-06-19,113.699997,133.000000,113.699997,132.000000,132.000000,13000
2015-06-22,136.899994,145.000000,130.699997,139.800003,139.800003,14200
2015-06-23,138.300003,142.500000,125.900002,131.899994,131.899994,11200
2015-06-24,131.429993,131.429993,125.699997,127.900002,127.900002,2600
2015-06-25,128.000000,128.300003,126.000000,128.300003,128.300003,2000
2015-06-26,127.699997,134.100006,125.000000,125.000000,125.000000,2800
2015-06-29,125.000000,125.000000,112.000000,115.099998,115.099998,7300
2015-06-30,117.300003,123.000000,111.910004,113.300003,113.300003,4500
2015-07-01,115.500000,119.300003,111.500000,116.900002,116.900002,2200
2015-07-02,115.699997,118.540001,115.699997,117.099998,117.099998,1400
2015-07-06,115.599998,118.300003,115.400002,116.400002,116.400002,1000
2015-07-07,115.800003,116.599998,107.900002,112.699997,112.699997,1800
2015-07-08,110.199997,113.099998,106.699997,106.699997,106.699997,3300
2015-07-09,109.900002,109.900002,105.750000,106.699997,106.699997,3600
2015-07-10,106.400002,116.099998,106.400002,108.000000,108.000000,5200
2015-07-13,111.199997,113.000000,106.599998,109.400002,109.400002,5900
2015-07-14,108.199997,109.000000,104.000000,107.000000,107.000000,5200
2015-07-15,109.000000,136.899994,108.900002,133.399994,133.399994,18900
2015-07-16,133.500000,135.199997,114.000000,120.400002,120.400002,10700
2015-07-17,119.099998,127.050003,116.000000,124.800003,124.800003,7000
2015-07-20,125.500000,134.199997,122.099998,131.300003,131.300003,7100
2015-07-21,130.600006,131.399994,128.500000,131.300003,131.300003,1700
2015-07-22,131.500000,139.000000,129.949997,131.600006,131.600006,6500
2015-07-23,132.399994,139.699997,129.000000,130.199997,130.199997,6900
2015-07-24,129.500000,130.500000,118.500000,125.400002,125.400002,11000
2015-07-27,122.500000,130.199997,122.000000,122.599998,122.599998,3600
2015-07-28,123.300003,134.100006,123.199997,125.800003,125.800003,6500
2015-07-29,128.300003,136.750000,123.699997,132.199997,132.199997,7100
2015-07-30,131.500000,136.500000,128.000000,131.699997,131.699997,6600
2015-07-31,132.000000,141.000000,130.699997,136.199997,136.199997,8500
2015-08-03,137.300003,138.800003,130.100006,131.000000,131.000000,7000
2015-08-04,130.899994,132.699997,125.099998,128.800003,128.800003,8400
2015-08-05,130.800003,131.600006,126.400002,129.100006,129.100006,5200
2015-08-06,131.699997,133.399994,117.099998,117.900002,117.900002,12900
2015-08-07,117.199997,127.400002,108.099998,113.000000,113.000000,8700
2015-08-10,112.900002,117.699997,111.699997,114.300003,114.300003,7300
2015-08-11,114.699997,115.400002,112.500000,114.199997,114.199997,5000
2015-08-12,113.099998,119.099998,111.250000,117.900002,117.900002,4800
2015-08-13,118.000000,118.000000,112.849998,114.400002,114.400002,4500
2015-08-14,114.800003,120.000000,113.500000,118.000000,118.000000,2200
2015-08-17,110.720001,119.959999,108.400002,118.800003,118.800003,1500
2015-08-18,119.000000,119.000000,111.900002,113.900002,113.900002,2900
2015-08-19,112.300003,119.699997,111.050003,116.000000,116.000000,3400
2015-08-20,114.900002,119.699997,108.500000,108.900002,108.900002,1900
2015-08-21,106.599998,109.769997,102.400002,108.099998,108.099998,2600
2015-08-24,102.300003,111.599998,102.199997,105.099998,105.099998,6500
2015-08-25,107.000000,107.000000,96.599998,96.599998,96.599998,5100
2015-08-26,96.400002,102.699997,92.400002,96.699997,96.699997,3200
2015-08-27,98.500000,104.500000,96.800003,103.300003,103.300003,4500
2015-08-28,103.400002,106.000000,98.900002,105.300003,105.300003,2600
2015-08-31,104.500000,105.800003,101.699997,104.900002,104.900002,7200
2015-09-01,101.199997,106.500000,101.199997,105.000000,105.000000,4100
2015-09-02,106.000000,106.400002,104.500000,104.900002,104.900002,3200
2015-09-03,105.599998,107.599998,104.000000,107.199997,107.199997,3900
2015-09-04,105.000000,106.500000,102.400002,106.099998,106.099998,4300
2015-09-08,107.199997,107.300003,104.000000,104.599998,104.599998,4200
2015-09-09,104.699997,111.900002,101.300003,111.800003,111.800003,3900
2015-09-10,110.000000,121.300003,104.480003,119.900002,119.900002,10700
2015-09-11,118.949997,121.000000,117.699997,119.400002,119.400002,9400
2015-09-14,119.000000,122.000000,111.900002,120.099998,120.099998,7200
2015-09-15,119.699997,122.000000,112.500000,115.800003,115.800003,9000
2015-09-16,116.500000,126.889999,115.949997,118.400002,118.400002,4600
2015-09-17,117.599998,123.400002,115.599998,117.300003,117.300003,5800
2015-09-18,173.399994,183.500000,155.600006,159.600006,159.600006,265400
2015-09-21,157.100006,158.580002,135.399994,145.100006,145.100006,35500
2015-09-22,142.899994,149.039993,129.600006,135.300003,135.300003,24100
2015-09-23,134.300003,136.059998,125.400002,127.699997,127.699997,18900
2015-09-24,126.599998,127.500000,113.800003,120.800003,120.800003,17900
2015-09-25,122.199997,125.300003,105.000000,105.000000,105.000000,26700
2015-09-28,104.900002,106.000000,92.800003,94.199997,94.199997,23300
2015-09-29,95.199997,98.779999,87.199997,93.900002,93.900002,23700
2015-09-30,95.199997,100.400002,84.580002,97.699997,97.699997,16300
2015-10-01,98.300003,99.620003,92.000000,94.400002,94.400002,13000
2015-10-02,93.500000,102.500000,93.000000,101.099998,101.099998,8000
2015-10-05,101.099998,103.300003,98.199997,99.099998,99.099998,13200
2015-10-06,99.599998,99.599998,94.800003,98.599998,98.599998,4900
2015-10-07,97.800003,102.989998,94.900002,102.199997,102.199997,11700
2015-10-08,103.400002,103.599998,97.599998,100.199997,100.199997,10900
2015-10-09,100.000000,101.860001,97.199997,99.900002,99.900002,5200
2015-10-12,99.800003,99.800003,97.000000,97.500000,97.500000,4100
2015-10-13,95.400002,101.300003,95.400002,96.300003,96.300003,7000
2015-10-14,97.599998,97.599998,94.400002,95.900002,95.900002,3200
2015-10-15,95.500000,103.800003,95.400002,101.099998,101.099998,8500
2015-10-16,101.000000,104.150002,97.400002,98.800003,98.800003,1800
2015-10-19,98.000000,101.900002,96.180000,99.400002,99.400002,3300
2015-10-20,97.800003,100.199997,97.099998,97.500000,97.500000,3700
2015-10-21,96.400002,98.480003,93.099998,95.599998,95.599998,5800
2015-10-22,94.599998,97.800003,89.500000,91.000000,91.000000,7700
2015-10-23,91.000000,95.050003,88.410004,94.000000,94.000000,8500
2015-10-26,91.769997,98.300003,90.199997,96.500000,96.500000,3700
2015-10-27,97.500000,101.599998,96.830002,98.400002,98.400002,11300
2015-10-28,97.099998,109.080002,95.900002,107.300003,107.300003,6100
2015-10-29,103.699997,109.000000,102.000000,104.300003,104.300003,6900
2015-10-30,102.500000,107.199997,101.400002,105.000000,105.000000,2400
2015-11-02,105.800003,109.099998,102.400002,109.099998,109.099998,5800
2015-11-03,104.199997,112.500000,104.199997,108.699997,108.699997,4600
2015-11-04,87.500000,104.599998,87.500000,102.800003,102.800003,9000
2015-11-05,102.699997,102.699997,96.750000,99.099998,99.099998,5900
2015-11-06,97.400002,101.669998,96.400002,98.900002,98.900002,3400
2015-11-09,97.300003,99.000000,93.900002,95.599998,95.599998,5600
2015-11-10,95.400002,97.349998,91.900002,97.199997,97.199997,4500
2015-11-11,97.199997,97.199997,93.300003,94.800003,94.800003,3100
2015-11-12,94.000000,94.900002,91.599998,93.900002,93.900002,4300
2015-11-13,93.000000,96.500000,92.099998,94.099998,94.099998,8900
2015-11-16,94.000000,94.000000,89.400002,89.400002,89.400002,7000
2015-11-17,89.099998,90.300003,85.800003,87.500000,87.500000,6600
2015-11-18,87.699997,97.500000,86.400002,95.500000,95.500000,6400
2015-11-19,94.900002,99.800003,92.300003,92.699997,92.699997,3200
2015-11-20,92.599998,96.000000,91.400002,93.500000,93.500000,2000
2015-11-23,92.500000,97.699997,92.000000,96.400002,96.400002,2500
2015-11-24,96.500000,103.199997,93.900002,101.500000,101.500000,4600
2015-11-25,102.099998,103.900002,101.300003,102.500000,102.500000,4200
2015-11-27,103.260002,116.400002,103.260002,112.599998,112.599998,4500
2015-11-30,113.300003,121.839996,111.000000,118.800003,118.800003,9500
2015-12-01,118.800003,125.000000,113.099998,115.000000,115.000000,7600
2015-12-02,115.300003,117.099998,112.199997,114.699997,114.699997,2100
2015-12-03,115.300003,116.500000,110.900002,112.300003,112.300003,3400
2015-12-04,111.300003,112.800003,106.199997,112.599998,112.599998,3000
2015-12-07,111.699997,113.500000,102.599998,104.500000,104.500000,2200
2015-12-08,102.500000,112.099998,102.500000,111.199997,111.199997,8600
2015-12-09,108.000000,111.900002,100.000000,100.199997,100.199997,12700
2015-12-10,100.000000,105.279999,95.400002,95.400002,95.400002,3800
2015-12-11,95.599998,96.500000,92.800003,94.000000,94.000000,2300
2015-12-14,93.699997,93.699997,83.500000,84.000000,84.000000,7500
2015-12-15,87.900002,95.050003,85.099998,93.699997,93.699997,6300
2015-12-16,96.699997,100.699997,93.599998,99.500000,99.500000,5000
2015-12-17,99.940002,101.000000,97.500000,99.500000,99.500000,3600
2015-12-18,100.000000,101.400002,97.500000,99.099998,99.099998,3400
2015-12-21,98.900002,106.500000,97.099998,105.199997,105.199997,7100
2015-12-22,106.580002,106.580002,100.000000,102.500000,102.500000,2800
2015-12-23,103.000000,105.699997,101.599998,104.699997,104.699997,2400
2015-12-24,103.910004,105.099998,102.500000,104.550003,104.550003,1400
2015-12-28,102.830002,102.949997,99.449997,100.000000,100.000000,1600
2015-12-29,101.099998,101.900002,98.000000,98.300003,98.300003,2600
2015-12-30,97.699997,98.250000,93.699997,95.599998,95.599998,4500
2015-12-31,95.500000,95.500000,91.220001,92.400002,92.400002,5000
2016-01-04,90.800003,92.400002,87.000000,91.699997,91.699997,5600
2016-01-05,90.300003,92.099998,87.000000,87.900002,87.900002,9700
2016-01-06,87.000000,87.300003,82.400002,84.199997,84.199997,5900
2016-01-07,82.699997,83.599998,77.599998,78.800003,78.800003,6900
2016-01-08,79.300003,83.400002,76.800003,82.300003,82.300003,9800
2016-01-11,81.900002,83.250000,73.400002,81.900002,81.900002,8600
2016-01-12,82.599998,85.300003,80.000000,80.699997,80.699997,1700
2016-01-13,81.099998,81.900002,76.000000,76.300003,76.300003,3500
2016-01-14,76.500000,79.800003,72.980003,77.800003,77.800003,2600
2016-01-15,75.099998,78.500000,73.500000,77.900002,77.900002,5500
2016-01-19,79.199997,79.800003,70.000000,73.000000,73.000000,4400
2016-01-20,71.099998,79.000000,69.599998,76.500000,76.500000,5200
2016-01-21,76.900002,81.180000,76.500000,79.199997,79.199997,1600
2016-01-22,81.400002,91.400002,81.400002,89.900002,89.900002,5600
2016-01-25,90.599998,90.599998,85.599998,86.800003,86.800003,5500
2016-01-26,78.900002,88.300003,78.900002,86.300003,86.300003,3100
2016-01-27,86.699997,86.699997,80.400002,80.400002,80.400002,2900
2016-01-28,82.900002,82.900002,76.040001,76.400002,76.400002,1200
2016-01-29,75.800003,79.449997,72.099998,76.400002,76.400002,6000
2016-02-01,76.300003,80.900002,71.000000,76.000000,76.000000,3900
2016-02-02,70.500000,77.599998,70.500000,74.000000,74.000000,1500
2016-02-03,75.400002,78.000000,68.099998,74.000000,74.000000,3700
2016-02-04,78.000000,78.000000,69.099998,73.900002,73.900002,3200
2016-02-05,75.400002,76.599998,68.650002,69.599998,69.599998,4700
2016-02-08,68.900002,76.400002,63.700001,65.599998,65.599998,4700
2016-02-09,64.330002,66.500000,63.900002,64.500000,64.500000,1300
2016-02-10,61.700001,66.400002,60.299999,61.900002,61.900002,2600
2016-02-11,60.799999,65.000000,58.799999,63.700001,63.700001,1800
2016-02-12,63.200001,65.000000,61.200001,64.550003,64.550003,1000
2016-02-16,65.300003,70.199997,61.799999,65.900002,65.900002,1700
2016-02-17,66.699997,75.000000,64.500000,74.000000,74.000000,2800
2016-02-18,74.089996,75.000000,70.000000,71.699997,71.699997,1200
2016-02-19,64.500000,72.300003,61.400002,63.500000,63.500000,7900
2016-02-22,64.500000,64.699997,61.599998,63.700001,63.700001,6500
2016-02-23,63.000000,63.900002,59.000000,61.700001,61.700001,5000
2016-02-24,60.400002,62.849998,58.900002,62.099998,62.099998,2200
2016-02-25,61.299999,67.099998,61.299999,64.599998,64.599998,3600
2016-02-26,64.199997,67.300003,64.000000,66.599998,66.599998,1300
2016-02-29,67.500000,68.199997,64.900002,66.400002,66.400002,2500
2016-03-01,64.500000,67.000000,62.200001,64.199997,64.199997,1400
2016-03-02,63.400002,65.900002,63.000000,65.000000,65.000000,4300
2016-03-03,65.000000,66.800003,61.799999,63.599998,63.599998,2100
2016-03-04,64.199997,64.800003,60.099998,60.500000,60.500000,4000
2016-03-07,60.599998,65.750000,60.599998,64.500000,64.500000,2200
2016-03-08,64.000000,65.599998,60.900002,62.599998,62.599998,1100
2016-03-09,63.500000,65.500000,61.200001,61.200001,61.200001,1700
2016-03-10,64.400002,65.599998,61.000000,61.099998,61.099998,1900
2016-03-11,61.000000,64.000000,61.000000,62.299999,62.299999,1000
2016-03-14,62.099998,74.300003,62.099998,69.800003,69.800003,2700
2016-03-15,68.000000,68.000000,61.900002,64.800003,64.800003,3100
2016-03-16,65.000000,66.000000,62.900002,63.200001,63.200001,1000
2016-03-17,64.199997,70.000000,59.099998,63.000000,63.000000,2300
2016-03-18,63.599998,69.599998,63.599998,68.199997,68.199997,2800
2016-03-21,68.599998,74.400002,67.500000,69.300003,69.300003,2200
2016-03-22,69.000000,73.800003,69.000000,73.400002,73.400002,1500
2016-03-23,76.300003,76.300003,69.800003,72.800003,72.800003,2200
2016-03-24,70.800003,74.000000,65.500000,65.800003,65.800003,2100
2016-03-28,66.800003,68.430000,66.500000,67.500000,67.500000,1200
2016-03-29,67.199997,69.500000,63.599998,64.199997,64.199997,2900
2016-03-30,64.599998,69.800003,64.599998,68.800003,68.800003,1900
2016-03-31,69.300003,72.500000,65.839996,69.900002,69.900002,1600
2016-04-01,69.900002,74.599998,69.800003,74.099998,74.099998,2000
2016-04-04,74.900002,78.800003,72.400002,78.099998,78.099998,1800
2016-04-05,76.199997,76.900002,73.750000,74.900002,74.900002,1200
2016-04-06,76.099998,78.500000,75.900002,78.500000,78.500000,1500
2016-04-07,78.000000,78.400002,76.599998,77.599998,77.599998,1100
2016-04-08,77.300003,77.500000,74.599998,75.300003,75.300003,800
2016-04-11,75.800003,76.000000,73.900002,73.900002,73.900002,900
2016-04-12,73.500000,74.900002,72.500000,73.900002,73.900002,500
2016-04-13,75.400002,75.500000,74.000000,75.300003,75.300003,800
2016-04-14,75.400002,76.000000,74.599998,75.500000,75.500000,700
2016-04-15,75.599998,75.599998,74.099998,74.400002,74.400002,500
2016-04-18,74.800003,76.400002,74.000000,74.800003,74.800003,1500
2016-04-19,76.389999,76.400002,75.000000,75.449997,75.449997,1200
2016-04-20,75.900002,77.080002,74.250000,76.900002,76.900002,1000
2016-04-21,76.699997,77.800003,74.000000,76.800003,76.800003,1600
2016-04-22,77.000000,77.800003,75.699997,76.199997,76.199997,1400
2016-04-25,75.889999,79.000000,75.500000,75.699997,75.699997,1400
2016-04-26,77.000000,77.699997,73.330002,74.699997,74.699997,900
2016-04-27,75.199997,77.500000,74.000000,74.400002,74.400002,1200
2016-04-28,75.199997,76.699997,74.400002,74.599998,74.599998,1400
2016-04-29,74.000000,75.500000,72.300003,72.400002,72.400002,1500
2016-05-02,74.750000,75.900002,72.500000,73.000000,73.000000,1100
2016-05-03,73.500000,75.500000,72.599998,72.599998,72.599998,1200
2016-05-04,74.800003,75.500000,73.199997,73.900002,73.900002,1300
2016-05-05,74.699997,74.699997,70.699997,70.900002,70.900002,900
2016-05-06,71.160004,74.099998,66.000000,66.099998,66.099998,3200
2016-05-09,69.500000,70.199997,65.099998,65.500000,65.500000,3000
2016-05-10,67.900002,69.000000,65.000000,65.300003,65.300003,1600
2016-05-11,67.400002,67.400002,61.099998,62.099998,62.099998,2200
2016-05-12,61.799999,64.900002,61.299999,62.900002,62.900002,1600
2016-05-13,63.599998,67.500000,61.599998,64.900002,64.900002,1900
2016-05-16,65.300003,66.099998,63.500000,65.800003,65.800003,1800
2016-05-17,65.500000,68.900002,65.500000,66.800003,66.800003,1600
2016-05-18,66.699997,69.500000,65.599998,66.949997,66.949997,1900
2016-05-19,65.800003,66.800003,63.200001,66.750000,66.750000,500
2016-05-20,66.300003,66.900002,64.000000,65.000000,65.000000,1200
2016-05-23,63.900002,67.099998,63.900002,66.099998,66.099998,2800
2016-05-24,65.500000,66.900002,64.000000,65.000000,65.000000,3900
2016-05-25,65.400002,66.250000,64.099998,64.959999,64.959999,5800
2016-05-26,64.000000,67.000000,62.299999,65.300003,65.300003,3700
2016-05-27,65.300003,65.699997,63.799999,64.900002,64.900002,5200
2016-05-31,65.099998,67.400002,65.099998,66.800003,66.800003,1300
2016-06-01,67.000000,67.519997,65.300003,67.000000,67.000000,2700
2016-06-02,66.000000,71.800003,65.500000,68.500000,68.500000,3700
2016-06-03,74.800003,77.599998,72.500000,74.199997,74.199997,13700
2016-06-06,77.300003,78.599998,71.900002,74.199997,74.199997,6900
2016-06-07,74.500000,74.500000,69.500000,69.900002,69.900002,3200
2016-06-08,69.300003,69.800003,65.199997,67.800003,67.800003,3000
2016-06-09,67.099998,67.800003,63.099998,64.300003,64.300003,4700
2016-06-10,62.700001,64.599998,62.099998,62.200001,62.200001,5500
2016-06-13,64.250000,64.250000,59.099998,60.000000,60.000000,8300
2016-06-14,59.400002,60.400002,53.500000,55.450001,55.450001,9500
2016-06-15,55.000000,59.900002,52.200001,55.599998,55.599998,8800
2016-06-16,58.119999,58.119999,52.250000,52.500000,52.500000,10600
2016-06-17,50.000000,52.400002,50.000000,50.299999,50.299999,4400
2016-06-20,50.000000,53.299999,50.000000,51.200001,51.200001,10500
2016-06-21,51.700001,51.700001,50.099998,51.000000,51.000000,3500
2016-06-22,52.849998,54.500000,50.299999,50.799999,50.799999,4900
2016-06-23,51.619999,52.299999,50.400002,51.000000,51.000000,7300
2016-06-24,50.000000,51.400002,47.490002,49.900002,49.900002,5600
2016-06-27,49.900002,52.400002,43.099998,45.299999,45.299999,6800
2016-06-28,45.599998,48.500000,44.150002,44.900002,44.900002,4500
2016-06-29,45.299999,48.099998,42.599998,44.900002,44.900002,4000
2016-06-30,45.000000,46.799999,43.500000,43.799999,43.799999,1900
2016-07-01,44.099998,45.400002,42.500000,45.000000,45.000000,2400
2016-07-05,44.599998,44.799999,40.000000,41.900002,41.900002,24400
2016-07-06,41.200001,52.799999,41.200001,50.000000,50.000000,12800
2016-07-07,50.599998,51.900002,46.799999,47.900002,47.900002,4700
2016-07-08,47.700001,51.000000,47.700001,49.799999,49.799999,3700
2016-07-11,50.500000,53.799999,46.200001,46.799999,46.799999,5900
2016-07-12,46.500000,50.000000,43.200001,47.500000,47.500000,4100
2016-07-13,48.000000,48.700001,44.799999,44.799999,44.799999,1900
2016-07-14,44.599998,50.700001,43.799999,46.299999,46.299999,3500
2016-07-15,45.900002,51.900002,45.900002,48.099998,48.099998,2300
2016-07-18,48.400002,51.000000,48.400002,49.799999,49.799999,2100
2016-07-19,49.299999,51.000000,48.799999,49.200001,49.200001,1400
2016-07-20,49.700001,50.000000,48.779999,49.900002,49.900002,1400
2016-07-21,50.000000,50.799999,48.900002,49.000000,49.000000,2700
2016-07-22,49.500000,50.000000,49.000000,49.299999,49.299999,700
2016-07-25,50.599998,50.599998,48.900002,50.099998,50.099998,2600
2016-07-26,49.599998,49.599998,48.400002,49.500000,49.500000,1900
2016-07-27,49.200001,51.900002,46.020000,50.900002,50.900002,2000
2016-07-28,50.099998,51.650002,49.500000,50.299999,50.299999,2100
2016-07-29,50.500000,51.650002,49.400002,51.000000,51.000000,1000
2016-08-01,50.900002,52.790001,50.000000,51.259998,51.259998,4800
2016-08-02,51.700001,52.000000,50.400002,51.500000,51.500000,900
2016-08-03,52.000000,54.700001,50.299999,53.599998,53.599998,1300
2016-08-04,53.549999,56.619999,53.000000,56.619999,56.619999,1600
2016-08-05,56.200001,57.099998,55.000000,56.799999,56.799999,1100
2016-08-08,56.000000,57.099998,54.500000,56.400002,56.400002,4500
2016-08-09,57.000000,59.500000,55.599998,58.200001,58.200001,2200
2016-08-10,57.700001,59.900002,55.200001,55.599998,55.599998,3400
2016-08-11,53.000000,60.500000,53.000000,57.599998,57.599998,1800
2016-08-12,58.500000,58.900002,58.099998,58.500000,58.500000,1500
2016-08-15,59.200001,60.000000,58.500000,59.500000,59.500000,1600
2016-08-16,60.000000,60.000000,58.009998,59.200001,59.200001,1400
2016-08-17,59.200001,59.919998,58.000000,58.660000,58.660000,800
2016-08-18,58.000000,59.599998,57.310001,58.700001,58.700001,400
2016-08-19,60.700001,67.599998,60.000000,64.000000,64.000000,5800
2016-08-22,64.900002,69.199997,64.000000,65.900002,65.900002,4900
2016-08-23,67.800003,70.000000,65.699997,66.000000,66.000000,2600
2016-08-24,67.000000,68.199997,62.529999,64.750000,64.750000,3400
2016-08-25,65.400002,67.699997,62.299999,63.099998,63.099998,2700
2016-08-26,63.500000,63.959999,62.500000,63.000000,63.000000,1500
2016-08-29,63.700001,67.320000,61.500000,62.099998,62.099998,1100
2016-08-30,63.000000,63.000000,60.619999,62.000000,62.000000,500
2016-08-31,62.200001,63.139999,60.509998,62.400002,62.400002,1300
2016-09-01,64.389999,64.389999,60.700001,61.799999,61.799999,900
2016-09-02,62.410000,62.410000,60.500000,61.900002,61.900002,1000
2016-09-06,62.000000,62.500000,60.599998,61.750000,61.750000,1800
2016-09-07,64.660004,64.660004,60.700001,61.099998,61.099998,1100
2016-09-08,61.500000,62.799999,60.599998,61.009998,61.009998,1900
2016-09-09,60.500000,62.520000,60.200001,61.000000,61.000000,1700
2016-09-12,60.000000,63.599998,59.500000,60.900002,60.900002,3800
2016-09-13,62.599998,64.400002,57.799999,60.599998,60.599998,2800
2016-09-14,60.599998,63.110001,59.200001,59.500000,59.500000,1000
2016-09-15,60.650002,61.790001,59.099998,59.099998,59.099998,1000
2016-09-16,61.900002,62.049999,56.500000,56.500000,56.500000,2800
2016-09-19,57.400002,59.880001,55.000000,55.400002,55.400002,2500
2016-09-20,56.099998,58.270000,55.200001,56.450001,56.450001,6000
2016-09-21,57.200001,59.900002,56.299999,59.500000,59.500000,800
2016-09-22,60.000000,63.099998,57.750000,60.500000,60.500000,1600
2016-09-23,64.959999,64.959999,61.099998,61.299999,61.299999,1100
2016-09-26,61.599998,64.160004,59.200001,61.099998,61.099998,2300
2016-09-27,62.599998,62.599998,60.230000,61.299999,61.299999,1300
2016-09-28,64.199997,68.500000,60.599998,61.299999,61.299999,10900
2016-09-29,62.299999,69.599998,61.950001,65.500000,65.500000,11100
2016-09-30,66.699997,69.620003,64.800003,66.699997,66.699997,5800
2016-10-03,69.900002,69.900002,66.699997,67.300003,67.300003,2500
2016-10-04,68.000000,68.900002,63.099998,65.599998,65.599998,2700
2016-10-05,69.800003,69.800003,65.800003,66.650002,66.650002,2300
2016-10-06,68.870003,68.870003,65.150002,66.599998,66.599998,1800
2016-10-07,68.250000,68.559998,61.599998,62.599998,62.599998,3000
2016-10-10,67.000000,68.879997,61.900002,64.000000,64.000000,2300
2016-10-11,67.500000,67.500000,63.099998,63.799999,63.799999,2300
2016-10-12,64.500000,67.500000,63.099998,63.160000,63.160000,1000
2016-10-13,63.700001,64.559998,63.200001,63.500000,63.500000,400
2016-10-14,64.400002,65.599998,61.599998,62.400002,62.400002,1600
2016-10-17,63.000000,65.500000,58.000000,58.000000,58.000000,2600
2016-10-18,60.000000,63.470001,55.080002,58.000000,58.000000,3100
2016-10-19,58.500000,61.000000,56.500000,57.500000,57.500000,700
2016-10-20,58.000000,60.900002,57.500000,60.000000,60.000000,1000
2016-10-21,59.000000,61.000000,58.000000,58.500000,58.500000,600
2016-10-24,58.500000,60.000000,57.500000,59.500000,59.500000,900
2016-10-25,60.500000,60.860001,59.000000,59.500000,59.500000,600
2016-10-26,59.000000,60.500000,57.500000,59.000000,59.000000,1100
2016-10-27,59.000000,60.500000,56.000000,56.000000,56.000000,1700
2016-10-28,57.500000,58.000000,55.509998,57.500000,57.500000,1700
2016-10-31,58.000000,59.599998,55.000000,56.000000,56.000000,3800
2016-11-01,57.000000,60.000000,53.500000,54.500000,54.500000,1000
2016-11-02,58.660000,58.660000,51.500000,53.000000,53.000000,3200
2016-11-03,52.500000,59.070000,51.000000,51.500000,51.500000,1300
2016-11-04,51.000000,55.000000,51.000000,53.500000,53.500000,1000
2016-11-07,57.250000,57.250000,53.000000,53.500000,53.500000,2200
2016-11-08,56.500000,56.500000,54.000000,56.000000,56.000000,1900
2016-11-09,58.500000,60.000000,54.500000,57.000000,57.000000,4700
2016-11-10,60.000000,60.000000,53.500000,56.500000,56.500000,2600
2016-11-11,59.500000,59.500000,48.500000,50.000000,50.000000,4800
2016-11-14,52.500000,62.490002,52.500000,60.000000,60.000000,3400
2016-11-15,61.000000,73.000000,61.000000,67.500000,67.500000,14300
2016-11-16,66.000000,71.000000,62.000000,68.000000,68.000000,4000
2016-11-17,68.500000,71.000000,66.500000,68.000000,68.000000,1300
2016-11-18,68.500000,69.500000,66.000000,69.500000,69.500000,2800
2016-11-21,70.000000,70.000000,65.529999,70.000000,70.000000,1800
2016-11-22,70.000000,70.680000,67.000000,68.500000,68.500000,2400
2016-11-23,60.000000,64.500000,58.500000,60.000000,60.000000,21500
2016-11-25,61.000000,61.000000,59.000000,59.500000,59.500000,900
2016-11-28,59.500000,60.000000,58.500000,58.500000,58.500000,4000
2016-11-29,59.000000,59.250000,56.500000,57.500000,57.500000,5800
2016-11-30,58.500000,60.500000,57.500000,57.500000,57.500000,9000
2016-12-01,58.000000,59.500000,56.000000,56.000000,56.000000,3000
2016-12-02,57.000000,59.549999,56.000000,57.500000,57.500000,4200
2016-12-05,58.500000,58.500000,56.000000,57.500000,57.500000,4600
2016-12-06,57.000000,58.500000,55.000000,56.000000,56.000000,4100
2016-12-07,58.000000,58.000000,55.000000,56.500000,56.500000,7200
2016-12-08,56.000000,57.500000,54.000000,54.000000,54.000000,6200
2016-12-09,50.500000,53.000000,50.500000,52.000000,52.000000,10100
2016-12-12,53.000000,53.000000,47.500000,47.500000,47.500000,10100
2016-12-13,48.500000,50.000000,45.000000,46.000000,46.000000,9300
2016-12-14,46.500000,52.000000,45.000000,46.500000,46.500000,7000
2016-12-15,50.000000,50.000000,41.500000,46.000000,46.000000,12000
2016-12-16,47.500000,49.500000,46.880001,49.500000,49.500000,6400
2016-12-19,50.000000,50.500000,47.500000,50.000000,50.000000,9200
2016-12-20,50.000000,50.000000,46.500000,47.000000,47.000000,6400
2016-12-21,50.500000,51.500000,47.000000,48.000000,48.000000,21400
2016-12-22,48.500000,51.500000,48.000000,51.500000,51.500000,5500
2016-12-23,52.000000,52.000000,50.500000,51.500000,51.500000,2800
2016-12-27,52.000000,52.000000,50.000000,51.500000,51.500000,4000
2016-12-28,51.500000,52.000000,47.000000,47.000000,47.000000,5100
2016-12-29,48.000000,49.000000,44.500000,44.500000,44.500000,10600
2016-12-30,46.500000,50.500000,44.000000,49.000000,49.000000,15100
2017-01-03,51.000000,62.500000,48.000000,53.000000,53.000000,54100
2017-01-04,54.000000,54.000000,50.500000,51.000000,51.000000,5800
2017-01-05,52.000000,52.500000,51.500000,52.000000,52.000000,5700
2017-01-06,52.000000,55.000000,50.000000,50.000000,50.000000,14500
2017-01-09,55.000000,55.000000,51.500000,51.500000,51.500000,8300
2017-01-10,52.000000,53.500000,49.000000,51.000000,51.000000,8900
2017-01-11,50.500000,51.000000,46.500000,47.500000,47.500000,9100
2017-01-12,48.000000,51.000000,47.500000,51.000000,51.000000,4700
2017-01-13,50.779999,57.000000,50.779999,56.000000,56.000000,6500
2017-01-17,55.000000,55.000000,52.000000,52.500000,52.500000,4300
2017-01-18,52.000000,53.500000,50.700001,53.000000,53.000000,3400
2017-01-19,56.410000,56.410000,52.000000,54.000000,54.000000,2300
2017-01-20,54.000000,54.000000,50.000000,51.500000,51.500000,11300
2017-01-23,52.630001,52.630001,47.000000,48.500000,48.500000,14000
2017-01-24,49.000000,50.500000,46.500000,49.000000,49.000000,10200
2017-01-25,49.500000,50.500000,48.000000,49.500000,49.500000,3000
2017-01-26,50.000000,50.500000,48.000000,49.000000,49.000000,2400
2017-01-27,50.430000,50.430000,48.000000,49.500000,49.500000,4200
2017-01-30,49.500000,49.500000,47.000000,48.000000,48.000000,2900
2017-01-31,48.000000,48.500000,45.500000,48.000000,48.000000,9900
2017-02-01,48.000000,48.500000,46.000000,48.500000,48.500000,2000
2017-02-02,48.000000,49.500000,46.500000,48.000000,48.000000,2800
2017-02-03,48.000000,50.000000,47.500000,49.500000,49.500000,6300
2017-02-06,48.500000,50.000000,47.000000,47.000000,47.000000,3500
2017-02-07,49.000000,49.500000,47.500000,49.500000,49.500000,4700
2017-02-08,49.000000,49.000000,47.000000,49.000000,49.000000,3500
2017-02-09,49.000000,50.000000,47.500000,48.500000,48.500000,5100
2017-02-10,37.500000,42.500000,36.000000,41.500000,41.500000,86000
2017-02-13,41.000000,41.000000,40.000000,41.000000,41.000000,5900
2017-02-14,40.500000,40.500000,39.000000,39.500000,39.500000,5000
2017-02-15,39.500000,40.000000,38.000000,39.000000,39.000000,7600
2017-02-16,41.000000,42.000000,38.500000,40.000000,40.000000,8100
2017-02-17,39.500000,39.500000,38.500000,39.500000,39.500000,1400
2017-02-21,39.500000,39.750000,38.000000,38.500000,38.500000,3300
2017-02-22,38.500000,39.099998,37.000000,37.000000,37.000000,4400
2017-02-23,37.500000,39.250000,36.500000,39.000000,39.000000,5300
2017-02-24,38.500000,40.000000,38.000000,39.000000,39.000000,2100
2017-02-27,39.500000,41.500000,39.299999,39.500000,39.500000,5200
2017-02-28,39.000000,40.000000,39.000000,39.000000,39.000000,5300
2017-03-01,39.000000,40.500000,39.000000,40.000000,40.000000,6400
2017-03-02,39.500000,41.000000,39.000000,40.500000,40.500000,8200
2017-03-03,41.500000,41.750000,38.570000,41.000000,41.000000,4000
2017-03-06,40.500000,41.299999,38.000000,39.000000,39.000000,7500
2017-03-07,40.000000,40.000000,38.000000,38.500000,38.500000,4400
2017-03-08,38.500000,40.000000,38.500000,39.500000,39.500000,3700
2017-03-09,39.509998,41.500000,39.000000,41.000000,41.000000,3000
2017-03-10,41.500000,42.000000,40.500000,41.000000,41.000000,5300
2017-03-13,40.500000,42.000000,40.000000,41.500000,41.500000,4200
2017-03-14,41.000000,41.200001,40.000000,40.500000,40.500000,2600
2017-03-15,42.000000,46.950001,40.000000,45.000000,45.000000,27000
2017-03-16,45.000000,46.000000,42.500000,43.500000,43.500000,7700
2017-03-17,43.500000,45.000000,42.000000,45.000000,45.000000,3900
2017-03-20,44.500000,46.000000,43.549999,45.500000,45.500000,4200
2017-03-21,45.000000,45.000000,41.500000,43.000000,43.000000,3600
2017-03-22,42.500000,43.500000,42.000000,43.500000,43.500000,1400
2017-03-23,43.500000,44.000000,42.500000,43.000000,43.000000,2200
2017-03-24,43.500000,43.500000,40.000000,41.000000,41.000000,5800
2017-03-27,40.000000,42.500000,40.000000,42.000000,42.000000,2000
2017-03-28,42.500000,42.970001,41.500000,42.500000,42.500000,1400
2017-03-29,42.500000,42.500000,39.000000,39.000000,39.000000,15700
2017-03-30,39.000000,39.000000,36.500000,38.000000,38.000000,11800
2017-03-31,38.930000,39.500000,37.000000,37.500000,37.500000,3600
2017-04-03,38.000000,38.070000,36.000000,36.000000,36.000000,5200
2017-04-04,36.500000,44.000000,36.000000,41.040001,41.040001,27000
2017-04-05,40.500000,44.000000,38.500000,39.000000,39.000000,20200
2017-04-06,39.000000,42.000000,36.500000,37.000000,37.000000,15100
2017-04-07,37.500000,41.000000,36.000000,37.500000,37.500000,15800
2017-04-10,37.000000,39.500000,36.000000,38.500000,38.500000,6000
2017-04-11,39.000000,39.500000,36.500000,37.500000,37.500000,4600
2017-04-12,37.950001,38.000000,36.500000,37.000000,37.000000,5800
2017-04-13,37.000000,38.000000,36.500000,36.500000,36.500000,12700
2017-04-17,37.000000,37.000000,34.000000,35.500000,35.500000,14000
2017-04-18,35.500000,39.009998,34.860001,37.500000,37.500000,7600
2017-04-19,37.500000,38.500000,36.000000,36.000000,36.000000,5400
2017-04-20,36.500000,38.000000,36.000000,36.500000,36.500000,3600
2017-04-21,36.500000,36.500000,34.500000,35.500000,35.500000,4200
2017-04-24,36.000000,36.000000,34.500000,35.250000,35.250000,3200
2017-04-25,35.000000,36.000000,34.000000,35.000000,35.000000,4500
2017-04-26,35.500000,37.000000,35.000000,37.000000,37.000000,3900
2017-04-27,36.500000,37.500000,35.000000,35.500000,35.500000,2300
2017-04-28,35.500000,35.500000,34.500000,34.500000,34.500000,1200
2017-05-01,35.000000,35.000000,33.500000,35.000000,35.000000,2800
2017-05-02,34.000000,35.500000,34.000000,34.000000,34.000000,900
2017-05-03,34.380001,35.000000,33.500000,33.500000,33.500000,2600
2017-05-04,34.450001,35.000000,33.500000,35.000000,35.000000,1300
2017-05-05,35.000000,35.000000,33.270000,34.000000,34.000000,1900
2017-05-08,34.049999,34.500000,33.000000,33.500000,33.500000,2100
2017-05-09,33.549999,33.549999,30.680000,33.000000,33.000000,5800
2017-05-10,32.000000,32.939999,32.000000,32.500000,32.500000,4000
2017-05-11,31.000000,33.000000,30.000000,32.000000,32.000000,5800
2017-05-12,32.000000,34.490002,32.000000,34.000000,34.000000,3100
2017-05-15,33.500000,34.500000,33.500000,34.500000,34.500000,1500
2017-05-16,33.790001,34.500000,32.000000,34.000000,34.000000,2200
2017-05-17,32.599998,33.490002,32.000000,32.750000,32.750000,2100
2017-05-18,32.000000,32.000000,30.500000,31.000000,31.000000,2300
2017-05-19,31.000000,32.500000,30.000000,32.000000,32.000000,1300
2017-05-22,32.500000,33.000000,30.500000,32.000000,32.000000,2100
2017-05-23,32.000000,32.000000,30.000000,30.500000,30.500000,6800
2017-05-24,30.049999,31.000000,29.500000,30.500000,30.500000,11800
2017-05-25,29.500000,29.500000,27.500000,28.500000,28.500000,8000
2017-05-26,29.000000,33.500000,28.000000,28.500000,28.500000,18500
2017-05-30,28.000000,29.500000,26.000000,26.000000,26.000000,8700
2017-05-31,26.000000,27.500000,25.500000,27.000000,27.000000,11200
2017-06-01,27.500000,27.500000,26.500000,26.500000,26.500000,4900
2017-06-02,27.000000,27.500000,26.500000,27.000000,27.000000,3700
2017-06-05,27.500000,27.500000,25.000000,26.000000,26.000000,15100
2017-06-06,26.500000,27.000000,24.000000,25.000000,25.000000,4600
2017-06-07,25.000000,27.000000,24.000000,25.500000,25.500000,5500
2017-06-08,25.000000,26.500000,24.500000,25.500000,25.500000,3900
2017-06-09,25.000000,25.270000,24.500000,25.000000,25.000000,3600
2017-06-12,24.500000,26.000000,24.500000,25.500000,25.500000,2900
2017-06-13,26.000000,27.000000,21.719999,23.000000,23.000000,15600
2017-06-14,23.000000,23.500000,21.500000,21.530001,21.530001,10200
2017-06-15,21.500000,23.000000,21.250000,21.500000,21.500000,4100
2017-06-16,21.500000,23.000000,21.000000,21.000000,21.000000,5600
2017-06-19,21.000000,21.000000,20.000000,20.959999,20.959999,6800
2017-06-20,21.000000,21.500000,21.000000,21.500000,21.500000,2300
2017-06-21,21.500000,22.000000,20.500000,21.500000,21.500000,2500
2017-06-22,21.500000,23.000000,20.500000,22.250000,22.250000,8100
2017-06-23,22.000000,23.000000,21.500000,22.000000,22.000000,5200
2017-06-26,22.500000,23.400000,22.250000,22.500000,22.500000,11000
2017-06-27,23.000000,23.000000,22.000000,22.250000,22.250000,3800
2017-06-28,22.700001,26.000000,22.500000,24.500000,24.500000,14200
2017-06-29,26.000000,27.459999,23.500000,24.000000,24.000000,8200
2017-06-30,25.500000,25.500000,22.500000,24.000000,24.000000,6700
2017-07-03,24.000000,25.000000,23.500000,24.000000,24.000000,2400
2017-07-05,23.660000,24.900000,23.660000,24.000000,24.000000,5500
2017-07-06,24.500000,25.000000,22.500000,22.500000,22.500000,9200
2017-07-07,23.000000,23.000000,21.000000,22.000000,22.000000,8500
2017-07-10,22.000000,22.000000,21.000000,21.000000,21.000000,4900
2017-07-11,21.500000,22.000000,21.000000,21.000000,21.000000,2800
2017-07-12,22.000000,22.000000,21.000000,21.000000,21.000000,8200
2017-07-13,21.500000,23.000000,21.500000,22.500000,22.500000,8100
2017-07-14,22.000000,23.500000,22.000000,22.500000,22.500000,4600
2017-07-17,22.000000,23.000000,22.000000,22.000000,22.000000,2900
2017-07-18,22.000000,24.000000,22.000000,23.250000,23.250000,3900
2017-07-19,23.000000,23.500000,21.500000,23.000000,23.000000,3600
2017-07-20,23.000000,23.000000,21.940001,22.000000,22.000000,1800
2017-07-21,22.000000,22.500000,22.000000,22.000000,22.000000,2100
2017-07-24,22.000000,22.500000,21.500000,22.000000,22.000000,3700
2017-07-25,21.530001,22.500000,21.530001,22.000000,22.000000,3300
2017-07-26,22.500000,23.500000,22.000000,22.500000,22.500000,12300
2017-07-27,22.500000,24.000000,22.000000,23.000000,23.000000,11500
2017-07-28,23.000000,24.500000,22.500000,23.500000,23.500000,2000
2017-07-31,23.500000,24.500000,23.000000,23.500000,23.500000,1900
2017-08-01,23.270000,23.500000,22.500000,22.500000,22.500000,2600
2017-08-02,23.000000,23.000000,22.000000,22.500000,22.500000,1500
2017-08-03,22.000000,23.000000,21.500000,22.000000,22.000000,1800
2017-08-04,22.500000,22.500000,22.000000,22.000000,22.000000,400
2017-08-07,21.500000,21.570000,20.500000,21.000000,21.000000,2900
2017-08-08,20.969999,22.500000,20.959999,22.000000,22.000000,2500
2017-08-09,21.500000,22.920000,21.500000,22.000000,22.000000,1800
2017-08-10,22.000000,22.500000,21.500000,22.000000,22.000000,1400
2017-08-11,21.500000,22.500000,21.500000,22.500000,22.500000,1600
2017-08-14,22.500000,22.500000,21.500000,22.000000,22.000000,1600
2017-08-15,21.500000,22.500000,21.500000,22.000000,22.000000,600
2017-08-16,22.500000,22.500000,21.610001,22.000000,22.000000,5400
2017-08-17,22.000000,22.500000,21.500000,21.500000,21.500000,2700
2017-08-18,21.500000,22.000000,20.000000,22.000000,22.000000,19800
2017-08-21,22.000000,22.000000,21.750000,22.000000,22.000000,900
2017-08-22,21.000000,22.000000,21.000000,21.500000,21.500000,2600
2017-08-23,21.000000,21.500000,20.000000,20.000000,20.000000,10000
2017-08-24,20.969999,22.000000,20.500000,21.500000,21.500000,5500
2017-08-25,21.500000,22.000000,21.000000,22.000000,22.000000,3100
2017-08-28,22.000000,22.000000,20.500000,20.500000,20.500000,10800
2017-08-29,20.500000,22.000000,20.500000,21.500000,21.500000,4300
2017-08-30,22.000000,27.000000,21.750000,24.000000,24.000000,50400
2017-08-31,25.000000,26.500000,24.500000,25.000000,25.000000,25100
2017-09-01,25.500000,33.500000,25.500000,31.500000,31.500000,50900
2017-09-05,31.500000,39.000000,31.500000,33.000000,33.000000,177800
2017-09-06,35.500000,35.500000,32.500000,33.500000,33.500000,46400
2017-09-07,33.000000,38.500000,31.500000,36.000000,36.000000,98200
2017-09-08,36.000000,37.490002,33.500000,33.500000,33.500000,23500
2017-09-11,33.500000,35.500000,33.500000,33.500000,33.500000,11100
2017-09-12,34.000000,34.950001,33.500000,33.500000,33.500000,11200
2017-09-13,34.000000,35.500000,33.500000,34.000000,34.000000,16500
2017-09-14,34.500000,38.419998,33.759998,35.500000,35.500000,12400
2017-09-15,35.000000,38.500000,34.500000,37.500000,37.500000,19000
2017-09-18,38.500000,38.500000,36.000000,37.250000,37.250000,18800
2017-09-19,37.000000,38.500000,36.040001,37.500000,37.500000,6200
2017-09-20,37.500000,39.500000,36.500000,37.000000,37.000000,14000
2017-09-21,37.310001,37.310001,35.000000,35.750000,35.750000,5900
2017-09-22,35.500000,36.500000,34.000000,36.000000,36.000000,7300
2017-09-25,36.500000,36.500000,33.000000,33.500000,33.500000,11200
2017-09-26,34.000000,34.000000,31.500000,32.000000,32.000000,10200
2017-09-27,32.000000,32.340000,31.500000,31.500000,31.500000,6600
2017-09-28,32.000000,34.000000,31.500000,32.000000,32.000000,8600
2017-09-29,33.000000,34.410000,31.500000,31.500000,31.500000,37900
2017-10-02,33.000000,34.500000,32.500000,34.500000,34.500000,20500
2017-10-03,35.500000,35.500000,33.500000,35.000000,35.000000,15000
2017-10-04,35.500000,37.500000,34.500000,36.500000,36.500000,19700
2017-10-05,36.000000,37.500000,36.000000,36.500000,36.500000,9300
2017-10-06,37.000000,37.000000,36.000000,37.000000,37.000000,4500
2017-10-09,37.500000,39.080002,36.000000,37.000000,37.000000,11800
2017-10-10,36.500000,37.000000,34.000000,35.000000,35.000000,8000
2017-10-11,35.000000,35.000000,32.250000,33.250000,33.250000,14000
2017-10-12,32.500000,34.000000,32.500000,33.500000,33.500000,10200
2017-10-13,33.500000,34.000000,31.500000,33.000000,33.000000,12600
2017-10-16,33.000000,33.500000,30.500000,31.500000,31.500000,10000
2017-10-17,31.000000,31.500000,29.000000,30.500000,30.500000,17500
2017-10-18,30.500000,30.500000,28.000000,29.000000,29.000000,11800
2017-10-19,29.000000,30.500000,28.000000,29.500000,29.500000,12600
2017-10-20,30.000000,33.000000,30.000000,30.500000,30.500000,13800
2017-10-23,31.500000,31.500000,29.500000,30.000000,30.000000,28800
2017-10-24,29.500000,30.340000,28.570000,29.500000,29.500000,5300
2017-10-25,28.760000,30.490000,28.000000,28.500000,28.500000,10200
2017-10-26,28.000000,29.000000,27.000000,27.500000,27.500000,5600
2017-10-27,27.500000,28.000000,26.500000,26.500000,26.500000,14200
2017-10-30,26.500000,30.400000,26.500000,28.500000,28.500000,9600
2017-10-31,28.500000,30.000000,27.010000,28.500000,28.500000,5000
2017-11-01,28.500000,30.000000,28.000000,29.500000,29.500000,3400
2017-11-02,29.830000,29.830000,28.000000,29.000000,29.000000,3300
2017-11-03,29.500000,29.500000,28.370001,29.000000,29.000000,2300
2017-11-06,29.000000,30.500000,29.000000,30.500000,30.500000,11500
2017-11-07,30.500000,30.500000,28.000000,29.680000,29.680000,11900
2017-11-08,30.500000,31.000000,28.000000,29.500000,29.500000,29200
2017-11-09,30.000000,30.500000,28.500000,29.500000,29.500000,12300
2017-11-10,30.000000,30.000000,27.500000,28.000000,28.000000,11300
2017-11-13,28.000000,29.500000,27.000000,28.000000,28.000000,22600
2017-11-14,30.500000,33.000000,27.000000,30.000000,30.000000,70900
2017-11-15,29.000000,30.000000,27.000000,27.500000,27.500000,20000
2017-11-16,27.500000,28.500000,26.379999,28.500000,28.500000,18300
2017-11-17,28.000000,28.000000,27.000000,27.500000,27.500000,9400
2017-11-20,27.500000,27.639999,25.000000,26.500000,26.500000,24300
2017-11-21,26.500000,27.500000,25.750000,26.500000,26.500000,9200
2017-11-22,27.000000,29.000000,26.500000,28.000000,28.000000,9200
2017-11-24,28.000000,29.000000,27.500000,27.500000,27.500000,2400
2017-11-27,27.500000,28.350000,26.500000,27.000000,27.000000,7100
2017-11-28,27.500000,27.500000,27.000000,27.000000,27.000000,4800
2017-11-29,27.000000,27.500000,26.500000,27.000000,27.000000,6400
2017-11-30,26.500000,28.000000,26.500000,27.000000,27.000000,16600
2017-12-01,27.000000,30.000000,27.000000,29.000000,29.000000,17200
2017-12-04,30.000000,32.000000,29.500000,30.500000,30.500000,16900
2017-12-05,31.000000,31.000000,29.500000,30.500000,30.500000,10400
2017-12-06,30.500000,30.500000,28.000000,29.500000,29.500000,10100
2017-12-07,29.500000,30.500000,29.000000,30.000000,30.000000,6200
2017-12-08,30.000000,30.500000,29.500000,30.000000,30.000000,5800
2017-12-11,30.500000,31.000000,29.500000,29.750000,29.750000,7300
2017-12-12,30.000000,30.500000,28.500000,29.500000,29.500000,7300
2017-12-13,29.500000,31.000000,28.500000,31.000000,31.000000,15700
2017-12-14,31.000000,31.000000,28.000000,29.500000,29.500000,11100
2017-12-15,29.500000,30.500000,29.010000,29.500000,29.500000,6400
2017-12-18,29.500000,30.500000,29.000000,29.750000,29.750000,3400
2017-12-19,29.160000,30.000000,29.040001,29.500000,29.500000,7600
2017-12-20,29.500000,30.000000,29.000000,30.000000,30.000000,6200
2017-12-21,30.500000,32.000000,29.500000,29.750000,29.750000,32500
2017-12-22,29.500000,30.500000,29.500000,30.000000,30.000000,16300
2017-12-26,30.000000,32.000000,29.850000,32.000000,32.000000,12100
2017-12-27,32.000000,33.000000,31.490000,32.500000,32.500000,10400
2017-12-28,32.500000,33.500000,31.500000,31.750000,31.750000,18300
2017-12-29,32.500000,34.000000,32.400002,33.500000,33.500000,19400
2018-01-02,34.000000,35.750000,33.500000,35.000000,35.000000,33300
2018-01-03,35.000000,36.000000,34.000000,35.000000,35.000000,14500
2018-01-04,35.500000,35.500000,32.500000,35.000000,35.000000,16000
2018-01-05,35.000000,35.000000,33.500000,33.500000,33.500000,12500
2018-01-08,33.500000,34.500000,32.000000,32.250000,32.250000,10500
2018-01-09,32.500000,32.500000,29.000000,30.500000,30.500000,32600
2018-01-10,30.500000,31.000000,29.500000,30.000000,30.000000,30700
2018-01-11,30.000000,32.750000,29.660000,32.000000,32.000000,22500
2018-01-12,32.500000,32.500000,29.000000,29.000000,29.000000,24500
2018-01-16,30.000000,31.000000,29.500000,30.500000,30.500000,25900
2018-01-17,31.000000,31.000000,29.500000,30.000000,30.000000,15500
2018-01-18,29.500000,31.000000,28.000000,30.500000,30.500000,24300
2018-01-19,31.000000,31.500000,26.000000,28.000000,28.000000,89200
2018-01-22,27.500000,31.500000,27.250000,29.500000,29.500000,24800
2018-01-23,29.000000,30.430000,28.500000,28.500000,28.500000,19200
2018-01-24,29.000000,30.000000,28.000000,28.000000,28.000000,15800
2018-01-25,27.500000,30.000000,27.500000,29.250000,29.250000,9500
2018-01-26,29.500000,30.000000,28.000000,29.500000,29.500000,9000
2018-01-29,28.500000,29.000000,28.000000,28.000000,28.000000,13500
2018-01-30,28.000000,30.000000,28.000000,29.500000,29.500000,15900
2018-01-31,30.500000,31.000000,29.000000,29.000000,29.000000,11700
2018-02-01,29.500000,30.000000,29.000000,29.000000,29.000000,7700
2018-02-02,29.000000,29.500000,27.500000,28.000000,28.000000,16500
2018-02-05,28.000000,28.500000,26.000000,26.500000,26.500000,24700
2018-02-06,26.000000,29.000000,26.000000,29.000000,29.000000,12400
2018-02-07,29.500000,30.000000,28.190001,30.000000,30.000000,19100
2018-02-08,30.000000,30.500000,28.000000,29.000000,29.000000,17900
2018-02-09,28.500000,30.000000,27.590000,29.000000,29.000000,15400
2018-02-12,29.000000,29.000000,23.500000,24.500000,24.500000,48300
2018-02-13,25.000000,25.500000,24.500000,24.500000,24.500000,16000
2018-02-14,24.500000,24.750000,22.500000,23.500000,23.500000,30700
2018-02-15,23.500000,24.010000,21.000000,22.250000,22.250000,46400
2018-02-16,22.500000,23.500000,21.500000,22.000000,22.000000,37800
2018-02-20,21.500000,22.500000,21.400000,22.000000,22.000000,22100
2018-02-21,22.000000,23.000000,21.500000,21.500000,21.500000,36200
2018-02-22,21.500000,22.000000,21.000000,21.000000,21.000000,14000
2018-02-23,21.000000,21.500000,20.500000,21.000000,21.000000,14000
2018-02-26,21.500000,22.500000,21.000000,21.750000,21.750000,26900
2018-02-27,22.500000,22.500000,20.500000,22.000000,22.000000,20600
2018-02-28,22.000000,22.500000,21.000000,22.250000,22.250000,18400
2018-03-01,23.000000,25.000000,21.500000,24.500000,24.500000,30600
2018-03-02,24.500000,27.500000,24.000000,26.000000,26.000000,27300
2018-03-05,26.500000,28.500000,26.490000,28.500000,28.500000,26200
2018-03-06,29.500000,29.500000,26.500000,28.500000,28.500000,23400
2018-03-07,27.500000,28.000000,25.500000,26.000000,26.000000,16300
2018-03-08,26.020000,29.000000,26.000000,28.500000,28.500000,10100
2018-03-09,29.000000,29.500000,26.500000,28.000000,28.000000,12900
2018-03-12,28.000000,29.000000,27.040001,27.500000,27.500000,8200
2018-03-13,28.000000,29.000000,27.040001,28.000000,28.000000,18500
2018-03-14,27.559999,29.000000,27.500000,27.500000,27.500000,10600
2018-03-15,28.000000,28.000000,24.000000,25.500000,25.500000,19600
2018-03-16,25.500000,26.750000,24.000000,26.500000,26.500000,13900
2018-03-19,26.000000,28.500000,25.000000,27.500000,27.500000,26000
2018-03-20,27.500000,28.500000,27.000000,27.500000,27.500000,12300
2018-03-21,28.000000,29.000000,27.000000,27.500000,27.500000,10500
2018-03-22,27.000000,28.000000,26.500000,27.000000,27.000000,18700
2018-03-23,27.000000,27.370001,24.500000,25.000000,25.000000,30100
2018-03-26,25.000000,25.000000,23.500000,23.500000,23.500000,11600
2018-03-27,24.000000,25.000000,22.500000,22.500000,22.500000,22200
2018-03-28,23.500000,24.500000,22.500000,23.500000,23.500000,13400
2018-03-29,24.500000,24.500000,22.500000,23.000000,23.000000,19600
2018-04-02,23.500000,27.000000,23.500000,25.500000,25.500000,62100
2018-04-03,26.500000,27.000000,24.000000,25.000000,25.000000,33700
2018-04-04,25.000000,29.000000,23.500000,28.500000,28.500000,38900
2018-04-05,29.000000,29.020000,26.500000,26.500000,26.500000,25900
2018-04-06,26.000000,28.500000,24.500000,25.500000,25.500000,18000
2018-04-09,25.500000,27.000000,25.000000,25.750000,25.750000,10100
2018-04-10,26.500000,28.500000,25.990000,28.500000,28.500000,13600
2018-04-11,28.500000,29.000000,28.000000,28.000000,28.000000,13200
2018-04-12,28.500000,30.000000,28.000000,29.000000,29.000000,15600
2018-04-13,29.000000,29.500000,28.500000,29.000000,29.000000,20700
2018-04-16,29.000000,30.000000,29.000000,29.000000,29.000000,6900
2018-04-17,29.500000,30.000000,28.000000,29.000000,29.000000,22500
2018-04-18,29.000000,29.000000,28.500000,28.500000,28.500000,4300
2018-04-19,28.500000,29.500000,27.500000,28.000000,28.000000,12000
2018-04-20,27.500000,28.500000,26.500000,27.500000,27.500000,7900
2018-04-23,27.500000,28.000000,27.000000,27.500000,27.500000,6000
2018-04-24,27.500000,28.000000,27.000000,27.500000,27.500000,7500
2018-04-25,27.500000,28.000000,25.500000,25.500000,25.500000,23200
2018-04-26,25.500000,26.000000,24.000000,25.500000,25.500000,14200
2018-04-27,25.500000,26.500000,25.500000,26.000000,26.000000,5000
2018-04-30,26.000000,26.750000,25.000000,25.000000,25.000000,8600
2018-05-01,25.000000,25.500000,24.500000,25.500000,25.500000,8500
2018-05-02,26.000000,28.500000,25.000000,25.500000,25.500000,8400
2018-05-03,25.500000,26.500000,25.000000,25.000000,25.000000,10100
2018-05-04,25.500000,26.000000,25.000000,25.500000,25.500000,6900
2018-05-07,25.500000,26.000000,24.500000,24.750000,24.750000,8800
2018-05-08,25.000000,25.750000,24.000000,24.250000,24.250000,10200
2018-05-09,24.000000,25.000000,24.000000,25.000000,25.000000,8700
2018-05-10,24.000000,25.500000,24.000000,24.500000,24.500000,17900
2018-05-11,24.500000,25.500000,23.750000,25.500000,25.500000,15800
2018-05-14,25.500000,25.500000,24.500000,24.500000,24.500000,7300
2018-05-15,25.000000,25.500000,24.250000,24.500000,24.500000,7700
2018-05-16,25.000000,25.500000,24.000000,24.500000,24.500000,20500
2018-05-17,25.000000,25.500000,24.500000,25.000000,25.000000,10200
2018-05-18,25.500000,26.000000,25.000000,25.000000,25.000000,5600
2018-05-21,25.500000,26.000000,24.500000,25.000000,25.000000,13200
2018-05-22,25.000000,25.500000,24.510000,25.250000,25.250000,31600
2018-05-23,25.000000,26.500000,25.000000,26.000000,26.000000,12100
2018-05-24,25.500000,27.500000,25.500000,27.500000,27.500000,11600
2018-05-25,27.000000,28.000000,26.000000,27.000000,27.000000,6300
2018-05-29,27.000000,27.500000,26.500000,27.500000,27.500000,9100
2018-05-30,27.500000,28.000000,26.500000,26.500000,26.500000,12900
2018-05-31,26.500000,27.500000,26.500000,26.500000,26.500000,8500
2018-06-01,26.500000,27.000000,26.500000,26.750000,26.750000,10600
2018-06-04,27.000000,27.000000,25.250000,26.000000,26.000000,17000
2018-06-05,26.000000,27.000000,26.000000,27.000000,27.000000,14700
2018-06-06,26.000000,26.500000,25.500000,25.500000,25.500000,9000
2018-06-07,26.000000,27.000000,26.000000,26.500000,26.500000,7400
2018-06-08,26.500000,27.000000,26.000000,26.500000,26.500000,8700
2018-06-11,26.500000,26.510000,25.000000,26.000000,26.000000,16800
2018-06-12,26.000000,26.500000,25.500000,26.000000,26.000000,4800
2018-06-13,26.500000,27.000000,26.000000,27.000000,27.000000,16300
2018-06-14,27.000000,27.000000,26.000000,26.500000,26.500000,20400
2018-06-15,27.000000,32.000000,26.639999,28.500000,28.500000,93200
2018-06-18,29.000000,30.000000,28.000000,29.500000,29.500000,32000
2018-06-19,29.000000,31.000000,29.000000,30.000000,30.000000,52800
2018-06-20,30.000000,30.500000,28.500000,29.000000,29.000000,23200
2018-06-21,28.500000,29.500000,27.500000,27.500000,27.500000,28600
2018-06-22,27.500000,28.500000,26.590000,28.500000,28.500000,14900
2018-06-25,28.000000,28.350000,26.250000,26.500000,26.500000,15800
2018-06-26,27.000000,28.000000,26.500000,28.000000,28.000000,4200
2018-06-27,28.000000,28.000000,26.000000,26.000000,26.000000,8400
2018-06-28,26.000000,27.500000,25.500000,27.000000,27.000000,4800
2018-06-29,27.000000,27.000000,26.250000,27.000000,27.000000,6700
2018-07-02,26.500000,26.750000,26.000000,26.250000,26.250000,1800
2018-07-03,26.500000,26.500000,26.000000,26.500000,26.500000,3500
2018-07-05,27.000000,27.000000,26.500000,27.000000,27.000000,2900
2018-07-06,27.000000,27.500000,26.000000,27.000000,27.000000,5100
2018-07-09,27.000000,27.500000,26.000000,26.000000,26.000000,7200
2018-07-10,26.500000,27.000000,26.000000,26.500000,26.500000,13000
2018-07-11,26.500000,27.000000,26.500000,26.750000,26.750000,5200
2018-07-12,26.500000,27.000000,26.000000,26.750000,26.750000,2800
2018-07-13,27.000000,27.000000,26.000000,26.500000,26.500000,3300
2018-07-16,26.000000,26.500000,25.500000,26.000000,26.000000,6900
2018-07-17,26.000000,26.000000,25.500000,26.000000,26.000000,2800
2018-07-18,25.500000,26.500000,25.000000,26.500000,26.500000,3900
2018-07-19,26.500000,26.500000,25.500000,25.500000,25.500000,2500
2018-07-20,25.500000,26.500000,25.000000,26.000000,26.000000,11600
2018-07-23,25.990000,26.000000,25.000000,25.500000,25.500000,3800
2018-07-24,26.000000,26.000000,25.000000,25.000000,25.000000,5600
2018-07-25,25.500000,26.000000,25.500000,26.000000,26.000000,4300
2018-07-26,26.000000,26.000000,25.500000,25.500000,25.500000,2800
2018-07-27,25.500000,25.500000,25.000000,25.500000,25.500000,11100
2018-07-30,25.000000,25.500000,24.000000,25.000000,25.000000,15000
2018-07-31,25.000000,25.500000,24.000000,24.500000,24.500000,5600
2018-08-01,24.500000,25.000000,24.000000,25.000000,25.000000,2400
2018-08-02,24.500000,25.000000,24.000000,24.500000,24.500000,5300
2018-08-03,24.500000,25.500000,24.500000,25.000000,25.000000,2100
2018-08-06,25.500000,25.500000,24.500000,25.000000,25.000000,4000
2018-08-07,25.500000,25.500000,22.500000,24.000000,24.000000,16500
2018-08-08,24.500000,24.500000,23.500000,24.500000,24.500000,5000
2018-08-09,23.500000,23.500000,21.500000,21.500000,21.500000,30100
2018-08-10,21.500000,22.750000,21.500000,21.500000,21.500000,7200
2018-08-13,21.500000,22.000000,20.500000,20.500000,20.500000,14400
2018-08-14,20.500000,21.000000,20.500000,20.500000,20.500000,9700
2018-08-15,20.500000,21.000000,20.000000,20.000000,20.000000,10900
2018-08-16,20.000000,20.500000,20.000000,20.000000,20.000000,4300
2018-08-17,20.000000,20.500000,20.000000,20.500000,20.500000,8900
2018-08-20,20.000000,21.000000,19.000000,20.500000,20.500000,40900
2018-08-21,20.500000,21.000000,19.750000,20.500000,20.500000,17000
2018-08-22,20.500000,21.500000,20.000000,21.500000,21.500000,11700
2018-08-23,21.500000,21.500000,20.500000,20.500000,20.500000,7200
2018-08-24,21.000000,21.500000,20.500000,20.500000,20.500000,3800
2018-08-27,20.500000,21.000000,20.000000,20.500000,20.500000,5800
2018-08-28,21.000000,21.000000,20.500000,20.500000,20.500000,3600
2018-08-29,21.000000,22.000000,21.000000,21.000000,21.000000,3500
2018-08-30,21.000000,22.000000,21.000000,21.500000,21.500000,4600
2018-08-31,21.500000,22.500000,20.500000,21.000000,21.000000,32500
2018-09-04,21.500000,22.500000,20.000000,21.000000,21.000000,19800
2018-09-05,21.000000,21.500000,20.750000,21.250000,21.250000,5800
2018-09-06,21.500000,21.500000,21.000000,21.000000,21.000000,3000
2018-09-07,21.000000,22.000000,20.750000,21.500000,21.500000,6500
2018-09-10,21.000000,23.000000,21.000000,22.000000,22.000000,11800
2018-09-11,22.000000,22.500000,21.500000,22.000000,22.000000,3400
2018-09-12,22.000000,22.000000,21.500000,22.000000,22.000000,4300
2018-09-13,22.000000,22.500000,21.969999,22.500000,22.500000,8600
2018-09-14,22.500000,23.000000,21.500000,22.500000,22.500000,13800
2018-09-17,22.500000,23.000000,21.620001,22.000000,22.000000,3600
2018-09-18,22.000000,22.500000,22.000000,22.500000,22.500000,7700
2018-09-19,22.000000,23.000000,21.500000,22.000000,22.000000,7300
2018-09-20,22.500000,23.500000,22.000000,22.250000,22.250000,11500
2018-09-21,22.500000,22.500000,20.000000,20.750000,20.750000,15500
2018-09-24,21.000000,22.000000,20.500000,21.500000,21.500000,6600
2018-09-25,22.000000,22.000000,20.500000,21.000000,21.000000,6700
2018-09-26,21.500000,22.500000,21.500000,21.500000,21.500000,6700
2018-09-27,21.500000,22.500000,21.500000,21.500000,21.500000,5100
2018-09-28,22.000000,22.490000,20.000000,20.500000,20.500000,8400
2018-10-01,20.500000,21.889999,20.500000,21.299999,21.299999,8100
2018-10-02,21.500000,21.500000,20.000000,20.600000,20.600000,5900
2018-10-03,20.719999,20.750000,20.299999,20.400000,20.400000,8200
2018-10-04,20.299999,21.270000,20.000000,20.100000,20.100000,8600
2018-10-05,20.000000,20.350000,19.000000,19.799999,19.799999,14400
2018-10-08,19.900000,20.299999,18.200001,19.200001,19.200001,14600
2018-10-09,19.299999,19.389999,18.700001,18.700001,18.700001,5800
2018-10-10,18.500000,19.100000,16.100000,17.500000,17.500000,14400
2018-10-11,16.799999,19.600000,16.200001,18.299999,18.299999,10800
2018-10-12,17.799999,19.010000,17.500000,18.000000,18.000000,6200
2018-10-15,17.900000,18.059999,17.100000,17.200001,17.200001,5000
2018-10-16,17.000000,17.100000,16.000000,16.100000,16.100000,16800
2018-10-17,16.000000,17.000000,15.900000,16.100000,16.100000,17400
2018-10-18,16.100000,16.780001,15.900000,15.900000,15.900000,6600
2018-10-19,16.000000,16.799999,14.900000,15.100000,15.100000,22500
2018-10-22,15.100000,16.360001,14.500000,15.100000,15.100000,19100
2018-10-23,15.000000,15.900000,14.300000,14.500000,14.500000,10600
2018-10-24,14.600000,15.700000,13.000000,14.110000,14.110000,16900
2018-10-25,14.100000,15.500000,13.000000,14.000000,14.000000,11100
2018-10-26,14.000000,15.300000,13.400000,14.300000,14.300000,6500
2018-10-29,14.400000,15.200000,13.600000,14.300000,14.300000,5500
2018-10-30,14.400000,14.700000,13.200000,14.200000,14.200000,5400
2018-10-31,14.200000,15.000000,13.300000,14.000000,14.000000,5000
2018-11-01,13.900000,16.799999,13.400000,15.000000,15.000000,6300
2018-11-02,14.900000,15.800000,14.700000,15.300000,15.300000,6200
2018-11-05,15.300000,15.600000,14.700000,15.200000,15.200000,7500
2018-11-06,15.200000,16.299999,14.600000,15.400000,15.400000,7000
2018-11-07,15.600000,16.000000,14.800000,15.100000,15.100000,8000
2018-11-08,13.000000,16.000000,13.000000,14.900000,14.900000,9500
2018-11-09,15.000000,16.000000,14.170000,14.300000,14.300000,10700
2018-11-12,14.200000,14.900000,13.700000,13.700000,13.700000,10700
2018-11-13,13.900000,15.600000,13.500000,14.200000,14.200000,25100
2018-11-14,14.100000,14.660000,13.100000,13.100000,13.100000,16500
2018-11-15,14.000000,14.300000,11.570000,12.900000,12.900000,24900
2018-11-16,12.500000,14.000000,12.430000,13.000000,13.000000,6700
2018-11-19,11.300000,13.400000,11.300000,12.200000,12.200000,12500
2018-11-20,12.540000,12.900000,11.600000,12.600000,12.600000,7900
2018-11-21,12.300000,12.800000,11.900000,12.200000,12.200000,8300
2018-11-23,12.100000,13.000000,11.500000,12.200000,12.200000,8700
2018-11-26,12.300000,12.700000,11.380000,11.800000,11.800000,16200
2018-11-27,11.600000,12.050000,11.300000,11.600000,11.600000,9600
2018-11-28,11.700000,11.840000,10.340000,11.100000,11.100000,21700
2018-11-29,11.100000,12.970000,11.100000,12.700000,12.700000,38400
2018-11-30,12.800000,14.900000,12.590000,13.600000,13.600000,23600
2018-12-03,14.000000,14.330000,12.800000,13.400000,13.400000,11100
2018-12-04,13.300000,13.900000,12.300000,13.100000,13.100000,7000
2018-12-06,12.360000,13.000000,11.900000,12.400000,12.400000,22100
2018-12-07,12.400000,12.900000,11.000000,11.300000,11.300000,23000
2018-12-10,11.500000,11.800000,10.750000,11.000000,11.000000,8800
2018-12-11,11.100000,11.600000,10.400000,11.300000,11.300000,11600
2018-12-12,11.300000,12.400000,10.700000,11.000000,11.000000,22200
2018-12-13,11.100000,11.700000,10.300000,11.100000,11.100000,18200
2018-12-14,10.900000,11.900000,10.200000,10.300000,10.300000,26700
2018-12-17,10.500000,10.600000,9.800000,10.100000,10.100000,44100
2018-12-18,9.600000,11.100000,9.600000,10.800000,10.800000,27400
2018-12-19,10.900000,10.900000,10.500000,10.500000,10.500000,21700
2018-12-20,10.500000,10.600000,10.010000,10.100000,10.100000,24900
2018-12-21,7.800000,7.800000,5.520000,6.870000,6.870000,109000
2018-12-24,6.800000,6.900000,5.600000,5.900000,5.900000,31000
2018-12-26,6.080000,6.900000,5.000000,5.800000,5.800000,32100
2018-12-27,10.000000,10.000000,6.240000,6.810000,6.810000,244800
2018-12-28,6.400000,6.800000,5.900000,6.200000,6.200000,50400
2018-12-31,6.600000,6.600000,5.700000,6.300000,6.300000,54500
2019-01-02,6.100000,7.300000,5.500000,7.140000,7.140000,31200
2019-01-03,7.500000,7.500000,6.300000,6.890000,6.890000,22500
2019-01-04,7.100000,7.490000,6.900000,7.400000,7.400000,17100
2019-01-07,7.300000,8.320000,7.300000,8.200000,8.200000,38900
2019-01-08,8.310000,9.800000,8.000000,8.200000,8.200000,69300
2019-01-09,8.300000,8.400000,7.500000,8.300000,8.300000,27800
2019-01-10,8.400000,8.400000,7.300000,8.200000,8.200000,15600
2019-01-11,8.250000,8.250000,7.700000,8.200000,8.200000,15100
2019-01-14,8.300000,8.300000,7.300000,7.900000,7.900000,17900
2019-01-15,8.200000,8.790000,7.500000,8.700000,8.700000,28400
2019-01-16,8.800000,9.740000,8.000000,9.030000,9.030000,65900
2019-01-17,9.700000,12.000000,9.100000,10.600000,10.600000,134700
2019-01-18,10.400000,11.400000,9.100000,9.600000,9.600000,55900
2019-01-22,10.500000,11.200000,9.600000,10.400000,10.400000,111600
2019-01-23,10.500000,10.500000,9.400000,9.480000,9.480000,27700
2019-01-24,9.400000,9.790000,8.750000,8.750000,8.750000,18300
2019-01-25,8.800000,8.960000,8.080000,8.220000,8.220000,15200
2019-01-28,8.220000,8.380000,7.600000,7.940000,7.940000,17400
2019-01-29,7.930000,8.100000,7.700000,7.900000,7.900000,12200
2019-01-30,8.200000,8.300000,7.800000,8.100000,8.100000,10700
2019-01-31,8.500000,8.740000,8.150000,8.500000,8.500000,13000
2019-02-01,8.500000,9.500000,8.300000,9.350000,9.350000,57800
2019-02-04,9.400000,9.800000,9.000000,9.630000,9.630000,36900
2019-02-05,10.200000,11.000000,9.600000,10.200000,10.200000,99800
2019-02-06,10.100000,11.200000,9.300000,11.150000,11.150000,56700
2019-02-07,11.000000,11.700000,10.100000,10.600000,10.600000,38300
2019-02-08,10.400000,10.660000,9.900000,10.300000,10.300000,33100
2019-02-11,10.400000,10.600000,10.000000,10.300000,10.300000,19500
2019-02-12,10.300000,11.300000,10.100000,10.670000,10.670000,28300
2019-02-13,10.900000,11.000000,10.000000,10.300000,10.300000,24000
2019-02-14,10.200000,10.300000,9.300000,10.000000,10.000000,26400
2019-02-15,10.100000,10.100000,9.400000,9.700000,9.700000,20500
2019-02-19,9.800000,10.200000,9.600000,10.100000,10.100000,18300
2019-02-20,10.200000,10.400000,9.500000,9.700000,9.700000,21100
2019-02-21,9.880000,10.800000,9.600000,10.500000,10.500000,43100
2019-02-22,10.400000,10.500000,10.100000,10.300000,10.300000,16200
2019-02-25,10.300000,10.800000,9.800000,10.700000,10.700000,45400
2019-02-26,10.700000,11.400000,10.200000,10.300000,10.300000,39400
2019-02-27,10.200000,11.400000,9.800000,11.100000,11.100000,40000
2019-02-28,11.300000,11.300000,10.600000,11.200000,11.200000,25700
2019-03-01,11.600000,11.800000,10.500000,10.740000,10.740000,28100
2019-03-04,11.000000,16.799999,10.800000,12.900000,12.900000,206800
2019-03-05,13.100000,14.000000,13.000000,13.800000,13.800000,79200
2019-03-06,13.700000,14.500000,12.100000,12.100000,12.100000,89700
2019-03-07,12.800000,13.400000,12.100000,13.100000,13.100000,44400
2019-03-08,12.700000,14.100000,12.510000,13.600000,13.600000,45100
2019-03-11,13.600000,15.000000,12.710000,13.200000,13.200000,826700
2019-03-12,13.100000,13.460000,12.300000,12.900000,12.900000,397000
2019-03-13,13.100000,13.900000,12.600000,13.600000,13.600000,188900
2019-03-14,13.500000,14.000000,12.200000,13.600000,13.600000,454500
2019-03-15,14.200000,14.500000,13.500000,14.000000,14.000000,371200
2019-03-18,14.100000,16.700001,13.800000,14.900000,14.900000,1843000
2019-03-19,14.900000,16.000000,14.650000,15.500000,15.500000,452300
2019-03-20,16.100000,16.500000,14.800000,15.250000,15.250000,527500
2019-03-21,15.400000,15.590000,14.100000,14.800000,14.800000,483400
2019-03-22,14.600000,14.800000,13.500000,14.700000,14.700000,444200
2019-03-25,14.700000,14.700000,13.800000,14.100000,14.100000,244500
2019-03-26,14.100000,14.500000,13.400000,13.500000,13.500000,170100
2019-03-27,14.200000,14.200000,12.600000,13.300000,13.300000,335600
2019-03-28,13.500000,13.700000,13.000000,13.600000,13.600000,177300
2019-03-29,13.600000,14.200000,12.900000,13.700000,13.700000,198700
2019-04-01,14.000000,15.170000,13.600000,14.600000,14.600000,519500
2019-04-02,15.100000,17.299999,14.600000,17.000000,17.000000,1283200
2019-04-03,16.400000,16.900000,14.600000,14.800000,14.800000,981800
2019-04-04,14.900000,15.800000,14.900000,14.900000,14.900000,288900
2019-04-05,15.300000,15.400000,13.600000,13.900000,13.900000,461700
2019-04-08,14.000000,15.000000,14.000000,14.700000,14.700000,263800
2019-04-09,14.800000,15.800000,14.600000,14.700000,14.700000,326100
2019-04-10,14.900000,15.270000,12.900000,13.700000,13.700000,544000
2019-04-11,13.600000,13.760000,13.000000,13.000000,13.000000,301700
2019-04-12,6.000000,7.400000,5.500000,6.620000,6.620000,3634400
2019-04-15,6.830000,7.350000,6.700000,6.700000,6.700000,909200
2019-04-16,6.900000,7.200000,6.700000,7.200000,7.200000,353500
2019-04-17,7.100000,7.300000,7.000000,7.300000,7.300000,269200
2019-04-18,7.400000,7.450000,7.000000,7.100000,7.100000,335600
2019-04-22,7.100000,7.300000,6.800000,6.810000,6.810000,184800
2019-04-23,6.800000,6.950000,6.500000,6.740000,6.740000,281900
2019-04-24,6.640000,6.740000,6.400000,6.560000,6.560000,164100
2019-04-25,6.500000,6.600000,6.400000,6.600000,6.600000,121600
2019-04-26,6.900000,6.900000,6.320000,6.530000,6.530000,193100
2019-04-29,7.000000,7.200000,6.600000,7.000000,7.000000,205100
2019-04-30,6.880000,6.930000,6.500000,6.620000,6.620000,92700
2019-05-01,6.660000,6.680000,6.320000,6.330000,6.330000,132800
2019-05-02,6.500000,6.700000,6.300000,6.400000,6.400000,100200
2019-05-03,6.310000,6.800000,6.300000,6.510000,6.510000,111700
2019-05-06,6.550000,7.100000,6.500000,6.950000,6.950000,472500
2019-05-07,7.030000,7.030000,6.810000,6.900000,6.900000,140400
2019-05-08,6.870000,7.100000,6.300000,7.100000,7.100000,65100
2019-05-09,7.100000,7.200000,6.520000,6.970000,6.970000,90300
2019-05-10,6.850000,7.200000,6.700000,6.850000,6.850000,32100
2019-05-13,6.800000,6.900000,6.550000,6.700000,6.700000,63800
2019-05-14,6.600000,7.000000,6.600000,6.830000,6.830000,110000
2019-05-15,6.500000,6.900000,6.500000,6.800000,6.800000,80000
2019-05-16,6.700000,6.920000,6.530000,6.800000,6.800000,55600
2019-05-17,6.500000,8.500000,6.500000,7.950000,7.950000,1011700
2019-05-20,8.000000,8.800000,7.580000,7.580000,7.580000,1071600
2019-05-21,7.580000,8.100000,7.000000,7.700000,7.700000,289100
2019-05-22,7.610000,7.990000,7.400000,7.790000,7.790000,162200
2019-05-23,7.800000,7.800000,6.920000,7.250000,7.250000,239100
2019-05-24,7.300000,7.800000,7.050000,7.300000,7.300000,71800
2019-05-28,7.200000,7.280000,6.500000,6.750000,6.750000,209100
2019-05-29,6.620000,7.000000,6.550000,6.680000,6.680000,81400
2019-05-30,6.600000,7.190000,6.600000,6.600000,6.600000,66900
2019-05-31,6.600000,6.850000,6.430000,6.470000,6.470000,40900
2019-06-03,6.430000,6.700000,6.430000,6.700000,6.700000,76300
2019-06-04,6.700000,6.910000,6.260000,6.460000,6.460000,64900
2019-06-05,6.340000,6.460000,6.100000,6.380000,6.380000,84600
2019-06-06,6.100000,6.580000,5.830000,6.000000,6.000000,108300
2019-06-07,6.010000,6.200000,5.900000,6.000000,6.000000,72700
2019-06-10,5.900000,6.370000,5.800000,6.220000,6.220000,17900
2019-06-11,6.300000,6.700000,5.900000,6.000000,6.000000,33800
2019-06-12,6.000000,6.700000,6.000000,6.200000,6.200000,35200
2019-06-13,6.400000,6.800000,6.150000,6.350000,6.350000,101400
2019-06-14,6.400000,6.400000,6.150000,6.310000,6.310000,37400
2019-06-17,6.150000,6.540000,6.150000,6.250000,6.250000,61900
2019-06-18,6.530000,6.670000,6.200000,6.400000,6.400000,67300
2019-06-19,6.290000,6.700000,6.260000,6.300000,6.300000,24600
2019-06-20,6.300000,6.720000,6.300000,6.520000,6.520000,104800
2019-06-21,6.400000,6.740000,6.400000,6.400000,6.400000,122400
2019-06-24,6.700000,7.400000,6.500000,7.000000,7.000000,125300
2019-06-25,7.200000,7.640000,6.700000,7.600000,7.600000,695200
2019-06-26,8.200000,8.900000,7.630000,8.000000,8.000000,1842900
2019-06-27,8.300000,8.510000,7.610000,7.900000,7.900000,971000
2019-06-28,8.000000,8.000000,6.740000,6.800000,6.800000,610800
2019-07-01,6.800000,6.850000,6.520000,6.700000,6.700000,419400
2019-07-02,7.100000,7.100000,6.040000,6.400000,6.400000,721500
2019-07-03,6.100000,6.300000,5.900000,6.200000,6.200000,754500
2019-07-05,6.200000,6.400000,6.000000,6.190000,6.190000,137200
2019-07-08,6.200000,6.200000,5.900000,6.010000,6.010000,184300
2019-07-09,6.030000,6.030000,5.220000,5.570000,5.570000,279200
2019-07-10,5.450000,5.930000,5.400000,5.800000,5.800000,108900
2019-07-11,5.810000,5.920000,5.650000,5.890000,5.890000,103900
2019-07-12,6.000000,6.280000,5.800000,5.880000,5.880000,236000
2019-07-15,6.020000,6.190000,5.800000,5.850000,5.850000,112300
2019-07-16,5.800000,5.900000,5.500000,5.650000,5.650000,46500
2019-07-17,5.800000,5.830000,5.500000,5.570000,5.570000,174800
2019-07-18,5.820000,5.820000,5.550000,5.590000,5.590000,70100
2019-07-19,5.800000,5.800000,5.310000,5.560000,5.560000,106900
2019-07-22,5.500000,5.800000,5.200000,5.430000,5.430000,164200
2019-07-23,5.250000,5.470000,5.220000,5.230000,5.230000,61900
2019-07-24,5.500000,5.560000,5.000000,5.300000,5.300000,97900
2019-07-25,5.230000,5.300000,5.000000,5.100000,5.100000,62100
2019-07-26,5.000000,5.500000,5.000000,5.210000,5.210000,97100
2019-07-29,5.400000,5.500000,4.700000,4.990000,4.990000,183600
2019-07-30,4.900000,5.100000,4.210000,4.300000,4.300000,152600
2019-07-31,4.520000,4.700000,4.400000,4.400000,4.400000,123000
2019-08-01,4.500000,4.800000,4.490000,4.500000,4.500000,85700
2019-08-02,4.500000,4.800000,4.500000,4.610000,4.610000,61800
2019-08-05,4.650000,4.700000,4.070000,4.130000,4.130000,114900
2019-08-06,4.200000,4.300000,4.110000,4.150000,4.150000,56600
2019-08-07,4.200000,4.360000,4.110000,4.120000,4.120000,42800
2019-08-08,4.210000,4.480000,4.180000,4.180000,4.180000,68300
2019-08-09,4.000000,4.900000,4.000000,4.500000,4.500000,124300
2019-08-12,4.900000,4.900000,4.210000,4.620000,4.620000,120000
2019-08-13,4.800000,5.270000,4.800000,4.800000,4.800000,100500
2019-08-14,4.900000,5.290000,4.900000,5.200000,5.200000,201100
2019-08-15,5.110000,5.600000,5.000000,5.400000,5.400000,131400
2019-08-16,5.500000,5.500000,5.000000,5.400000,5.400000,24200
2019-08-19,5.150000,5.200000,4.100000,4.900000,4.900000,111000
2019-08-20,5.000000,5.400000,4.900000,5.380000,5.380000,46900
2019-08-21,5.500000,5.500000,4.900000,5.230000,5.230000,35000
2019-08-22,5.000000,5.390000,5.000000,5.200000,5.200000,34000
2019-08-23,5.000000,5.320000,5.000000,5.200000,5.200000,64800
2019-08-26,5.010000,5.240000,4.900000,5.220000,5.220000,19200
2019-08-27,5.200000,5.300000,5.050000,5.260000,5.260000,87300
2019-08-28,5.100000,5.790000,5.100000,5.500000,5.500000,208500
2019-08-29,6.100000,6.100000,5.700000,5.700000,5.700000,308500
2019-08-30,5.930000,5.980000,5.440000,5.500000,5.500000,80100
2019-09-03,5.700000,5.700000,5.110000,5.390000,5.390000,56300
2019-09-04,5.400000,5.400000,5.050000,5.190000,5.190000,68000
2019-09-05,5.020000,5.190000,5.020000,5.060000,5.060000,108000
2019-09-06,5.060000,5.300000,5.000000,5.100000,5.100000,77100
2019-09-09,5.020000,5.190000,4.950000,5.100000,5.100000,129700
2019-09-10,5.000000,5.200000,4.970000,4.990000,4.990000,73100
2019-09-11,5.060000,5.100000,4.990000,5.050000,5.050000,19700
2019-09-12,5.020000,5.400000,4.600000,4.950000,4.950000,151100
2019-09-13,4.700000,5.000000,4.700000,4.860000,4.860000,54300
2019-09-16,4.940000,5.050000,4.760000,4.830000,4.830000,73600
2019-09-17,5.020000,5.020000,4.760000,4.760000,4.760000,80000
2019-09-18,4.700000,4.800000,4.510000,4.600000,4.600000,111100
2019-09-19,4.500000,4.780000,4.500000,4.550000,4.550000,58300
2019-09-20,4.520000,4.780000,4.510000,4.700000,4.700000,56000
2019-09-23,4.780000,4.800000,4.520000,4.780000,4.780000,10000
2019-09-24,4.900000,5.470000,4.600000,4.630000,4.630000,85900
2019-09-25,4.600000,4.950000,4.520000,4.520000,4.520000,45300
2019-09-26,4.610000,5.000000,4.520000,4.690000,4.690000,27000
2019-09-27,4.500000,4.790000,4.470000,4.610000,4.610000,50500
2019-09-30,4.560000,4.610000,4.470000,4.470000,4.470000,69800
2019-10-01,4.470000,4.480000,4.060000,4.240000,4.240000,116600
2019-10-02,4.280000,4.790000,3.990000,3.990000,3.990000,91300
2019-10-03,4.020000,4.500000,3.900000,4.090000,4.090000,39800
2019-10-04,4.000000,4.440000,3.800000,3.960000,3.960000,78500
2019-10-07,4.080000,4.390000,3.850000,3.880000,3.880000,86300
2019-10-08,3.900000,4.100000,3.600000,3.700000,3.700000,173100
2019-10-09,3.830000,3.830000,3.630000,3.630000,3.630000,135900
2019-10-10,3.810000,3.950000,3.300000,3.310000,3.310000,198000
2019-10-11,3.360000,3.410000,3.000000,3.180000,3.180000,322900
2019-10-14,3.200000,3.200000,2.940000,3.000000,3.000000,251000
2019-10-15,3.100000,3.800000,3.000000,3.060000,3.060000,559000
2019-10-16,3.100000,3.470000,3.000000,3.290000,3.290000,1751500
2019-10-17,3.300000,3.350000,3.100000,3.240000,3.240000,317200
2019-10-18,3.280000,3.700000,3.130000,3.510000,3.510000,1079900
2019-10-21,3.610000,3.770000,3.100000,3.250000,3.250000,787000
2019-10-22,3.330000,3.350000,3.080000,3.110000,3.110000,201900
2019-10-23,3.150000,3.150000,2.780000,2.940000,2.940000,301000
2019-10-24,3.100000,3.360000,2.940000,3.050000,3.050000,447600
2019-10-25,3.060000,3.600000,3.030000,3.460000,3.460000,416100
2019-10-28,3.700000,3.710000,3.310000,3.700000,3.700000,282100
2019-10-29,3.590000,4.000000,3.330000,3.900000,3.900000,167700
2019-10-30,3.900000,3.970000,3.610000,3.960000,3.960000,252000
2019-10-31,3.980000,4.300000,3.800000,3.940000,3.940000,209500
2019-11-01,3.890000,4.600000,3.670000,4.220000,4.220000,207400
2019-11-04,4.860000,4.860000,4.100000,4.220000,4.220000,231500
2019-11-05,4.210000,4.500000,4.200000,4.490000,4.490000,158000
2019-11-06,4.350000,4.490000,3.530000,4.230000,4.230000,239800
2019-11-07,4.000000,4.200000,3.700000,3.900000,3.900000,189500
2019-11-08,3.740000,4.150000,3.524000,3.760000,3.760000,50900
2019-11-11,3.970000,3.970000,3.500000,3.510000,3.510000,21800
2019-11-12,3.320000,3.683000,3.100000,3.350000,3.350000,59500
2019-11-13,3.110000,3.274000,3.090000,3.248000,3.248000,19600
2019-11-14,3.140000,3.240000,3.101000,3.185000,3.185000,9800
2019-11-15,3.170000,3.240000,2.840000,3.120000,3.120000,29200
2019-11-18,2.970000,3.220000,2.970000,3.210000,3.210000,28200
2019-11-19,3.205000,3.295000,3.190000,3.270000,3.270000,7600
2019-11-20,3.180000,3.670000,3.176000,3.660000,3.660000,36600
2019-11-21,3.700000,3.716000,3.250000,3.269000,3.269000,33100
2019-11-22,3.260000,3.600000,3.260000,3.400000,3.400000,15500
2019-11-25,3.480000,3.970000,3.400000,3.547000,3.547000,49900
2019-11-26,3.670000,3.700000,3.330000,3.410000,3.410000,41800
2019-11-27,3.520000,3.960000,3.351000,3.636000,3.636000,42100
2019-11-29,3.500000,3.700000,3.210000,3.600000,3.600000,12100
2019-12-02,3.500000,3.758000,3.040000,3.260000,3.260000,17500
2019-12-03,3.240000,3.570000,3.210000,3.530000,3.530000,41700
2019-12-04,3.440000,3.450000,3.230000,3.230000,3.230000,33400
2019-12-05,3.280000,3.280000,3.010000,3.050000,3.050000,45300
2019-12-06,3.210000,3.210000,3.010000,3.070000,3.070000,18700
2019-12-09,3.040000,3.312000,2.744000,2.920000,2.920000,45100
2019-12-10,2.926000,2.926000,2.760000,2.770000,2.770000,21100
2019-12-11,2.790000,2.876000,2.760000,2.790000,2.790000,19800
2019-12-12,2.760000,3.177000,2.500000,2.500000,2.500000,26300
2019-12-13,2.610000,2.730000,2.520000,2.590000,2.590000,16300
2019-12-16,2.550000,2.774000,2.540000,2.640000,2.640000,29800
2019-12-17,2.650000,2.780000,2.520000,2.610000,2.610000,23000
2019-12-18,2.560000,2.699000,2.420000,2.600000,2.600000,88900
2019-12-19,2.580000,2.590000,2.460000,2.490000,2.490000,74000
2019-12-20,3.150000,3.150000,2.250000,2.440000,2.440000,5593100
2019-12-23,2.500000,2.500000,2.255000,2.320000,2.320000,532400
2019-12-24,2.400000,2.430000,2.300000,2.360000,2.360000,232400
2019-12-26,2.350000,2.470000,2.298000,2.380000,2.380000,777600
2019-12-27,2.410000,2.450000,2.310000,2.350000,2.350000,225600
2019-12-30,2.350000,2.350000,2.070000,2.250000,2.250000,292800
2019-12-31,2.300000,2.350000,2.210000,2.340000,2.340000,206000
2020-01-02,2.350000,2.790000,2.311000,2.660000,2.660000,881500
2020-01-03,2.700000,2.730000,2.263000,2.500000,2.500000,137800
2020-01-06,2.500000,2.500000,2.330000,2.380000,2.380000,128900
2020-01-07,2.370000,2.550000,2.370000,2.450000,2.450000,1866500
2020-01-08,2.530000,2.650000,2.420000,2.530000,2.530000,492200
2020-01-09,2.570000,2.680000,2.410000,2.660000,2.660000,754200
2020-01-10,2.680000,3.050000,2.680000,2.900000,2.900000,1113900
2020-01-13,2.900000,2.950000,2.520000,2.700000,2.700000,707100
2020-01-14,2.710000,2.889000,2.610000,2.800000,2.800000,1166100
2020-01-15,2.960000,3.300000,2.840000,2.930000,2.930000,1586800
2020-01-16,2.980000,4.800000,2.956000,4.300000,4.300000,5669100
2020-01-17,4.050000,4.400000,3.800000,3.960000,3.960000,2001900
2020-01-21,3.860000,4.100000,3.580000,3.760000,3.760000,722900
2020-01-22,3.800000,3.900000,3.660000,3.740000,3.740000,294300
2020-01-23,3.800000,4.450000,3.470000,4.380000,4.380000,1517800
2020-01-24,4.380000,4.750000,4.000000,4.190000,4.190000,1258600
2020-01-27,4.000000,4.100000,3.680000,3.940000,3.940000,440500
2020-01-28,3.960000,4.240000,3.960000,4.160000,4.160000,278400
2020-01-29,4.180000,4.380000,3.950000,4.000000,4.000000,246000
2020-01-30,4.070000,4.330000,3.960000,4.240000,4.240000,303500
2020-01-31,4.150000,4.380000,3.990000,4.020000,4.020000,246300
2020-02-03,4.020000,4.070000,3.630000,3.930000,3.930000,430400
2020-02-04,3.980000,3.980000,3.700000,3.870000,3.870000,282400
2020-02-05,3.980000,4.090000,3.820000,3.870000,3.870000,270200
2020-02-06,3.870000,3.975000,3.710000,3.770000,3.770000,144200
2020-02-07,3.820000,4.250000,3.627000,3.950000,3.950000,768800
2020-02-10,3.860000,4.080000,3.860000,3.950000,3.950000,227400
2020-02-11,4.090000,4.435000,3.960000,4.190000,4.190000,833400
2020-02-12,4.300000,4.350000,4.140000,4.240000,4.240000,297400
2020-02-13,4.200000,4.400000,4.070000,4.290000,4.290000,235700
2020-02-14,4.300000,4.380000,4.062000,4.100000,4.100000,337300
2020-02-18,4.110000,4.260000,3.840000,4.080000,4.080000,247100
2020-02-19,3.950000,4.040000,3.850000,3.890000,3.890000,251500
2020-02-20,3.990000,4.200000,3.850000,4.030000,4.030000,513800
2020-02-21,4.010000,4.050000,3.770000,3.810000,3.810000,267900
2020-02-24,3.700000,3.726000,3.380000,3.620000,3.620000,400100
2020-02-25,3.610000,3.700000,3.310000,3.340000,3.340000,269200
2020-02-26,3.390000,3.440000,2.960000,3.040000,3.040000,544900
2020-02-27,3.030000,3.320000,2.670000,2.950000,2.950000,390800
2020-02-28,3.150000,3.150000,2.570000,3.040000,3.040000,741200
2020-03-02,3.010000,3.050000,2.780000,2.880000,2.880000,233500
2020-03-03,2.880000,3.040000,2.610000,2.640000,2.640000,365900
2020-03-04,2.680000,2.840000,2.580000,2.740000,2.740000,293900
2020-03-05,2.730000,2.950000,2.630000,2.670000,2.670000,398000
2020-03-06,2.640000,2.720000,2.450000,2.480000,2.480000,436000
2020-03-09,2.310000,2.325000,2.050000,2.200000,2.200000,487600
2020-03-10,1.810000,1.990000,1.610000,1.780000,1.780000,494600
2020-03-11,1.670000,1.745000,1.365000,1.410000,1.410000,413900
2020-03-12,1.220000,1.310000,1.050000,1.140000,1.140000,429300
2020-03-13,1.240000,1.240000,1.050000,1.090000,1.090000,263500
2020-03-16,1.080000,1.170000,0.950000,1.120000,1.120000,186200
2020-03-17,1.170000,1.240000,1.080000,1.210000,1.210000,105000
2020-03-18,1.220000,1.310000,1.000000,1.110000,1.110000,163700
2020-03-19,1.080000,1.280000,1.040000,1.150000,1.150000,158900
2020-03-20,1.150000,1.260000,1.060000,1.160000,1.160000,132300
2020-03-23,1.150000,1.217000,1.100000,1.160000,1.160000,103700
2020-03-24,1.180000,1.290000,1.180000,1.260000,1.260000,104500
2020-03-25,1.300000,1.380000,1.210000,1.350000,1.350000,152100
2020-03-26,1.350000,1.900000,1.340000,1.580000,1.580000,295900
2020-03-27,1.500000,1.600000,1.450000,1.540000,1.540000,74700
2020-03-30,1.540000,1.619000,1.450000,1.560000,1.560000,40800
2020-03-31,1.560000,1.700000,1.560000,1.700000,1.700000,81100
2020-04-01,1.660000,1.700000,1.370000,1.400000,1.400000,259800
2020-04-02,1.380000,1.435000,1.300000,1.370000,1.370000,69200
2020-04-03,1.340000,1.600000,1.340000,1.513000,1.513000,140700
2020-04-06,1.660000,1.840000,1.590000,1.670000,1.670000,199500
2020-04-07,1.730000,1.790000,1.615000,1.690000,1.690000,53900
2020-04-08,1.740000,1.780000,1.660000,1.760000,1.760000,56600
2020-04-09,1.750000,1.900000,1.686000,1.820000,1.820000,140400
2020-04-13,1.830000,1.830000,1.680000,1.800000,1.800000,62100
2020-04-14,1.810000,2.300000,1.800000,2.180000,2.180000,401400
2020-04-15,2.160000,2.520000,2.150000,2.450000,2.450000,268300
2020-04-16,2.440000,2.445000,2.100000,2.270000,2.270000,153100
2020-04-17,2.300000,2.390000,2.140000,2.220000,2.220000,139600
2020-04-20,2.160000,2.270000,2.070000,2.180000,2.180000,64900
2020-04-21,2.160000,2.160000,1.900000,1.910000,1.910000,121700
2020-04-22,1.970000,2.080000,1.970000,2.040000,2.040000,62500
2020-04-23,2.020000,2.179000,1.860000,1.957000,1.957000,174200
2020-04-24,1.700000,1.950000,1.700000,1.810000,1.810000,283400
2020-04-27,1.790000,1.870000,1.700000,1.850000,1.850000,120100
2020-04-28,1.860000,1.980000,1.820000,1.890000,1.890000,93200
2020-04-29,1.960000,2.081000,1.880000,2.010000,2.010000,100200
2020-04-30,1.960000,2.074000,1.910000,1.930000,1.930000,50000
2020-05-01,1.900000,1.950000,1.750000,1.780000,1.780000,130600
2020-05-04,1.810000,1.945000,1.700000,1.820000,1.820000,61700
2020-05-05,1.880000,1.940000,1.840000,1.890000,1.890000,64500
2020-05-06,1.900000,2.050000,1.870000,1.930000,1.930000,122100
2020-05-07,1.910000,1.990000,1.830000,1.870000,1.870000,74800
2020-05-08,1.870000,1.940000,1.820000,1.870000,1.870000,123100
2020-05-11,2.070000,2.150000,1.840000,2.000000,2.000000,414300
2020-05-12,2.050000,2.450000,1.980000,2.160000,2.160000,379200
2020-05-13,2.400000,2.400000,2.000000,2.250000,2.250000,419000
2020-05-14,2.300000,2.300000,1.760000,2.010000,2.010000,338800
2020-05-15,2.010000,2.053000,1.913000,2.000000,2.000000,105300
2020-05-18,2.050000,2.050000,1.910000,2.010000,2.010000,137700
2020-05-19,2.020000,2.020000,1.910000,1.910000,1.910000,80100
2020-05-20,1.920000,2.020000,1.900000,1.920000,1.920000,232000
2020-05-21,1.950000,1.980000,1.900000,1.900000,1.900000,65700
2020-05-22,1.900000,1.990000,1.810000,1.970000,1.970000,542000
2020-05-26,2.190000,2.200000,2.030000,2.080000,2.080000,796600
2020-05-27,2.150000,2.150000,1.980000,2.050000,2.050000,375900
2020-05-28,2.000000,2.188000,1.910000,2.090000,2.090000,1825300
2020-05-29,2.380000,2.450000,2.110000,2.300000,2.300000,2489100
2020-06-01,2.150000,2.300000,2.020000,2.230000,2.230000,895100
2020-06-02,2.190000,2.340000,2.160000,2.230000,2.230000,748400
2020-06-03,2.220000,2.400000,2.164000,2.332000,2.332000,952300
2020-06-04,2.330000,2.390000,2.160000,2.200000,2.200000,700300
2020-06-05,2.050000,2.170000,2.000000,2.030000,2.030000,612600
2020-06-08,2.090000,2.190000,2.070000,2.130000,2.130000,443600
2020-06-09,2.140000,2.170000,2.070000,2.120000,2.120000,337500
2020-06-10,2.100000,2.160000,2.060000,2.070000,2.070000,216400
2020-06-11,1.990000,2.140000,1.910000,1.980000,1.980000,746900
2020-06-12,2.070000,2.072000,1.900000,2.000000,2.000000,187600
2020-06-15,2.020000,2.120000,1.940000,2.070000,2.070000,175900
2020-06-16,2.090000,2.090000,1.980000,2.020000,2.020000,166600
2020-06-17,2.100000,2.100000,2.000000,2.010000,2.010000,189700
2020-06-18,2.010000,2.080000,2.010000,2.020000,2.020000,140500
2020-06-19,2.060000,2.060000,1.970000,2.010000,2.010000,210700
2020-06-22,2.000000,2.000000,1.930000,1.980000,1.980000,135800
2020-06-23,1.990000,2.050000,1.950000,1.950000,1.950000,124200
2020-06-24,1.940000,1.950000,1.830000,1.890000,1.890000,243400
2020-06-25,1.860000,1.960000,1.840000,1.890000,1.890000,429000
2020-06-26,2.110000,2.200000,2.010000,2.050000,2.050000,717700
2020-06-29,2.050000,2.150000,1.950000,2.020000,2.020000,319300
2020-06-30,2.020000,2.020000,1.950000,1.960000,1.960000,185000
2020-07-01,1.950000,1.983000,1.880000,1.940000,1.940000,224800
2020-07-02,1.960000,1.970000,1.870000,1.930000,1.930000,163400
2020-07-06,1.960000,1.960000,1.760000,1.850000,1.850000,259000
2020-07-07,1.860000,1.930000,1.820000,1.880000,1.880000,97100
2020-07-08,1.860000,1.895000,1.830000,1.840000,1.840000,77400
2020-07-09,1.840000,2.050000,1.840000,1.900000,1.900000,638800
2020-07-10,1.950000,1.960000,1.860000,1.900000,1.900000,175500
2020-07-13,1.950000,1.950000,1.850000,1.890000,1.890000,235500
2020-07-14,1.900000,1.960000,1.840000,1.900000,1.900000,211400
2020-07-15,1.940000,1.990000,1.890000,1.980000,1.980000,271200
2020-07-16,2.220000,2.270000,1.920000,2.020000,2.020000,3963000
2020-07-17,1.950000,1.960000,1.870000,1.920000,1.920000,551600
2020-07-20,1.880000,1.920000,1.830000,1.860000,1.860000,389700
2020-07-21,1.900000,1.900000,1.810000,1.870000,1.870000,246400
2020-07-22,1.850000,1.870000,1.830000,1.850000,1.850000,124000
2020-07-23,1.830000,1.870000,1.800000,1.810000,1.810000,187900
2020-07-24,1.810000,1.855000,1.760000,1.830000,1.830000,251000
2020-07-27,1.800000,1.800000,1.700000,1.710000,1.710000,220200
2020-07-28,1.710000,1.720000,1.661000,1.700000,1.700000,131600
2020-07-29,1.700000,1.740000,1.620000,1.700000,1.700000,160800
2020-07-30,1.720000,1.820000,1.660000,1.760000,1.760000,279200
2020-07-31,1.740000,1.760000,1.650000,1.650000,1.650000,145500
2020-08-03,1.650000,1.700000,1.610000,1.680000,1.680000,229200
2020-08-04,1.680000,2.040000,1.670000,1.940000,1.940000,3184200
2020-08-05,2.080000,2.080000,1.900000,1.960000,1.960000,1059900
2020-08-06,1.920000,1.920000,1.760000,1.810000,1.810000,487400
2020-08-07,1.780000,1.900000,1.760000,1.870000,1.870000,189100
2020-08-10,1.870000,1.870000,1.820000,1.830000,1.830000,233500
2020-08-11,1.850000,1.850000,1.700000,1.700000,1.700000,239800
2020-08-12,1.740000,1.750000,1.650000,1.660000,1.660000,233600