Date,Open,High,Low,Close,Adj Close,Volume
2016-09-28,8.530000,34.880001,7.360000,28.879999,28.879999,24500
2016-09-29,33.669998,33.669998,16.059999,16.384001,16.384001,19400
2016-09-30,15.260000,15.614000,10.000000,11.190000,11.190000,116000
2016-10-03,11.000000,11.000000,9.000000,9.130000,9.130000,29700
2016-10-04,9.130000,9.130000,7.020000,7.080000,7.080000,114200
2016-10-05,7.000000,7.500000,6.150000,6.200000,6.200000,65000
2016-10-06,6.460000,7.387000,5.990000,6.620000,6.620000,93900
2016-10-07,6.910000,7.490000,6.250000,6.350000,6.350000,84900
2016-10-10,6.030000,6.430000,5.292000,5.750000,5.750000,50300
2016-10-11,5.760000,6.100000,5.390000,5.400000,5.400000,60700
2016-10-12,5.210000,5.935000,5.150000,5.230000,5.230000,37900
2016-10-13,5.450000,5.540000,5.000000,5.050000,5.050000,28600
2016-10-14,5.442000,5.442000,5.030000,5.230000,5.230000,40400
2016-10-17,5.680000,5.700000,5.166000,5.390000,5.390000,44000
2016-10-18,5.700000,5.750000,5.110000,5.490000,5.490000,42500
2016-10-19,5.240000,5.600000,5.240000,5.600000,5.600000,28100
2016-10-20,5.572000,5.607000,5.300000,5.520000,5.520000,30900
2016-10-21,5.600000,5.600000,5.300000,5.400000,5.400000,36300
2016-10-24,5.450000,5.550000,5.260000,5.400000,5.400000,41000
2016-10-25,5.300000,5.400000,5.140000,5.300000,5.300000,65800
2016-10-26,5.280000,5.700000,5.000000,5.180000,5.180000,75600
2016-10-27,5.230000,5.331000,5.000000,5.000000,5.000000,29500
2016-10-28,5.000000,5.150000,4.800000,4.900000,4.900000,10900
2016-10-31,4.780000,5.028000,4.510000,4.600000,4.600000,42500
2016-11-01,4.720000,4.850000,4.270000,4.300000,4.300000,50100
2016-11-02,4.260000,4.410000,3.390000,3.570000,3.570000,26600
2016-11-03,3.600000,4.000000,3.600000,3.800000,3.800000,9100
2016-11-04,4.070000,4.070000,3.470000,3.470000,3.470000,15800
2016-11-07,3.810000,3.880000,3.700000,3.780000,3.780000,15900
2016-11-08,3.950000,3.950000,3.515000,3.620000,3.620000,8900
2016-11-09,3.600000,3.950000,3.570000,3.710000,3.710000,26400
2016-11-10,3.870000,5.780000,3.863000,5.050000,5.050000,203900
2016-11-11,5.000000,5.441000,4.630000,4.810000,4.810000,40400
2016-11-14,5.090000,5.090000,4.390000,4.800000,4.800000,28500
2016-11-15,4.709000,5.203000,4.408000,4.630000,4.630000,51200
2016-11-16,4.720000,5.500000,4.700000,4.890000,4.890000,49600
2016-11-17,4.950000,6.330000,4.950000,5.600000,5.600000,290800
2016-11-18,5.980000,5.980000,5.200000,5.550000,5.550000,34200
2016-11-21,5.176000,5.624000,4.700000,4.850000,4.850000,79600
2016-11-22,4.920000,4.956000,4.351000,4.625000,4.625000,83200
2016-11-23,4.560000,4.700000,4.010000,4.390000,4.390000,26900
2016-11-25,4.370000,4.370000,4.030000,4.220000,4.220000,44200
2016-11-28,4.340000,5.000000,4.010000,4.370000,4.370000,69200
2016-11-29,4.430000,4.440000,4.050000,4.350000,4.350000,26400
2016-11-30,4.427000,4.463000,4.153000,4.280000,4.280000,22400
2016-12-01,4.260000,4.500000,4.100000,4.500000,4.500000,44000
2016-12-02,4.610000,4.700000,4.200000,4.440000,4.440000,96400
2016-12-05,4.440000,4.600000,4.100000,4.320000,4.320000,12000
2016-12-06,4.440000,4.470000,4.250000,4.450000,4.450000,5700
2016-12-07,4.350000,4.700000,4.170000,4.670000,4.670000,57700
2016-12-08,4.810000,4.900000,4.450000,4.900000,4.900000,45500
2016-12-09,4.590000,4.794000,4.450000,4.640000,4.640000,55500
2016-12-12,4.560000,4.600000,4.250000,4.580000,4.580000,43800
2016-12-13,4.590000,4.590000,4.150000,4.440000,4.440000,22600
2016-12-14,4.440000,4.440000,4.010000,4.140000,4.140000,19200
2016-12-15,4.170000,4.646000,4.140000,4.270000,4.270000,17000
2016-12-16,4.270000,4.350000,4.010000,4.020000,4.020000,46200
2016-12-19,4.095000,4.500000,4.095000,4.230000,4.230000,14400
2016-12-20,4.280000,4.280000,4.050000,4.150000,4.150000,12700
2016-12-21,4.100000,4.197000,3.660000,4.040000,4.040000,22000
2016-12-22,4.160000,4.160000,3.950000,4.040000,4.040000,2400
2016-12-23,4.160000,4.160000,4.050000,4.130000,4.130000,2500
2016-12-27,3.800000,4.210000,3.800000,4.110000,4.110000,10300
2016-12-28,4.100000,4.100000,3.750000,3.750000,3.750000,6700
2016-12-29,4.140000,4.195000,3.760000,4.000000,4.000000,6300
2016-12-30,4.010000,4.249000,4.000000,4.200000,4.200000,9500
2017-01-03,4.200000,4.200000,3.930000,3.930000,3.930000,9900
2017-01-04,4.190000,4.190000,3.820000,3.820000,3.820000,10300
2017-01-05,4.020000,4.020000,3.810000,3.930000,3.930000,11900
2017-01-06,4.080000,4.080000,3.790000,3.820000,3.820000,11600
2017-01-09,4.010000,4.010000,3.850000,3.880000,3.880000,12600
2017-01-10,3.980000,3.980000,3.870000,3.890000,3.890000,11000
2017-01-11,3.887000,3.887000,3.840000,3.885000,3.885000,9300
2017-01-12,3.930000,3.930000,3.860000,3.930000,3.930000,7800
2017-01-13,3.950000,3.950000,3.820000,3.840000,3.840000,10200
2017-01-17,3.940000,3.940000,3.840000,3.880000,3.880000,8600
2017-01-18,3.920000,3.920000,3.780000,3.860000,3.860000,10600
2017-01-19,3.840000,3.850000,3.800000,3.810000,3.810000,9900
2017-01-20,3.880000,3.880000,3.670000,3.850000,3.850000,32800
2017-01-23,3.980000,4.250000,3.845000,3.845000,3.845000,37100
2017-01-24,3.900000,4.000000,3.760000,3.760000,3.760000,5100
2017-01-25,3.870000,3.870000,3.650000,3.710000,3.710000,3700
2017-01-26,3.660000,3.853000,3.600000,3.750000,3.750000,12800
2017-01-27,3.660000,3.660000,3.560000,3.660000,3.660000,3200
2017-01-30,3.660000,3.660000,3.520000,3.520000,3.520000,12600
2017-01-31,3.700000,3.829000,3.510000,3.510000,3.510000,4500
2017-02-01,3.540000,3.685000,3.540000,3.600000,3.600000,16200
2017-02-02,3.620000,3.620000,3.560000,3.570000,3.570000,5500
2017-02-03,3.600000,3.610000,3.580000,3.580000,3.580000,7100
2017-02-06,3.560000,3.650000,3.500000,3.560000,3.560000,6000
2017-02-07,3.570000,3.588000,3.050000,3.210000,3.210000,48900
2017-02-08,3.130000,3.205000,3.020000,3.020000,3.020000,21900
2017-02-09,3.040000,3.340000,3.030000,3.340000,3.340000,22800
2017-02-10,3.310000,3.640000,3.250000,3.520000,3.520000,38400
2017-02-13,3.563000,3.800000,3.360000,3.740000,3.740000,39200
2017-02-14,3.740000,3.830000,3.550000,3.550000,3.550000,26300
2017-02-15,3.610000,3.990000,3.590000,3.760000,3.760000,39900
2017-02-16,4.100000,4.339000,3.650000,3.790000,3.790000,107800
2017-02-17,3.990000,4.080000,3.695000,3.820000,3.820000,75600
2017-02-21,3.950000,4.200000,3.890000,3.910000,3.910000,34700
2017-02-22,3.860000,3.940000,3.840000,3.890000,3.890000,17900
2017-02-23,3.901000,3.990000,3.840000,3.870000,3.870000,6500
2017-02-24,3.970000,3.990000,3.850000,3.980000,3.980000,25200
2017-02-27,3.930000,4.085000,3.870000,3.960000,3.960000,20900
2017-02-28,3.930000,3.970000,3.420000,3.790000,3.790000,29100
2017-03-01,3.710000,4.000000,3.600000,3.750000,3.750000,23200
2017-03-02,3.690000,3.870000,3.650000,3.700000,3.700000,18200
2017-03-03,3.760000,3.850000,3.750000,3.820000,3.820000,20300
2017-03-06,3.800000,3.813000,3.430000,3.650000,3.650000,18900
2017-03-07,3.640000,3.650000,3.560000,3.630000,3.630000,14400
2017-03-08,3.710000,3.800000,3.610000,3.780000,3.780000,19600
2017-03-09,3.710000,3.865000,3.610000,3.760000,3.760000,17400
2017-03-10,3.760000,3.890000,3.720000,3.830000,3.830000,17300
2017-03-13,4.100000,4.100000,3.830000,3.990000,3.990000,18700
2017-03-14,4.150000,4.150000,3.830000,3.840000,3.840000,22200
2017-03-15,4.070000,4.070000,3.810000,3.810000,3.810000,20100
2017-03-16,3.950000,3.960000,3.830000,3.840000,3.840000,13200
2017-03-17,3.900000,4.100000,3.860000,4.100000,4.100000,15800
2017-03-20,3.950000,3.960000,3.860000,3.870000,3.870000,15200
2017-03-21,3.900000,3.930000,3.900000,3.920000,3.920000,8300
2017-03-22,3.900000,3.900000,3.800000,3.800000,3.800000,12400
2017-03-23,3.900000,3.900000,3.860000,3.860000,3.860000,15300
2017-03-24,3.900000,3.900000,3.830000,3.880000,3.880000,17100
2017-03-27,3.760000,3.870000,3.650000,3.870000,3.870000,19400
2017-03-28,3.700000,4.200000,3.650000,4.200000,4.200000,76300
2017-03-29,4.106000,4.950000,4.100000,4.920000,4.920000,117300
2017-03-30,4.820000,5.292000,4.630000,5.250000,5.250000,279200
2017-03-31,5.190000,5.190000,4.600000,4.660000,4.660000,37600
2017-04-03,4.950000,4.950000,4.610000,4.900000,4.900000,18000
2017-04-04,4.730000,5.150000,4.710000,4.810000,4.810000,109800
2017-04-05,4.840000,5.140000,4.810000,4.970000,4.970000,62600
2017-04-06,5.070000,5.070000,4.680000,4.760000,4.760000,47300
2017-04-07,4.760000,4.890000,4.500000,4.880000,4.880000,107700
2017-04-10,4.840000,5.050000,4.600000,4.620000,4.620000,83200
2017-04-11,4.680000,5.190000,3.830000,4.620000,4.620000,234800
2017-04-12,4.660000,4.800000,4.500000,4.580000,4.580000,35600
2017-04-13,4.650000,4.800000,4.510000,4.650000,4.650000,8000
2017-04-17,4.760000,4.790000,4.330000,4.790000,4.790000,74200
2017-04-18,4.800000,4.900000,4.550000,4.740000,4.740000,22900
2017-04-19,4.900000,4.900000,4.520000,4.890000,4.890000,42700
2017-04-20,4.900000,4.900000,4.620000,4.750000,4.750000,9400
2017-04-21,4.710000,4.710000,4.600000,4.600000,4.600000,21000
2017-04-24,4.950000,4.950000,4.420000,4.550000,4.550000,54100
2017-04-25,4.540000,4.540000,4.270000,4.340000,4.340000,43200
2017-04-26,4.450000,4.800000,4.280000,4.800000,4.800000,70900
2017-04-27,4.790000,4.950000,4.310000,4.519000,4.519000,57600
2017-04-28,4.450000,4.690000,4.330000,4.500000,4.500000,44000
2017-05-01,4.690000,4.690000,4.300000,4.360000,4.360000,25200
2017-05-02,4.400000,4.600000,4.250000,4.440000,4.440000,70300
2017-05-03,4.450000,4.450000,4.210000,4.210000,4.210000,36200
2017-05-04,4.230000,4.490000,4.170000,4.230000,4.230000,53700
2017-05-05,4.450000,4.450000,3.720000,4.010000,4.010000,122100
2017-05-08,4.100000,4.340000,4.100000,4.160000,4.160000,47600
2017-05-09,4.100000,4.510000,4.070000,4.500000,4.500000,78900
2017-05-10,4.480000,4.500000,4.100000,4.360000,4.360000,60800
2017-05-11,4.480000,4.484000,4.250000,4.390000,4.390000,14400
2017-05-12,4.260000,4.340000,3.950000,4.010000,4.010000,52600
2017-05-15,3.920000,4.300000,3.920000,4.180000,4.180000,44400
2017-05-16,4.240000,4.250000,3.990000,4.150000,4.150000,6500
2017-05-17,4.250000,4.250000,3.811000,3.980000,3.980000,23300
2017-05-18,3.980000,4.140000,3.850000,3.990000,3.990000,12800
2017-05-19,4.180000,4.300000,4.150000,4.250000,4.250000,39800
2017-05-22,4.250000,4.440000,4.239000,4.440000,4.440000,46100
2017-05-23,4.440000,4.500000,4.280000,4.500000,4.500000,48200
2017-05-24,4.407000,4.490000,4.300000,4.460000,4.460000,40900
2017-05-25,4.240000,4.450000,4.050000,4.430000,4.430000,116000
2017-05-26,4.205000,4.390000,4.000000,4.050000,4.050000,37800
2017-05-30,4.071000,4.160000,3.880000,4.030000,4.030000,30400
2017-05-31,4.050000,4.110000,3.900000,4.059000,4.059000,61900
2017-06-01,4.140000,4.140000,3.800000,3.990000,3.990000,97500
2017-06-02,4.080000,4.080000,3.780000,3.810000,3.810000,46300
2017-06-05,3.820000,3.850000,3.600000,3.780000,3.780000,36100
2017-06-06,3.940000,3.940000,3.620000,3.720000,3.720000,8300
2017-06-07,3.650000,3.940000,3.500000,3.920000,3.920000,79300
2017-06-08,3.890000,4.040000,3.510000,3.800000,3.800000,152200
2017-06-09,3.701000,3.900000,3.300000,3.320000,3.320000,173600
2017-06-12,3.410000,3.640000,3.190000,3.400000,3.400000,62000
2017-06-13,3.410000,3.540000,3.288000,3.300000,3.300000,42000
2017-06-14,3.455000,3.590000,3.310000,3.480000,3.480000,64200
2017-06-15,3.590000,3.850000,3.580000,3.760000,3.760000,44100
2017-06-16,3.830000,3.830000,3.500000,3.670000,3.670000,66200
2017-06-19,3.620000,3.840000,3.610000,3.730000,3.730000,52200
2017-06-20,3.850000,3.850000,3.460000,3.605000,3.605000,53100
2017-06-21,3.560000,3.710000,3.550000,3.680000,3.680000,20900
2017-06-22,3.560000,3.780000,3.400000,3.780000,3.780000,53300
2017-06-23,3.620000,3.680000,3.500000,3.600000,3.600000,81700
2017-06-26,3.600000,3.659000,3.390000,3.390000,3.390000,64900
2017-06-27,3.420000,3.604000,3.300000,3.310000,3.310000,26400
2017-06-28,3.400000,3.400000,3.110000,3.150000,3.150000,43300
2017-06-29,3.260000,3.260000,3.050000,3.050000,3.050000,7300
2017-06-30,3.070000,3.150000,2.900000,3.010000,3.010000,19900
2017-07-03,3.030000,3.030000,2.700000,2.730000,2.730000,37900
2017-07-05,2.730000,2.770000,2.350000,2.410000,2.410000,70700
2017-07-06,2.470000,2.590000,2.219000,2.219000,2.219000,64800
2017-07-07,2.380000,2.420000,2.320000,2.320000,2.320000,13300
2017-07-10,2.330000,2.600000,2.320000,2.350000,2.350000,22700
2017-07-11,2.309000,2.560000,2.185000,2.390000,2.390000,52900
2017-07-12,2.490000,2.500000,2.290000,2.360000,2.360000,53300
2017-07-13,2.350000,2.470000,2.120000,2.140000,2.140000,92700
2017-07-14,2.180000,2.240000,2.050000,2.167000,2.167000,54600
2017-07-17,2.130000,2.250000,2.110000,2.160000,2.160000,23600
2017-07-18,2.180000,2.290000,1.950000,1.990000,1.990000,68500
2017-07-19,1.988000,2.090000,1.988000,2.040000,2.040000,27200
2017-07-20,2.003000,2.135000,2.000000,2.070000,2.070000,16700
2017-07-21,2.220000,2.220000,2.060000,2.220000,2.220000,42000
2017-07-24,2.220000,2.260000,2.060000,2.190000,2.190000,36000
2017-07-25,2.110000,2.190000,2.110000,2.190000,2.190000,20200
2017-07-26,2.179000,2.200000,2.100000,2.200000,2.200000,13800
2017-07-27,2.134000,2.250000,2.130000,2.250000,2.250000,28600
2017-07-28,2.230000,2.230000,2.130000,2.150000,2.150000,17000
2017-07-31,2.130000,2.160000,2.020000,2.120000,2.120000,35000
2017-08-01,2.130000,2.130000,1.950000,2.060000,2.060000,52100
2017-08-02,2.029000,2.060000,1.830000,2.060000,2.060000,67200
2017-08-03,2.055000,2.055000,1.940000,1.980000,1.980000,12000
2017-08-04,2.000000,2.000000,1.960000,1.960000,1.960000,800
2017-08-07,1.960000,2.020000,1.950000,1.980000,1.980000,10500
2017-08-08,1.988000,2.030000,1.988000,2.030000,2.030000,9800
2017-08-09,2.049000,2.050000,1.990000,2.000000,2.000000,5700
2017-08-10,1.970000,2.024000,1.900000,1.940000,1.940000,18600
2017-08-11,1.965000,1.980000,1.850000,1.850000,1.850000,32600
2017-08-14,1.830000,1.840000,1.720000,1.790000,1.790000,20100
2017-08-15,1.870000,1.970000,1.780000,1.880000,1.880000,36600
2017-08-16,1.870000,1.980000,1.830000,1.980000,1.980000,61900
2017-08-17,1.970000,2.720000,1.960000,2.180000,2.180000,292200
2017-08-18,2.071000,2.380000,2.070000,2.220000,2.220000,30500
2017-08-21,2.200000,2.210000,2.060000,2.170000,2.170000,76700
2017-08-22,2.190000,2.300000,2.100000,2.260000,2.260000,32800
2017-08-23,2.260000,2.348000,2.210000,2.290000,2.290000,13000
2017-08-24,2.320000,2.388000,2.300000,2.310000,2.310000,18100
2017-08-25,2.330000,2.380000,2.310000,2.370000,2.370000,32900
2017-08-28,2.370000,2.380000,2.300000,2.380000,2.380000,14600
2017-08-29,2.340000,2.400000,2.210000,2.330000,2.330000,38400
2017-08-30,2.310000,2.540000,2.310000,2.510000,2.510000,155900
2017-08-31,2.510000,2.720000,2.420000,2.720000,2.720000,143300
2017-09-01,2.750000,2.870000,2.740000,2.830000,2.830000,40300
2017-09-05,2.831000,2.996000,2.831000,2.990000,2.990000,34100
2017-09-06,2.990000,3.000000,2.740000,2.800000,2.800000,26300
2017-09-07,2.820000,2.820000,2.600000,2.670000,2.670000,32500
2017-09-08,2.800000,2.910000,2.650000,2.900000,2.900000,33600
2017-09-11,2.970000,3.069000,2.920000,3.069000,3.069000,47300
2017-09-12,3.060000,3.070000,2.870000,3.070000,3.070000,53000
2017-09-13,3.080000,3.150000,3.050000,3.150000,3.150000,44000
2017-09-14,3.170000,3.170000,2.953000,3.140000,3.140000,6500
2017-09-15,3.140000,3.180000,3.056000,3.180000,3.180000,37400
2017-09-18,3.130000,3.170000,3.100000,3.150000,3.150000,6900
2017-09-19,3.140000,3.140000,3.010000,3.060000,3.060000,11700
2017-09-20,3.010000,3.180000,3.000000,3.180000,3.180000,20800
2017-09-21,3.150000,3.700000,3.137000,3.680000,3.680000,193200
2017-09-22,3.550000,3.610000,3.210000,3.230000,3.230000,68900
2017-09-25,3.319000,3.320000,2.810000,2.970000,2.970000,13400
2017-09-26,2.990000,2.990000,2.490000,2.656000,2.656000,63600
2017-09-27,2.580000,2.680000,2.570000,2.670000,2.670000,12500
2017-09-28,2.551000,2.650000,2.550000,2.600000,2.600000,3200
2017-09-29,2.590000,2.640000,2.580000,2.590000,2.590000,11800
2017-10-02,2.680000,2.680000,2.610000,2.640000,2.640000,8500
2017-10-03,2.600000,2.810000,2.510000,2.680000,2.680000,29200
2017-10-04,2.760000,2.760000,2.540000,2.600000,2.600000,26000
2017-10-05,2.610000,2.610000,2.610000,2.610000,2.610000,1600
2017-10-06,2.600000,2.600000,2.510000,2.550000,2.550000,19600
2017-10-09,2.530000,2.530000,2.210000,2.320000,2.320000,22100
2017-10-10,2.330000,2.330000,2.300000,2.310000,2.310000,5200
2017-10-11,2.280000,2.500000,2.200000,2.320000,2.320000,76800
2017-10-12,2.300000,2.320000,2.190000,2.300000,2.300000,23300
2017-10-13,2.250000,2.250000,2.210000,2.240000,2.240000,6800
2017-10-16,2.320000,2.414000,2.114000,2.380000,2.380000,71400
2017-10-17,2.270000,2.450000,2.250000,2.380000,2.380000,35300
2017-10-18,2.350000,2.450000,2.323000,2.380000,2.380000,6100
2017-10-19,2.350000,2.979000,2.300000,2.460000,2.460000,133400
2017-10-20,2.440000,2.600000,2.400000,2.550000,2.550000,38200
2017-10-23,2.510000,2.540000,2.461000,2.520000,2.520000,12100
2017-10-24,2.520000,2.650000,2.490000,2.629000,2.629000,15900
2017-10-25,2.610000,2.749000,2.590000,2.680000,2.680000,3500
2017-10-26,2.750000,2.900000,2.710000,2.780000,2.780000,59500
2017-10-27,2.860000,4.380000,2.860000,3.640000,3.640000,2590600
2017-10-30,3.640000,3.940000,3.398000,3.520000,3.520000,209700
2017-10-31,3.500000,3.637000,3.360000,3.400000,3.400000,57100
2017-11-01,3.420000,4.150000,3.420000,3.800000,3.800000,289700
2017-11-02,3.900000,4.460000,3.760000,4.340000,4.340000,206400
2017-11-03,4.330000,4.350000,3.860000,4.110000,4.110000,134400
2017-11-06,4.060000,4.060000,3.657000,3.750000,3.750000,104100
2017-11-07,3.810000,4.150000,3.810000,3.980000,3.980000,77400
2017-11-08,3.830000,4.600000,3.750000,4.150000,4.150000,362700
2017-11-09,4.150000,4.190000,3.830000,3.930000,3.930000,251300
2017-11-10,3.910000,3.980000,3.800000,3.810000,3.810000,31100
2017-11-13,3.820000,3.920000,3.700000,3.840000,3.840000,90600
2017-11-14,3.750000,3.876000,3.660000,3.810000,3.810000,32100
2017-11-15,3.710000,3.801000,3.651000,3.750000,3.750000,35900
2017-11-16,3.840000,4.010000,3.680000,3.800000,3.800000,133300
2017-11-17,3.750000,3.880000,3.750000,3.750000,3.750000,22400
2017-11-20,3.700000,3.780000,3.520000,3.530000,3.530000,77900
2017-11-21,3.840000,3.880000,3.060000,3.260000,3.260000,290800
2017-11-22,3.230000,3.273000,3.090000,3.220000,3.220000,39100
2017-11-24,3.080000,3.135000,2.750000,2.770000,2.770000,114700
2017-11-27,2.810000,2.870000,2.770000,2.790000,2.790000,49800
2017-11-28,2.790000,2.803000,2.489000,2.550000,2.550000,72100
2017-11-29,2.610000,2.700000,2.310000,2.400000,2.400000,112600
2017-11-30,2.323000,2.440000,2.300000,2.330000,2.330000,38600
2017-12-01,2.440000,2.440000,2.360000,2.410000,2.410000,82800
2017-12-04,2.470000,2.850000,2.350000,2.617000,2.617000,224100
2017-12-05,2.680000,2.840000,2.680000,2.820000,2.820000,77500
2017-12-06,2.710000,2.790000,2.600000,2.750000,2.750000,41400
2017-12-07,2.750000,2.750000,2.600000,2.610000,2.610000,18300
2017-12-08,2.600000,2.750000,2.600000,2.620000,2.620000,15600
2017-12-11,2.780000,3.480000,2.780000,2.955000,2.955000,591900
2017-12-12,2.970000,3.100000,2.920000,2.960000,2.960000,77600
2017-12-13,3.040000,3.170000,2.800000,2.880000,2.880000,282600
2017-12-14,2.850000,2.990000,2.600000,2.790000,2.790000,154300
2017-12-15,2.950000,2.950000,2.640000,2.750000,2.750000,79200
2017-12-18,3.340000,3.540000,2.760000,2.800000,2.800000,1435700
2017-12-19,2.710000,2.760000,2.520000,2.570000,2.570000,350500
2017-12-20,2.560000,2.700000,2.560000,2.690000,2.690000,39100
2017-12-21,2.690000,2.690000,2.550000,2.570000,2.570000,48700
2017-12-22,2.580000,2.616000,2.500000,2.520000,2.520000,64700
2017-12-26,2.540000,2.540000,2.450000,2.470000,2.470000,30600
2017-12-27,2.600000,2.680000,2.490000,2.590000,2.590000,47900
2017-12-28,2.590000,2.630000,2.470000,2.500000,2.500000,95800
2017-12-29,2.450000,2.460000,2.210000,2.300000,2.300000,146100
2018-01-02,2.350000,2.350000,2.208000,2.260000,2.260000,77700
2018-01-03,2.270000,2.430000,2.230000,2.360000,2.360000,57000
2018-01-04,2.390000,2.500000,2.310000,2.460000,2.460000,92000
2018-01-05,2.580000,2.580000,2.380000,2.550000,2.550000,111100
2018-01-08,2.410000,2.480000,2.345000,2.470000,2.470000,52700
2018-01-09,2.400000,2.410000,2.350000,2.410000,2.410000,35700
2018-01-10,2.410000,2.410000,2.350000,2.390000,2.390000,28600
2018-01-11,2.440000,2.440000,2.220000,2.300000,2.300000,79300
2018-01-12,2.293000,2.390000,2.250000,2.340000,2.340000,52700
2018-01-16,2.410000,2.420000,2.250000,2.320000,2.320000,33100
2018-01-17,2.320000,2.360000,2.300000,2.320000,2.320000,27200
2018-01-18,2.330000,2.500000,2.290000,2.390000,2.390000,172700
2018-01-19,2.370000,2.400000,2.290000,2.380000,2.380000,31800
2018-01-22,2.310000,2.388000,2.100000,2.150000,2.150000,121900
2018-01-23,2.154000,2.240000,2.150000,2.170000,2.170000,31300
2018-01-24,2.210000,2.240000,2.150000,2.240000,2.240000,22500
2018-01-25,2.240000,2.290000,2.180000,2.240000,2.240000,14100
2018-01-26,2.240000,2.260000,2.180000,2.219000,2.219000,19900
2018-01-29,2.260000,2.260000,2.156000,2.180000,2.180000,40600
2018-01-30,2.140000,2.180000,2.100000,2.120000,2.120000,63700
2018-01-31,2.120000,2.120000,1.910000,1.980000,1.980000,150900
2018-02-01,1.970000,1.980000,1.870000,1.900000,1.900000,46900
2018-02-02,1.900000,1.910000,1.699000,1.780000,1.780000,61400
2018-02-05,1.700000,1.820000,1.560000,1.650000,1.650000,202200
2018-02-06,1.500000,1.670000,1.480000,1.630000,1.630000,170200
2018-02-07,1.612000,1.700000,1.580000,1.650000,1.650000,39900
2018-02-08,1.608000,1.650000,1.550000,1.610000,1.610000,26500
2018-02-09,1.550000,1.550000,1.310000,1.410000,1.410000,343400
2018-02-12,1.430000,1.570000,1.420000,1.550000,1.550000,149600
2018-02-13,1.760000,2.220000,1.650000,2.050000,2.050000,977700
2018-02-14,1.930000,2.350000,1.803000,2.270000,2.270000,728700
2018-02-15,2.280000,2.400000,1.751000,2.060000,2.060000,301400
2018-02-16,2.040000,2.220000,1.850000,2.000000,2.000000,95900
2018-02-20,1.930000,2.120000,1.930000,2.060000,2.060000,54100
2018-02-21,2.060000,2.120000,1.860000,2.060000,2.060000,74600
2018-02-22,2.050000,2.160000,1.971000,2.130000,2.130000,82700
2018-02-23,2.150000,2.200000,2.052000,2.080000,2.080000,64100
2018-02-26,2.070000,2.140000,1.980000,1.980000,1.980000,149700
2018-02-27,1.980000,2.050000,1.780000,1.870000,1.870000,100600
2018-02-28,1.862000,1.920000,1.800000,1.890000,1.890000,15800
2018-03-01,1.990000,1.990000,1.800000,1.920000,1.920000,61200
2018-03-02,1.890000,2.050000,1.810000,1.960000,1.960000,36400
2018-03-05,1.970000,1.980000,1.840000,1.890000,1.890000,25300
2018-03-06,1.834000,1.940000,1.830000,1.890000,1.890000,15000
2018-03-07,1.870000,1.910000,1.810000,1.900000,1.900000,16500
2018-03-08,1.890000,1.960000,1.857000,1.870000,1.870000,20300
2018-03-09,1.870000,1.900000,1.780000,1.830000,1.830000,37800
2018-03-12,1.840000,1.840000,1.710000,1.780000,1.780000,76500
2018-03-13,1.840000,1.870000,1.710000,1.870000,1.870000,19900
2018-03-14,1.770000,1.856000,1.760000,1.820000,1.820000,38900
2018-03-15,1.850000,2.050000,1.850000,1.910000,1.910000,118400
2018-03-16,1.890000,1.930000,1.740000,1.860000,1.860000,86000
2018-03-19,1.800000,1.840000,1.670000,1.720000,1.720000,29600
2018-03-20,1.700000,1.740000,1.580000,1.710000,1.710000,81100
2018-03-21,1.680000,1.760000,1.590000,1.740000,1.740000,66800
2018-03-22,1.661000,1.940000,1.661000,1.710000,1.710000,137400
2018-03-23,1.750000,1.820000,1.680000,1.750000,1.750000,92800
2018-03-26,1.790000,1.810000,1.720000,1.770000,1.770000,29000
2018-03-27,1.780000,1.789000,1.711000,1.730000,1.730000,16200
2018-03-28,1.800000,1.800000,1.710000,1.790000,1.790000,4500
2018-03-29,1.780000,1.780000,1.620000,1.620000,1.620000,29200
2018-04-02,1.640000,1.680000,1.580000,1.680000,1.680000,60200
2018-04-03,1.690000,1.690000,1.400000,1.510000,1.510000,130000
2018-04-04,1.540000,1.638000,1.520000,1.620000,1.620000,9900
2018-04-05,1.610000,1.644000,1.550000,1.590000,1.590000,11700
2018-04-06,1.630000,1.630000,1.550000,1.630000,1.630000,12500
2018-04-09,1.659000,1.680000,1.601000,1.601000,1.601000,8500
2018-04-10,1.640000,1.640000,1.611000,1.640000,1.640000,3600
2018-04-11,1.630000,1.640000,1.590000,1.610000,1.610000,8700
2018-04-12,1.630000,1.640000,1.600000,1.610000,1.610000,3100
2018-04-13,1.640000,1.660000,1.560000,1.650000,1.650000,34900
2018-04-16,1.600000,1.650000,1.580000,1.650000,1.650000,22500
2018-04-17,1.670000,1.670000,1.600000,1.640000,1.640000,45300
2018-04-18,1.601000,1.620000,1.571000,1.600000,1.600000,19900
2018-04-19,1.600000,1.610000,1.560000,1.610000,1.610000,11700
2018-04-20,1.590000,1.620000,1.510000,1.590000,1.590000,42600
2018-04-23,1.530000,1.600000,1.530000,1.590000,1.590000,2100
2018-04-24,1.560000,1.569000,1.500000,1.560000,1.560000,14100
2018-04-25,1.530000,1.610000,1.400000,1.440000,1.440000,27700
2018-04-26,1.580000,1.580000,1.520000,1.520000,1.520000,700
2018-04-27,1.530000,1.540000,1.500000,1.510000,1.510000,6100
2018-04-30,1.500000,1.515000,1.460000,1.460000,1.460000,12100
2018-05-01,1.470000,1.540000,1.470000,1.500000,1.500000,18900
2018-05-02,1.500000,1.510000,1.460000,1.471000,1.471000,21500
2018-05-03,1.470000,1.560000,1.420000,1.487000,1.487000,197200
2018-05-04,1.560000,1.680000,1.521000,1.570000,1.570000,158700
2018-05-07,1.600000,1.640000,1.510000,1.540000,1.540000,46500
2018-05-08,1.520000,1.559000,1.480000,1.540000,1.540000,36600
2018-05-09,1.520000,1.577000,1.500000,1.500000,1.500000,34400
2018-05-10,1.540000,1.550000,1.510000,1.550000,1.550000,8600
2018-05-11,1.550000,1.611000,1.540000,1.610000,1.610000,38900
2018-05-14,1.601000,1.670000,1.600000,1.600000,1.600000,17300
2018-05-15,1.631000,1.639000,1.530000,1.610000,1.610000,87700
2018-05-16,1.670000,1.830000,1.600000,1.740000,1.740000,854400
2018-05-17,1.750000,1.750000,1.611000,1.700000,1.700000,333300
2018-05-18,2.300000,2.470000,1.920000,2.030000,2.030000,4074100
2018-05-21,2.000000,2.070000,1.830000,1.860000,1.860000,546000
2018-05-22,1.850000,1.890000,1.710000,1.760000,1.760000,299600
2018-05-23,1.810000,1.940000,1.710000,1.907000,1.907000,247000
2018-05-24,1.920000,2.021000,1.840000,1.900000,1.900000,146500
2018-05-25,1.900000,1.900000,1.810000,1.830000,1.830000,154400
2018-05-29,1.810000,1.840000,1.740000,1.760000,1.760000,30800
2018-05-30,1.760000,1.820000,1.730000,1.785000,1.785000,56800
2018-05-31,1.760000,1.800000,1.700000,1.740000,1.740000,88200
2018-06-01,1.735000,1.760000,1.680000,1.710000,1.710000,80500
2018-06-04,1.700000,1.760000,1.680000,1.730000,1.730000,70100
2018-06-05,1.720000,1.800000,1.720000,1.780000,1.780000,63500
2018-06-06,1.800000,1.840000,1.770000,1.780000,1.780000,123600
2018-06-07,1.790000,1.790000,1.710000,1.730000,1.730000,67100
2018-06-08,1.730000,1.808000,1.650000,1.778000,1.778000,119100
2018-06-11,1.770000,1.900000,1.750000,1.890000,1.890000,141400
2018-06-12,1.878000,2.050000,1.878000,1.990000,1.990000,221900
2018-06-13,2.000000,2.040000,1.900000,2.000000,2.000000,55900
2018-06-14,1.966000,2.050000,1.880000,2.020000,2.020000,54500
2018-06-15,2.000000,2.000000,1.900000,1.970000,1.970000,36200
2018-06-18,1.930000,2.040000,1.900000,1.930000,1.930000,57300
2018-06-19,1.911000,1.940000,1.820000,1.900000,1.900000,91300
2018-06-20,1.900000,1.900000,1.830000,1.880000,1.880000,84800
2018-06-21,1.840000,1.880000,1.800000,1.870000,1.870000,66200
2018-06-22,1.870000,1.870000,1.760000,1.840000,1.840000,67800
2018-06-25,1.790000,1.860000,1.690000,1.770000,1.770000,90000
2018-06-26,1.770000,1.820000,1.700000,1.783000,1.783000,60000
2018-06-27,1.790000,1.800000,1.610000,1.770000,1.770000,185400
2018-06-28,1.750000,1.760000,1.680000,1.740000,1.740000,28300
2018-06-29,1.740000,1.790000,1.640000,1.680000,1.680000,19400
2018-07-02,1.700000,1.890000,1.650000,1.870000,1.870000,222500
2018-07-03,1.810000,1.890000,1.650000,1.830000,1.830000,116400
2018-07-05,1.840000,1.900000,1.780000,1.870000,1.870000,154500
2018-07-06,1.870000,1.890000,1.731000,1.820000,1.820000,133800
2018-07-09,1.870000,1.899000,1.700000,1.710000,1.710000,162200
2018-07-10,1.820000,1.820000,1.675000,1.720000,1.720000,115900
2018-07-11,1.720000,1.720000,1.541000,1.570000,1.570000,172200
2018-07-12,1.590000,1.590000,1.390000,1.490000,1.490000,221000
2018-07-13,1.470000,1.500000,1.390000,1.450000,1.450000,92900
2018-07-16,1.500000,1.530000,1.380000,1.420000,1.420000,156900
2018-07-17,1.410000,1.500000,1.370000,1.400000,1.400000,104200
2018-07-18,1.400000,1.450000,1.330000,1.390000,1.390000,142100
2018-07-19,1.390000,1.390000,1.350000,1.370000,1.370000,48700
2018-07-20,1.370000,1.450000,1.295000,1.350000,1.350000,168900
2018-07-23,1.350000,1.390000,1.225000,1.280000,1.280000,185500
2018-07-24,1.300000,1.370000,1.278000,1.360000,1.360000,139800
2018-07-25,1.350000,1.380000,1.300000,1.330000,1.330000,82500
2018-07-26,1.310000,1.349000,1.280000,1.300000,1.300000,63500
2018-07-27,1.310000,1.370000,1.260000,1.300000,1.300000,70900
2018-07-30,1.240000,1.300000,1.240000,1.250000,1.250000,38900
2018-07-31,1.240000,1.320000,1.240000,1.300000,1.300000,134000
2018-08-01,1.290000,1.340000,1.240000,1.320000,1.320000,47900
2018-08-02,1.320000,1.350000,1.260000,1.300000,1.300000,54300
2018-08-03,1.310000,1.330000,1.280000,1.330000,1.330000,32200
2018-08-06,1.330000,1.330000,1.251000,1.290000,1.290000,37700
2018-08-07,1.265000,1.330000,1.260000,1.280000,1.280000,39300
2018-08-08,1.300000,1.300000,1.250000,1.280000,1.280000,51300
2018-08-09,1.290000,1.350000,1.250000,1.290000,1.290000,78100
2018-08-10,1.277000,1.280000,1.200000,1.228000,1.228000,102400
2018-08-13,1.230000,1.250000,1.210000,1.240000,1.240000,171100
2018-08-14,1.240000,1.240000,1.150000,1.180000,1.180000,144700
2018-08-15,1.180000,1.180000,1.050000,1.140000,1.140000,182600
2018-08-16,1.140000,1.160000,1.100000,1.150000,1.150000,81900
2018-08-17,1.118000,1.260000,1.118000,1.190000,1.190000,95900
2018-08-20,1.180000,1.350000,1.148000,1.190000,1.190000,284900
2018-08-21,1.140000,1.170000,1.081000,1.120000,1.120000,148600
2018-08-22,1.110000,1.170000,1.110000,1.150000,1.150000,43300
2018-08-23,1.120000,1.140000,1.100000,1.110000,1.110000,84400
2018-08-24,1.090000,1.100000,1.059000,1.100000,1.100000,131000
2018-08-27,1.090000,1.090000,1.030000,1.058000,1.058000,110400
2018-08-28,1.050000,1.080000,1.010000,1.030000,1.030000,72200
2018-08-29,1.020000,1.030000,0.960000,0.995000,0.995000,170500
2018-08-30,1.050000,1.058000,1.006000,1.040000,1.040000,61600
2018-08-31,1.010000,1.020000,1.000000,1.010000,1.010000,56100
2018-09-04,1.010000,1.010000,0.970000,0.980000,0.980000,125600
2018-09-05,0.988000,0.990000,0.920000,0.990000,0.990000,135900
2018-09-06,0.980000,0.980000,0.920000,0.980000,0.980000,149400
2018-09-07,0.980000,0.980000,0.930000,0.970000,0.970000,62200
2018-09-10,0.950000,0.950000,0.870000,0.898000,0.898000,264400
2018-09-11,0.890000,0.890000,0.830000,0.887000,0.887000,139600
2018-09-12,0.897000,0.980000,0.830000,0.980000,0.980000,355600
2018-09-13,1.050000,1.050000,0.956000,1.036000,1.036000,136000
2018-09-14,1.050000,1.050000,0.977000,1.018000,1.018000,101000
2018-09-17,1.010000,1.090000,0.990000,0.995000,0.995000,54400
2018-09-18,1.020000,1.020000,0.960000,1.000000,1.000000,20800
2018-09-19,1.010000,1.230000,1.000000,1.020000,1.020000,857500
2018-09-20,1.030000,1.100000,0.950000,1.070000,1.070000,300300
2018-09-21,1.090000,1.100000,1.000000,1.020000,1.020000,114300
2018-09-24,1.020000,1.060000,0.980000,1.040000,1.040000,129100
2018-09-25,1.029000,1.060000,0.985000,1.048000,1.048000,102500
2018-09-26,1.030000,1.130000,1.010000,1.050000,1.050000,128000
2018-09-27,1.040000,1.050000,0.950000,0.992000,0.992000,126300
2018-09-28,0.990000,1.010000,0.900000,1.000000,1.000000,143500
2018-10-01,0.976000,0.980000,0.914000,0.980000,0.980000,57700
2018-10-02,0.990000,0.990000,0.940000,0.945000,0.945000,59000
2018-10-03,0.950000,0.970000,0.900000,0.940000,0.940000,104700
2018-10-04,0.940000,0.960000,0.930000,0.940000,0.940000,39000
2018-10-05,0.960000,0.960000,0.900000,0.930000,0.930000,46400
2018-10-08,0.930000,0.950000,0.880000,0.908000,0.908000,140400
2018-10-09,0.910000,0.940000,0.860000,0.929000,0.929000,109900
2018-10-10,0.929000,0.930000,0.860000,0.899000,0.899000,61400
2018-10-11,0.900000,0.920000,0.850000,0.885000,0.885000,62000
2018-10-12,0.910000,0.920000,0.869000,0.920000,0.920000,81700
2018-10-15,0.920000,0.920000,0.861000,0.909000,0.909000,220800
2018-10-16,0.970000,1.030000,0.790000,0.827000,0.827000,777900
2018-10-17,0.808000,0.829000,0.692000,0.810000,0.810000,498600
2018-10-18,0.770000,0.865000,0.730000,0.779000,0.779000,666800
2018-10-19,0.800000,0.850000,0.705000,0.780000,0.780000,350600
2018-10-22,0.780000,0.800000,0.750000,0.780000,0.780000,122400
2018-10-23,0.771000,0.784000,0.720000,0.730000,0.730000,45900
2018-10-24,0.754000,0.770000,0.700000,0.750000,0.750000,68200
2018-10-25,0.720000,0.750000,0.710000,0.739000,0.739000,40400
2018-10-26,0.740000,0.740000,0.721000,0.739000,0.739000,61200
2018-10-29,0.760000,0.790000,0.735000,0.769000,0.769000,102900
2018-10-30,0.740000,0.780000,0.720000,0.760000,0.760000,59600
2018-10-31,0.780000,0.780000,0.725000,0.770000,0.770000,32900
2018-11-01,0.764000,0.789000,0.764000,0.788000,0.788000,30200
2018-11-02,0.788000,1.020000,0.788000,1.020000,1.020000,288000
2018-11-05,0.880000,0.909000,0.830000,0.900000,0.900000,302700
2018-11-06,0.910000,0.930000,0.846000,0.846000,0.846000,98700
2018-11-07,0.810000,0.880000,0.810000,0.849000,0.849000,107400
2018-11-08,0.832000,0.850000,0.750000,0.787000,0.787000,131600
2018-11-09,0.780000,0.780000,0.690000,0.738000,0.738000,94200
2018-11-12,0.748000,0.748000,0.683000,0.710000,0.710000,102900
2018-11-13,0.730000,0.730000,0.665000,0.680000,0.680000,104500
2018-11-14,0.700000,0.740000,0.680000,0.710000,0.710000,106500
2018-11-15,0.707000,0.740000,0.690000,0.710000,0.710000,72000
2018-11-16,0.700000,0.710000,0.680000,0.690000,0.690000,43900
2018-11-19,0.725000,0.725000,0.680000,0.692000,0.692000,56000
2018-11-20,0.710000,0.710000,0.669000,0.680000,0.680000,102300
2018-11-21,0.670000,0.690000,0.670000,0.681000,0.681000,101100
2018-11-23,0.690000,0.780000,0.680000,0.687000,0.687000,178100
2018-11-26,0.693000,0.750000,0.690000,0.730000,0.730000,334600
2018-11-27,0.690000,0.740000,0.680000,0.688000,0.688000,179600
2018-11-28,0.680000,0.710000,0.640000,0.688000,0.688000,99700
2018-11-29,0.675000,0.700000,0.650000,0.680000,0.680000,43100
2018-11-30,0.710000,0.710000,0.670000,0.704000,0.704000,34500
2018-12-03,0.706000,0.730000,0.675000,0.690000,0.690000,86900
2018-12-04,0.679000,0.710000,0.650000,0.670000,0.670000,54600
2018-12-06,0.667000,0.670000,0.611000,0.640000,0.640000,52100
2018-12-07,0.648000,0.689000,0.610000,0.660000,0.660000,14900
2018-12-10,0.651000,0.660000,0.600000,0.630000,0.630000,40600
2018-12-11,0.600000,0.628000,0.580000,0.595000,0.595000,82000
2018-12-12,0.581000,0.660000,0.570000,0.581000,0.581000,315800
2018-12-13,0.588000,0.588000,0.570000,0.570000,0.570000,43000
2018-12-14,0.617000,0.617000,0.540000,0.560000,0.560000,47200
2018-12-17,0.540000,0.586000,0.532000,0.579000,0.579000,65900
2018-12-18,0.561000,0.580000,0.532000,0.558000,0.558000,63700
2018-12-19,0.530000,0.568000,0.530000,0.558000,0.558000,49200
2018-12-20,0.560000,0.560000,0.522000,0.549000,0.549000,78800
2018-12-21,0.530000,0.530000,0.500000,0.530000,0.530000,71900
2018-12-24,0.520000,0.530000,0.510000,0.530000,0.530000,23500
2018-12-26,0.530000,0.625000,0.500000,0.610000,0.610000,127100
2018-12-27,0.590000,0.600000,0.560000,0.600000,0.600000,12100
2018-12-28,0.500000,0.610000,0.500000,0.590000,0.590000,82300
2018-12-31,0.560000,0.598000,0.552000,0.580000,0.580000,35300
2019-01-02,0.580000,0.630000,0.573000,0.605000,0.605000,116100
2019-01-03,0.630000,0.630000,0.570000,0.600000,0.600000,59500
2019-01-04,0.600000,0.639000,0.580000,0.610000,0.610000,149000
2019-01-07,0.595000,0.600000,0.586000,0.586000,0.586000,18500
2019-01-08,0.580000,0.610000,0.578000,0.582000,0.582000,46300
2019-01-09,0.600000,0.610000,0.570000,0.580000,0.580000,45000
2019-01-10,0.590000,0.606000,0.580000,0.581000,0.581000,20200
2019-01-11,0.590000,0.590000,0.576000,0.590000,0.590000,3500
2019-01-14,0.590000,0.600000,0.573000,0.590000,0.590000,42000
2019-01-15,0.590000,0.590000,0.580000,0.585000,0.585000,19000
2019-01-16,0.580000,0.590000,0.575000,0.580000,0.580000,23600
2019-01-17,0.580000,0.590000,0.566000,0.589000,0.589000,29900
2019-01-18,0.588000,0.588000,0.500000,0.510000,0.510000,217600
2019-01-22,0.520000,0.530000,0.500000,0.505000,0.505000,75600
2019-01-23,0.500000,0.520000,0.480000,0.520000,0.520000,67900
2019-01-24,0.505000,0.520000,0.505000,0.520000,0.520000,13000
2019-01-25,0.519000,0.549000,0.506000,0.534000,0.534000,66500
2019-01-28,0.540000,0.549000,0.500000,0.508000,0.508000,46000
2019-01-29,0.500000,0.550000,0.500000,0.529000,0.529000,168900
2019-01-30,0.530000,0.545000,0.501000,0.529000,0.529000,98200
2019-01-31,0.523000,0.550000,0.505000,0.528000,0.528000,320000
2019-02-01,0.520000,0.590000,0.520000,0.570000,0.570000,157100
2019-02-04,0.550000,0.570000,0.530000,0.560000,0.560000,108100
2019-02-05,0.560000,0.565000,0.540000,0.565000,0.565000,57800
2019-02-06,0.565000,0.580000,0.532000,0.568000,0.568000,37900
2019-02-07,0.580000,0.600000,0.516000,0.524000,0.524000,181000
2019-02-08,0.550000,0.560000,0.510000,0.529000,0.529000,32600
2019-02-11,0.520000,0.520000,0.508000,0.508000,0.508000,40300
2019-02-12,0.500000,0.540000,0.500000,0.519000,0.519000,41600
2019-02-13,0.503000,0.510000,0.433000,0.437000,0.437000,334700
2019-02-14,0.453000,0.473000,0.450000,0.460000,0.460000,89400
2019-02-15,0.460000,0.485000,0.451000,0.477000,0.477000,78700
2019-02-19,0.495000,0.535000,0.482000,0.527000,0.527000,159100
2019-02-20,0.530000,0.530000,0.495000,0.500000,0.500000,60200
2019-02-21,0.507000,0.515000,0.454000,0.499000,0.499000,90700
2019-02-22,0.490000,0.500000,0.455000,0.482000,0.482000,109800
2019-02-25,0.492000,0.530000,0.492000,0.530000,0.530000,304700
2019-02-26,0.528000,0.530000,0.505000,0.524000,0.524000,43300
2019-02-27,0.540000,0.540000,0.502000,0.502000,0.502000,74200
2019-02-28,0.530000,0.530000,0.490000,0.495000,0.495000,41800
2019-03-01,0.515000,0.540000,0.490000,0.523000,0.523000,44000
2019-03-04,0.501000,0.689000,0.501000,0.630000,0.630000,676500
2019-03-05,0.630000,0.800000,0.572000,0.780000,0.780000,1267800
2019-03-06,0.800000,0.860000,0.642000,0.705000,0.705000,910400
2019-03-07,0.680000,0.722000,0.590000,0.680000,0.680000,350600
2019-03-08,0.670000,0.670000,0.620000,0.636000,0.636000,70600
2019-03-11,0.666000,0.720000,0.660000,0.680000,0.680000,253400
2019-03-12,0.700000,0.715000,0.665000,0.700000,0.700000,39500
2019-03-13,0.704000,0.750000,0.632000,0.686000,0.686000,353100
2019-03-14,0.698000,0.698000,0.670000,0.685000,0.685000,40700
2019-03-15,0.690000,0.700000,0.640000,0.675000,0.675000,64600
2019-03-18,0.675000,0.685000,0.636000,0.660000,0.660000,105600
2019-03-19,1.430000,1.600000,1.040000,1.220000,1.220000,21686600
2019-03-20,1.380000,1.410000,1.120000,1.240000,1.240000,8249400
2019-03-21,1.120000,1.180000,1.030000,1.150000,1.150000,1658800
2019-03-22,1.210000,1.210000,1.070000,1.100000,1.100000,734000
2019-03-25,1.080000,1.130000,0.960000,1.010000,1.010000,967300
2019-03-26,1.050000,1.220000,1.020000,1.166000,1.166000,1341800
2019-03-27,1.200000,1.200000,1.050000,1.150000,1.150000,555900
2019-03-28,1.200000,1.200000,1.060000,1.140000,1.140000,688600
2019-03-29,1.150000,1.350000,1.120000,1.300000,1.300000,1580500
2019-04-01,1.310000,1.330000,1.210000,1.270000,1.270000,722700
2019-04-02,1.250000,1.279000,1.200000,1.200000,1.200000,260500
2019-04-03,1.220000,1.220000,1.068000,1.090000,1.090000,519400
2019-04-04,1.530000,1.660000,1.280000,1.580000,1.580000,14865000
2019-04-05,1.430000,1.630000,1.420000,1.480000,1.480000,2587600
2019-04-08,1.500000,1.510000,1.280000,1.440000,1.440000,959000
2019-04-09,1.360000,1.450000,1.300000,1.360000,1.360000,640700
2019-04-10,1.370000,1.420000,1.330000,1.390000,1.390000,575900
2019-04-11,1.400000,1.430000,1.330000,1.370000,1.370000,396300
2019-04-12,1.390000,1.390000,1.250000,1.270000,1.270000,430500
2019-04-15,1.250000,1.270000,1.170000,1.230000,1.230000,351100
2019-04-16,1.250000,1.290000,1.203000,1.230000,1.230000,209300
2019-04-17,1.230000,1.250000,1.200000,1.210000,1.210000,162100
2019-04-18,1.240000,1.290000,1.235000,1.270000,1.270000,235200
2019-04-22,1.320000,1.323000,1.150000,1.220000,1.220000,789200
2019-04-23,1.250000,1.250000,1.180000,1.190000,1.190000,266500
2019-04-24,1.180000,1.360000,1.160000,1.320000,1.320000,335900
2019-04-25,1.300000,1.320000,1.220000,1.260000,1.260000,229200
2019-04-26,1.250000,1.305000,1.250000,1.250000,1.250000,202700
2019-04-29,1.250000,1.285000,1.200000,1.257000,1.257000,140800
2019-04-30,1.250000,1.380000,1.170000,1.210000,1.210000,728400
2019-05-01,1.220000,1.244000,1.150000,1.150000,1.150000,218200
2019-05-02,1.150000,1.150000,1.080000,1.110000,1.110000,213100
2019-05-03,1.120000,1.180000,1.110000,1.120000,1.120000,101000
2019-05-06,1.100000,1.150000,1.080000,1.150000,1.150000,128100
2019-05-07,1.140000,1.140000,1.080000,1.130000,1.130000,156700
2019-05-08,1.100000,1.150000,1.090000,1.150000,1.150000,124900
2019-05-09,1.100000,1.130000,1.080000,1.110000,1.110000,124900
2019-05-10,1.100000,1.150000,1.080000,1.100000,1.100000,88800
2019-05-13,1.090000,1.090000,0.900000,0.960000,0.960000,507400
2019-05-14,1.050000,1.050000,0.960000,0.974000,0.974000,112300
2019-05-15,0.980000,0.980000,0.910000,0.936000,0.936000,162400
2019-05-16,0.940000,0.940000,0.801000,0.848000,0.848000,435000
2019-05-17,0.840000,0.880000,0.772000,0.810000,0.810000,155900
2019-05-20,0.815000,0.848000,0.682000,0.700000,0.700000,493900
2019-05-21,0.760000,0.760000,0.681000,0.750000,0.750000,126600
2019-05-22,0.750000,0.779000,0.707000,0.730000,0.730000,84900
2019-05-23,0.690000,0.730000,0.690000,0.710000,0.710000,115800
2019-05-24,0.738000,0.761000,0.702000,0.705000,0.705000,76800
2019-05-28,0.720000,0.780000,0.705000,0.710000,0.710000,39400
2019-05-29,0.700000,0.710000,0.651000,0.659000,0.659000,127300
2019-05-30,0.650000,0.690000,0.640000,0.664000,0.664000,86000
2019-05-31,0.654000,0.740000,0.650000,0.666000,0.666000,41900
2019-06-03,0.652000,0.688000,0.650000,0.665000,0.665000,42600
2019-06-04,0.660000,0.713000,0.660000,0.670000,0.670000,147400
2019-06-05,0.700000,0.700000,0.642000,0.642000,0.642000,106500
2019-06-06,0.670000,0.670000,0.640000,0.659000,0.659000,55600
2019-06-07,0.658000,0.700000,0.658000,0.665000,0.665000,19300
2019-06-10,0.661000,0.690000,0.614000,0.627000,0.627000,160600
2019-06-11,0.634000,0.650000,0.625000,0.646000,0.646000,82900
2019-06-12,0.657000,0.660000,0.620000,0.620000,0.620000,111700
2019-06-13,0.650000,0.651000,0.630000,0.635000,0.635000,13300
2019-06-14,0.621000,0.650000,0.621000,0.628000,0.628000,48300
2019-06-17,0.620000,0.650000,0.620000,0.622000,0.622000,22100
2019-06-18,0.621000,0.680000,0.607000,0.611000,0.611000,196700
2019-06-19,0.612000,0.700000,0.610000,0.680000,0.680000,354000
2019-06-20,0.685000,0.685000,0.650000,0.660000,0.660000,99400
2019-06-21,0.660000,0.680000,0.640000,0.662000,0.662000,24900
2019-06-24,0.690000,0.730000,0.671000,0.706000,0.706000,157800
2019-06-25,0.710000,0.730000,0.670000,0.680000,0.680000,68300
2019-06-26,0.672000,0.680000,0.630000,0.660000,0.660000,91100
2019-06-27,0.640000,0.710000,0.640000,0.680000,0.680000,111000
2019-06-28,0.675000,0.699000,0.670000,0.676000,0.676000,36500
2019-07-01,0.700000,0.701000,0.660000,0.670000,0.670000,66800
2019-07-02,0.670000,0.697000,0.670000,0.685000,0.685000,33900
2019-07-03,0.685000,0.690000,0.650000,0.660000,0.660000,36000
2019-07-05,0.680000,0.693000,0.651000,0.690000,0.690000,23200
2019-07-08,0.690000,0.728000,0.680000,0.682000,0.682000,107900
2019-07-09,0.655000,0.690000,0.650000,0.670000,0.670000,35200
2019-07-10,0.710000,0.710000,0.669000,0.680000,0.680000,58900
2019-07-11,0.699000,0.699000,0.633000,0.650000,0.650000,92100
2019-07-12,0.683000,0.683000,0.650000,0.650000,0.650000,46600
2019-07-15,0.670000,0.683000,0.650000,0.654000,0.654000,59400
2019-07-16,0.650000,0.679000,0.650000,0.657000,0.657000,107100
2019-07-17,0.657000,0.680000,0.652000,0.667000,0.667000,58600
2019-07-18,0.690000,0.690000,0.650000,0.662000,0.662000,38200
2019-07-19,0.660000,0.677000,0.650000,0.659000,0.659000,29300
2019-07-22,0.690000,0.690000,0.653000,0.665000,0.665000,67500
2019-07-23,0.654000,0.700000,0.654000,0.670000,0.670000,61300
2019-07-24,0.670000,0.680000,0.660000,0.680000,0.680000,125300
2019-07-25,0.691000,0.691000,0.654000,0.670000,0.670000,101300
2019-07-26,0.700000,0.848000,0.685000,0.750000,0.750000,1571700
2019-07-29,0.789000,0.850000,0.732000,0.764000,0.764000,533600
2019-07-30,0.770000,0.790000,0.750000,0.765000,0.765000,165000
2019-07-31,0.766000,0.780000,0.710000,0.713000,0.713000,196300
2019-08-01,0.740000,0.769000,0.680000,0.680000,0.680000,256700
2019-08-02,0.711000,0.790000,0.700000,0.755000,0.755000,502700
2019-08-05,0.729000,0.776000,0.711000,0.726000,0.726000,79400
2019-08-06,0.730000,0.790000,0.724000,0.739000,0.739000,133600
2019-08-07,0.730000,0.761000,0.680000,0.693000,0.693000,181500
2019-08-08,0.698000,0.700000,0.624000,0.665000,0.665000,154700
2019-08-09,0.670000,0.700000,0.621000,0.655000,0.655000,35900
2019-08-12,0.632000,0.700000,0.632000,0.680000,0.680000,37000
2019-08-13,0.694000,0.694000,0.602000,0.615000,0.615000,247900
2019-08-14,0.621000,0.680000,0.605000,0.615000,0.615000,58400
2019-08-15,0.603000,0.630000,0.559000,0.580000,0.580000,96700
2019-08-16,0.555000,0.620000,0.550000,0.600000,0.600000,57800
2019-08-19,0.620000,0.650000,0.581000,0.600000,0.600000,101400
2019-08-20,0.598000,0.618000,0.590000,0.590000,0.590000,41400
2019-08-21,0.607000,0.609000,0.590000,0.609000,0.609000,9800
2019-08-22,0.630000,0.630000,0.580000,0.607000,0.607000,52900
2019-08-23,0.590000,0.608000,0.590000,0.599000,0.599000,20700
2019-08-26,0.590000,0.671000,0.580000,0.620000,0.620000,746400
2019-08-27,0.594000,0.635000,0.580000,0.603000,0.603000,68500
2019-08-28,0.596000,0.630000,0.596000,0.600000,0.600000,61300
2019-08-29,0.580000,0.630000,0.580000,0.605000,0.605000,32600
2019-08-30,0.600000,0.605000,0.580000,0.600000,0.600000,46000
2019-09-03,0.583000,0.634000,0.580000,0.610000,0.610000,68800
2019-09-04,0.583000,0.624000,0.583000,0.609000,0.609000,12400
2019-09-05,0.611000,0.620000,0.550000,0.570000,0.570000,65400
2019-09-06,0.570000,0.603000,0.550000,0.600000,0.600000,19700
2019-09-09,0.600000,0.610000,0.551000,0.605000,0.605000,24000
2019-09-10,0.607000,0.609000,0.590000,0.600000,0.600000,18900
2019-09-11,0.595000,0.600000,0.560000,0.600000,0.600000,26200
2019-09-12,0.610000,0.610000,0.581000,0.610000,0.610000,25500
2019-09-13,0.600000,0.700000,0.600000,0.635000,0.635000,67300
2019-09-16,0.648000,0.648000,0.600000,0.624000,0.624000,21900
2019-09-17,0.601000,0.640000,0.601000,0.620000,0.620000,15200
2019-09-18,0.603000,0.630000,0.585000,0.610000,0.610000,6500
2019-09-19,0.640000,0.640000,0.590000,0.590000,0.590000,79000
2019-09-20,0.620000,0.620000,0.590000,0.595000,0.595000,16300
2019-09-23,0.590000,0.600000,0.570000,0.600000,0.600000,50300
2019-09-24,0.587000,0.618000,0.580000,0.590000,0.590000,21800
2019-09-25,0.585000,0.590000,0.570000,0.590000,0.590000,53200
2019-09-26,0.618000,0.618000,0.576000,0.600000,0.600000,12200
2019-09-27,0.590000,0.590000,0.521000,0.557000,0.557000,113700
2019-09-30,0.521000,0.550000,0.515000,0.530000,0.530000,147900
2019-10-01,0.535000,0.570000,0.532000,0.557000,0.557000,4800
2019-10-02,0.550000,0.550000,0.461000,0.500000,0.500000,58700
2019-10-03,0.525000,0.525000,0.480000,0.500000,0.500000,6100
2019-10-04,0.480000,0.515000,0.480000,0.511000,0.511000,8600
2019-10-07,0.488000,0.509000,0.488000,0.490000,0.490000,7400
2019-10-08,0.520000,0.520000,0.500000,0.520000,0.520000,10000
2019-10-09,0.531000,0.531000,0.504000,0.520000,0.520000,9000
2019-10-10,0.525000,0.530000,0.495000,0.530000,0.530000,20300
2019-10-11,0.520000,0.530000,0.500000,0.530000,0.530000,33100
2019-10-14,0.493000,0.520000,0.493000,0.519000,0.519000,15700
2019-10-15,0.500000,0.530000,0.500000,0.510000,0.510000,29700
2019-10-16,0.490000,0.530000,0.490000,0.510000,0.510000,97000
2019-10-17,0.530000,0.530000,0.500000,0.520000,0.520000,44400
2019-10-18,0.531000,0.531000,0.501000,0.510000,0.510000,23400
2019-10-21,0.501000,0.530000,0.500000,0.505000,0.505000,21100
2019-10-22,0.513000,0.543000,0.510000,0.543000,0.543000,29200
2019-10-23,0.510000,0.540000,0.510000,0.530000,0.530000,12400
2019-10-24,0.510000,0.540000,0.510000,0.530000,0.530000,16200
2019-10-25,0.540000,0.611000,0.512000,0.550000,0.550000,155900
2019-10-28,0.520000,0.580000,0.512000,0.548000,0.548000,30600
2019-10-29,0.529000,0.588000,0.529000,0.560000,0.560000,8600
2019-10-30,0.532000,0.565000,0.532000,0.533000,0.533000,44100
2019-10-31,0.533000,0.564000,0.527000,0.529000,0.529000,25100
2019-11-01,0.554000,0.600000,0.525000,0.525000,0.525000,28700
2019-11-04,0.540000,0.540000,0.525000,0.533000,0.533000,21000
2019-11-05,0.557000,0.580000,0.526000,0.550000,0.550000,13100
2019-11-06,0.530000,0.550000,0.510000,0.540000,0.540000,35100
2019-11-07,0.539000,0.539000,0.516000,0.520000,0.520000,34000
2019-11-08,0.519000,0.519000,0.510000,0.515000,0.515000,19600
2019-11-11,0.510000,0.512000,0.500000,0.503000,0.503000,56100
2019-11-12,0.510000,0.550000,0.500000,0.515000,0.515000,15500
2019-11-13,0.500000,0.520000,0.500000,0.512000,0.512000,19100
2019-11-14,0.500000,0.530000,0.480000,0.493000,0.493000,41400
2019-11-15,0.520000,0.520000,0.490000,0.500000,0.500000,12600
2019-11-18,0.520000,0.520000,0.470000,0.490000,0.490000,29000
2019-11-19,0.487000,0.564000,0.470000,0.503000,0.503000,77000
2019-11-20,0.558000,0.558000,0.510000,0.517000,0.517000,32500
2019-11-21,0.509000,0.554000,0.509000,0.527000,0.527000,10800
2019-11-22,0.510000,0.554000,0.510000,0.521000,0.521000,29900
2019-11-25,0.521000,0.560000,0.521000,0.560000,0.560000,56700
2019-11-26,0.570000,0.600000,0.562000,0.576000,0.576000,61900
2019-11-27,0.590000,0.600000,0.560000,0.600000,0.600000,62600
2019-11-29,0.560000,0.600000,0.550000,0.558000,0.558000,68100
2019-12-02,0.558000,0.600000,0.521000,0.590000,0.590000,34900
2019-12-03,0.589000,0.717000,0.568000,0.717000,0.717000,288700
2019-12-04,0.850000,0.940000,0.752000,0.840000,0.840000,1249100
2019-12-05,0.820000,0.830000,0.731000,0.810000,0.810000,133200
2019-12-06,0.700000,0.788000,0.700000,0.766000,0.766000,76100
2019-12-09,0.768000,1.040000,0.750000,1.010000,1.010000,949700
2019-12-10,0.890000,1.010000,0.890000,1.000000,1.000000,784200
2019-12-11,1.010000,1.070000,0.930000,1.010000,1.010000,949100
2019-12-12,0.980000,1.010000,0.950000,1.010000,1.010000,323100
2019-12-13,0.990000,1.010000,0.950000,1.000000,1.000000,492800
2019-12-16,0.970000,1.010000,0.953000,1.010000,1.010000,414300
2019-12-17,0.980000,1.010000,0.980000,0.990000,0.990000,582200
2019-12-18,1.000000,1.010000,0.958000,1.010000,1.010000,591400
2019-12-19,1.000000,1.010000,0.911000,1.009000,1.009000,404200
2019-12-20,0.980000,1.010000,0.962000,1.010000,1.010000,661900
2019-12-23,0.940000,0.940000,0.790000,0.800000,0.800000,413100
2019-12-24,0.800000,0.844000,0.762000,0.775000,0.775000,119100
2019-12-26,0.770000,0.770000,0.667000,0.715000,0.715000,435000
2019-12-27,0.717000,0.760000,0.670000,0.710000,0.710000,143900
2019-12-30,0.690000,0.721000,0.640000,0.665000,0.665000,225900
2019-12-31,0.651000,0.665000,0.600000,0.627000,0.627000,387300
2020-01-02,0.615000,0.665000,0.590000,0.625000,0.625000,279400
2020-01-03,0.590000,0.625000,0.570000,0.610000,0.610000,815400
2020-01-06,0.615000,0.675000,0.583000,0.660000,0.660000,862200
2020-01-07,0.640000,0.660000,0.590000,0.617000,0.617000,317300
2020-01-08,0.610000,0.620000,0.580000,0.612000,0.612000,151500
2020-01-09,0.593000,0.610000,0.580000,0.593000,0.593000,102200
2020-01-10,0.599000,0.670000,0.570000,0.640000,0.640000,1021900
2020-01-13,0.640000,0.640000,0.600000,0.610000,0.610000,374800
2020-01-14,0.630000,0.680000,0.601000,0.650000,0.650000,892200
2020-01-15,0.650000,0.699000,0.610000,0.648000,0.648000,743500
2020-01-16,0.665000,0.665000,0.625000,0.650000,0.650000,227700
2020-01-17,0.625000,0.660000,0.625000,0.646000,0.646000,198100
2020-01-21,0.639000,0.654000,0.600000,0.623000,0.623000,444400
2020-01-22,0.600000,0.633000,0.590000,0.602000,0.602000,102900
2020-01-23,0.598000,0.630000,0.590000,0.600000,0.600000,108700
2020-01-24,0.621000,0.640000,0.575000,0.593000,0.593000,360500
2020-01-27,0.580000,0.600000,0.550000,0.591000,0.591000,102700
2020-01-28,0.577000,0.600000,0.571000,0.590000,0.590000,114700
2020-01-29,0.582000,0.596000,0.570000,0.578000,0.578000,86100
2020-01-30,0.570000,0.590000,0.550000,0.580000,0.580000,78800
2020-01-31,0.553000,0.580000,0.553000,0.570000,0.570000,28900
2020-02-03,0.590000,0.741000,0.583000,0.730000,0.730000,2080000
2020-02-04,0.760000,0.760000,0.610000,0.610000,0.610000,596000
2020-02-05,0.611000,0.645000,0.610000,0.620000,0.620000,113400
2020-02-06,0.621000,0.667000,0.562000,0.581000,0.581000,282900
2020-02-07,0.600000,0.640000,0.580000,0.615000,0.615000,185100
2020-02-10,0.580000,0.580000,0.555000,0.563000,0.563000,143300
2020-02-11,0.560000,0.560000,0.530000,0.558000,0.558000,134500
2020-02-12,0.570000,0.580000,0.560000,0.560000,0.560000,36100
2020-02-13,0.578000,0.578000,0.560000,0.562000,0.562000,31500
2020-02-14,0.578000,0.578000,0.540000,0.540000,0.540000,59300
2020-02-18,0.530000,0.554000,0.530000,0.554000,0.554000,49200
2020-02-19,0.530000,0.553000,0.530000,0.552000,0.552000,9000
2020-02-20,0.545000,0.609000,0.545000,0.590000,0.590000,96200
2020-02-21,0.588000,0.614000,0.570000,0.590000,0.590000,94200
2020-02-24,0.580000,0.630000,0.570000,0.610000,0.610000,195000
2020-02-25,0.628000,0.628000,0.533000,0.600000,0.600000,128000
2020-02-26,0.600000,0.630000,0.544000,0.596000,0.596000,63500
2020-02-27,0.550000,0.650000,0.550000,0.610000,0.610000,350600
2020-02-28,0.620000,0.620000,0.570000,0.573000,0.573000,95700
2020-03-02,0.570000,0.610000,0.550000,0.567000,0.567000,86000
2020-03-03,0.560000,0.590000,0.551000,0.575000,0.575000,78000
2020-03-04,0.562000,0.576000,0.551000,0.570000,0.570000,64300
2020-03-05,0.572000,0.594000,0.566000,0.566000,0.566000,35500
2020-03-06,0.571000,0.640000,0.548000,0.610000,0.610000,1098800
2020-03-09,0.580000,0.610000,0.480000,0.499000,0.499000,260000
2020-03-10,0.550000,0.550000,0.480000,0.491000,0.491000,91600
2020-03-11,0.481000,0.550000,0.470000,0.495000,0.495000,114800
2020-03-12,0.470000,0.490000,0.450000,0.450000,0.450000,92100
2020-03-13,0.460000,0.500000,0.436000,0.436000,0.436000,57100
2020-03-16,0.442000,0.450000,0.351000,0.409000,0.409000,112500
2020-03-17,0.390000,0.410000,0.360000,0.398000,0.398000,84700
2020-03-18,0.350000,0.400000,0.350000,0.390000,0.390000,71500
2020-03-19,0.390000,0.409000,0.360000,0.409000,0.409000,65600
2020-03-20,0.417000,0.441000,0.370000,0.430000,0.430000,74800
2020-03-23,0.419000,0.428000,0.361000,0.406000,0.406000,54300
2020-03-24,0.389000,0.410000,0.389000,0.406000,0.406000,3700
2020-03-25,0.390000,0.410000,0.378000,0.410000,0.410000,94600
2020-03-26,0.431000,0.450000,0.400000,0.416000,0.416000,43900
2020-03-27,0.460000,0.460000,0.414000,0.429000,0.429000,70600
2020-03-30,0.420000,0.420000,0.400000,0.415000,0.415000,33900
2020-03-31,0.435000,0.480000,0.420000,0.440000,0.440000,34100
2020-04-01,0.460000,0.460000,0.402000,0.436000,0.436000,47800
2020-04-02,0.436000,0.458000,0.410000,0.430000,0.430000,71800
2020-04-03,0.450000,0.470000,0.411000,0.430000,0.430000,32900
2020-04-06,0.420000,0.460000,0.411000,0.419000,0.419000,15600
2020-04-07,0.419000,0.430000,0.419000,0.430000,0.430000,17500
2020-04-08,0.430000,0.460000,0.425000,0.447000,0.447000,26600
2020-04-09,0.448000,0.448000,0.400000,0.419000,0.419000,131500
2020-04-13,0.400000,0.440000,0.400000,0.420000,0.420000,14200
2020-04-14,0.400000,0.450000,0.400000,0.430000,0.430000,73500
2020-04-15,0.420000,0.450000,0.420000,0.423000,0.423000,14100
2020-04-16,0.424000,0.440000,0.402000,0.428000,0.428000,27100
2020-04-17,0.440000,0.440000,0.408000,0.426000,0.426000,30500
2020-04-20,0.440000,0.440000,0.407000,0.407000,0.407000,40700
2020-04-21,0.405000,0.440000,0.400000,0.430000,0.430000,57400
2020-04-22,0.430000,0.430000,0.410000,0.430000,0.430000,15700
2020-04-23,0.430000,0.430000,0.410000,0.425000,0.425000,12000
2020-04-24,0.410000,0.430000,0.401000,0.420000,0.420000,51000
2020-04-27,0.440000,0.440000,0.405000,0.427000,0.427000,38900
2020-04-28,0.440000,0.440000,0.406000,0.435000,0.435000,42200
2020-04-29,0.439000,0.474000,0.418000,0.420000,0.420000,589400
2020-04-30,0.420000,0.479000,0.405000,0.415000,0.415000,969600
2020-05-01,0.410000,0.420000,0.361000,0.398000,0.398000,289900
2020-05-04,0.410000,0.430000,0.390000,0.420000,0.420000,125100
2020-05-05,0.413000,0.440000,0.400000,0.420000,0.420000,42200
2020-05-06,0.410000,0.427000,0.402000,0.416000,0.416000,26000
2020-05-07,0.417000,0.460000,0.402000,0.425000,0.425000,175700
2020-05-08,0.430000,0.448000,0.425000,0.428000,0.428000,110000
2020-05-11,0.428000,0.450000,0.407000,0.440000,0.440000,183700
2020-05-12,0.441000,0.450000,0.410000,0.450000,0.450000,78500
2020-05-13,0.420000,0.436000,0.411000,0.435000,0.435000,40600
2020-05-14,0.420000,0.448000,0.415000,0.427000,0.427000,37300
2020-05-15,0.427000,0.440000,0.400000,0.408000,0.408000,111600
2020-05-18,0.408000,0.429000,0.390000,0.410000,0.410000,60700
2020-05-19,0.401000,0.429000,0.401000,0.429000,0.429000,18500
2020-05-20,0.428000,0.500000,0.420000,0.450000,0.450000,624500
2020-05-21,0.460000,0.470000,0.435000,0.442000,0.442000,145700
2020-05-22,0.440000,0.460000,0.422000,0.433000,0.433000,105700
2020-05-26,0.449000,0.450000,0.415000,0.424000,0.424000,129900
2020-05-27,0.400000,0.435000,0.400000,0.420000,0.420000,122400
2020-05-28,0.440000,0.440000,0.410000,0.421000,0.421000,110200
2020-05-29,0.410000,0.439000,0.383000,0.425000,0.425000,157200
2020-06-01,0.420000,0.430000,0.410000,0.420000,0.420000,24900
2020-06-02,0.420000,0.435000,0.415000,0.421000,0.421000,62600
2020-06-03,0.422000,0.440000,0.418000,0.436000,0.436000,63100
2020-06-04,0.436000,0.478000,0.436000,0.460000,0.460000,197600
2020-06-05,0.448000,0.460000,0.447000,0.456000,0.456000,71900
2020-06-08,0.444000,0.520000,0.440000,0.498000,0.498000,329200
2020-06-09,0.460000,0.619000,0.452000,0.541000,0.541000,1476200
2020-06-10,0.580000,0.600000,0.530000,0.540000,0.540000,316800
2020-06-11,0.500000,0.640000,0.500000,0.608000,0.608000,970500
2020-06-12,0.600000,0.670000,0.560000,0.630000,0.630000,745800
2020-06-15,0.607000,0.610000,0.565000,0.593000,0.593000,128000
2020-06-16,0.580000,0.600000,0.565000,0.591000,0.591000,107400
2020-06-17,0.591000,0.630000,0.575000,0.590000,0.590000,156100
2020-06-18,0.602000,0.640000,0.560000,0.629000,0.629000,390300
2020-06-19,0.630000,0.639000,0.600000,0.600000,0.600000,142600
2020-06-22,0.600000,0.620000,0.571000,0.590000,0.590000,56100
2020-06-23,0.590000,0.590000,0.560000,0.590000,0.590000,41700
2020-06-24,0.570000,0.572000,0.530000,0.556000,0.556000,142100
2020-06-25,0.550000,0.550000,0.510000,0.533000,0.533000,85800
2020-06-26,0.534000,0.547000,0.515000,0.527000,0.527000,242200
2020-06-29,0.520000,0.545000,0.520000,0.526000,0.526000,209900
2020-06-30,0.526000,0.556000,0.526000,0.539000,0.539000,216600
2020-07-01,0.532000,0.560000,0.519000,0.519000,0.519000,75900
2020-07-02,0.521000,0.536000,0.520000,0.528000,0.528000,92800
2020-07-06,0.531000,0.538000,0.510000,0.515000,0.515000,116700
2020-07-07,0.510000,0.510000,0.480000,0.510000,0.510000,213600
2020-07-08,0.497000,0.510000,0.480000,0.500000,0.500000,228600
2020-07-09,0.500000,0.535000,0.500000,0.510000,0.510000,302200
2020-07-10,0.508000,0.535000,0.500000,0.507000,0.507000,57700
2020-07-13,0.510000,0.510000,0.490000,0.499000,0.499000,71600
2020-07-14,0.490000,0.490000,0.480000,0.480000,0.480000,120900
2020-07-15,0.488000,0.500000,0.475000,0.497000,0.497000,54400
2020-07-16,0.500000,0.500000,0.480000,0.497000,0.497000,115100