Date,Open,High,Low,Close,Adj Close,Volume
2014-10-09,15.800000,16.340000,15.750000,16.000000,8.167607,5280400
2014-10-10,16.000000,17.100000,15.900000,16.700001,8.524940,350200
2014-10-13,16.490000,16.980000,16.490000,16.580000,8.463682,525300
2014-10-14,16.600000,16.610001,16.200001,16.200001,8.269703,678400
2014-10-15,16.200001,16.590000,16.200001,16.250000,8.295226,130500
2014-10-16,16.200001,16.870001,16.200001,16.639999,8.494310,122700
2014-10-17,16.920000,16.920000,16.260000,16.469999,8.407530,83000
2014-10-20,16.400000,16.400000,16.309999,16.379999,8.361588,33000
2014-10-21,16.410000,16.959999,16.400000,16.910000,8.632139,172800
2014-10-22,16.809999,17.480000,16.600000,17.200001,8.780178,137300
2014-10-23,17.230000,17.370001,16.920000,17.190001,8.775073,175200
2014-10-24,17.080000,17.219999,16.629999,17.000000,8.678083,131900
2014-10-27,16.990000,17.160000,16.750000,16.930000,8.642349,59600
2014-10-28,16.840000,17.180000,16.840000,16.920000,8.637245,81200
2014-10-29,16.959999,16.959999,16.271000,16.389999,8.366693,44400
2014-10-30,16.420000,16.500000,16.219999,16.240000,8.290120,41000
2014-10-31,16.320000,16.700001,16.250000,16.620001,8.484102,36800
2014-11-03,16.469999,16.950001,16.230000,16.701000,8.525450,33900
2014-11-04,16.620001,16.950001,16.430000,16.700001,8.524940,68000
2014-11-05,16.600000,16.750000,16.400000,16.750000,8.550464,70400
2014-11-06,16.680000,16.750000,16.299999,16.600000,8.473893,44900
2014-11-07,16.500000,16.750000,16.469999,16.740000,8.545359,57200
2014-11-10,16.750000,16.900000,16.510000,16.750000,8.550464,108400
2014-11-11,16.680000,17.000000,16.650000,16.750000,8.550464,48900
2014-11-12,16.660000,16.750000,16.510000,16.600000,8.473893,38400
2014-11-13,16.530001,16.750000,16.160000,16.450001,8.397323,129200
2014-11-14,16.629999,16.730000,16.340000,16.430000,8.387114,29100
2014-11-17,16.420000,16.820000,16.320000,16.600000,8.473893,23100
2014-11-18,16.540001,16.680000,16.400999,16.420000,8.382007,41800
2014-11-19,16.450001,16.600000,16.209999,16.469999,8.407530,365300
2014-11-20,16.309999,16.559999,16.309999,16.500000,8.422845,19400
2014-11-21,16.452999,16.691999,16.360001,16.500000,8.422845,50100
2014-11-24,16.379999,16.440001,16.150000,16.150000,8.244177,26000
2014-11-25,16.100000,16.639999,15.990000,16.450001,8.397323,58800
2014-11-26,16.270000,16.270000,16.132999,16.180000,8.259494,7500
2014-11-28,16.080000,16.090000,14.680000,14.930000,7.621400,57500
2014-12-01,14.930000,15.200000,12.110000,12.140000,6.197172,112900
2014-12-02,12.140000,13.530000,12.140000,12.320000,6.289058,153300
2014-12-03,12.370000,13.230000,12.320000,12.650000,6.457514,113400
2014-12-04,12.560000,12.980000,12.100000,12.770000,6.518772,101900
2014-12-05,13.020000,13.020000,12.610000,12.660000,6.462619,29100
2014-12-08,12.810000,12.880000,12.110000,12.450000,6.355419,45600
2014-12-09,12.300000,14.780000,12.140000,14.250000,7.274276,125100
2014-12-10,14.220000,14.910000,13.190000,13.290000,6.784219,260600
2014-12-11,13.300000,14.250000,13.180000,13.940000,7.116027,187000
2014-12-12,13.690000,13.690000,13.190000,13.200000,6.738276,20600
2014-12-15,13.260000,13.530000,12.590000,12.740000,6.503458,64700
2014-12-16,12.900000,13.250000,12.780000,13.250000,6.763799,65000
2014-12-17,13.300000,13.300000,12.860000,13.230000,6.753591,236200
2014-12-18,13.510000,13.710000,13.180000,13.420000,6.850580,212400
2014-12-19,12.950000,13.310000,12.570000,12.670000,6.467725,79300
2014-12-22,12.700000,13.114000,12.600000,12.830000,6.549400,34900
2014-12-23,13.060000,14.100000,13.004000,13.550000,6.916943,100700
2014-12-24,13.220000,13.600000,13.220000,13.600000,6.942465,6000
2014-12-26,13.559000,14.070000,13.559000,13.860000,7.075191,6300
2014-12-29,14.000000,14.210000,13.740000,14.190000,7.243646,48400
2014-12-30,14.050000,14.140000,14.050000,14.140000,7.218123,6100
2014-12-31,14.110000,14.740000,14.030000,14.170000,7.233438,305700
2015-01-02,14.060000,14.570000,14.000000,14.410000,7.355952,10400
2015-01-05,14.650000,14.890000,14.200000,14.200000,7.248752,14700
2015-01-06,14.380000,14.490000,14.010000,14.080000,7.187494,121000
2015-01-07,14.070000,14.470000,13.250000,13.300000,6.789323,143600
2015-01-08,13.310000,14.350000,13.310000,14.000000,7.146655,54800
2015-01-09,14.212000,14.830000,13.730000,14.030000,7.161972,110100
2015-01-12,14.380000,14.880000,13.950000,14.700000,7.503990,31800
2015-01-13,14.910000,14.910000,14.030000,14.450000,7.376371,18800
2015-01-14,14.450000,14.500000,13.580000,14.010000,7.151761,61300
2015-01-15,14.230000,15.060000,13.980000,14.260000,7.279383,39100
2015-01-16,14.460000,14.550000,13.570000,14.450000,7.376371,58200
2015-01-20,14.390000,14.390000,13.780000,13.970000,7.131344,29300
2015-01-21,14.310000,14.610000,13.790000,13.790000,7.039457,14800
2015-01-22,13.790000,14.000000,13.590000,13.960000,7.126239,15200
2015-01-23,13.730000,13.980000,13.660000,13.980000,7.136446,14100
2015-01-26,13.770000,14.080000,13.610000,13.790000,7.039457,10400
2015-01-27,13.600000,14.310000,13.580000,13.580000,6.932257,29600
2015-01-28,13.864000,13.980000,13.000000,13.000000,6.636180,28600
2015-01-29,13.260000,13.990000,13.000000,13.020000,6.646392,10800
2015-01-30,13.260000,13.560000,13.010000,13.060000,6.666809,14500
2015-02-02,13.510000,13.560000,13.050000,13.060000,6.666809,10400
2015-02-03,13.380000,13.400000,12.960000,13.000000,6.636180,60200
2015-02-04,12.820000,13.180000,12.741000,12.830000,6.549400,20900
2015-02-05,12.990000,13.520000,12.560000,12.890000,6.707592,22900
2015-02-06,13.000000,13.310000,12.800000,12.970000,6.749223,31500
2015-02-09,12.930000,13.390000,12.580000,12.580000,6.546278,9100
2015-02-10,12.610000,12.920000,12.610000,12.870000,6.697186,11200
2015-02-11,12.670000,13.385000,12.560000,13.210000,6.874111,13000
2015-02-12,13.680000,13.680000,12.760000,13.090000,6.811668,12800
2015-02-13,13.130000,13.130000,12.780000,12.780000,6.650352,50400
2015-02-17,12.870000,13.250000,12.680000,12.890000,6.707592,25100
2015-02-18,12.900000,12.900000,12.770000,12.830000,6.676370,22700
2015-02-19,12.900000,12.900000,12.830000,12.900000,6.712796,1900
2015-02-20,12.900000,13.190000,12.800000,13.190000,6.863704,24600
2015-02-23,13.230000,13.230000,12.780000,12.890000,6.707592,15700
2015-02-24,12.710000,13.000000,12.610000,12.890000,6.707592,17900
2015-02-25,13.040000,13.040000,12.510000,12.510000,6.509851,38000
2015-02-26,12.500000,13.000000,12.500000,12.870000,6.697186,16100
2015-02-27,12.940000,13.210000,12.940000,13.210000,6.874111,7700
2015-03-02,13.300000,13.310000,12.890000,12.920000,6.723205,11900
2015-03-03,13.120000,13.130000,12.254000,12.360000,6.431797,63000
2015-03-04,12.250000,12.469000,12.250000,12.260000,6.379758,41100
2015-03-05,12.250000,12.900000,12.100000,12.750000,6.634741,16100
2015-03-06,13.080000,13.180000,12.800000,12.800000,6.660759,4100
2015-03-09,12.740000,13.000000,12.740000,12.905000,6.715398,6100
2015-03-10,12.740000,13.400000,12.714000,12.970000,6.749223,18400
2015-03-11,12.760000,12.989000,12.640000,12.650000,6.582703,11400
2015-03-12,12.650000,13.000000,12.540000,12.740000,6.629537,19600
2015-03-13,12.640000,13.000000,12.630000,12.800000,6.660759,24700
2015-03-16,12.720000,12.960000,12.610000,12.720000,6.619130,63100
2015-03-17,12.660000,13.030000,12.610000,12.620000,6.567093,11800
2015-03-18,12.610000,12.940000,12.600000,12.860000,6.691981,36100
2015-03-19,13.065000,13.600000,12.770000,13.450000,6.999002,18100
2015-03-20,13.400000,13.770000,12.600000,12.600000,6.556685,37700
2015-03-23,12.650000,13.210000,12.400000,12.920000,6.723205,17000
2015-03-24,12.900000,13.460000,12.900000,13.040000,6.785649,9000
2015-03-25,13.270000,13.765000,13.150000,13.370000,6.957371,8600
2015-03-26,13.540000,13.730000,13.286000,13.330000,6.936558,8000
2015-03-27,13.500000,14.110000,13.500000,13.560000,7.056244,66400
2015-03-30,13.830000,14.090000,13.600000,13.920000,7.243577,16300
2015-03-31,13.900000,14.060000,13.710000,13.980000,7.274799,80500
2015-04-01,14.000000,14.320000,13.700000,14.090000,7.332040,44200
2015-04-02,13.900000,14.095000,13.810000,14.040000,7.306019,146400
2015-04-06,14.080000,14.400000,14.080000,14.080000,7.326835,11900
2015-04-07,14.040000,14.564000,13.713000,14.390000,7.488153,77700
2015-04-08,14.420000,14.810000,14.120000,14.640000,7.618243,21100
2015-04-09,14.520000,14.610000,14.400000,14.470000,7.529781,4900
2015-04-10,14.550000,14.585000,14.370000,14.580000,7.587022,5100
2015-04-13,14.690000,15.340000,14.500000,14.500000,7.545393,16700
2015-04-14,14.730000,14.830000,14.320000,14.770000,7.685892,10400
2015-04-15,14.790000,14.890000,14.510000,14.510000,7.550597,60100
2015-04-16,14.690000,15.005000,14.600000,14.600000,7.597430,8400
2015-04-17,14.870000,14.870000,14.580000,14.670000,7.633854,4300
2015-04-20,14.780000,14.840000,14.620000,14.650000,7.623448,16000
2015-04-21,14.810000,15.050000,14.500000,14.500000,7.545393,26000
2015-04-22,14.570000,14.680000,14.500000,14.540000,7.566206,13800
2015-04-23,14.550000,14.550000,14.220000,14.535000,7.563604,13300
2015-04-24,14.620000,14.950000,14.500000,14.500000,7.545393,4100
2015-04-27,14.650000,15.050000,14.650000,14.980000,7.795171,11800
2015-04-28,14.700000,14.858000,14.400000,14.510000,7.550597,13900
2015-04-29,14.650000,14.890000,14.120000,14.540000,7.566206,19900
2015-04-30,14.730000,14.920000,14.410000,14.410000,7.498558,96500
2015-05-01,14.620000,14.939000,14.150000,14.330000,7.456928,86700
2015-05-04,14.530000,14.932000,14.380000,14.680000,7.639059,30400
2015-05-05,14.630000,15.000000,14.300000,15.000000,7.805577,40000
2015-05-06,14.990000,14.990000,14.550000,14.800000,7.701504,13000
2015-05-07,14.550000,14.720000,14.020000,14.220000,7.546540,7300
2015-05-08,14.170000,14.390000,14.120000,14.180000,7.525312,8100
2015-05-11,14.140000,14.390000,13.950000,13.950000,7.403250,14400
2015-05-12,13.950000,14.120000,13.110000,13.170000,6.989306,17500
2015-05-13,13.070000,14.000000,12.940000,13.520000,7.175051,14500
2015-05-14,13.660000,15.150000,13.650000,14.510000,7.700444,28100
2015-05-15,14.460000,15.380000,14.460000,15.090000,8.008247,7300
2015-05-18,15.368000,15.368000,14.710000,14.760000,7.833118,6000
2015-05-19,14.700000,14.950000,14.700000,14.700000,7.801275,192000
2015-05-20,14.750000,14.840000,14.230000,14.400000,7.642066,329700
2015-05-21,14.540000,14.540000,13.800000,13.970000,7.413867,22200
2015-05-22,13.920000,14.500000,13.880000,14.170000,7.520005,30300
2015-05-26,14.470000,14.470000,13.730000,13.980000,7.419172,24600
2015-05-27,14.040000,14.040000,13.590000,13.590000,7.212199,31800
2015-05-28,13.600000,13.600000,13.230000,13.270000,7.042376,19400
2015-05-29,13.260000,13.810000,13.250000,13.500000,7.164435,14400
2015-06-01,13.369000,13.760000,13.010000,13.010000,6.904394,27900
2015-06-02,13.200000,13.317000,13.090000,13.140000,6.973385,5400
2015-06-03,13.220000,13.350000,12.840000,12.920000,6.856631,99300
2015-06-04,12.990000,12.990000,12.550000,12.640000,6.708036,21800
2015-06-05,12.650000,12.920000,12.140000,12.320000,6.538211,25300
2015-06-08,12.350000,12.550000,12.030000,12.070000,6.405537,18800
2015-06-09,12.190000,12.810000,11.930000,12.590000,6.681501,57500
2015-06-10,12.530000,12.590000,12.290000,12.450000,6.607202,2800
2015-06-11,12.610000,12.610000,12.430000,12.430000,6.596589,8000
2015-06-12,12.440000,12.630000,12.270000,12.500000,6.633737,14900
2015-06-15,12.390000,13.360000,12.380000,13.050000,6.925623,14800
2015-06-16,13.120000,13.120000,12.700000,12.860000,6.824788,4000
2015-06-17,12.750000,12.890000,12.410000,12.890000,6.840709,3100
2015-06-18,12.702000,12.950000,12.702000,12.750000,6.766412,19600
2015-06-19,12.870000,13.140000,12.750000,12.990000,6.893779,16900
2015-06-22,13.160000,13.296000,12.970000,13.000000,6.899087,64500
2015-06-23,13.080000,13.100000,12.630000,12.790000,6.787641,16300
2015-06-24,12.970000,13.100000,12.770000,12.960000,6.877859,85300
2015-06-25,13.410000,13.410000,12.569000,12.730000,6.755798,29700
2015-06-26,12.610000,12.610000,12.180000,12.200000,6.474529,21200
2015-06-29,12.270000,12.270000,11.770000,11.850000,6.288784,18200
2015-06-30,11.780000,11.940000,11.750000,11.790000,6.256942,13700
2015-07-01,11.910000,12.055000,11.850000,12.030000,6.384310,5500
2015-07-02,11.920000,12.060000,11.380000,11.460000,6.081811,10000
2015-07-06,11.660000,11.660000,11.410000,11.580000,6.145493,10700
2015-07-07,11.600000,11.640000,11.370000,11.600000,6.156108,36200
2015-07-08,11.650000,11.810000,11.388000,11.700000,6.209177,51700
2015-07-09,11.800000,11.800000,11.470000,11.590000,6.150802,23300
2015-07-10,11.650000,11.850000,11.620000,11.820000,6.272862,20100
2015-07-13,11.820000,12.010000,11.580000,11.630000,6.172029,22100
2015-07-14,11.750000,11.840000,11.645000,11.740000,6.230406,46900
2015-07-15,11.970000,12.500000,11.740000,11.800000,6.262249,25300
2015-07-16,11.750000,11.800000,11.520000,11.520000,6.113653,18600
2015-07-17,11.489000,11.489000,10.190000,11.010000,5.842996,18400
2015-07-20,11.010000,11.160000,10.850000,10.850000,5.758085,20700
2015-07-21,10.630000,10.630000,9.770000,10.150000,5.386595,75600
2015-07-22,10.198000,10.750000,10.030000,10.650000,5.651944,31100
2015-07-23,10.520000,11.055000,10.320000,10.910000,5.789926,36000
2015-07-24,10.910000,11.110000,10.410000,10.550000,5.598875,22300
2015-07-27,10.560000,10.810000,10.070000,10.500000,5.572339,29600
2015-07-28,10.620000,10.880000,10.010000,10.780000,5.720936,47200
2015-07-29,10.950000,11.500000,10.750000,11.130000,5.906680,113400
2015-07-30,11.050000,11.210000,10.620000,11.060000,5.869531,81600
2015-07-31,11.040000,11.290000,10.630000,10.630000,5.641330,32000
2015-08-03,10.700000,10.990000,10.250000,10.340000,5.487426,31500
2015-08-04,10.450000,10.780000,10.100000,10.110000,5.365367,14200
2015-08-05,10.440000,10.440000,9.550000,9.550000,5.068175,7900
2015-08-06,9.490000,9.620000,8.790000,9.270000,5.073649,32000
2015-08-07,9.230000,9.558000,8.960000,9.470000,5.183112,27000
2015-08-10,9.500000,9.790000,9.500000,9.500000,5.199532,31100
2015-08-11,9.620000,10.330000,9.150000,9.950000,5.445825,24200
2015-08-12,9.990000,10.690000,9.770000,10.610000,5.807055,25000
2015-08-13,10.760000,11.410000,10.520000,10.950000,5.993144,25700
2015-08-14,11.040000,11.740000,10.950000,11.672000,6.388310,33300
2015-08-17,11.630000,11.770000,11.186000,11.450000,6.266803,18600
2015-08-18,11.620000,11.800000,10.750000,11.170000,6.113554,17400
2015-08-19,11.150000,11.540000,10.670000,10.840000,5.932939,23300
2015-08-20,10.780000,11.130000,10.400000,10.870000,5.949360,15300
2015-08-21,10.960000,11.380000,10.810000,11.110000,6.080715,12600
2015-08-24,11.590000,11.590000,10.890000,11.030000,6.036930,25600
2015-08-25,11.200000,11.200000,10.720000,11.000000,6.020510,51200
2015-08-26,11.000000,11.140000,10.740000,10.930000,5.982198,18500
2015-08-27,11.160000,11.200000,10.780000,10.780000,5.900101,20600
2015-08-28,11.100000,11.420000,11.000000,11.220000,6.140920,14700
2015-08-31,11.042000,11.750000,11.042000,11.210000,6.135448,18900
2015-09-01,11.310000,11.450000,11.100000,11.100000,6.075242,15800
2015-09-02,11.180000,11.480000,10.750000,10.760000,5.889154,49200
2015-09-03,10.810000,11.006000,10.465000,10.720000,5.867261,13400
2015-09-04,10.610000,11.140000,10.610000,10.810000,5.916521,32300
2015-09-08,10.930000,11.070000,10.500000,10.520000,5.757797,10700
2015-09-09,10.530000,10.600000,9.660000,9.850000,5.391093,16700
2015-09-10,9.850000,10.100000,9.710000,9.710000,5.314470,12000
2015-09-11,9.410000,9.700000,9.030000,9.420000,5.155746,8100
2015-09-14,9.610000,9.640000,9.090000,9.280000,5.079122,29200
2015-09-15,9.434000,9.620000,9.220000,9.220000,5.046282,14300
2015-09-16,9.275000,9.629000,9.090000,9.580000,5.243318,20700
2015-09-17,9.540000,9.720000,9.490000,9.700000,5.308995,11200
2015-09-18,9.850000,9.850000,9.520000,9.810000,5.369202,8100
2015-09-21,9.905000,9.905000,9.400000,9.450000,5.172165,11500
2015-09-22,9.270000,9.750000,9.270000,9.630000,5.270684,13000
2015-09-23,9.460000,9.590000,9.250000,9.520000,5.210479,14900
2015-09-24,9.610000,9.610000,9.010000,9.010000,4.931345,13100
2015-09-25,9.080000,9.370000,9.080000,9.230000,5.051756,8500
2015-09-28,9.310000,9.330000,9.000000,9.240000,5.057229,15200
2015-09-29,9.240000,9.430000,7.620000,8.030000,4.394973,45900
2015-09-30,8.030000,8.250000,7.750000,8.010000,4.384026,17200
2015-10-01,8.000000,8.650000,8.000000,8.600000,4.706944,3900
2015-10-02,8.770000,8.970000,8.550000,8.830000,4.832828,8900
2015-10-05,8.830000,8.950000,8.100000,8.360000,4.575588,9400
2015-10-06,8.690000,8.990000,8.640000,8.930000,4.887560,21200
2015-10-07,8.890000,9.280000,8.850000,9.150000,5.007970,12300
2015-10-08,9.090000,9.380000,8.910000,9.190000,5.029863,20300
2015-10-09,9.180000,9.320000,9.000000,9.060000,4.958711,20900
2015-10-12,9.080000,9.250000,8.970000,9.110000,4.986077,22000
2015-10-13,9.130000,10.100000,8.990000,9.640000,5.276157,43200
2015-10-14,9.640000,9.640000,9.110000,9.260000,5.068175,7900
2015-10-15,9.200000,9.230000,8.980000,8.980000,4.914925,8600
2015-10-16,9.020000,9.200000,8.565000,8.770000,4.799990,36600
2015-10-19,8.930000,9.210000,8.930000,9.120000,4.991551,48600
2015-10-20,9.060000,9.130000,8.970000,8.990000,4.920399,39300
2015-10-21,9.060000,9.199000,8.500000,8.650000,4.734311,35600
2015-10-22,8.700000,9.100000,8.330000,9.070000,4.964184,32700
2015-10-23,9.000000,9.060000,8.650000,8.800000,4.816409,19400
2015-10-26,8.810000,8.906000,8.650000,8.680000,4.750730,42500
2015-10-27,8.670000,8.770000,8.650000,8.690000,4.756203,15500
2015-10-28,8.820000,9.030000,8.650000,8.720000,4.772624,56200
2015-10-29,8.840000,8.989000,8.750000,8.790000,4.810936,37100
2015-10-30,9.030000,9.030000,8.750000,8.830000,4.832828,79700
2015-11-02,9.050000,9.740000,8.800000,9.560000,5.232372,249400
2015-11-03,10.240000,10.770000,9.752000,10.290000,5.631914,392100
2015-11-04,10.400000,10.690000,9.910000,10.150000,5.555290,249300
2015-11-05,10.130000,10.150000,9.390000,9.430000,5.314638,62200
2015-11-06,9.500000,9.500000,9.010000,9.400000,5.297729,61900
2015-11-09,9.900000,9.957000,9.620000,9.680000,5.455534,61200
2015-11-10,9.510000,9.960000,9.230000,9.690000,5.461170,36900
2015-11-11,9.650000,9.710000,9.330000,9.690000,5.461170,47200
2015-11-12,9.300000,9.500000,9.110000,9.320000,5.252641,33300
2015-11-13,9.260000,9.408000,9.110000,9.150000,5.156832,58400
2015-11-16,9.260000,9.841000,9.260000,9.830000,5.540073,72900
2015-11-17,9.830000,10.277000,9.830000,10.150000,5.720421,47900
2015-11-18,10.170000,10.400000,10.010000,10.200000,5.748600,58600
2015-11-19,10.400000,10.700000,10.100000,10.110000,5.697878,65800
2015-11-20,10.290000,10.360000,10.010000,10.020000,5.647153,36200
2015-11-23,10.160000,10.200000,9.900000,10.040000,5.658426,33200
2015-11-24,10.070000,10.110000,9.897000,10.020000,5.647153,12000
2015-11-25,9.820000,10.110000,9.820000,10.110000,5.697878,28700
2015-11-27,10.020000,10.080000,9.870000,10.060000,5.669699,19700
2015-11-30,10.010000,10.140000,9.970000,10.060000,5.669699,89300
2015-12-01,10.150000,10.150000,9.940000,9.940000,5.602067,21900
2015-12-02,9.900000,10.090000,9.330000,9.410000,5.303365,65200
2015-12-03,9.550000,9.770000,8.700000,9.270000,5.224464,195200
2015-12-04,9.150000,9.320000,9.000000,9.150000,5.156832,118100
2015-12-07,9.150000,9.150000,7.390000,7.500000,4.226912,144700
2015-12-08,7.490000,8.140000,7.270000,8.050000,4.536885,92600
2015-12-09,8.300000,8.420000,7.700000,8.000000,4.508706,80100
2015-12-10,7.620000,8.480000,7.582000,8.000000,4.508706,71700
2015-12-11,7.970000,8.140000,7.500000,7.560000,4.260727,72600
2015-12-14,7.400000,7.400000,6.785000,6.890000,3.883123,63200
2015-12-15,7.060000,7.250000,6.250000,7.080000,3.990205,87600
2015-12-16,6.870000,7.270000,6.770000,7.000000,3.945117,61300
2015-12-17,6.860000,7.110000,6.380000,6.380000,3.595693,60500
2015-12-18,6.500000,6.550000,6.010000,6.040000,3.404073,96700
2015-12-21,6.270000,6.270000,6.000000,6.150000,3.466067,55600
2015-12-22,6.340000,6.650000,6.230000,6.590000,3.714047,172200
2015-12-23,6.600000,7.525000,6.550000,7.420000,4.181826,178700
2015-12-24,7.420000,7.700000,7.290000,7.340000,4.136737,25400
2015-12-28,7.480000,7.480000,6.850000,7.020000,3.956389,221400
2015-12-29,6.900000,7.040000,6.350000,6.490000,3.657688,85700
2015-12-30,6.430000,6.830000,6.400000,6.770000,3.815492,44000
2015-12-31,6.790000,7.300000,6.450000,7.240000,4.080379,152300
2016-01-04,7.150000,7.830000,7.150000,7.760000,4.373445,70500
2016-01-05,7.830000,7.831000,7.060000,7.580000,4.271999,127000
2016-01-06,7.440000,7.670000,7.040000,7.180000,4.046564,41200
2016-01-07,7.100000,7.126000,6.500000,6.540000,3.685867,39800
2016-01-08,6.610000,6.910000,6.550000,6.840000,3.854944,56100
2016-01-11,6.675000,6.700000,6.230000,6.340000,3.573150,56900
2016-01-12,6.450000,6.510000,5.800000,5.880000,3.313899,76000
2016-01-13,6.090000,6.440000,5.324000,5.605000,3.158912,587700
2016-01-14,5.580000,5.900000,5.300000,5.810000,3.274447,54900
2016-01-15,5.390000,5.650000,5.320000,5.650000,3.184274,23000
2016-01-19,5.450000,5.680000,4.780000,5.180000,2.919387,56000
2016-01-20,5.210000,5.581000,4.720000,5.140000,2.896843,84400
2016-01-21,4.970000,5.650000,4.970000,5.530000,3.116643,35000
2016-01-22,5.720000,6.337000,5.720000,6.200000,3.494247,30600
2016-01-25,6.010000,6.936000,6.010000,6.180000,3.482975,29900
2016-01-26,6.460000,6.690000,6.160000,6.540000,3.685867,28500
2016-01-27,6.610000,6.940000,6.370000,6.550000,3.691502,48900
2016-01-28,6.840000,7.200000,6.660000,7.100000,4.001477,56700
2016-01-29,7.160000,7.730000,7.160000,7.700000,4.339630,53100
2016-02-01,7.560000,7.660000,7.135000,7.440000,4.193096,77200
2016-02-02,7.250000,8.110000,6.900000,7.050000,3.973298,668900
2016-02-03,7.190000,7.498000,6.720000,7.150000,4.029656,69800
2016-02-04,7.310000,7.500000,7.010000,7.330000,4.131102,50600
2016-02-05,7.400000,7.775000,7.400000,7.550000,4.255092,23500
2016-02-08,7.550000,7.651000,6.947000,7.330000,4.131102,34100
2016-02-09,7.240000,7.316000,6.397000,6.820000,3.843672,106300
2016-02-10,6.520000,6.666000,6.100000,6.290000,3.708082,55400
2016-02-11,6.290000,6.300000,5.543000,6.030000,3.554807,22200
2016-02-12,6.170000,6.460000,6.020000,6.360000,3.749350,17300
2016-02-16,6.360000,6.540000,6.210000,6.270000,3.696292,40200
2016-02-17,6.140000,6.410000,6.140000,6.370000,3.755244,46300
2016-02-18,6.460000,6.500000,6.250000,6.310000,3.719873,13900
2016-02-19,6.280000,6.300000,5.950000,6.030000,3.554807,38900
2016-02-22,6.100000,6.400000,6.100000,6.170000,3.637341,25200
2016-02-23,6.030000,6.270000,5.750000,5.860000,3.454588,140400
2016-02-24,5.750000,6.140000,5.390000,6.040000,3.560703,33400
2016-02-25,6.160000,6.852000,6.110000,6.390000,3.767034,295500
2016-02-26,6.510000,6.740000,6.500000,6.660000,3.926204,27300
2016-02-29,6.780000,7.000000,6.750000,7.000000,4.126641,15100
2016-03-01,7.000000,7.000000,6.800000,6.860000,4.044109,24200
2016-03-02,6.900000,7.000000,6.810000,6.910000,4.073585,67400
2016-03-03,6.994000,7.070000,6.850000,7.070000,4.167907,47000
2016-03-04,7.040000,7.382000,7.020000,7.230000,4.262231,65100
2016-03-07,7.250000,7.470000,7.010000,7.240000,4.268126,64500
2016-03-08,7.340000,7.340000,7.120000,7.250000,4.274022,12000
2016-03-09,7.490000,7.490000,7.190000,7.290000,4.297603,33600
2016-03-10,7.660000,7.690000,7.092000,7.400000,4.362450,28700
2016-03-11,7.390000,7.670000,7.250000,7.570000,4.462669,47200
2016-03-14,7.430000,7.640000,7.370000,7.400000,4.362450,25600
2016-03-15,7.410000,7.580000,7.360000,7.500000,4.421402,38000
2016-03-16,7.700000,8.190000,7.555000,8.060000,4.751534,20100
2016-03-17,8.140000,8.710000,7.980000,8.350000,4.922494,72400
2016-03-18,8.590000,8.700000,8.450000,8.510000,5.016818,28900
2016-03-21,8.580000,8.660000,8.230000,8.350000,4.922494,69100
2016-03-22,8.420000,8.590000,8.360000,8.460000,4.987341,21000
2016-03-23,8.450000,8.670000,8.400000,8.670000,5.111140,28800
2016-03-24,8.560000,8.590000,7.900000,8.320000,4.904807,40400
2016-03-28,8.310000,8.420000,7.940000,8.420000,4.963760,17900
2016-03-29,8.240000,8.300000,8.107000,8.300000,4.893018,7200
2016-03-30,8.410000,8.500000,8.170000,8.180000,4.822276,12100
2016-03-31,8.220000,8.360000,8.130000,8.300000,4.893018,7500
2016-04-01,8.180000,8.280000,8.010000,8.180000,4.822276,19800
2016-04-04,8.150000,8.230000,8.080000,8.080000,4.763323,28600
2016-04-05,8.000000,8.030000,7.900000,7.920000,4.669000,47300
2016-04-06,8.010000,8.160000,7.900000,8.120000,4.786903,62800
2016-04-07,8.020000,8.240000,8.020000,8.100000,4.775114,52100
2016-04-08,8.280000,8.680000,8.200000,8.280000,4.881227,103600
2016-04-11,8.300000,8.560000,8.250000,8.250000,4.863542,83700
2016-04-12,8.300000,8.800000,8.280000,8.760000,5.164197,82400
2016-04-13,8.860000,9.360000,8.810000,9.360000,5.517910,79300
2016-04-14,9.360000,9.475000,9.200000,9.245000,5.450114,44100
2016-04-15,9.250000,9.250000,8.580000,8.800000,5.187778,71400
2016-04-18,8.660000,9.220000,8.564000,9.010000,5.311576,30700
2016-04-19,9.120000,9.400000,9.100000,9.320000,5.494327,43100
2016-04-20,9.330000,9.890000,9.330000,9.700000,5.718346,78200
2016-04-21,9.600000,9.900000,9.390000,9.510000,5.606339,45400
2016-04-22,9.540000,9.640000,9.395000,9.480000,5.588651,59300
2016-04-25,9.540000,9.850000,9.410000,9.430000,5.559177,18200
2016-04-26,9.480000,9.650000,9.400000,9.450000,5.570965,40600
2016-04-27,9.550000,9.750000,9.457000,9.560000,5.635815,38600
2016-04-28,9.510000,9.630000,9.410000,9.450000,5.570965,19000
2016-04-29,9.580000,10.380000,9.560000,10.260000,6.048479,108000
2016-05-02,10.160000,10.250000,9.750000,9.820000,5.789088,65500
2016-05-03,9.750000,9.860000,8.660000,9.550000,5.629918,100900
2016-05-04,9.650000,9.962000,9.390000,9.870000,5.818565,65600
2016-05-05,9.730000,10.500000,9.550000,10.470000,6.371091,66300
2016-05-06,10.500000,11.000000,10.010000,10.930000,6.651005,86700
2016-05-09,10.800000,10.860000,9.610000,10.060000,6.121603,56700
2016-05-10,10.090000,10.800000,10.050000,10.180000,6.194624,105200
2016-05-11,10.050000,10.750000,10.050000,10.370000,6.310240,42300
2016-05-12,10.550000,10.700000,10.370000,10.630000,6.468451,66300
2016-05-13,10.650000,10.990000,10.460000,10.900000,6.632751,29700
2016-05-16,11.000000,12.000000,10.700000,11.960000,7.277769,111800
2016-05-17,12.000000,12.000000,11.100000,11.100000,6.754451,44100
2016-05-18,11.100000,11.300000,10.502000,10.520000,6.401516,33900
2016-05-19,10.410000,11.150000,10.400000,10.860000,6.608409,55000
2016-05-20,10.780000,11.264000,10.660000,11.010000,6.699687,32300
2016-05-23,10.980000,10.980000,10.680000,10.750000,6.541474,25300
2016-05-24,10.840000,11.250000,10.600000,11.030000,6.711856,32600
2016-05-25,11.229000,11.229000,10.820000,11.090000,6.748367,40900
2016-05-26,10.800000,10.990000,10.410000,10.740000,6.535388,51300
2016-05-27,10.600000,10.680000,10.200000,10.300000,6.267644,45900
2016-05-31,10.220000,10.540000,10.170000,10.420000,6.340666,21200
2016-06-01,10.420000,10.490000,9.370000,9.450000,5.750411,134800
2016-06-02,9.370000,10.000000,9.370000,9.780000,5.951219,70200
2016-06-03,9.680000,9.970000,9.500000,9.800000,5.963389,34300
2016-06-06,9.830000,9.840000,9.600000,9.650000,5.872113,86500
2016-06-07,9.650000,9.750000,9.500000,9.640000,5.866029,151600
2016-06-08,9.750000,10.170000,9.600000,10.150000,6.176369,64700
2016-06-09,10.070000,10.126000,9.940000,9.970000,6.066837,29300
2016-06-10,9.900000,10.090000,9.610000,10.040000,6.109432,26400
2016-06-13,9.890000,9.980000,9.530000,9.900000,6.024240,19200
2016-06-14,9.820000,9.820000,9.500000,9.610000,5.847773,50500
2016-06-15,9.640000,9.930000,9.590000,9.920000,6.036411,29200
2016-06-16,9.820000,9.980000,9.674000,9.780000,5.951219,15700
2016-06-17,9.850000,9.990000,9.600000,9.830000,5.981645,27000
2016-06-20,9.970000,9.970000,9.660000,9.730000,5.920794,8700
2016-06-21,9.730000,10.020000,9.730000,9.800000,5.963389,13600
2016-06-22,9.780000,10.050000,9.780000,10.000000,6.085091,19800
2016-06-23,10.120000,10.390000,10.000000,10.080000,6.133771,13600
2016-06-24,9.900000,10.000000,9.400000,9.880000,6.012071,28600
2016-06-27,9.740000,9.910000,8.880000,8.920000,5.427902,50800
2016-06-28,9.080000,9.590000,8.960000,9.000000,5.476582,78400
2016-06-29,9.130000,9.400000,9.060000,9.380000,5.707816,17000
2016-06-30,9.380000,9.650000,9.070000,9.640000,5.866029,31000
2016-07-01,9.490000,9.990000,9.395000,9.800000,5.963389,34100
2016-07-05,9.770000,9.926000,9.493000,9.640000,5.866029,31500
2016-07-06,9.640000,9.950000,9.400000,9.870000,6.005986,24400
2016-07-07,9.900000,10.340000,9.900000,10.120000,6.158113,106900
2016-07-08,10.300000,10.420000,10.010000,10.380000,6.316325,22600
2016-07-11,10.380000,10.380000,9.900000,10.230000,6.225048,61000
2016-07-12,10.330000,10.640000,9.950000,9.950000,6.054666,34500
2016-07-13,9.970000,10.040000,9.950000,9.970000,6.066837,24200
2016-07-14,10.000000,10.320000,9.800000,9.880000,6.012071,66500
2016-07-15,9.810000,10.330000,9.810000,10.080000,6.133771,27600
2016-07-18,10.070000,10.420000,9.910000,10.040000,6.109432,14200
2016-07-19,10.160000,10.370000,10.000000,10.320000,6.279813,28700
2016-07-20,10.150000,10.380000,10.120000,10.300000,6.267644,32700
2016-07-21,10.200000,10.610000,10.200000,10.440000,6.352836,40000
2016-07-22,10.380000,10.699000,10.360000,10.420000,6.340666,9100
2016-07-25,10.420000,10.560000,10.240000,10.370000,6.310240,18600
2016-07-26,10.400000,10.490000,10.040000,10.120000,6.158113,23800
2016-07-27,10.000000,10.140000,9.910000,10.000000,6.085091,29300
2016-07-28,10.000000,10.126000,9.920000,10.010000,6.091177,13100
2016-07-29,10.090000,10.600000,10.060000,10.490000,6.383261,46000
2016-08-01,10.600000,10.890000,10.190000,10.210000,6.212878,28300
2016-08-02,10.390000,10.490000,10.000000,10.390000,6.322410,51200
2016-08-03,10.320000,12.430000,10.130000,11.890000,7.235174,121200
2016-08-04,11.600000,11.810000,11.260000,11.810000,7.382064,21600
2016-08-05,11.750000,12.060000,11.430000,11.990000,7.494578,50200
2016-08-08,12.000000,12.000000,11.500000,11.520000,7.200795,40200
2016-08-09,11.650000,11.880000,11.380000,11.540000,7.213297,41900
2016-08-10,11.680000,12.000000,11.670000,11.930000,7.457073,30800
2016-08-11,11.920000,12.464000,11.670000,12.440000,7.775859,62200
2016-08-12,12.590000,12.800000,12.340000,12.480000,7.800860,86500
2016-08-15,12.600000,13.250000,12.120000,12.220000,7.638343,94600
2016-08-16,11.970000,12.300000,11.940000,12.210000,7.632092,14500
2016-08-17,12.360000,12.360000,11.870000,11.920000,7.450823,10900
2016-08-18,11.850000,12.710000,11.850000,12.680000,7.925875,22600
2016-08-19,12.530000,12.760000,12.000000,12.170000,7.607090,16500
2016-08-22,12.320000,12.320000,11.560000,11.600000,7.250803,9900
2016-08-23,11.870000,12.852000,11.580000,11.920000,7.450823,18200
2016-08-24,11.970000,12.200000,11.840000,11.940000,7.463324,11200
2016-08-25,11.830000,11.850000,11.700000,11.700000,7.313305,7800
2016-08-26,11.850000,12.200000,11.631000,12.130000,7.582086,8500
2016-08-29,11.930000,12.120000,11.540000,12.120000,7.575836,23800
2016-08-30,12.060000,12.620000,11.920000,12.610000,7.882120,28400
2016-08-31,12.540000,12.784000,12.150000,12.370000,7.732104,55600
2016-09-01,12.310000,12.600000,12.310000,12.530000,7.832115,1500
2016-09-02,12.520000,13.190000,12.420000,12.640000,7.900873,24200
2016-09-06,12.520000,12.740000,12.338000,12.740000,7.963377,15600
2016-09-07,12.750000,12.750000,12.590000,12.630000,7.894622,7900
2016-09-08,12.680000,12.680000,12.060000,12.400000,7.750854,66100
2016-09-09,12.210000,12.410000,11.970000,11.970000,7.482075,21800
2016-09-12,11.840000,12.410000,11.610000,11.700000,7.313305,45400
2016-09-13,11.650000,11.850000,11.620000,11.620000,7.263300,8100
2016-09-14,11.600000,11.765000,11.250000,11.760000,7.350812,45300
2016-09-15,11.550000,11.750000,11.400000,11.700000,7.313305,18800
2016-09-16,11.740000,11.750000,11.700000,11.740000,7.338310,4300
2016-09-19,11.720000,11.990000,11.710000,11.900000,7.438320,10300
2016-09-20,11.800000,12.119000,11.750000,11.820000,7.388314,40900
2016-09-21,11.830000,11.950000,11.630000,11.900000,7.438320,34300
2016-09-22,11.980000,11.980000,11.450000,11.660000,7.288304,47500
2016-09-23,11.690000,11.710000,11.550000,11.710000,7.319558,7500
2016-09-26,11.730000,11.815000,11.550000,11.650000,7.282054,20000
2016-09-27,11.670000,11.880000,11.650000,11.650000,7.282054,20100
2016-09-28,11.740000,11.850000,11.650000,11.800000,7.375814,15400
2016-09-29,11.800000,12.020000,11.800000,11.880000,7.425819,30100
2016-09-30,12.030000,12.530000,11.858000,12.380000,7.738354,23100
2016-10-03,12.630000,13.040000,12.479000,12.550000,7.844615,19900
2016-10-04,12.640000,13.250000,12.560000,13.210000,8.257161,84700
2016-10-05,13.250000,13.350000,12.500000,12.920000,8.075891,47300
2016-10-06,12.970000,13.060000,12.630000,12.740000,7.963377,36300
2016-10-07,12.840000,13.275000,12.840000,13.220000,8.263412,16500
2016-10-10,13.250000,13.520000,13.250000,13.520000,8.450933,37000
2016-10-11,13.570000,13.600000,13.411000,13.600000,8.500938,31400
2016-10-12,13.500000,13.690000,13.366000,13.690000,8.557194,32700
2016-10-13,13.600000,13.650000,13.500000,13.615000,8.510313,19400
2016-10-14,13.610000,14.000000,13.600000,14.000000,8.750966,65600
2016-10-17,14.000000,14.600000,13.879000,14.600000,9.126007,85800
2016-10-18,14.600000,14.600000,13.890000,14.150000,8.844728,87100
2016-10-19,14.120000,14.228000,13.710000,13.780000,8.613451,47400
2016-10-20,13.720000,14.250000,13.720000,14.250000,8.907234,19000
2016-10-21,14.140000,14.481000,14.070000,14.210000,8.882232,43600
2016-10-24,14.110000,14.500000,13.330000,13.450000,8.407177,41200
2016-10-25,13.440000,13.720000,13.335000,13.610000,8.507188,29100
2016-10-26,13.550000,13.740000,13.280000,13.740000,8.588448,9200
2016-10-27,13.708000,13.708000,13.250000,13.250000,8.282164,15500
2016-10-28,13.260000,13.571000,13.210000,13.270000,8.294665,19200
2016-10-31,13.250000,13.400000,12.550000,13.100000,8.188404,43600
2016-11-01,12.902000,13.758000,12.350000,12.650000,7.907123,23800
2016-11-02,12.150000,12.450000,11.555000,12.200000,7.625842,62000
2016-11-03,11.700000,12.050000,11.700000,11.850000,7.608509,16000
2016-11-04,11.750000,11.900000,11.600000,11.775000,7.560350,10400
2016-11-07,11.700000,12.450000,11.700000,12.450000,7.993747,27100
2016-11-08,12.600000,12.600000,12.250000,12.250000,7.865334,33300
2016-11-09,12.150000,12.800000,12.000000,12.750000,8.186366,38500
2016-11-10,13.000000,13.200000,12.750000,12.900000,8.282678,38900
2016-11-11,12.950000,13.050000,12.650000,13.050000,8.378987,25500
2016-11-14,13.250000,14.150000,13.000000,13.750000,8.828436,47800
2016-11-15,13.700000,14.000000,13.500000,13.700000,8.796331,41900
2016-11-16,13.800000,13.900000,13.550000,13.650000,8.764229,28200
2016-11-17,13.500000,13.900000,13.350000,13.400000,8.603710,31900
2016-11-18,13.500000,13.650000,13.300000,13.400000,8.603710,18700
2016-11-21,13.600000,13.900000,13.300000,13.900000,8.924746,29000
2016-11-22,13.950000,14.200000,13.250000,14.100000,9.053160,17600
2016-11-23,13.900000,14.450000,13.797000,14.400000,9.245779,33800
2016-11-25,14.300000,14.500000,14.300000,14.500000,9.309988,9000
2016-11-28,14.600000,14.600000,13.750000,13.880000,8.911905,30900
2016-11-29,13.750000,14.350000,13.550000,14.200000,9.117366,15200
2016-11-30,14.450000,14.550000,14.105000,14.200000,9.117366,9800
2016-12-01,14.300000,14.300000,14.000000,14.100000,9.053160,13400
2016-12-02,13.950000,14.400000,13.700000,14.150000,9.085263,16700
2016-12-05,14.350000,14.550000,13.760000,13.850000,8.892641,17000
2016-12-06,13.900000,14.150000,13.600000,13.650000,8.764229,50400
2016-12-07,13.800000,14.150000,13.650000,13.700000,8.796331,33700
2016-12-08,13.850000,14.000000,13.650000,13.950000,8.956848,37400
2016-12-09,14.050000,14.500000,13.900000,14.500000,9.309988,23100
2016-12-12,14.550000,15.267000,14.500000,14.900000,9.566812,62500
2016-12-13,15.000000,15.100000,14.800000,14.925000,9.582866,18800
2016-12-14,15.100000,15.450000,14.700000,15.300000,9.823641,66000
2016-12-15,15.300000,15.300000,14.400000,14.950000,9.598916,39200
2016-12-16,15.050000,15.050000,14.400000,14.400000,9.245779,44000
2016-12-19,14.700000,15.550000,14.500000,15.450000,9.919951,123200
2016-12-20,15.550000,15.900000,15.450000,15.800000,10.144676,88100
2016-12-21,15.950000,16.799999,15.750000,16.000000,10.273090,74800
2016-12-22,16.250000,16.445000,16.049999,16.150000,10.369398,30300
2016-12-23,16.400000,16.400000,15.110000,15.750000,10.112572,38200
2016-12-27,15.800000,16.600000,15.800000,16.049999,10.305193,83700
2016-12-28,16.250000,16.650000,15.900000,16.000000,10.273090,46300
2016-12-29,16.049999,16.200001,15.500000,15.650000,10.048364,32400
2016-12-30,15.650000,16.000000,15.600000,15.800000,10.144676,29200
2017-01-03,16.250000,17.500000,16.250000,16.900000,10.850949,182500
2017-01-04,16.799999,17.150000,16.200001,16.200001,10.401504,100600
2017-01-05,16.299999,16.500000,15.950000,16.000000,10.273090,48600
2017-01-06,15.950000,16.049999,15.400000,15.650000,10.048364,134400
2017-01-09,15.600000,16.495001,15.500000,16.299999,10.465710,49600
2017-01-10,16.100000,16.200001,15.550000,15.650000,10.048364,41700
2017-01-11,15.750000,16.299999,15.600000,15.950000,10.240985,19400
2017-01-12,16.100000,16.100000,15.540000,15.600000,10.016262,16500
2017-01-13,15.650000,16.150000,15.005000,15.250000,9.791538,38500
2017-01-17,15.250000,15.350000,15.100000,15.250000,9.791538,58100
2017-01-18,15.250000,15.400000,15.250000,15.300000,9.823641,21500
2017-01-19,15.350000,15.350000,15.100000,15.100000,9.695228,13700
2017-01-20,15.200000,15.650000,15.200000,15.550000,9.984159,10300
2017-01-23,15.600000,15.970000,15.600000,15.850000,10.176779,36000
2017-01-24,15.850000,15.900000,15.660000,15.700000,10.080467,48000
2017-01-25,15.750000,15.950000,15.600000,15.950000,10.240985,30100
2017-01-26,15.950000,16.295000,15.850000,16.000000,10.273090,23500
2017-01-27,16.150000,16.150000,15.800000,15.800000,10.144676,14300
2017-01-30,15.750000,15.800000,15.600000,15.650000,10.048364,21600
2017-01-31,15.750000,15.750000,15.000000,15.400000,9.887848,50600
2017-02-01,15.500000,16.049999,15.500000,16.000000,10.273090,17300
2017-02-02,16.049999,16.049999,15.700000,15.850000,10.176779,5800
2017-02-03,15.600000,15.863000,15.050000,15.200000,9.759434,68800
2017-02-06,15.250000,15.400000,14.300000,14.650000,9.406297,111100
2017-02-07,14.400000,14.900000,13.600000,14.100000,9.053160,101200
2017-02-08,14.250000,15.300000,13.850000,14.600000,9.374194,38400
2017-02-09,14.250000,15.250000,14.250000,14.750000,9.689513,40000
2017-02-10,14.750000,15.100000,14.500000,14.800000,9.722358,31900
2017-02-13,14.800000,14.800000,14.100000,14.450000,9.492438,63700
2017-02-14,14.500000,14.750000,14.400000,14.500000,9.525285,48400
2017-02-15,14.700000,14.700000,14.500000,14.600000,9.590976,20600
2017-02-16,14.500000,14.600000,14.341000,14.500000,9.525285,27300
2017-02-17,14.400000,14.550000,14.250000,14.350000,9.426747,23300
2017-02-21,14.350000,14.350000,13.900000,13.950000,9.163980,93800
2017-02-22,14.100000,14.100000,13.400000,13.650000,8.966906,56700
2017-02-23,13.400000,13.400000,13.000000,13.000000,8.539908,51200
2017-02-24,12.900000,13.000000,12.750000,12.800000,8.408527,56400
2017-02-27,12.850000,13.211000,12.850000,12.900000,8.474217,39700
2017-02-28,12.950000,13.250000,12.900000,12.950000,8.507064,44900
2017-03-01,12.950000,13.250000,12.950000,13.150000,8.638448,47000
2017-03-02,13.000000,14.100000,13.000000,13.900000,9.131135,82800
2017-03-03,13.950000,13.950000,13.100000,13.400000,8.802674,47800
2017-03-06,13.350000,13.995000,13.200000,13.650000,8.966906,29000
2017-03-07,13.550000,13.976000,13.350000,13.500000,8.868368,36100
2017-03-08,13.560000,13.650000,13.194000,13.200000,8.671293,21100
2017-03-09,13.250000,13.700000,12.750000,12.750000,8.375679,51200
2017-03-10,12.900000,13.532000,12.500000,13.350000,8.769830,40100
2017-03-13,13.250000,13.300000,12.250000,12.600000,8.277143,52700
2017-03-14,12.750000,13.008000,12.500000,13.000000,8.539908,38900
2017-03-15,13.050000,13.500000,12.900000,13.300000,8.736986,22900
2017-03-16,13.100000,13.250000,12.850000,13.024000,8.555676,20500
2017-03-17,13.050000,13.250000,12.850000,12.850000,8.441373,31800
2017-03-20,12.650000,12.650000,10.950000,12.350000,8.112914,218400
2017-03-21,12.300000,12.350000,11.875000,11.900000,7.817302,55000
2017-03-22,11.900000,11.950000,11.580000,11.700000,7.685917,60100
2017-03-23,11.500000,11.800000,11.421000,11.750000,7.718765,39300
2017-03-24,11.600000,12.145000,11.600000,11.800000,7.751611,66000
2017-03-27,11.750000,12.150000,11.550000,11.600000,7.620230,59400
2017-03-28,11.650000,11.950000,11.500000,11.950000,7.850147,100500
2017-03-29,12.000000,12.200000,11.550000,12.050000,7.915839,26900
2017-03-30,12.050000,12.550000,12.050000,12.150000,7.981530,11800
2017-03-31,12.150000,12.400000,12.100000,12.300000,8.080069,11800
2017-04-03,12.350000,12.520000,12.250000,12.450000,8.178606,44000
2017-04-04,12.450000,12.450000,12.100000,12.100000,7.948685,42400
2017-04-05,12.250000,12.400000,12.050000,12.200000,8.014378,23500
2017-04-06,12.200000,12.595000,12.200000,12.500000,8.211452,30200
2017-04-07,12.500000,12.750000,12.450000,12.600000,8.277143,17900
2017-04-10,13.300000,14.000000,13.150000,13.850000,9.098288,231700
2017-04-11,13.900000,14.350000,13.746000,14.000000,9.196826,92400
2017-04-12,14.250000,14.500000,14.150000,14.500000,9.525285,84200
2017-04-13,14.750000,14.750000,14.382000,14.500000,9.525285,59100
2017-04-17,14.600000,14.750000,14.200000,14.450000,9.492438,40900
2017-04-18,14.250000,14.750000,14.050000,14.550000,9.558129,32700
2017-04-19,14.550000,14.590000,14.005000,14.150000,9.295364,33800
2017-04-20,14.200000,14.352000,14.000000,14.100000,9.262519,29700
2017-04-21,14.000000,14.100000,13.900000,14.050000,9.229671,41600
2017-04-24,14.100000,14.250000,13.800000,13.900000,9.131135,68800
2017-04-25,13.900000,14.300000,13.800000,14.300000,9.393900,31100
2017-04-26,14.200000,14.500000,14.050000,14.150000,9.295364,17900
2017-04-27,14.150000,14.300000,13.800000,13.800000,9.065442,25100
2017-04-28,14.100000,14.150000,13.800000,13.900000,9.131135,15800
2017-05-01,14.150000,14.208000,13.800000,14.050000,9.229671,27200
2017-05-02,14.050000,14.110000,13.762000,13.850000,9.098288,40800
2017-05-03,13.950000,14.050000,13.750000,13.800000,9.065442,34000
2017-05-04,13.800000,13.900000,12.760000,12.900000,8.685051,64000
2017-05-05,12.750000,13.450000,12.750000,13.300000,8.954355,18400
2017-05-08,13.200000,13.308000,13.100000,13.210000,8.893761,10800
2017-05-09,13.150000,13.900000,13.150000,13.750000,9.257321,15300
2017-05-10,13.750000,13.800000,13.550000,13.550000,9.122671,23700
2017-05-11,13.600000,13.750000,13.550000,13.550000,9.122671,12400
2017-05-12,13.550000,14.100000,13.550000,14.000000,9.425638,41400
2017-05-15,14.250000,14.250000,13.855000,14.050000,9.459298,23800
2017-05-16,14.000000,14.200000,14.000000,14.029000,9.445161,23900
2017-05-17,14.000000,14.000000,13.700000,13.900000,9.358311,16000
2017-05-18,13.900000,13.900000,13.550000,13.650000,9.189996,5300
2017-05-19,13.700000,14.050000,13.550000,13.850000,9.324647,11400
2017-05-22,13.900000,14.100000,13.900000,14.000000,9.425638,9200
2017-05-23,14.050000,14.300000,13.854000,14.100000,9.492963,17700
2017-05-24,14.000000,14.300000,14.000000,14.100000,9.492963,24500
2017-05-25,14.100000,14.428000,14.055000,14.100000,9.492963,17200
2017-05-26,14.000000,14.031000,13.874000,13.954000,9.394667,11200
2017-05-30,13.950000,14.000000,13.650000,13.800000,9.290984,40400
2017-05-31,13.800000,13.800000,13.500000,13.500000,9.089007,15300
2017-06-01,13.550000,13.650000,13.500000,13.600000,9.156333,16300
2017-06-02,13.700000,13.700000,13.530000,13.550000,9.122671,7500
2017-06-05,13.150000,13.450000,12.700000,12.750000,8.584062,57100
2017-06-06,12.750000,13.000000,12.750000,13.000000,8.752378,15000
2017-06-07,13.000000,13.000000,12.750000,12.900000,8.685051,33200
2017-06-08,11.250000,11.300000,10.800000,11.000000,7.405857,707800
2017-06-09,11.200000,11.537000,11.100000,11.500000,7.742487,164000
2017-06-12,11.550000,11.578000,11.100000,11.150000,7.506847,74100
2017-06-13,11.200000,11.500000,11.100000,11.350000,7.641498,50600
2017-06-14,11.400000,11.445000,11.100000,11.250000,7.574173,54400
2017-06-15,11.200000,11.345000,10.800000,11.200000,7.540509,65900
2017-06-16,11.350000,11.500000,11.000000,11.400000,7.675161,35300
2017-06-19,11.500000,11.650000,11.450000,11.500000,7.742487,113300
2017-06-20,11.500000,11.550000,11.000000,11.150000,7.506847,93600
2017-06-21,11.200000,11.531000,10.900000,10.900000,7.338532,71200
2017-06-22,10.950000,11.400000,10.950000,11.250000,7.574173,53000
2017-06-23,11.400000,11.500000,11.100000,11.500000,7.742487,42700
2017-06-26,11.350000,11.450000,11.250000,11.300000,7.607834,27100
2017-06-27,11.250000,11.500000,11.250000,11.250000,7.574173,54200
2017-06-28,11.350000,11.500000,10.700000,10.850000,7.304867,220900
2017-06-29,11.000000,11.350000,10.900000,10.900000,7.338532,159100
2017-06-30,11.150000,11.350000,10.950000,11.200000,7.540509,41200
2017-07-03,11.500000,11.500000,11.200000,11.200000,7.540509,39400
2017-07-05,11.150000,11.400000,11.150000,11.200000,7.540509,25300
2017-07-06,11.300000,11.500000,11.300000,11.450000,7.708824,65900
2017-07-07,11.400000,11.500000,11.250000,11.250000,7.574173,48300
2017-07-10,11.250000,11.500000,11.200000,11.450000,7.708824,59300
2017-07-11,11.350000,11.500000,11.200000,11.200000,7.540509,19700
2017-07-12,11.300000,11.450000,11.250000,11.250000,7.574173,31400
2017-07-13,11.350000,11.500000,11.200000,11.500000,7.742487,127600
2017-07-14,11.600000,11.750000,11.550000,11.725000,7.893971,44100
2017-07-17,11.700000,11.850000,11.700000,11.800000,7.944465,79000
2017-07-18,11.850000,11.900000,11.750000,11.900000,8.011791,39100
2017-07-19,11.900000,11.900000,11.800000,11.850000,7.978129,31900
2017-07-20,11.850000,11.900000,11.800000,11.900000,8.011791,32100
2017-07-21,11.900000,11.900000,11.750000,11.800000,7.944465,33600
2017-07-24,11.700000,11.850000,11.600000,11.800000,7.944465,37700
2017-07-25,11.800000,11.850000,11.550000,11.850000,7.978129,30000
2017-07-26,11.850000,11.900000,11.500000,11.900000,8.011791,55900
2017-07-27,11.900000,11.900000,11.450000,11.600000,7.809815,52000
2017-07-28,11.600000,11.850000,11.600000,11.800000,7.944465,21800
2017-07-31,11.800000,11.900000,11.782000,11.850000,7.978129,78100
2017-08-01,11.900000,11.900000,11.850000,11.850000,7.978129,48600
2017-08-02,11.900000,11.900000,11.825000,11.900000,8.011791,102300
2017-08-03,11.650000,11.700000,11.250000,11.500000,7.970207,60900
2017-08-04,11.700000,11.700000,11.400000,11.600000,8.039515,30000
2017-08-07,11.700000,11.700000,11.400000,11.500000,7.970207,45100
2017-08-08,11.250000,11.600000,10.900000,10.950000,7.589024,113000
2017-08-09,10.950000,11.010000,10.550000,10.750000,7.450410,53000
2017-08-10,10.800000,11.000000,10.300000,10.500000,7.277144,58700
2017-08-11,10.250000,10.850000,9.850000,10.700000,7.415759,55100
2017-08-14,10.800000,11.245000,10.700000,10.700000,7.415759,65100
2017-08-15,10.700000,10.750000,10.450000,10.500000,7.277144,96700
2017-08-16,10.600000,10.700000,10.400000,10.450000,7.242492,122500
2017-08-17,10.450000,10.600000,10.400000,10.500000,7.277144,59700
2017-08-18,10.600000,10.700000,10.150000,10.550000,7.311799,139500
2017-08-21,10.550000,10.550000,10.200000,10.200000,7.069228,72700
2017-08-22,10.200000,10.550000,10.150000,10.300000,7.138534,37000
2017-08-23,10.350000,10.450000,10.150000,10.250000,7.103880,63200
2017-08-24,10.300000,10.550000,10.150000,10.500000,7.277144,49400
2017-08-25,10.550000,11.050000,10.400000,11.050000,7.658329,54600
2017-08-28,11.200000,11.300000,11.000000,11.250000,7.796943,109300
2017-08-29,11.200000,11.250000,11.000000,11.190000,7.755359,69100
2017-08-30,11.150000,11.400000,11.150000,11.400000,7.900901,98200
2017-08-31,11.400000,11.400000,11.325000,11.375000,7.883574,31500
2017-09-01,11.350000,11.400000,11.200000,11.200000,7.762290,56600
2017-09-05,11.200000,11.222000,10.300000,10.300000,7.138534,112900
2017-09-06,10.350000,10.950000,10.350000,10.700000,7.415759,115100
2017-09-07,10.450000,10.700000,9.760000,9.900000,6.861310,583200
2017-09-08,9.500000,9.500000,9.000000,9.250000,6.410820,462400
2017-09-11,9.150000,10.100000,9.100000,9.800000,6.792003,210800
2017-09-12,9.900000,10.700000,9.800000,10.450000,7.242492,237400
2017-09-13,10.750000,10.750000,10.300000,10.600000,7.346453,148400
2017-09-14,10.600000,10.612000,10.100000,10.250000,7.103880,84600
2017-09-15,10.300000,10.545000,10.300000,10.500000,7.277144,75700
2017-09-18,10.500000,10.900000,10.500000,10.850000,7.519718,81200
2017-09-19,10.900000,10.900000,10.678000,10.750000,7.450410,55000
2017-09-20,10.700000,10.900000,10.700000,10.850000,7.519718,60000
2017-09-21,10.900000,10.900000,10.800000,10.850000,7.519718,42300
2017-09-22,10.800000,10.950000,10.800000,10.850000,7.519718,32100
2017-09-25,10.850000,11.100000,10.850000,11.050000,7.658329,108200
2017-09-26,11.050000,11.250000,11.050000,11.150000,7.727635,164400
2017-09-27,11.050000,11.140000,10.950000,11.000000,7.623676,51500
2017-09-28,10.950000,11.000000,10.850000,10.950000,7.589024,29900
2017-09-29,11.000000,11.050000,10.900000,11.000000,7.623676,24400
2017-10-02,10.950000,11.000000,10.600000,10.650000,7.381104,57400
2017-10-03,10.700000,10.816000,10.400000,10.700000,7.415759,51300
2017-10-04,10.600000,10.758000,10.450000,10.600000,7.346453,26100
2017-10-05,10.550000,11.000000,10.550000,10.750000,7.450410,55200
2017-10-06,10.600000,10.790000,10.500000,10.500000,7.277144,36800
2017-10-09,10.600000,10.900000,10.600000,10.650000,7.381104,52200
2017-10-10,10.900000,10.900000,10.700000,10.800000,7.485065,20400
2017-10-11,10.650000,10.900000,10.650000,10.850000,7.519718,31400
2017-10-12,10.850000,11.075000,10.750000,11.050000,7.658329,40900
2017-10-13,11.050000,11.400000,10.905000,11.400000,7.900901,121300
2017-10-16,11.400000,11.450000,11.300000,11.400000,7.900901,37500
2017-10-17,11.300000,11.300000,11.050000,11.050000,7.658329,40300
2017-10-18,11.150000,11.250000,11.000000,11.000000,7.623676,22300
2017-10-19,11.000000,11.050000,10.900000,10.950000,7.589024,37400
2017-10-20,11.000000,11.100000,10.950000,11.100000,7.692982,37500
2017-10-23,11.200000,11.200000,10.905000,11.100000,7.692982,45300
2017-10-24,11.050000,11.083000,10.950000,11.000000,7.623676,29000
2017-10-25,11.000000,11.113000,10.900000,10.950000,7.589024,26600
2017-10-26,10.900000,11.040000,10.600000,10.750000,7.450410,31600
2017-10-27,10.800000,11.100000,10.737000,11.050000,7.658329,84700
2017-10-30,10.950000,11.150000,10.700000,10.900000,7.554371,54200
2017-10-31,11.000000,11.200000,11.000000,11.145000,7.724171,65800
2017-11-01,11.150000,11.250000,11.150000,11.225000,7.779615,41000
2017-11-02,11.200000,11.350000,11.005000,11.150000,7.727635,80600
2017-11-03,10.950000,11.050000,10.750000,10.800000,7.724061,65600
2017-11-06,10.700000,10.750000,10.300000,10.600000,7.581023,51800
2017-11-07,10.500000,10.550000,10.300000,10.350000,7.402225,69200
2017-11-08,10.350000,10.750000,10.250000,10.650000,7.616781,47200
2017-11-09,10.600000,11.000000,10.500000,10.650000,7.616781,49800
2017-11-10,10.700000,10.701000,10.350000,10.525000,7.527382,43200
2017-11-13,10.700000,10.700000,10.400000,10.425000,7.455864,37500
2017-11-14,10.450000,10.569000,10.150000,10.250000,7.330704,39900
2017-11-15,10.250000,10.450000,10.050000,10.450000,7.473743,47700
2017-11-16,10.450000,10.500000,10.150000,10.200000,7.294946,72900
2017-11-17,10.050000,10.305000,10.000000,10.300000,7.366464,94300
2017-11-20,10.350000,10.388000,10.100000,10.200000,7.294946,16100
2017-11-21,10.200000,10.200000,10.000000,10.100000,7.223427,47900
2017-11-22,10.100000,10.100000,10.000000,10.050000,7.187668,55000
2017-11-24,10.050000,10.445000,10.050000,10.150000,7.259186,21800
2017-11-27,10.200000,10.250000,10.100000,10.100000,7.223427,49700
2017-11-28,10.100000,10.220000,10.050000,10.050000,7.187668,19100
2017-11-29,10.200000,10.350000,10.150000,10.150000,7.259186,30800
2017-11-30,10.100000,10.370000,10.100000,10.150000,7.259186,12700
2017-12-01,10.150000,10.227000,10.000000,10.000000,7.151907,31100
2017-12-04,10.000000,10.190000,10.000000,10.050000,7.187668,14600
2017-12-05,10.150000,10.150000,10.000000,10.050000,7.187668,31600
2017-12-06,10.000000,10.000000,9.700000,9.875000,7.062509,65700
2017-12-07,9.850000,9.950000,9.850000,9.850000,7.044629,13200
2017-12-08,9.800000,10.450000,9.800000,10.450000,7.473743,70700
2017-12-11,10.300000,10.450000,10.150000,10.200000,7.294946,20200
2017-12-12,10.200000,10.700000,10.200000,10.500000,7.509503,145800
2017-12-13,10.600000,10.700000,10.400000,10.650000,7.616781,17700
2017-12-14,10.450000,10.700000,10.300000,10.300000,7.366464,54400
2017-12-15,10.300000,10.600000,10.300000,10.500000,7.509503,27000
2017-12-18,10.550000,10.800000,10.547000,10.550000,7.545262,47800
2017-12-19,10.550000,10.800000,10.550000,10.600000,7.581023,58900
2017-12-20,10.550000,10.690000,10.550000,10.600000,7.581023,67700
2017-12-21,10.650000,10.750000,10.625000,10.650000,7.616781,29600
2017-12-22,10.650000,10.900000,10.650000,10.725000,7.670422,39900
2017-12-26,10.650000,11.200000,10.610000,11.000000,7.867098,127900
2017-12-27,11.000000,11.200000,10.990000,11.150000,7.974377,53100
2017-12-28,11.050000,11.250000,10.900000,11.100000,7.938617,53900
2017-12-29,11.050000,11.300000,11.000000,11.250000,8.045895,58500
2018-01-02,11.300000,11.360000,11.100000,11.300000,8.081656,53800
2018-01-03,11.350000,11.600000,11.300000,11.550000,8.260454,80700
2018-01-04,11.650000,11.750000,11.250000,11.750000,8.403493,42700
2018-01-05,11.650000,11.800000,11.450000,11.550000,8.260454,20500
2018-01-08,11.550000,11.750000,11.500000,11.700000,8.367732,14300
2018-01-09,11.450000,11.600000,11.100000,11.550000,8.260454,77600
2018-01-10,11.650000,11.650000,11.450000,11.500000,8.224693,9400
2018-01-11,11.650000,11.981000,11.450000,11.550000,8.260454,157000
2018-01-12,11.600000,11.700000,11.450000,11.650000,8.331973,32000
2018-01-16,11.850000,11.950000,11.650000,11.850000,8.475010,31600
2018-01-17,12.000000,12.000000,11.650000,11.750000,8.403493,18000
2018-01-18,11.800000,11.800000,11.650000,11.750000,8.403493,49800
2018-01-19,11.750000,11.750000,11.450000,11.700000,8.367732,27500
2018-01-22,11.750000,11.800000,11.650000,11.750000,8.403493,38200
2018-01-23,11.760000,11.850000,11.600000,11.850000,8.475010,40100
2018-01-24,11.640000,11.840000,11.550000,11.750000,8.403493,13500
2018-01-25,11.850000,12.000000,11.650000,11.800000,8.439251,25400
2018-01-26,11.900000,11.900000,11.500000,11.550000,8.260454,24300
2018-01-29,11.550000,11.550000,11.200000,11.200000,8.010136,37100
2018-01-30,11.250000,11.317000,10.800000,11.200000,8.010136,31800
2018-01-31,11.050000,11.395000,10.960000,11.150000,7.974377,37000
2018-02-01,11.150000,11.300000,11.100000,11.100000,7.938617,20800
2018-02-02,11.150000,11.450000,11.000000,11.250000,8.045895,21300
2018-02-05,11.400000,11.800000,11.300000,11.400000,8.153174,65600
2018-02-06,11.050000,11.750000,11.000000,11.650000,8.331973,46800
2018-02-07,11.650000,11.800000,11.300000,11.500000,8.224693,87900
2018-02-08,11.700000,11.767000,11.350000,11.550000,8.260454,53600
2018-02-09,11.350000,11.350000,10.200000,10.806000,7.969862,72800
2018-02-12,10.800000,11.200000,10.700000,11.200000,8.260453,58400
2018-02-13,11.200000,11.500000,10.900000,11.450000,8.444837,40800
2018-02-14,11.250000,11.550000,10.900000,11.500000,8.481716,43300
2018-02-15,11.650000,12.000000,11.450000,11.675000,8.610785,22500
2018-02-16,11.800000,11.800000,11.450000,11.550000,8.518594,22700
2018-02-20,11.600000,11.650000,11.400000,11.425000,8.426399,31000
2018-02-21,11.300000,11.450000,11.050000,11.300000,8.334206,17100
2018-02-22,11.590000,11.590000,11.266000,11.300000,8.334206,8600
2018-02-23,11.400000,11.550000,11.366000,11.500000,8.481716,14000
2018-02-26,11.550000,11.700000,11.050000,11.200000,8.260453,64200
2018-02-27,11.250000,11.750000,11.100000,11.100000,8.186699,12400
2018-02-28,11.350000,11.500000,11.100000,11.300000,8.334206,31800
2018-03-01,11.150000,11.312000,11.100000,11.100000,8.186699,15800
2018-03-02,11.000000,11.295000,10.700000,11.050000,8.149822,26200
2018-03-05,11.150000,11.150000,10.850000,11.050000,8.149822,39700
2018-03-06,10.965000,11.200000,10.930000,11.000000,8.112945,15500
2018-03-07,11.050000,11.050000,10.950000,11.050000,8.149822,9000
2018-03-08,11.050000,11.400000,10.938000,11.300000,8.334206,19900
2018-03-09,11.450000,11.605000,11.150000,11.400000,8.407962,82900
2018-03-12,11.300000,11.500000,11.300000,11.300000,8.334206,15600
2018-03-13,11.300000,11.600000,11.050000,11.200000,8.260453,17700
2018-03-14,11.350000,11.533000,11.100000,11.200000,8.260453,21100
2018-03-15,11.185000,11.185000,10.600000,10.975000,8.094506,40400
2018-03-16,11.095000,11.100000,11.000000,11.000000,8.112945,6600
2018-03-19,10.800000,11.000000,10.800000,10.850000,8.002314,36300
2018-03-20,10.875000,10.980000,10.750000,10.900000,8.039191,10100
2018-03-21,10.792000,10.970000,10.792000,10.920000,8.053943,11500
2018-03-22,10.850000,10.943000,10.450000,10.500000,7.744174,29000
2018-03-23,10.600000,10.650000,10.390000,10.450000,7.707297,12400
2018-03-26,10.400000,10.659000,10.099000,10.200000,7.522912,26600
2018-03-27,10.100000,10.500000,9.905000,10.050000,7.412282,41500
2018-03-28,10.150000,10.250000,9.900000,10.050000,7.412282,30400
2018-03-29,10.000000,10.600000,10.000000,10.350000,7.633543,75300
2018-04-02,10.350000,10.800000,10.150000,10.800000,7.965436,56500
2018-04-03,10.750000,10.850000,10.291000,10.700000,7.891684,12800
2018-04-04,10.650000,10.686000,10.434000,10.500000,7.744174,7000
2018-04-05,10.639000,10.693000,10.400000,10.400000,7.670421,10600
2018-04-06,10.500000,10.800000,10.200000,10.750000,7.928559,12300
2018-04-09,10.800000,10.800000,10.325000,10.450000,7.707297,20800
2018-04-10,10.450000,10.650000,10.450000,10.600000,7.817929,16000
2018-04-11,10.450000,10.650000,10.438000,10.450000,7.707297,16200
2018-04-12,10.500000,10.600000,10.350000,10.600000,7.817929,17400
2018-04-13,10.600000,10.600000,10.350000,10.350000,7.633543,14900
2018-04-16,10.450000,10.700000,10.400000,10.700000,7.891684,24900
2018-04-17,10.600000,10.850000,10.600000,10.750000,7.928559,17300
2018-04-18,10.700000,10.900000,10.700000,10.750000,7.928559,36800
2018-04-19,10.700000,10.900000,10.700000,10.900000,8.039191,30200
2018-04-20,10.800000,10.900000,10.792000,10.900000,8.039191,27100
2018-04-23,10.950000,11.000000,10.800000,11.000000,8.112945,13600
2018-04-24,11.000000,11.000000,10.728000,10.850000,8.002314,71700
2018-04-25,10.900000,10.910000,10.750000,10.900000,8.039191,7900
2018-04-26,10.850000,10.915000,10.650000,10.775000,7.946999,61900
2018-04-27,11.000000,11.050000,10.800000,11.000000,8.112945,60700
2018-04-30,11.000000,11.150000,10.995000,11.150000,8.223576,39700
2018-05-01,11.150000,11.200000,11.100000,11.200000,8.260453,26000
2018-05-02,11.150000,11.200000,11.050000,11.125000,8.205135,30900
2018-05-03,11.150000,11.250000,11.050000,11.250000,8.297331,46100
2018-05-04,10.950000,11.200000,10.750000,11.100000,8.451901,31000
2018-05-07,11.100000,11.100000,10.800000,10.900000,8.299614,18000
2018-05-08,10.700000,11.150000,10.650000,11.000000,8.375757,21300
2018-05-09,11.000000,11.150000,10.960000,11.150000,8.489972,18800
2018-05-10,11.200000,11.200000,10.900000,11.000000,8.375757,30100
2018-05-11,11.150000,11.150000,11.000000,11.100000,8.451901,18900
2018-05-14,11.150000,11.200000,11.050000,11.075000,8.432864,19400
2018-05-15,11.150000,11.150000,10.905000,11.000000,8.375757,21800
2018-05-16,11.100000,11.100000,11.000000,11.100000,8.451901,5800
2018-05-17,11.100000,11.150000,11.000000,11.050000,8.413829,14300
2018-05-18,11.050000,11.107000,11.000000,11.100000,8.451901,38600
2018-05-21,11.200000,11.200000,10.950000,10.950000,8.337687,34900
2018-05-22,10.850000,11.000000,10.850000,10.850000,8.261543,16600
2018-05-23,10.850000,11.000000,10.850000,10.950000,8.337687,5400
2018-05-24,11.000000,11.000000,10.800000,10.950000,8.337687,6900
2018-05-25,11.100000,11.100000,10.860000,11.100000,8.451901,40900
2018-05-29,11.100000,11.100000,10.855000,11.000000,8.375757,4900
2018-05-30,10.900000,11.000000,10.820000,10.950000,8.337687,17900
2018-05-31,11.000000,11.200000,10.950000,11.150000,8.489972,18900
2018-06-01,11.100000,11.250000,11.050000,11.100000,8.451901,25200
2018-06-04,11.200000,11.200000,10.872000,10.900000,8.299614,50700
2018-06-05,11.000000,11.000000,10.823000,10.900000,8.299614,18400
2018-06-06,10.950000,11.050000,10.800000,10.800000,8.223472,22200
2018-06-07,10.800000,11.100000,10.800000,10.950000,8.337687,157700
2018-06-08,11.000000,11.100000,10.850000,10.850000,8.261543,26300
2018-06-11,11.100000,11.200000,10.850000,10.850000,8.261543,39800
2018-06-12,10.850000,11.050000,10.850000,10.900000,8.299614,37100
2018-06-13,11.050000,11.050000,10.782000,10.950000,8.337687,71200
2018-06-14,11.050000,11.050000,10.858000,10.900000,8.299614,9500
2018-06-15,10.950000,10.992000,10.832000,10.858000,8.267634,7400
2018-06-18,10.900000,11.050000,10.800000,10.950000,8.337687,36400
2018-06-19,10.950000,11.050000,10.890000,11.050000,8.413829,30800
2018-06-20,11.000000,11.000000,10.900000,11.000000,8.375757,34300
2018-06-21,11.050000,11.050000,10.850000,10.900000,8.299614,50000
2018-06-22,10.900000,10.950000,10.850000,10.850000,8.261543,11100
2018-06-25,10.950000,10.970000,10.650000,10.700000,8.147328,28000
2018-06-26,10.850000,10.900000,10.750000,10.900000,8.299614,14900
2018-06-27,11.000000,11.000000,10.660000,10.850000,8.261543,81900
2018-06-28,10.850000,10.927000,10.750000,10.850000,8.261543,39500
2018-06-29,11.050000,11.050000,10.750000,10.750000,8.185400,28900
2018-07-02,10.750000,10.845000,10.750000,10.750000,8.185400,25900
2018-07-03,10.750000,10.850000,10.750000,10.800000,8.223472,8500
2018-07-05,11.000000,11.000000,10.850000,10.900000,8.299614,14600
2018-07-06,10.850000,10.900000,10.800000,10.800000,8.223472,36000
2018-07-09,10.750000,10.775000,10.650000,10.650000,8.109257,35300
2018-07-10,10.700000,10.850000,10.650000,10.650000,8.109257,54500
2018-07-11,10.600000,10.800000,10.550000,10.650000,8.109257,38900
2018-07-12,10.750000,10.800000,10.650000,10.750000,8.185400,60300
2018-07-13,10.800000,10.850000,10.750000,10.800000,8.223472,43700
2018-07-16,10.900000,10.900000,10.650000,10.700000,8.147328,20000
2018-07-17,10.810000,10.810000,10.650000,10.684000,8.135145,17900
2018-07-18,10.650000,10.750000,10.500000,10.600000,8.071184,54000
2018-07-19,10.600000,10.795000,10.600000,10.650000,8.109257,30900
2018-07-20,10.700000,10.700000,10.500000,10.500000,7.995041,24400
2018-07-23,10.500000,10.690000,10.400000,10.450000,7.956970,38500
2018-07-24,10.350000,10.550000,10.250000,10.450000,7.956970,31500
2018-07-25,10.500000,10.600000,10.400000,10.450000,7.956970,76100
2018-07-26,10.450000,10.700000,10.400000,10.550000,8.033113,59300
2018-07-27,10.650000,10.728000,10.400000,10.400000,7.918897,40700
2018-07-30,10.550000,10.695000,10.450000,10.500000,7.995041,77300
2018-07-31,10.500000,10.600000,10.450000,10.450000,7.956970,81900
2018-08-01,10.650000,10.650000,10.400000,10.500000,7.995041,82800
2018-08-02,10.500000,10.600000,10.450000,10.500000,7.995041,93000
2018-08-03,10.500000,10.568000,10.400000,10.400000,7.918897,107200
2018-08-06,10.300000,10.429000,10.157000,10.350000,8.159344,138600
2018-08-07,10.300000,10.400000,10.150000,10.300000,8.119925,63000
2018-08-08,10.350000,10.400000,10.175000,10.200000,8.041090,33300
2018-08-09,10.300000,10.300000,10.100000,10.250000,8.080508,46000
2018-08-10,10.300000,10.300000,10.150000,10.200000,8.041090,53900
2018-08-13,10.150000,10.200000,10.000000,10.050000,7.922840,48800
2018-08-14,10.100000,10.150000,9.978000,10.050000,7.922840,55400
2018-08-15,10.100000,10.150000,9.950000,9.950000,7.844006,84100
2018-08-16,10.050000,10.050000,9.950000,9.950000,7.844006,30500
2018-08-17,9.950000,10.050000,9.950000,9.950000,7.844006,73500
2018-08-20,9.950000,10.186000,9.950000,10.050000,7.922840,152900
2018-08-21,10.100000,10.114000,10.040000,10.050000,7.922840,74300
2018-08-22,10.082000,10.100000,10.050000,10.100000,7.962259,33600
2018-08-23,10.070000,10.100000,10.000000,10.000000,7.883422,275900
2018-08-24,10.100000,10.100000,9.950000,10.000000,7.883422,282700
2018-08-27,9.950000,10.050000,9.900000,9.900000,7.804588,118300
2018-08-28,9.900000,10.025000,9.850000,9.850000,7.765172,70200
2018-08-29,9.850000,9.995000,9.850000,9.850000,7.765172,29600
2018-08-30,9.850000,9.950000,9.800000,9.800000,7.725754,46700
2018-08-31,9.850000,9.900000,9.800000,9.850000,7.765172,20700
2018-09-04,9.850000,9.900000,9.800000,9.850000,7.765172,35300
2018-09-05,9.900000,9.900000,9.750000,9.850000,7.765172,45200
2018-09-06,9.900000,9.900000,9.750000,9.800000,7.725754,23600
2018-09-07,9.750000,9.850000,9.650000,9.750000,7.686337,70800
2018-09-10,9.750000,9.850000,9.750000,9.785000,7.713929,60600
2018-09-11,9.800000,9.850000,9.700000,9.750000,7.686337,34400
2018-09-12,9.750000,9.818000,9.750000,9.800000,7.725754,32600
2018-09-13,9.900000,9.900000,9.750000,9.800000,7.725754,47700
2018-09-14,9.850000,9.900000,9.755000,9.875000,7.784880,41600
2018-09-17,9.850000,9.895000,9.750000,9.750000,7.686337,53500
2018-09-18,9.850000,9.850000,9.750000,9.800000,7.725754,77600
2018-09-19,9.750000,9.900000,9.750000,9.825000,7.745462,43900
2018-09-20,9.850000,9.850000,9.750000,9.850000,7.765172,43900
2018-09-21,9.900000,9.900000,9.705000,9.800000,7.725754,77400
2018-09-24,9.800000,9.800000,9.650000,9.650000,7.607502,42500
2018-09-25,9.650000,9.650000,9.350000,9.400000,7.410417,156600
2018-09-26,9.450000,9.488000,9.400000,9.400000,7.410417,31500
2018-09-27,9.500000,9.595000,9.150000,9.250000,7.292166,166000
2018-09-28,9.300000,9.650000,9.294000,9.650000,7.607502,32900
2018-10-01,9.650000,9.840000,9.490000,9.840000,7.757288,138600
2018-10-02,9.760000,9.930000,9.710000,9.860000,7.773054,34800
2018-10-03,9.920000,10.190000,9.851000,10.050000,7.922840,133400
2018-10-04,10.100000,10.150000,10.030000,10.150000,8.001673,65800
2018-10-05,10.080000,10.100000,10.010000,10.050000,7.922840,62400
2018-10-08,10.130000,10.130000,10.020000,10.130000,7.985907,89400
2018-10-09,10.130000,10.450000,10.050000,10.150000,8.001673,123000
2018-10-10,10.160000,10.220000,10.010000,10.120000,7.978024,72300
2018-10-11,10.120000,10.260000,10.050000,10.130000,7.985907,53000
2018-10-12,10.160000,10.339000,10.035000,10.200000,8.041090,57300
2018-10-15,10.200000,10.350000,10.097000,10.300000,8.119925,34100
2018-10-16,10.290000,10.440000,10.250000,10.430000,8.222410,20700
2018-10-17,10.400000,10.400000,10.251000,10.360000,8.167226,20700
2018-10-18,10.300000,10.497000,10.300000,10.390000,8.190876,39300
2018-10-19,10.450000,10.700000,10.400000,10.590000,8.348544,37700
2018-10-22,10.640000,10.670000,10.560000,10.660000,8.403729,16900
2018-10-23,10.450000,10.608000,10.290000,10.380000,8.182994,54100
2018-10-24,10.360000,10.510000,10.300000,10.400000,8.198759,23000
2018-10-25,10.500000,10.590000,10.444000,10.590000,8.348544,36100
2018-10-26,10.510000,10.590000,10.280000,10.470000,8.253944,38900
2018-10-29,10.540000,10.599000,10.450000,10.490000,8.269711,53300
2018-10-30,10.500000,10.630000,10.500000,10.570000,8.332777,19200
2018-10-31,10.580000,10.900000,10.580000,10.770000,8.490446,91800
2018-11-01,10.900000,11.200000,10.863000,11.200000,8.829433,121000
2018-11-02,11.220000,11.400000,10.950000,11.200000,8.829433,123600
2018-11-05,11.080000,11.080000,10.590000,10.670000,8.689362,40900
2018-11-06,10.700000,10.980000,10.390000,10.500000,8.550918,43300
2018-11-07,10.550000,10.560000,10.170000,10.490000,8.542774,32200
2018-11-08,10.480000,10.710000,10.340000,10.460000,8.518344,132200
2018-11-09,10.280000,10.520000,10.080000,10.460000,8.518344,69100
2018-11-12,10.460000,10.725000,10.431000,10.530000,8.575348,56500
2018-11-13,10.540000,10.585000,10.110000,10.250000,8.347325,32200
2018-11-14,10.300000,10.409000,10.130000,10.220000,8.322893,38900
2018-11-15,10.220000,10.610000,10.120000,10.600000,8.632356,47600
2018-11-16,10.550000,10.550000,10.254000,10.390000,8.461337,29400
2018-11-19,10.390000,10.500000,10.300000,10.400000,8.469481,12400
2018-11-20,10.310000,10.390000,10.030000,10.240000,8.339182,74300
2018-11-21,10.320000,10.769000,10.120000,10.500000,8.550918,35000
2018-11-23,10.500000,10.547000,10.300000,10.350000,8.428761,7500
2018-11-26,10.480000,10.540000,10.350000,10.490000,8.542774,22800
2018-11-27,10.530000,10.568000,10.329000,10.410000,8.477623,20000
2018-11-28,10.410000,10.590000,10.386000,10.470000,8.526487,61300
2018-11-29,10.500000,10.660000,10.500000,10.580000,8.616068,11200
2018-11-30,10.570000,10.570000,10.325000,10.490000,8.542774,20400
2018-12-03,10.500000,11.095000,10.500000,10.960000,8.925529,135400
2018-12-04,10.900000,11.000000,10.770000,10.960000,8.925529,59900
2018-12-06,10.900000,10.950000,10.250000,10.500000,8.550918,133100
2018-12-07,10.550000,10.640000,10.360000,10.620000,8.648643,45100
2018-12-10,10.600000,10.643000,10.230000,10.490000,8.542774,57200
2018-12-11,10.550000,10.550000,10.240000,10.260000,8.355469,28400
2018-12-12,10.380000,10.530000,10.348000,10.500000,8.550918,34600
2018-12-13,10.550000,10.700000,10.500000,10.560000,8.599780,62800
2018-12-14,10.550000,10.690000,10.370000,10.500000,8.550918,41400
2018-12-17,10.550000,10.650000,10.320000,10.460000,8.518344,47800
2018-12-18,10.480000,10.570000,10.080000,10.130000,8.249599,59200
2018-12-19,10.200000,10.630000,10.100000,10.420000,8.485768,71200
2018-12-20,10.450000,10.550000,10.100000,10.170000,8.282176,71700
2018-12-21,9.880000,10.450000,9.730000,10.280000,8.371756,799600
2018-12-24,10.280000,10.427000,10.000000,10.140000,8.257745,28200
2018-12-26,10.080000,10.340000,9.790000,10.240000,8.339182,68100
2018-12-27,10.150000,10.320000,10.125000,10.320000,8.404330,30800
2018-12-28,10.300000,10.500000,10.110000,10.500000,8.550918,34500
2018-12-31,10.600000,10.740000,10.400000,10.450000,8.510201,85200
2019-01-02,10.440000,10.705000,10.248000,10.520000,8.567206,50900
2019-01-03,10.590000,10.740000,10.541000,10.590000,8.624211,36200
2019-01-04,10.720000,10.910000,10.500000,10.500000,8.550918,89800
2019-01-07,10.620000,10.820000,10.500000,10.660000,8.681218,68600
2019-01-08,10.740000,10.810000,10.430000,10.610000,8.640499,60000
2019-01-09,10.610000,10.850000,10.415000,10.850000,8.835949,61000
2019-01-10,10.840000,10.890000,10.510000,10.870000,8.852237,127100
2019-01-11,10.800000,10.860000,10.530000,10.560000,8.599780,52900
2019-01-14,10.540000,10.780000,10.430000,10.510000,8.559062,26900
2019-01-15,10.630000,10.680000,10.480000,10.670000,8.689362,26800
2019-01-16,10.650000,10.670000,10.510000,10.650000,8.673074,10100
2019-01-17,10.630000,10.760000,10.580000,10.680000,8.697506,22600
2019-01-18,10.770000,10.910000,10.650000,10.780000,8.778943,48200
2019-01-22,10.880000,11.010000,10.710000,10.810000,8.803374,165000
2019-01-23,10.910000,11.000000,10.830000,10.960000,8.925529,53200
2019-01-24,11.030000,11.070000,10.890000,10.980000,8.941817,77400
2019-01-25,10.940000,11.090000,10.850000,11.090000,9.031399,99300
2019-01-28,11.030000,11.060000,10.880000,10.880000,8.860380,54900
2019-01-29,11.000000,11.280000,11.000000,11.210000,9.129124,113400
2019-01-30,11.210000,11.290000,11.130000,11.250000,9.161697,69300
2019-01-31,11.250000,11.350000,11.200000,11.290000,9.194273,99000
2019-02-01,11.680000,11.680000,11.210000,11.550000,9.406010,94600
2019-02-04,11.560000,11.750000,11.560000,11.750000,9.568884,81000
2019-02-05,11.740000,11.740000,11.610000,11.670000,9.503735,49800
2019-02-06,11.680000,11.690000,11.530000,11.640000,9.479303,62200
2019-02-07,11.520000,11.573000,11.115000,11.120000,9.055828,86400
2019-02-08,10.790000,10.980000,10.640000,10.820000,9.106326,37700
2019-02-11,10.820000,10.960000,10.720000,10.850000,9.131576,63700
2019-02-12,10.900000,11.040000,10.860000,11.000000,9.257819,49600
2019-02-13,11.000000,11.250000,10.940000,11.210000,9.434557,100400
2019-02-14,11.210000,11.450000,11.210000,11.450000,9.636546,100400
2019-02-15,11.450000,11.450000,11.350000,11.370000,9.569218,36200
2019-02-19,11.420000,11.500000,11.260000,11.310000,9.518720,109400
2019-02-20,11.310000,11.310000,11.090000,11.210000,9.434557,93100
2019-02-21,11.120000,11.221000,11.010000,11.100000,9.341980,45500
2019-02-22,11.110000,11.175000,11.050000,11.100000,9.341980,51600
2019-02-25,11.060000,11.260000,11.050000,11.060000,9.308315,27800
2019-02-26,11.100000,11.130000,11.030000,11.100000,9.341980,33800
2019-02-27,11.130000,11.130000,11.020000,11.020000,9.274652,25600
2019-02-28,11.030000,11.066000,10.910000,10.920000,9.190488,37500
2019-03-01,10.950000,10.960000,10.650000,10.690000,8.996915,68900
2019-03-04,10.790000,10.920000,10.700000,10.910000,9.182073,47700
2019-03-05,10.920000,11.230000,10.850000,11.100000,9.341980,45500
2019-03-06,11.130000,11.130000,10.855000,11.020000,9.274652,57300
2019-03-07,10.960000,11.140000,10.870000,11.100000,9.341980,66500
2019-03-08,11.090000,11.180000,11.010000,11.180000,9.409309,60200
2019-03-11,11.160000,11.340000,11.030000,11.330000,9.535552,116600
2019-03-12,11.330000,11.350000,11.270000,11.330000,9.535552,32800
2019-03-13,11.320000,11.350000,11.105000,11.140000,9.375646,44900
2019-03-14,11.160000,11.190000,11.050000,11.070000,9.316730,31200
2019-03-15,11.020000,11.170000,11.000000,11.000000,9.257819,28700
2019-03-18,11.150000,11.300000,11.020000,11.050000,9.299899,51800
2019-03-19,11.050000,11.210000,11.000000,11.010000,9.266234,38300
2019-03-20,11.090000,11.090000,10.985000,11.060000,9.308315,53800
2019-03-21,11.010000,11.100000,11.010000,11.060000,9.308315,30000
2019-03-22,11.010000,11.111000,10.960000,10.960000,9.224153,43800
2019-03-25,10.920000,10.970000,10.750000,10.870000,9.148408,59700
2019-03-26,10.870000,10.960000,10.870000,10.920000,9.190488,39100
2019-03-27,10.850000,10.950000,10.850000,10.950000,9.215736,26700
2019-03-28,10.940000,10.980000,10.890000,10.890000,9.165240,8600
2019-03-29,10.990000,10.990000,10.690000,10.820000,9.106326,93900
2019-04-01,10.910000,10.979000,10.780000,10.900000,9.173656,64000
2019-04-02,10.850000,10.880000,10.810000,10.860000,9.139991,140100
2019-04-03,10.880000,10.880000,10.760000,10.820000,9.106326,24700
2019-04-04,10.810000,10.930000,10.810000,10.850000,9.131576,88000
2019-04-05,10.990000,10.990000,10.790000,10.850000,9.131576,212900
2019-04-08,10.890000,10.929000,10.810000,10.850000,9.131576,95400
2019-04-09,10.800000,10.840000,10.720000,10.720000,9.022164,143100
2019-04-10,10.720000,10.800000,10.710000,10.720000,9.022164,37400
2019-04-11,10.720000,10.780000,10.700000,10.750000,9.047413,127000
2019-04-12,10.800000,10.910000,10.730000,10.910000,9.182073,256500
2019-04-15,10.950000,10.950000,10.710000,10.890000,9.165240,34200
2019-04-16,10.920000,10.920000,10.877000,10.900000,9.173656,16000
2019-04-17,10.910000,10.950000,10.875000,10.900000,9.173656,20000
2019-04-18,10.920000,11.000000,10.900000,10.950000,9.215736,13100
2019-04-22,10.950000,10.969000,10.890000,10.960000,9.224153,50100
2019-04-23,10.970000,11.090000,10.970000,11.000000,9.257819,124100
2019-04-24,11.000000,11.040000,11.000000,11.020000,9.274652,25500
2019-04-25,11.030000,11.070000,11.010000,11.070000,9.316730,22100
2019-04-26,11.090000,11.130000,11.060000,11.119000,9.357971,43500
2019-04-29,11.120000,11.160000,11.090000,11.130000,9.367229,70600
2019-04-30,11.130000,11.160000,11.100000,11.130000,9.367229,61100
2019-05-01,11.130000,11.170000,11.130000,11.170000,9.400894,50900
2019-05-02,11.170000,11.170000,11.110000,11.140000,9.375646,49100
2019-05-03,11.160000,11.365000,11.140000,11.310000,9.518720,153100
2019-05-06,10.890000,11.100000,10.860000,10.870000,9.451766,41300
2019-05-07,10.770000,10.980000,10.750000,10.880000,9.460463,53900
2019-05-08,10.880000,11.010000,10.810000,10.810000,9.399596,116800
2019-05-09,10.870000,11.000000,10.540000,10.560000,9.182213,81900
2019-05-10,10.590000,10.730000,10.541000,10.730000,9.330033,18400
2019-05-13,10.760000,10.760000,10.500000,10.630000,9.243080,26700
2019-05-14,10.770000,10.770000,10.651000,10.750000,9.347423,28700
2019-05-15,10.770000,10.780000,10.660000,10.780000,9.373509,30300
2019-05-16,10.790000,10.910000,10.750000,10.850000,9.434378,29000
2019-05-17,10.800000,10.950000,10.776000,10.890000,9.469157,36700
2019-05-20,10.950000,11.200000,10.930000,11.200000,9.738710,56700
2019-05-21,11.240000,11.300000,11.170000,11.290000,9.816968,33700
2019-05-22,11.300000,11.300000,11.160000,11.280000,9.808273,16400
2019-05-23,11.150000,11.200000,11.080000,11.200000,9.738710,39400
2019-05-24,11.280000,11.280000,11.140000,11.180000,9.721320,12000
2019-05-28,11.160000,11.200000,10.990000,11.130000,9.677843,44000
2019-05-29,10.820000,10.950000,10.730000,10.790000,9.382204,51600
2019-05-30,10.770000,10.950000,10.600000,10.600000,9.216994,69600
2019-05-31,10.600000,10.730000,10.550000,10.680000,9.286555,26200
2019-06-03,10.610000,10.780000,10.600000,10.600000,9.216994,20700
2019-06-04,10.730000,10.900000,10.640000,10.650000,9.260470,40300
2019-06-05,10.650000,10.720000,10.630000,10.690000,9.295252,11700
2019-06-06,10.760000,10.760000,10.640000,10.650000,9.260470,10000
2019-06-07,10.880000,10.940000,10.790000,10.940000,9.512633,35700
2019-06-10,10.940000,10.940000,10.820000,10.890000,9.469157,5600
2019-06-11,10.880000,11.000000,10.770000,10.990000,9.556109,13400
2019-06-12,11.000000,11.010000,10.840000,10.850000,9.434378,28700
2019-06-13,10.860000,10.940000,10.795000,10.820000,9.408290,19900
2019-06-14,10.800000,10.822000,10.700000,10.710000,9.312642,21200
2019-06-17,10.800000,10.810000,10.700000,10.740000,9.338728,20700
2019-06-18,10.760000,10.940000,10.740000,10.770000,9.364815,51700
2019-06-19,10.794000,11.070000,10.750000,10.935000,9.508286,16000
2019-06-20,11.000000,11.000000,10.818000,10.930000,9.503939,35400
2019-06-21,10.900000,11.155000,10.860000,10.960000,9.530024,39300
2019-06-24,10.980000,11.050000,10.960000,11.010000,9.573501,16500
2019-06-25,10.970000,11.100000,10.960000,10.960000,9.530024,17200
2019-06-26,11.000000,11.190000,10.960000,11.190000,9.730016,73600
2019-06-27,11.160000,11.313000,11.140000,11.180000,9.721320,56700
2019-06-28,11.250000,11.310000,11.200000,11.290000,9.816968,51700
2019-07-01,11.310000,11.690000,11.310000,11.630000,10.112607,102000
2019-07-02,11.660000,11.750000,11.590000,11.710000,10.182169,143200
2019-07-03,11.700000,11.780000,11.700000,11.760000,10.225647,58400
2019-07-05,11.670000,11.780000,11.630000,11.750000,10.216951,21100
2019-07-08,11.750000,11.850000,11.670000,11.850000,10.303905,62300
2019-07-09,11.840000,11.870000,11.618000,11.860000,10.312598,33300
2019-07-10,11.870000,11.880000,11.720000,11.820000,10.277817,36800
2019-07-11,11.830000,11.889000,11.680000,11.700000,10.173474,25600
2019-07-12,11.680000,11.720000,11.580000,11.680000,10.156084,17200
2019-07-15,11.710000,11.788000,11.550000,11.710000,10.182169,20100
2019-07-16,11.700000,11.750000,11.540000,11.750000,10.216951,18600
2019-07-17,11.750000,11.920000,11.741000,11.880000,10.329990,49700
2019-07-18,11.880000,11.880000,11.700000,11.750000,10.216951,38100
2019-07-19,11.740000,11.850000,11.686000,11.750000,10.216951,19800
2019-07-22,11.820000,11.820000,11.710000,11.720000,10.190866,28500
2019-07-23,11.720000,11.750000,11.670000,11.670000,10.147388,26800
2019-07-24,11.650000,11.723000,11.610000,11.620000,10.103911,15400
2019-07-25,11.750000,11.750000,11.620000,11.700000,10.173474,48900
2019-07-26,11.700000,11.820000,11.651000,11.750000,10.216951,55700
2019-07-29,11.860000,11.880000,11.750000,11.850000,10.303905,89700
2019-07-30,11.840000,11.890000,11.780000,11.840000,10.295209,36400
2019-07-31,11.890000,11.940000,11.848000,11.920000,10.364772,88600
2019-08-01,11.950000,11.950000,11.760000,11.890000,10.338685,41300
2019-08-02,11.910000,11.910000,11.215000,11.250000,9.782187,121000
2019-08-05,10.890000,10.890000,10.330000,10.660000,9.579983,97800
2019-08-06,10.400000,10.790000,10.240000,10.790000,9.696812,65000
2019-08-07,10.620000,10.635000,10.040000,10.550000,9.481127,119000
2019-08-08,10.600000,10.650000,10.455000,10.610000,9.535048,28000
2019-08-09,10.620000,10.886000,10.600000,10.750000,9.660864,44800
2019-08-12,10.810000,10.960000,10.540000,10.950000,9.840601,43300
2019-08-13,10.910000,11.160000,10.830000,11.150000,10.020338,46800
2019-08-14,11.100000,11.100000,10.830000,10.930000,9.822628,92600
2019-08-15,10.970000,10.970000,10.560000,10.610000,9.535048,37600
2019-08-16,10.570000,10.760000,10.550000,10.690000,9.606943,25300
2019-08-19,10.720000,10.880000,10.610000,10.760000,9.669851,52800
2019-08-20,10.780000,10.940000,10.769000,10.860000,9.759719,21100
2019-08-21,10.850000,11.000000,10.678000,10.700000,9.615931,55000
2019-08-22,10.740000,10.890000,10.620000,10.890000,9.786680,28800
2019-08-23,10.920000,11.050000,10.740000,10.770000,9.678839,31500
2019-08-26,10.860000,10.860000,10.580000,10.690000,9.606943,25300
2019-08-27,10.670000,10.774000,10.540000,10.600000,9.526062,26500
2019-08-28,10.610000,10.660000,10.542000,10.590000,9.517075,26500
2019-08-29,10.610000,10.709000,10.510000,10.520000,9.454166,39800
2019-08-30,10.560000,10.620000,10.430000,10.590000,9.517075,17000
2019-09-03,10.540000,10.540000,10.290000,10.380000,9.328351,13600
2019-09-04,10.411000,10.482000,10.250000,10.280000,9.238482,48800
2019-09-05,10.280000,10.360000,10.030000,10.060000,9.040772,70800
2019-09-06,10.130000,10.130000,9.450000,9.480000,8.519534,235800
2019-09-09,9.450000,9.900000,9.361000,9.750000,8.762179,100700
2019-09-10,9.830000,9.968000,9.830000,9.880000,8.879008,39800
2019-09-11,9.930000,9.970000,9.800000,9.800000,8.807114,45600
2019-09-12,9.850000,9.850000,9.710000,9.780000,8.789141,64900
2019-09-13,9.812000,9.870000,9.780000,9.860000,8.861034,30300
2019-09-16,9.950000,10.200000,9.870000,10.200000,9.166587,52000
2019-09-17,10.200000,10.280000,10.090000,10.180000,9.148615,45000
2019-09-18,10.190000,10.330000,10.010000,10.330000,9.283417,90400
2019-09-19,10.360000,10.360000,10.180000,10.240000,9.202535,19900
2019-09-20,10.270000,10.480000,10.242000,10.480000,9.418219,110400
2019-09-23,10.480000,10.480000,10.260000,10.370000,9.319364,10700
2019-09-24,10.370000,10.450000,10.290000,10.420000,9.364299,18300
2019-09-25,10.320000,10.320000,10.120000,10.150000,9.121654,35500
2019-09-26,10.155000,10.200000,10.020000,10.200000,9.166587,28200
2019-09-27,10.200000,10.320000,10.110000,10.320000,9.274429,20800
2019-09-30,10.250000,10.650000,10.136000,10.450000,9.391259,37200
2019-10-01,10.380000,10.530000,10.100000,10.170000,9.139627,26400
2019-10-02,10.100000,10.490000,9.960000,10.370000,9.319364,44600
2019-10-03,10.470000,10.470000,10.050000,10.080000,9.058745,44100
2019-10-04,10.160000,10.197000,10.110000,10.160000,9.130640,9700
2019-10-07,10.150000,10.150000,10.050000,10.050000,9.031785,26000
2019-10-08,10.090000,10.150000,10.020000,10.120000,9.094693,41600
2019-10-09,10.150000,10.150000,10.030000,10.040000,9.022798,16000
2019-10-10,10.030000,10.070000,9.830000,9.850000,8.852048,53100
2019-10-11,9.900000,9.930000,9.720000,9.720000,8.735219,28100
2019-10-14,9.760000,9.900000,9.580000,9.580000,8.609402,39300
2019-10-15,9.600000,9.990000,9.600000,9.990000,8.977863,28300
2019-10-16,9.970000,9.970000,9.720000,9.760000,8.771166,47500
2019-10-17,9.870000,9.920000,9.720000,9.750000,8.762179,31300
2019-10-18,9.784000,9.850000,8.860000,9.650000,8.672310,37500
2019-10-21,9.700000,9.850000,9.700000,9.840000,8.843061,25800
2019-10-22,9.880000,9.930000,9.870000,9.930000,8.923943,28700
2019-10-23,9.990000,10.000000,9.912000,10.000000,8.986850,18200
2019-10-24,9.990000,10.016000,9.962000,9.990000,8.977863,15900
2019-10-25,10.000000,10.280000,10.000000,10.230000,9.193548,33500
2019-10-28,10.310000,10.310000,10.070000,10.100000,9.076719,35100
2019-10-29,10.010000,10.310000,10.010000,10.170000,9.139627,58800
2019-10-30,10.120000,10.290000,10.030000,10.200000,9.166587,32900
2019-10-31,10.200000,10.730000,10.150000,10.660000,9.579983,114300
2019-11-01,9.890000,10.200000,9.890000,9.990000,9.298876,58900
2019-11-04,10.000000,10.130000,9.850000,9.990000,9.298876,60100
2019-11-05,9.950000,10.030000,9.780000,9.990000,9.298876,39900
2019-11-06,9.975000,10.090000,9.970000,10.090000,9.391957,29600
2019-11-07,9.840000,10.000000,9.680000,9.950000,9.261642,83400
2019-11-08,9.560000,10.020000,9.500000,9.800000,9.122020,100800
2019-11-11,9.720000,9.880000,9.720000,9.880000,9.196486,40100
2019-11-12,9.810000,9.920000,9.790000,9.800000,9.122020,28500
2019-11-13,9.800000,9.800000,9.500000,9.580000,8.917239,46900
2019-11-14,9.640000,9.730000,9.570000,9.610000,8.945164,46800
2019-11-15,9.600000,9.780000,9.580000,9.700000,9.028938,46500
2019-11-18,9.590000,9.630000,9.550000,9.570000,8.907931,38700
2019-11-19,9.550000,9.590000,9.505000,9.590000,8.926549,52000
2019-11-20,9.583000,9.630000,9.500000,9.500000,8.842774,47800
2019-11-21,9.560000,9.590000,9.400000,9.530000,8.870699,44300
2019-11-22,9.600000,9.640000,9.460000,9.610000,8.945164,28000
2019-11-25,9.530000,9.600000,9.410000,9.450000,8.796233,32600
2019-11-26,9.340000,9.510000,9.310000,9.320000,8.675227,49700
2019-11-27,9.310000,9.450000,9.310000,9.430000,8.777617,19400
2019-11-29,9.410000,9.520000,9.410000,9.460000,8.805541,11000
2019-12-02,9.520000,9.550000,9.475000,9.480000,8.824158,24500
2019-12-03,9.450000,9.450000,9.350000,9.350000,8.703153,23200
2019-12-04,9.450000,9.940000,9.350000,9.940000,9.252335,58400
2019-12-05,9.980000,9.980000,9.730000,9.740000,9.066172,40700
2019-12-06,9.710000,9.930000,9.700000,9.830000,9.149944,31100
2019-12-09,9.890000,10.100000,9.814000,10.100000,9.401266,67600
2019-12-10,10.020000,10.140000,9.872000,9.930000,9.243027,49300
2019-12-11,10.000000,10.250000,9.940000,10.250000,9.540888,37600
2019-12-12,10.150000,10.160000,9.890000,9.900000,9.215102,58100
2019-12-13,9.900000,9.980000,9.900000,9.900000,9.215102,23200
2019-12-16,10.000000,10.260000,9.940000,10.200000,9.494347,47000
2019-12-17,10.130000,10.260000,10.095000,10.240000,9.531580,64900
2019-12-18,10.250000,10.410000,10.040000,10.070000,9.373341,71600
2019-12-19,10.130000,10.230000,10.040000,10.150000,9.447806,25700
2019-12-20,10.110000,10.125000,9.900000,9.900000,9.215102,83400
2019-12-23,10.000000,10.000000,9.610000,9.960000,9.270951,107900
2019-12-24,9.910000,9.999000,9.760000,9.810000,9.131329,28100
2019-12-26,9.800000,9.960000,9.800000,9.879000,9.195555,34200
2019-12-27,9.860000,9.942000,9.820000,9.850000,9.168561,30100
2019-12-30,9.900000,9.900000,9.740000,9.780000,9.103404,39500
2019-12-31,9.750000,9.910000,9.740000,9.910000,9.224410,34600
2020-01-02,10.180000,10.180000,9.880000,10.080000,9.382649,48000
2020-01-03,10.080000,10.200000,10.010000,10.180000,9.475732,26700
2020-01-06,10.160000,10.270000,10.005000,10.210000,9.503655,37300
2020-01-07,10.130000,10.280000,10.122000,10.150000,9.447806,24000
2020-01-08,10.100000,10.400000,10.075000,10.400000,9.680511,26900
2020-01-09,10.310000,10.340000,10.160000,10.340000,9.624662,15500
2020-01-10,10.400000,10.400000,10.160000,10.190000,9.485039,26300
2020-01-13,10.270000,10.410000,10.265000,10.380000,9.661895,25100
2020-01-14,10.440000,10.450000,10.310000,10.310000,9.596738,27500
2020-01-15,10.370000,10.479000,10.310000,10.450000,9.727053,17100
2020-01-16,10.500000,10.505000,10.320000,10.480000,9.754976,28500
2020-01-17,10.510000,10.510000,10.330000,10.410000,9.689819,27800
2020-01-21,10.450000,10.506000,10.393000,10.430000,9.708436,54100
2020-01-22,10.480000,10.540000,10.440000,10.500000,9.773593,34200
2020-01-23,10.500000,10.500000,10.150000,10.150000,9.447806,34900
2020-01-24,10.250000,10.350000,10.200000,10.280000,9.568812,23400
2020-01-27,10.090000,10.350000,10.080000,10.350000,9.633970,36300
2020-01-28,10.380000,10.390000,10.140000,10.300000,9.587430,49900
2020-01-29,10.260000,10.400000,10.170000,10.310000,9.596738,30100
2020-01-30,10.280000,10.280000,10.050000,10.090000,9.391957,33000
2020-01-31,10.060000,10.250000,10.040000,10.170000,9.466423,22500
2020-02-03,10.170000,10.455000,10.170000,10.420000,9.699128,58100
2020-02-04,10.420000,10.470000,10.210000,10.420000,9.699128,79700
2020-02-05,10.460000,10.640000,10.380000,10.470000,9.745668,129700
2020-02-06,10.550000,10.570000,10.488000,10.550000,9.820134,84200
2020-02-07,10.180000,10.250000,10.080000,10.190000,9.829780,59100
2020-02-10,10.200000,10.200000,9.944000,10.020000,9.665791,54700
2020-02-11,10.030000,10.050000,9.900000,9.910000,9.559678,28600
2020-02-12,9.900000,10.030000,9.860000,10.030000,9.675436,27100
2020-02-13,10.020000,10.080000,9.859000,10.040000,9.685082,36600
2020-02-14,10.070000,10.150000,10.040000,10.150000,9.791194,17300
2020-02-18,9.980000,10.150000,9.980000,10.150000,9.791194,21300
2020-02-19,10.200000,10.210000,10.104000,10.170000,9.810488,53900
2020-02-20,10.150000,10.240000,10.150000,10.180000,9.820134,50700
2020-02-21,10.230000,10.230000,9.890000,9.890000,9.540385,52500
2020-02-24,9.820000,9.825000,9.640000,9.720000,9.376395,64100
2020-02-25,9.720000,9.720000,9.260000,9.480000,9.144878,91500
2020-02-26,9.480000,9.633000,9.310000,9.310000,8.980889,87800
2020-02-27,9.170000,9.190000,8.440000,8.990000,8.672200,138800
2020-02-28,8.640000,9.040000,8.084000,9.040000,8.720433,242900
2020-03-02,9.150000,9.150000,8.590000,8.770000,8.459978,66300
2020-03-03,8.860000,8.877000,8.410000,8.440000,8.141643,26800
2020-03-04,8.460000,9.000000,8.460000,8.740000,8.431038,43000
2020-03-05,8.720000,8.810000,8.700000,8.790000,8.479271,67400
2020-03-06,8.730000,8.750000,8.220000,8.300000,8.006593,109100
2020-03-09,6.400000,7.220000,5.650000,5.740000,5.537089,187300
2020-03-10,6.400000,6.400000,5.360000,5.730000,5.527442,176600
2020-03-11,5.730000,5.780000,5.350000,5.450000,5.257340,173500
2020-03-12,5.190000,5.210000,3.710000,4.000000,3.858599,238400
2020-03-13,4.230000,4.300000,3.770000,4.200000,4.051528,180200
2020-03-16,3.750000,3.750000,2.410000,2.580000,2.488796,299300
2020-03-17,2.760000,2.807000,2.080000,2.120000,2.045057,504500
2020-03-18,2.110000,2.315000,1.000000,1.690000,1.630258,908500
2020-03-19,1.750000,4.470000,1.750000,3.500000,3.376274,578300
2020-03-20,3.780000,4.810000,3.780000,3.920000,3.781427,353900
2020-03-23,3.720000,3.880000,2.620000,3.090000,2.980767,211800
2020-03-24,3.300000,3.680000,3.100000,3.350000,3.231576,122400
2020-03-25,3.480000,3.810000,3.379000,3.410000,3.289455,112300
2020-03-26,3.650000,3.760000,3.330000,3.400000,3.279809,107800
2020-03-27,3.440000,3.475000,3.030000,3.230000,3.115819,213600
2020-03-30,3.500000,3.500000,2.700000,2.760000,2.662433,212400
2020-03-31,2.780000,3.000000,2.700000,2.880000,2.778191,274600
2020-04-01,2.600000,2.794000,2.440000,2.560000,2.469503,107400
2020-04-02,2.620000,3.129000,2.620000,3.030000,2.922889,128700
2020-04-03,3.000000,3.060000,2.830000,2.960000,2.855363,124700
2020-04-06,3.050000,3.450000,3.030000,3.100000,2.990414,102900
2020-04-07,3.150000,3.330000,3.000000,3.030000,2.922889,148500
2020-04-08,3.050000,3.180000,2.970000,3.050000,2.942182,191500
2020-04-09,3.050000,3.176000,3.000000,3.000000,2.893949,250700
2020-04-13,3.200000,3.266000,2.813000,2.860000,2.758898,378000
2020-04-14,3.030000,3.080000,2.906000,2.980000,2.874656,166300
2020-04-15,3.000000,3.076000,2.870000,2.980000,2.874656,255500
2020-04-16,2.980000,3.020000,2.860000,2.950000,2.845716,166500
2020-04-17,3.000000,3.040000,2.600000,2.820000,2.720312,793800
2020-04-20,2.720000,2.770000,2.442000,2.650000,2.556322,578100
2020-04-21,2.490000,2.680000,2.385000,2.530000,2.440564,379800
2020-04-22,2.530000,2.630000,2.450000,2.500000,2.411624,217200
2020-04-23,2.500000,2.580000,2.400000,2.500000,2.411624,551100
2020-04-24,2.550000,2.870000,2.370000,2.750000,2.652787,1021500
2020-04-27,2.750000,3.200000,2.734000,3.200000,3.086879,453500
2020-04-28,3.300000,3.450000,3.260000,3.370000,3.250869,211900
2020-04-29,3.350000,3.750000,3.350000,3.710000,3.578850,261700
2020-04-30,3.870000,3.870000,3.030000,3.210000,3.096525,489900
2020-05-01,3.220000,3.520000,2.990000,3.140000,3.029000,245500
2020-05-04,3.050000,3.175000,2.850000,3.100000,3.100000,232900
2020-05-05,3.170000,3.231000,3.010000,3.080000,3.080000,203300
2020-05-06,3.010000,3.080000,2.900000,3.000000,3.000000,200600
2020-05-07,3.000000,3.070000,2.820000,2.840000,2.840000,198500
2020-05-08,2.820000,2.910000,2.816000,2.880000,2.880000,101600
2020-05-11,2.900000,2.940000,2.740000,2.740000,2.740000,111300
2020-05-12,2.750000,2.850000,2.480000,2.490000,2.490000,211700
2020-05-13,2.540000,2.590000,2.410000,2.530000,2.530000,203300
2020-05-14,2.510000,2.650000,2.357000,2.610000,2.610000,95700
2020-05-15,2.690000,2.859000,2.650000,2.780000,2.780000,86400
2020-05-18,2.870000,3.050000,2.810000,2.910000,2.910000,260100
2020-05-19,2.880000,2.990000,2.824000,2.870000,2.870000,105800
2020-05-20,2.990000,3.105000,2.950000,3.000000,3.000000,126200
2020-05-21,3.100000,3.110000,3.010000,3.100000,3.100000,148100
2020-05-22,2.980000,3.100000,2.950000,3.050000,3.050000,95000
2020-05-26,3.080000,3.250000,3.080000,3.190000,3.190000,127300
2020-05-27,3.250000,3.500000,3.120000,3.480000,3.480000,169500
2020-05-28,3.560000,3.600000,3.334000,3.500000,3.500000,126800
2020-05-29,3.360000,3.459000,3.250000,3.360000,3.360000,142500
2020-06-01,3.380000,3.525000,3.370000,3.370000,3.370000,69100
2020-06-02,3.440000,3.470000,3.100000,3.170000,3.170000,236800
2020-06-03,3.180000,3.350000,3.180000,3.260000,3.260000,82000
2020-06-04,3.170000,3.550000,3.170000,3.420000,3.420000,145500
2020-06-05,3.500000,3.900000,3.479000,3.610000,3.610000,354500
2020-06-08,3.970000,4.830000,3.970000,4.780000,4.780000,447400
2020-06-09,4.800000,4.870000,4.310000,4.700000,4.700000,216900
2020-06-10,4.540000,4.550000,4.040000,4.340000,4.340000,137800
2020-06-11,3.910000,4.030000,3.680000,3.750000,3.750000,247600
2020-06-12,3.990000,4.175000,3.800000,4.050000,4.050000,115400
2020-06-15,3.730000,4.260000,3.730000,4.120000,4.120000,83700
2020-06-16,4.390000,4.410000,4.072000,4.260000,4.260000,104000
2020-06-17,4.250000,4.270000,4.068000,4.080000,4.080000,296000
2020-06-18,4.000000,4.170000,3.860000,3.950000,3.950000,71100
2020-06-19,4.060000,4.060000,3.845000,3.930000,3.930000,62900
2020-06-22,3.850000,3.870000,3.760000,3.800000,3.800000,39600
2020-06-23,3.850000,3.870000,3.620000,3.700000,3.700000,64800
2020-06-24,3.620000,3.644000,3.330000,3.400000,3.400000,129300
2020-06-25,3.400000,3.430000,3.300000,3.400000,3.400000,80500
2020-06-26,3.530000,3.550000,3.270000,3.340000,3.340000,103700
2020-06-29,3.400000,3.490000,3.226000,3.240000,3.240000,104500
2020-06-30,3.200000,3.240000,3.060000,3.190000,3.190000,124000
2020-07-01,3.220000,3.247000,3.050000,3.080000,3.080000,92300
2020-07-02,3.120000,3.190000,3.020000,3.100000,3.100000,105800
2020-07-06,3.180000,3.230000,3.050000,3.100000,3.100000,100700
2020-07-07,3.170000,3.170000,2.921000,3.020000,3.020000,97200
2020-07-08,2.950000,3.110000,2.950000,3.080000,3.080000,58100
2020-07-09,3.080000,3.118000,3.000000,3.050000,3.050000,61200