Date,Open,High,Low,Close,Adj Close,Volume
2014-10-09,14.000000,14.000000,13.100000,13.950000,13.322117,1050700
2014-10-10,13.590000,15.631000,13.590000,14.890000,14.219807,20000
2014-10-13,14.260000,14.510000,14.260000,14.500000,13.847362,12700
2014-10-14,14.490000,14.500000,13.660000,13.660000,13.045169,36500
2014-10-15,13.650000,13.800000,13.550000,13.800000,13.178868,38100
2014-10-16,13.650000,13.650000,13.650000,13.650000,13.035619,400
2014-10-17,13.900000,14.050000,13.700000,13.700000,13.083369,31200
2014-10-20,13.650000,13.680000,13.500000,13.650000,13.035619,36600
2014-10-21,13.707000,13.800000,13.707000,13.800000,13.178868,300
2014-10-22,13.980000,13.980000,13.600000,13.770000,13.150219,10700
2014-10-23,13.650000,13.770000,13.650000,13.750000,13.131118,2300
2014-10-24,13.620000,13.800000,13.600000,13.680000,13.064270,24600
2014-10-27,13.700000,14.220000,13.620000,13.750000,13.131118,41100
2014-10-28,13.650000,13.900000,13.650000,13.790000,13.169319,69300
2014-10-29,13.800000,14.000000,13.800000,13.960000,13.331667,4500
2014-10-30,13.749000,13.750000,13.749000,13.750000,13.131118,300
2014-10-31,13.750000,13.980000,13.680000,13.980000,13.350766,11300
2014-11-03,13.890000,13.950000,13.610000,13.900000,13.274368,42700
2014-11-04,13.740000,14.500000,13.740000,14.500000,13.847362,20500
2014-11-05,14.460000,14.550000,14.210000,14.500000,13.847362,17000
2014-11-06,14.660000,15.588000,14.500000,15.020000,14.343957,26700
2014-11-07,15.430000,15.430000,14.855000,15.080000,14.401256,11200
2014-11-10,14.500000,15.000000,14.500000,14.600000,13.942862,42500
2014-11-11,14.600000,14.990000,14.510000,14.990000,14.315307,32400
2014-11-12,14.850000,14.890000,14.690000,14.890000,14.219807,1100
2014-11-13,14.880000,15.280000,14.600000,14.900000,14.229357,20400
2014-11-14,15.000000,15.000000,14.040000,14.890000,14.219807,23900
2014-11-17,14.580000,14.950000,13.720000,14.950000,14.277106,11600
2014-11-18,14.900000,15.410000,14.600000,15.220000,14.534954,37600
2014-11-19,15.210000,15.470000,15.050000,15.450000,14.754602,16000
2014-11-20,15.690000,16.650000,14.660000,15.925000,15.208223,5400
2014-11-21,15.600000,16.160000,14.520000,15.430000,14.735502,49300
2014-11-24,15.380000,16.440001,15.380000,16.440001,15.700044,4700
2014-11-25,16.410000,16.410000,14.330000,16.219999,15.489944,7500
2014-11-26,15.950000,15.990000,15.760000,15.890000,15.174798,1200
2014-11-28,16.010000,16.059999,15.250000,15.980000,15.260747,5400
2014-12-01,15.430000,15.800000,15.250000,15.430000,14.735502,900
2014-12-02,15.350000,15.610000,14.790000,15.610000,14.907399,6600
2014-12-03,15.330000,15.980000,15.000000,15.760000,15.050650,2600
2014-12-04,15.630000,15.630000,14.700000,15.160000,14.477654,5600
2014-12-05,15.000000,15.990000,14.810000,15.360000,14.668653,65800
2014-12-08,15.780000,16.000000,15.100000,15.100000,14.420357,3400
2014-12-09,15.050000,15.450000,14.800000,15.440000,14.745051,10500
2014-12-10,15.000000,15.240000,14.500000,14.510000,13.856912,5800
2014-12-11,14.930000,15.390000,14.910000,14.930000,14.258007,12700
2014-12-12,15.090000,15.220000,14.610000,14.690000,14.028810,2900
2014-12-15,14.710000,15.107000,14.500000,14.700000,14.038360,5500
2014-12-16,14.700000,14.700000,14.260000,14.260000,13.618164,12000
2014-12-17,14.260000,14.650000,12.830000,14.100000,13.465364,11900
2014-12-18,14.340000,14.340000,13.860000,14.120000,13.484466,49800
2014-12-19,14.050000,14.200000,12.800000,12.860000,12.281176,48600
2014-12-22,13.060000,14.740000,13.060000,14.260000,13.618164,18000
2014-12-23,14.250000,14.490000,14.000000,14.250000,13.608613,42800
2014-12-24,14.250000,14.250000,14.010000,14.010000,13.379416,700
2014-12-26,13.760000,13.760000,13.760000,13.760000,13.140669,600
2014-12-29,14.110000,14.110000,13.760000,13.770000,13.150219,900
2014-12-30,13.750000,14.190000,13.710000,14.130000,13.494014,34400
2014-12-31,14.000000,14.170000,13.760000,14.170000,13.532215,6000
2015-01-02,14.040000,14.390000,14.040000,14.370000,13.723212,39500
2015-01-05,13.800000,14.000000,13.800000,13.820000,13.197968,1500
2015-01-06,14.000000,14.380000,13.810000,14.030000,13.398516,12300
2015-01-07,14.260000,14.400000,13.950000,13.950000,13.322117,2500
2015-01-08,14.240000,14.240000,13.800000,14.200000,13.560864,8700
2015-01-09,14.030000,14.300000,13.800000,14.090000,13.455815,33600
2015-01-12,13.990000,13.990000,13.990000,13.990000,13.360316,200
2015-01-13,13.800000,13.830000,13.520000,13.520000,12.911471,7000
2015-01-14,13.350000,13.750000,13.283000,13.750000,13.131118,5400
2015-01-15,13.500000,13.500000,13.250000,13.300000,12.701373,2100
2015-01-16,13.280000,13.390000,12.990000,13.320000,12.720472,18500
2015-01-20,12.920000,13.030000,12.920000,13.000000,12.414876,5100
2015-01-21,13.000000,13.150000,12.850000,13.000000,12.414876,41800
2015-01-22,13.640000,14.500000,12.980000,13.250000,12.653624,16100
2015-01-23,13.200000,13.400000,13.010000,13.370000,12.768222,21400
2015-01-26,13.429000,13.429000,13.050000,13.270000,12.672723,1200
2015-01-27,13.242000,13.242000,12.880000,12.880000,12.300279,2700
2015-01-28,12.900000,13.170000,12.870000,13.170000,12.577225,14500
2015-01-29,13.010000,13.275000,12.220000,13.080000,12.491275,15000
2015-01-30,12.870000,13.150000,12.870000,13.150000,12.558125,2200
2015-02-02,13.150000,13.250000,13.000000,13.240000,12.644074,18100
2015-02-03,13.220000,13.300000,12.810000,13.300000,12.701373,23500
2015-02-04,13.300000,13.800000,12.905000,13.440000,12.835071,32100
2015-02-05,13.540000,16.030001,13.350000,14.180000,13.541765,8100
2015-02-06,14.100000,15.250000,13.470000,14.700000,14.038360,6900
2015-02-09,14.950000,15.370000,13.370000,14.370000,13.723212,7100
2015-02-10,14.500000,14.750000,14.500000,14.720000,14.057461,21600
2015-02-11,14.230000,14.600000,14.010000,14.480000,13.828262,18800
2015-02-12,14.500000,14.550000,13.750000,14.140000,13.503566,15800
2015-02-13,14.420000,14.550000,14.150000,14.450000,13.799613,9600
2015-02-17,14.360000,14.500000,13.840000,14.260000,13.618164,3500
2015-02-18,14.390000,14.390000,13.850000,13.900000,13.274368,4000
2015-02-19,14.370000,14.400000,13.840000,13.960000,13.331667,7900
2015-02-20,13.980000,14.200000,13.270000,14.200000,13.560864,10900
2015-02-23,13.740000,14.120000,13.740000,13.880000,13.255268,6300
2015-02-24,14.200000,14.210000,13.800000,14.210000,13.570415,14200
2015-02-25,14.370000,14.400000,13.760000,14.330000,13.685014,7500
2015-02-26,14.010000,14.010000,14.010000,14.010000,13.379416,100
2015-02-27,14.190000,14.200000,14.110000,14.110000,13.474915,1000
2015-03-02,14.230000,14.300000,13.810000,14.270000,13.627714,22300
2015-03-03,14.250000,14.250000,13.830000,13.830000,13.207519,4000
2015-03-04,14.180000,14.350000,13.850000,14.350000,13.704112,33000
2015-03-05,14.270000,14.270000,13.750000,13.870000,13.245717,7800
2015-03-06,14.010000,14.250000,13.830000,13.900000,13.274368,4800
2015-03-09,13.500000,14.040000,12.050000,13.630000,13.016520,13800
2015-03-10,13.600000,13.780000,13.600000,13.770000,13.150219,3300
2015-03-11,13.750000,13.975000,13.750000,13.975000,13.345991,1000
2015-03-12,13.980000,14.220000,13.900000,14.220000,13.579964,2300
2015-03-13,14.001000,14.250000,14.000000,14.230000,13.589515,1400
2015-03-16,14.250000,14.250000,14.230000,14.247000,13.605749,1100
2015-03-17,14.247000,14.247000,14.247000,14.247000,13.605749,0
2015-03-18,14.247000,14.247000,14.247000,14.247000,13.605749,0
2015-03-19,14.150000,14.150000,14.000000,14.000000,13.369866,500
2015-03-20,14.038000,14.100000,14.038000,14.100000,13.465364,1000
2015-03-23,13.620000,14.000000,13.620000,13.950000,13.322117,2800
2015-03-24,14.020000,14.020000,14.020000,14.020000,13.388966,100
2015-03-25,14.000000,14.200000,14.000000,14.000000,13.369866,6400
2015-03-26,14.000000,14.000000,14.000000,14.000000,13.369866,0
2015-03-27,14.000000,14.100000,14.000000,14.100000,13.465364,1300
2015-03-30,14.000000,14.050000,13.950000,14.010000,13.379416,3900
2015-03-31,13.988000,14.010000,13.900000,13.970000,13.341217,3200
2015-04-01,14.000000,14.050000,13.900000,13.910000,13.283916,24500
2015-04-02,14.030000,14.100000,14.000000,14.020000,13.388966,4400
2015-04-06,14.000000,14.000000,13.970000,13.970000,13.341217,200
2015-04-07,14.000000,14.090000,14.000000,14.000000,13.369866,2000
2015-04-08,14.010000,14.030000,14.000000,14.030000,13.398516,1100
2015-04-09,14.020000,14.050000,14.010000,14.050000,13.417616,1200
2015-04-10,14.100000,14.100000,14.090000,14.100000,13.465364,5500
2015-04-13,14.190000,14.200000,14.190000,14.200000,13.560864,1000
2015-04-14,14.250000,14.250000,14.250000,14.250000,13.608613,200
2015-04-15,14.350000,14.490000,14.350000,14.490000,13.837811,1800
2015-04-16,14.500000,14.590000,14.490000,14.590000,13.933311,1200
2015-04-17,14.450000,14.740000,14.450000,14.740000,14.076559,4000
2015-04-20,14.750000,14.750000,14.360000,14.540000,13.885562,2400
2015-04-21,14.590000,14.600000,14.560000,14.600000,13.942862,2300
2015-04-22,14.600000,14.600000,14.600000,14.600000,13.942862,0
2015-04-23,14.660000,14.700000,14.380000,14.510000,13.856912,12400
2015-04-24,14.700000,14.700000,14.690000,14.700000,14.038360,2200
2015-04-27,14.850000,14.850000,14.370000,14.400000,13.751861,3100
2015-04-28,14.478000,14.478000,14.350000,14.350000,13.704112,1000
2015-04-29,14.500000,14.500000,14.500000,14.500000,13.847362,100
2015-04-30,14.440000,14.545000,14.440000,14.490000,13.837811,9900
2015-05-01,14.490000,14.740000,14.400000,14.510000,13.856912,25800
2015-05-04,14.550000,14.602000,14.550000,14.600000,13.942862,3000
2015-05-05,14.630000,14.630000,14.500000,14.500000,13.847362,1400
2015-05-06,14.430000,14.450000,14.410000,14.410000,13.761412,800
2015-05-07,14.360000,14.360000,14.360000,14.360000,13.713662,100
2015-05-08,14.400000,14.400000,14.010000,14.290000,13.646812,9200
2015-05-11,14.210000,14.220000,14.210000,14.210000,13.570415,1900
2015-05-12,14.240000,14.240000,14.240000,14.240000,13.599064,600
2015-05-13,14.300000,14.300000,14.300000,14.300000,13.656364,600
2015-05-14,14.001000,14.210000,14.001000,14.030000,13.398516,700
2015-05-15,14.030000,14.030000,14.030000,14.030000,13.398516,0
2015-05-18,13.330000,13.552000,13.161000,13.440000,12.835071,1500
2015-05-19,13.770000,13.990000,13.770000,13.960000,13.331667,1200
2015-05-20,13.960000,13.960000,13.960000,13.960000,13.331667,0
2015-05-21,13.795000,13.870000,13.710000,13.870000,13.245717,13700
2015-05-22,13.965000,13.980000,13.920000,13.950000,13.322117,1800
2015-05-26,13.950000,13.950000,13.950000,13.950000,13.322117,0
2015-05-27,13.530000,13.530000,13.530000,13.530000,12.921021,200
2015-05-28,13.630000,14.140000,13.600000,13.945000,13.317342,3900
2015-05-29,13.930000,14.120000,13.930000,13.990000,13.360316,4400
2015-06-01,13.990000,13.990000,13.990000,13.990000,13.360316,0
2015-06-02,13.990000,13.990000,13.990000,13.990000,13.360316,0
2015-06-03,14.250000,14.490000,14.220000,14.490000,13.837811,3600
2015-06-04,14.040000,14.040000,14.040000,14.040000,13.408065,100
2015-06-05,14.200000,14.200000,14.200000,14.200000,13.560864,100
2015-06-08,14.220000,14.500000,14.220000,14.480000,13.828262,6900
2015-06-09,14.140000,14.420000,14.140000,14.420000,13.770963,400
2015-06-10,14.400000,15.000000,14.300000,14.890000,14.219807,13300
2015-06-11,14.790000,15.000000,14.600000,14.930000,14.258007,22400
2015-06-12,14.880000,15.370000,14.610000,14.750000,14.086108,11500
2015-06-15,15.340000,15.400000,14.722000,15.290000,14.601804,21100
2015-06-16,15.130000,15.290000,15.000000,15.100000,14.420357,24900
2015-06-17,15.100000,15.400000,14.290000,14.940000,14.267557,25300
2015-06-18,15.020000,15.400000,14.510000,14.820000,14.152958,51800
2015-06-19,14.600000,15.000000,14.400000,14.910000,14.238908,80500
2015-06-22,14.800000,15.280000,14.060000,15.000000,14.324857,76400
2015-06-23,15.000000,15.010000,14.340000,14.530000,13.876009,3400
2015-06-24,14.690000,14.800000,14.090000,14.180000,13.541765,9800
2015-06-25,14.200000,14.630000,14.020000,14.100000,13.465364,21000
2015-06-26,14.100000,14.990000,14.010000,14.950000,14.277106,133100
2015-06-29,14.590000,15.000000,14.590000,14.990000,14.315307,9700
2015-06-30,14.890000,15.000000,14.890000,14.935000,14.262783,500
2015-07-01,14.900000,15.500000,14.780000,15.500000,14.802353,18000
2015-07-02,15.500000,16.000000,15.350000,16.000000,15.279848,23900
2015-07-06,15.750000,16.980000,15.060000,16.980000,16.215738,24200
2015-07-07,16.530001,17.500000,16.500000,17.260000,16.483135,87900
2015-07-08,17.610001,17.950001,15.760000,17.200001,16.425835,42900
2015-07-09,17.200001,17.200001,16.516001,17.129999,16.358984,110600
2015-07-10,17.280001,17.799999,16.030001,16.070000,15.346696,48100
2015-07-13,16.100000,16.790001,16.070000,16.750000,15.996091,12500
2015-07-14,16.990000,16.990000,16.010000,16.350000,15.614095,12100
2015-07-15,16.100000,17.090000,16.100000,16.250000,15.518594,9700
2015-07-16,16.530001,17.000000,15.760000,16.080000,15.356246,11100
2015-07-17,15.420000,16.570000,15.360000,15.780000,15.069749,9700
2015-07-20,15.500000,16.280001,15.034000,15.660000,14.955150,23700
2015-07-21,15.530000,16.240000,15.500000,15.530000,14.831001,8800
2015-07-22,15.530000,15.720000,15.190000,15.410000,14.716403,32200
2015-07-23,15.010000,15.550000,15.010000,15.450000,14.754602,15400
2015-07-24,15.490000,16.059999,15.490000,15.680000,14.974252,30000
2015-07-27,15.280000,15.740000,15.280000,15.540000,14.840551,38100
2015-07-28,14.310000,15.720000,14.130000,15.480000,14.783251,40800
2015-07-29,15.250000,16.440001,15.130000,15.930000,15.212998,23400
2015-07-30,15.900000,16.408001,15.810000,16.400000,15.661843,8800
2015-07-31,16.350000,16.500000,15.870000,16.490000,15.747791,3100
2015-08-03,16.500000,17.000000,16.301001,16.860001,16.101141,48300
2015-08-04,16.650000,17.000000,16.530001,16.639999,15.891041,20600
2015-08-05,16.650000,16.969999,16.420000,16.629999,15.881490,15200
2015-08-06,16.430000,16.430000,15.995000,16.200001,15.470846,7200
2015-08-07,16.100000,16.590000,16.049999,16.389999,15.652292,8400
2015-08-10,16.389999,16.615000,15.710000,15.960000,15.241648,12300
2015-08-11,15.920000,16.670000,15.490000,15.990000,15.270297,15700
2015-08-12,15.870000,16.020000,15.480000,15.890000,15.174798,4000
2015-08-13,15.800000,15.800000,14.480000,15.580000,14.878752,5500
2015-08-14,16.400000,16.400000,15.490000,16.059999,15.337146,6700
2015-08-17,15.750000,15.780000,15.260000,15.510000,14.811902,26100
2015-08-18,15.490000,15.891000,14.750000,15.500000,14.802353,80800
2015-08-19,15.520000,15.740000,15.490000,15.650000,14.945601,10300
2015-08-20,15.490000,15.600000,15.245000,15.500000,14.802353,14600
2015-08-21,15.460000,15.500000,15.240000,15.500000,14.802353,18800
2015-08-24,15.080000,15.480000,15.080000,15.450000,14.754602,41400
2015-08-25,15.600000,15.600000,15.150000,15.450000,14.754602,23100
2015-08-26,15.500000,15.750000,15.000000,15.510000,14.811902,49000
2015-08-27,16.000000,16.000000,15.230000,15.510000,14.811902,25500
2015-08-28,15.570000,16.000000,15.570000,16.000000,15.279848,600
2015-08-31,15.910000,16.000000,15.385000,15.580000,14.878752,19500
2015-09-01,15.490000,15.990000,15.250000,15.470000,14.773704,33700
2015-09-02,15.450000,16.000000,15.000000,15.520000,14.821451,61700
2015-09-03,15.710000,15.980000,15.270000,15.500000,14.802353,20400
2015-09-04,15.560000,15.680000,15.420000,15.640000,14.936050,2400
2015-09-08,15.630000,16.680000,15.590000,16.350000,15.614095,17800
2015-09-09,16.379999,16.490000,15.900000,16.000000,15.279848,7400
2015-09-10,16.049999,16.299999,15.930000,16.170000,15.442196,9000
2015-09-11,16.120001,16.120001,15.900000,16.049999,15.327597,6000
2015-09-14,16.020000,16.160000,16.000000,16.100000,15.375347,3400
2015-09-15,16.180000,16.180000,16.030001,16.150000,15.423094,15600
2015-09-16,16.090000,16.090000,16.000000,16.090000,15.365796,21400
2015-09-17,16.100000,16.100000,15.850000,16.046000,15.323776,6900
2015-09-18,15.880000,15.892000,15.310000,15.310000,14.620904,75500
2015-09-21,15.500000,15.900000,15.420000,15.900000,15.184348,5900
2015-09-22,16.040001,16.040001,15.600000,15.600000,14.897851,12500
2015-09-23,15.600000,15.960000,15.550000,15.590000,14.888301,11900
2015-09-24,15.560000,15.660000,15.460000,15.520000,14.821451,16200
2015-09-25,15.630000,15.960000,15.410000,15.710000,15.002899,18300
2015-09-28,15.570000,15.630000,15.400000,15.580000,14.878752,5800
2015-09-29,15.490000,15.800000,15.490000,15.525000,14.826227,7200
2015-09-30,15.610000,15.670000,15.400000,15.620000,14.916950,7600
2015-10-01,15.490000,15.960000,15.210000,15.640000,14.936050,22900
2015-10-02,15.560000,15.860000,15.500000,15.620000,14.916950,11600
2015-10-05,15.660000,15.810000,15.500000,15.570000,14.869202,9700
2015-10-06,15.630000,15.890000,15.200000,15.890000,15.174798,21700
2015-10-07,15.840000,16.010000,15.400000,16.000000,15.279848,10500
2015-10-08,15.920000,16.740000,15.525000,16.709999,15.957890,23900
2015-10-09,16.510000,16.580000,16.040001,16.400000,15.661843,5800
2015-10-12,16.379999,16.379999,15.890000,15.890000,15.174798,5000
2015-10-13,15.970000,16.420000,15.850000,16.309999,15.575892,8800
2015-10-14,16.120001,16.450001,15.800000,16.120001,15.394447,16400
2015-10-15,16.139999,16.490000,15.785000,16.309999,15.575892,11800
2015-10-16,16.200001,16.480000,16.000000,16.400000,15.661843,5300
2015-10-19,15.870000,16.430000,15.870000,16.010000,15.289397,1400
2015-10-20,16.120001,16.403000,15.895000,16.230000,15.499495,9400
2015-10-21,16.160000,16.180000,15.800000,16.100000,15.375347,8300
2015-10-22,16.020000,16.370001,16.000000,16.370001,15.633193,21700
2015-10-23,16.389999,16.459999,16.152000,16.260000,15.528144,10400
2015-10-26,16.280001,16.430000,15.915000,16.370001,15.633193,27700
2015-10-27,16.290001,16.400000,15.680000,16.379999,15.642743,11600
2015-10-28,16.430000,17.309999,15.890000,17.030001,16.263487,61300
2015-10-29,17.160000,17.570000,17.160000,17.370001,16.588184,19400
2015-10-30,17.420000,17.420000,16.709999,17.280001,16.502234,7900
2015-11-02,17.190001,17.690001,16.920000,17.270000,16.492685,37800
2015-11-03,17.250000,17.450001,16.830000,16.840000,16.082037,13400
2015-11-04,16.830000,17.250000,16.750000,17.209999,16.435387,60500
2015-11-05,17.240000,17.299999,16.639999,17.270000,16.492685,19200
2015-11-06,17.290001,17.450001,17.250000,17.350000,16.569082,16500
2015-11-09,17.350000,17.400000,17.180000,17.250000,16.473583,12600
2015-11-10,17.270000,17.500000,16.530001,17.500000,16.712332,12200
2015-11-11,17.410000,17.750000,17.290001,17.469999,16.683683,24200
2015-11-12,17.406000,17.420000,16.830000,16.830000,16.072487,12800
2015-11-13,16.799999,16.799999,16.219999,16.230000,15.499495,9800
2015-11-16,16.280001,16.700001,15.970000,16.260000,15.528144,14700
2015-11-17,16.389999,16.790001,16.070000,16.790001,16.034294,70900
2015-11-18,16.790001,16.950001,16.530001,16.770000,16.015192,10300
2015-11-19,16.600000,16.980000,16.353001,16.780001,16.024740,11000
2015-11-20,16.780001,16.889999,16.629999,16.809999,16.053385,2800
2015-11-23,16.719999,17.000000,16.549999,16.990000,16.225286,10200
2015-11-24,17.000000,17.090000,16.719999,16.860001,16.101141,7000
2015-11-25,16.959999,17.020000,16.615000,16.889999,16.129787,9100
2015-11-27,17.059999,17.139999,16.690001,16.870001,16.110689,7000
2015-11-30,17.010000,17.334000,16.910000,17.209999,16.435387,8500
2015-12-01,17.250000,17.250000,17.190001,17.250000,16.473583,8900
2015-12-02,17.200001,17.250000,17.100000,17.100000,16.330338,4200
2015-12-03,16.930000,17.139999,16.870001,16.900000,16.139339,4400
2015-12-04,16.959999,17.160000,16.660000,17.160000,16.387634,32900
2015-12-07,17.030001,17.080000,17.000000,17.040001,16.273039,13000
2015-12-08,16.930000,17.139999,16.590000,17.040001,16.273039,36100
2015-12-09,16.940001,16.940001,16.440001,16.610001,15.862393,28000
2015-12-10,16.549999,16.879999,16.510000,16.799999,16.043839,20700
2015-12-11,16.600000,17.049999,16.219999,16.459999,15.719143,21000
2015-12-14,16.500000,16.799999,15.520000,15.840000,15.127048,56800
2015-12-15,15.540000,16.209999,15.540000,15.930000,15.212998,21100
2015-12-16,15.600000,16.230000,15.600000,16.030001,15.308497,22600
2015-12-17,16.160000,16.240000,15.860000,16.240000,15.509044,13900
2015-12-18,16.010000,16.959999,15.800000,16.910000,16.148890,37200
2015-12-21,16.799999,16.799999,16.020000,16.040001,15.318048,26000
2015-12-22,16.219999,16.410000,15.804000,16.200001,15.470846,23300
2015-12-23,15.710000,16.200001,15.710000,15.990000,15.270297,7600
2015-12-24,16.120001,16.870001,15.880000,16.320000,15.585445,6500
2015-12-28,16.320000,16.590000,16.000000,16.030001,15.308497,21300
2015-12-29,16.010000,16.520000,16.000000,16.110001,15.384897,14000
2015-12-30,16.160000,16.510000,16.000000,16.090000,15.365796,5300
2015-12-31,16.250000,17.020000,15.850000,16.209999,15.480394,16600
2016-01-04,15.540000,16.280001,15.500000,16.030001,15.308497,59900
2016-01-05,16.500000,17.000000,15.520000,16.309999,15.575892,21500
2016-01-06,16.700001,16.920000,15.900000,16.750000,15.996091,20500
2016-01-07,16.660000,16.740000,16.280001,16.600000,15.852840,16100
2016-01-08,16.830000,16.910000,16.400000,16.730000,15.976989,17300
2016-01-11,16.730000,17.000000,16.500000,16.590000,15.843290,23600
2016-01-12,16.820000,16.820000,16.070000,16.170000,15.442196,18600
2016-01-13,15.836000,16.160000,15.550000,15.560000,14.859653,5900
2016-01-14,15.250000,15.690000,15.010000,15.520000,14.821451,18700
2016-01-15,15.200000,15.438000,14.770000,14.960000,14.286658,25800
2016-01-19,15.040000,15.370000,14.950000,15.110000,14.429904,38100
2016-01-20,14.950000,14.950000,14.310000,14.600000,13.942862,12300
2016-01-21,14.460000,14.980000,14.050000,14.500000,13.847362,45000
2016-01-22,14.740000,14.740000,14.420000,14.470000,13.818710,20400
2016-01-25,14.540000,14.660000,14.010000,14.220000,13.579964,23300
2016-01-26,14.490000,14.530000,14.130000,14.200000,13.560864,17500
2016-01-27,14.100000,14.310000,14.070000,14.200000,13.560864,11600
2016-01-28,14.360000,14.710000,14.200000,14.390000,13.742313,6700
2016-01-29,14.320000,14.950000,14.320000,14.420000,13.770963,13800
2016-02-01,14.260000,14.430000,14.000000,14.340000,13.694564,27100
2016-02-02,14.200000,14.534000,14.160000,14.340000,13.694564,8900
2016-02-03,14.400000,14.740000,14.220000,14.270000,13.627714,6400
2016-02-04,14.130000,14.250000,14.070000,14.230000,13.589515,12300
2016-02-05,14.190000,14.270000,13.910000,13.990000,13.360316,13700
2016-02-08,13.780000,13.780000,13.107000,13.280000,12.682272,109100
2016-02-09,13.300000,13.320000,12.910000,13.170000,12.577225,18900
2016-02-10,13.300000,13.500000,13.130000,13.420000,12.815972,9500
2016-02-11,13.190000,13.500000,13.080000,13.100000,12.510375,6400
2016-02-12,13.190000,13.235000,12.630000,13.100000,12.510375,50000
2016-02-16,13.300000,13.450000,13.182000,13.300000,12.701373,34600
2016-02-17,13.150000,13.300000,13.150000,13.290000,12.691823,6700
2016-02-18,13.300000,13.380000,12.760000,12.970000,12.386227,24600
2016-02-19,12.830000,13.510000,12.730000,13.000000,12.414876,182300
2016-02-22,13.240000,13.346000,12.970000,12.990000,12.405327,48500
2016-02-23,13.060000,13.060000,12.730000,12.730000,12.157028,53300
2016-02-24,12.730000,12.750000,12.350000,12.700000,12.128379,28800
2016-02-25,12.710000,13.180000,12.570000,13.000000,12.414876,47900
2016-02-26,13.090000,13.100000,12.950000,12.990000,12.405327,12100
2016-02-29,13.100000,13.230000,12.990000,12.990000,12.405327,32300
2016-03-01,13.150000,13.440000,13.040000,13.100000,12.510375,23300
2016-03-02,13.160000,13.430000,13.060000,13.310000,12.710923,93900
2016-03-03,13.260000,14.160000,13.110000,13.810000,13.188418,89800
2016-03-04,13.810000,14.265000,13.650000,13.820000,13.197968,46600
2016-03-07,13.880000,14.400000,13.880000,14.000000,13.369866,34600
2016-03-08,14.050000,14.300000,13.610000,13.920000,13.293467,25600
2016-03-09,13.970000,14.270000,13.720000,14.060000,13.427167,7100
2016-03-10,14.150000,14.450000,13.800000,14.310000,13.665913,20200
2016-03-11,14.350000,14.350000,13.890000,14.290000,13.646812,20900
2016-03-14,14.080000,14.300000,13.620000,14.160000,13.522664,19900
2016-03-15,14.060000,14.190000,13.570000,13.570000,12.959220,31100
2016-03-16,13.630000,14.310000,13.240000,13.470000,12.863722,10300
2016-03-17,13.440000,13.770000,13.040000,13.240000,12.644074,44900
2016-03-18,13.340000,14.060000,13.270000,13.990000,13.360316,43500
2016-03-21,13.860000,14.020000,13.850000,13.870000,13.245717,11800
2016-03-22,13.820000,13.920000,13.670000,13.880000,13.255268,15300
2016-03-23,13.970000,14.000000,13.880000,13.910000,13.283916,10100
2016-03-24,13.810000,14.210000,13.520000,14.050000,13.417616,16300
2016-03-28,13.840000,14.130000,13.840000,13.890000,13.264818,15600
2016-03-29,13.960000,14.170000,13.730000,14.090000,13.455815,16800
2016-03-30,14.070000,14.990000,13.820000,14.820000,14.152958,25700
2016-03-31,14.810000,14.980000,14.450000,14.530000,13.876009,17200
2016-04-01,14.660000,14.990000,14.660000,14.820000,14.152958,10900
2016-04-04,14.910000,14.980000,14.540000,14.810000,14.143409,11700
2016-04-05,14.710000,15.000000,14.400000,14.950000,14.277106,31400
2016-04-06,14.920000,15.090000,14.690000,14.910000,14.238908,13800
2016-04-07,14.485000,15.440000,14.485000,14.820000,14.152958,28700
2016-04-08,15.000000,15.340000,14.840000,15.150000,14.468105,16900
2016-04-11,15.050000,15.450000,14.851000,15.110000,14.429904,17300
2016-04-12,15.100000,15.310000,14.740000,14.780000,14.114758,10900
2016-04-13,14.900000,15.260000,14.712000,15.120000,14.439455,25100
2016-04-14,15.060000,15.260000,14.820000,14.990000,14.315307,15000
2016-04-15,15.020000,15.020000,14.590000,14.590000,13.933311,16700
2016-04-18,14.690000,15.250000,14.430000,14.810000,14.143409,14600
2016-04-19,14.970000,15.000000,14.590000,14.980000,14.305756,17900
2016-04-20,14.860000,14.990000,14.706000,14.820000,14.152958,23600
2016-04-21,14.870000,14.980000,14.630000,14.880000,14.210259,21500
2016-04-22,14.790000,15.000000,14.670000,14.920000,14.248458,19700
2016-04-25,14.840000,15.000000,14.760000,14.760000,14.095659,11200
2016-04-26,14.910000,14.950000,14.770000,14.900000,14.229357,27400
2016-04-27,14.850000,15.490000,14.850000,15.310000,14.620904,17000
2016-04-28,15.170000,15.500000,15.170000,15.480000,14.783251,13700
2016-04-29,15.430000,15.490000,15.370000,15.490000,14.792800,20100
2016-05-02,15.490000,15.880000,15.470000,15.670000,14.964700,23800
2016-05-03,15.800000,15.990000,15.610000,15.900000,15.184348,25000
2016-05-04,15.810000,16.000000,15.800000,16.000000,15.279848,34500
2016-05-05,15.980000,16.000000,15.950000,15.950000,15.232097,26100
2016-05-06,15.860000,16.230000,15.770000,16.030001,15.308497,16900
2016-05-09,16.110001,16.250000,15.547000,16.070000,15.346696,23600
2016-05-10,16.049999,16.160000,16.000000,16.040001,15.318048,13100
2016-05-11,15.960000,16.100000,15.940000,16.040001,15.318048,51000
2016-05-12,16.010000,16.080000,15.850000,15.990000,15.270297,58700
2016-05-13,15.910000,16.040001,15.900000,16.000000,15.279848,20200
2016-05-16,15.890000,16.100000,15.890000,16.000000,15.279848,14200
2016-05-17,15.990000,16.080000,15.570000,15.630000,14.926501,17400
2016-05-18,15.450000,15.940000,15.330000,15.910000,15.193897,15800
2016-05-19,15.650000,16.090000,15.630000,16.000000,15.279848,22100
2016-05-20,16.010000,16.010000,15.470000,15.890000,15.174798,5400
2016-05-23,15.960000,16.100000,15.780000,15.980000,15.260747,22200
2016-05-24,16.040001,16.230000,15.920000,16.049999,15.327597,21500
2016-05-25,15.990000,16.150000,15.765000,16.150000,15.423094,20200
2016-05-26,16.070000,16.139999,15.560000,15.760000,15.050650,14400
2016-05-27,15.900000,15.980000,15.470000,15.570000,14.869202,6400
2016-05-31,15.610000,15.690000,14.350000,15.570000,14.869202,34900
2016-06-01,15.400000,16.110001,15.355000,15.620000,14.916950,12700
2016-06-02,15.680000,15.800000,15.390000,15.500000,14.802353,19700
2016-06-03,15.540000,15.540000,15.030000,15.100000,14.420357,15700
2016-06-06,15.460000,15.770000,15.110000,15.400000,14.706853,18300
2016-06-07,15.440000,16.120001,15.350000,16.020000,15.298946,27900
2016-06-08,15.990000,16.150000,15.950000,16.110001,15.384897,28300
2016-06-09,16.059999,16.150000,15.930000,16.129999,15.403995,13600
2016-06-10,15.980000,16.049999,15.870000,16.010000,15.289397,10100
2016-06-13,16.100000,16.100000,15.730000,15.920000,15.203447,22100
2016-06-14,15.650000,15.700000,15.245000,15.330000,14.640003,18400
2016-06-15,15.320000,15.350000,15.050000,15.120000,14.439455,22200
2016-06-16,15.350000,15.350000,15.050000,15.110000,14.429904,53300
2016-06-17,15.050000,15.800000,15.050000,15.290000,14.601804,46900
2016-06-20,15.440000,15.560000,15.310000,15.310000,14.620904,35100
2016-06-21,15.680000,15.800000,15.395000,15.800000,15.088849,18600
2016-06-22,15.750000,16.090000,15.700000,16.090000,15.365796,23000
2016-06-23,16.100000,16.150000,15.930000,16.090000,15.365796,67800
2016-06-24,15.690000,16.010000,15.060000,15.470000,14.773704,740200
2016-06-27,15.500000,15.530000,15.063000,15.130000,14.449005,24100
2016-06-28,15.270000,15.550000,15.160000,15.510000,14.811902,24000
2016-06-29,15.620000,15.990000,15.570000,15.990000,15.270297,13100
2016-06-30,15.861000,16.049999,15.500000,16.020000,15.298946,314600
2016-07-01,16.049999,16.350000,16.040001,16.270000,15.537696,45800
2016-07-05,16.240000,16.350000,16.049999,16.350000,15.614095,22200
2016-07-06,16.290001,16.500000,16.280001,16.500000,15.757343,34100
2016-07-07,16.480000,16.760000,16.480000,16.740000,15.986541,26700
2016-07-08,16.799999,17.400000,16.700001,17.260000,16.483135,79800
2016-07-11,17.200001,17.260000,16.690001,16.860001,16.101141,41200
2016-07-12,16.840000,17.000000,16.600000,16.700001,15.948339,43600
2016-07-13,16.670000,17.049999,16.120001,16.549999,15.805091,21600
2016-07-14,16.700001,16.820000,15.920000,16.430000,15.690495,33900
2016-07-15,16.510000,16.809999,16.240000,16.580000,15.833740,38300
2016-07-18,16.440001,16.900000,16.420000,16.730000,15.976989,24500
2016-07-19,16.510000,16.996000,16.510000,16.870001,16.110689,21800
2016-07-20,16.950001,16.950001,16.580000,16.860001,16.101141,16100
2016-07-21,16.830000,17.045000,16.530001,17.000000,16.234838,16900
2016-07-22,17.049999,17.049999,16.750000,17.030001,16.263487,16700
2016-07-25,17.049999,17.100000,16.969999,17.070000,16.301685,31400
2016-07-26,17.100000,17.100000,16.860001,17.040001,16.273039,17300
2016-07-27,17.100000,17.350000,16.950001,17.350000,16.569082,60200
2016-07-28,17.049999,17.400000,17.040001,17.400000,16.616835,27600
2016-07-29,17.330000,17.400000,16.709999,17.370001,16.588184,16600
2016-08-01,17.400000,17.400000,17.170000,17.330000,16.549988,15400
2016-08-02,17.389999,17.389999,17.150000,17.190001,16.416285,10800
2016-08-03,17.120001,17.260000,17.020000,17.040001,16.273039,10400
2016-08-04,17.139999,17.139999,16.893999,16.969999,16.206190,5700
2016-08-05,17.059999,17.170000,16.900000,17.030001,16.263487,19100
2016-08-08,17.040001,17.040001,16.680000,16.700001,15.948339,13200
2016-08-09,16.680000,17.139000,16.680000,16.799999,16.043839,15400
2016-08-10,16.730000,16.760000,16.485001,16.500000,15.757343,14200
2016-08-11,16.469999,16.700001,13.910000,16.629999,15.881490,28200
2016-08-12,16.600000,16.750000,16.459999,16.690001,15.938790,6900
2016-08-15,16.629999,16.680000,16.500000,16.650000,15.900591,20000
2016-08-16,16.650000,16.709999,16.639999,16.670000,15.919690,5400
2016-08-17,16.580000,16.950001,16.580000,16.780001,16.024740,8300
2016-08-18,16.830000,16.830000,16.610001,16.780001,16.024740,4000
2016-08-19,16.809999,17.049999,16.740000,16.840000,16.082037,19800
2016-08-22,16.719999,16.841000,16.600000,16.809999,16.053385,13900
2016-08-23,16.850000,16.920000,16.782000,16.799999,16.043839,7100
2016-08-24,16.719999,16.870001,16.719999,16.840000,16.082037,7700
2016-08-25,16.719999,16.879999,16.700001,16.879999,16.120239,12800
2016-08-26,16.820000,16.900000,16.820000,16.870001,16.110689,10200
2016-08-29,16.900000,17.049999,16.900000,17.010000,16.244389,17700
2016-08-30,17.000000,17.049999,16.969999,17.010000,16.244389,118600
2016-08-31,17.080000,17.250000,17.030001,17.150000,16.378088,10000
2016-09-01,17.000000,17.250000,17.000000,17.250000,16.473583,10600
2016-09-02,17.219999,17.230000,17.110001,17.180000,16.406736,6500
2016-09-06,17.209999,17.389999,17.100000,17.370001,16.588184,20200
2016-09-07,17.309999,17.379999,17.059999,17.250000,16.473583,40300
2016-09-08,17.320000,17.389999,17.170000,17.350000,16.569082,10900
2016-09-09,17.240000,17.389999,17.120001,17.129999,16.358984,12900
2016-09-12,17.110001,17.389999,17.049999,17.389999,16.607283,40600
2016-09-13,17.219999,17.389999,17.160000,17.320000,16.540434,14900
2016-09-14,17.250000,17.379999,17.129999,17.320000,16.540434,10300
2016-09-15,17.320000,17.389999,17.309999,17.379999,16.597733,10000
2016-09-16,17.400000,17.400000,17.100000,17.209999,16.435387,69800
2016-09-19,17.330000,17.379999,17.250000,17.280001,16.502234,9200
2016-09-20,17.270000,17.389999,17.270000,17.309999,16.530882,12000
2016-09-21,17.260000,17.389999,17.260000,17.389999,16.607283,79000
2016-09-22,17.389999,17.400000,17.299999,17.370001,16.588184,12200
2016-09-23,17.370001,17.450001,17.360001,17.400000,16.616835,131200
2016-09-26,17.400000,17.475000,17.340000,17.360001,16.578634,13900
2016-09-27,17.299999,17.299999,17.072001,17.200001,16.425835,10200
2016-09-28,17.059999,17.200001,17.059999,17.180000,16.406736,12500
2016-09-29,17.113001,17.290001,16.780001,16.850000,16.091591,14500
2016-09-30,17.260000,17.440001,17.174999,17.389999,16.607283,11000
2016-10-03,17.290001,17.350000,17.230000,17.280001,16.502234,15200
2016-10-04,16.799999,17.330000,15.460000,17.190001,16.416285,9600
2016-10-05,17.295000,17.500000,17.200001,17.350000,16.569082,49600
2016-10-06,17.410000,17.450001,17.250000,17.379999,16.597733,69400
2016-10-07,17.400000,17.600000,17.400000,17.590000,16.798285,41000
2016-10-10,17.600000,17.715000,17.500000,17.580000,16.788733,23800
2016-10-11,17.680000,18.000000,17.559999,17.719999,16.922428,38000
2016-10-12,17.722000,17.750000,17.430000,17.459999,16.674131,10600
2016-10-13,17.440001,17.750000,17.120001,17.580000,16.788733,29700
2016-10-14,17.580000,17.850000,17.510000,17.790001,16.989279,14400
2016-10-17,17.730000,17.820000,17.715000,17.799999,16.998827,7900
2016-10-18,17.850000,17.850000,17.695000,17.820000,17.017929,10300
2016-10-19,17.910000,17.910000,17.510000,17.809999,17.008381,3700
2016-10-20,17.790001,17.900000,17.730000,17.889999,17.084778,8600
2016-10-21,17.760000,17.820000,17.495001,17.780001,16.979729,3100
2016-10-24,17.691999,17.820000,17.691999,17.820000,17.017929,2600
2016-10-25,17.416000,17.680000,17.416000,17.520000,16.731434,6900
2016-10-26,17.549999,18.049999,17.520000,18.030001,17.218479,31500
2016-10-27,18.030001,18.150000,18.020000,18.120001,17.304428,20000
2016-10-28,18.040001,18.080000,17.900000,17.980000,17.170729,51500
2016-10-31,18.129999,18.129999,17.549999,17.629999,16.836481,40700
2016-11-01,17.690001,17.900000,17.590000,17.820000,17.017929,10300
2016-11-02,17.910000,17.910000,17.450001,17.469999,16.683683,26600
2016-11-03,17.520000,17.959999,17.520000,17.840000,17.037029,52800
2016-11-04,17.820000,19.270000,17.820000,18.830000,17.982471,25000
2016-11-07,19.000000,19.000000,17.450001,18.920000,18.068420,23500
2016-11-08,18.389999,19.000000,18.225000,18.809999,17.963369,18100
2016-11-09,18.990000,19.900000,18.750000,19.600000,18.717812,31800
2016-11-10,19.719999,19.900000,19.700001,19.809999,18.918362,46600
2016-11-11,19.719999,20.650000,19.570000,20.459999,19.539106,87900
2016-11-14,20.520000,21.120001,20.431000,20.610001,19.682354,48200
2016-11-15,20.580000,20.580000,19.870001,20.020000,19.118910,25700
2016-11-16,19.959999,20.190001,19.379999,20.170000,19.262157,20600
2016-11-17,20.129999,20.250000,19.879999,20.250000,19.338558,13800
2016-11-18,20.340000,20.639999,19.870001,20.629999,19.701450,19200
2016-11-21,20.549999,20.570000,20.020000,20.280001,19.367207,31100
2016-11-22,20.190001,20.400000,18.735001,20.350000,19.434059,15900
2016-11-23,20.299999,20.580000,20.090000,20.160000,19.252605,38300
2016-11-25,20.260000,20.480000,20.129999,20.219999,19.309908,8500
2016-11-28,20.325001,20.325001,19.879999,20.260000,19.348104,15600
2016-11-29,20.379999,20.379999,19.950001,20.070000,19.166658,8400
2016-11-30,20.260000,20.379999,19.650000,19.850000,18.956560,16400
2016-12-01,20.020000,20.170000,19.850000,19.969999,19.071157,13200
2016-12-02,19.990000,20.000000,19.860001,19.930000,19.032959,29700
2016-12-05,20.090000,20.100000,19.820000,20.070000,19.166658,21900
2016-12-06,19.620001,21.000000,19.620001,20.980000,20.035702,434700
2016-12-07,21.000000,22.209999,20.660000,21.959999,20.971588,51000
2016-12-08,22.150000,24.059999,20.087000,24.000000,22.919771,36800
2016-12-09,24.000000,24.250000,23.500000,24.200001,23.110769,29100
2016-12-12,23.966999,24.250000,22.530001,23.049999,22.012529,17300
2016-12-13,23.000000,23.500000,22.540001,23.059999,22.022079,25400
2016-12-14,23.000000,23.040001,22.570000,22.840000,21.811981,15200
2016-12-15,23.049999,26.230000,22.990000,25.809999,24.648302,595600
2016-12-16,25.780001,26.430000,24.520000,26.110001,24.934799,146600
2016-12-19,26.139999,26.650000,26.051001,26.540001,25.345446,93700
2016-12-20,26.540001,26.959999,26.250000,26.400000,25.211746,73700
2016-12-21,26.500000,27.090000,26.500000,26.504999,25.312021,113400
2016-12-22,26.500000,27.000000,26.500000,26.940001,25.727444,45000
2016-12-23,27.070000,27.764999,26.760000,26.770000,25.565094,181200
2016-12-27,26.980000,27.180000,26.500000,26.510000,25.316795,45300
2016-12-28,26.620001,26.700001,26.500000,26.639999,25.440945,83000
2016-12-29,26.690001,27.520000,26.459999,26.600000,25.402746,30400
2016-12-30,26.500000,26.740000,26.299999,26.709999,25.507795,38700
2017-01-03,26.709999,27.290001,25.200001,26.200001,25.020750,227200
2017-01-04,26.450001,26.500000,26.190001,26.330000,25.144897,126900
2017-01-05,26.240000,26.459999,25.622999,25.830000,24.667400,53000
2017-01-06,25.940001,25.940001,25.301001,25.639999,24.485956,19800
2017-01-09,25.490000,26.000000,24.549999,25.860001,24.696053,55000
2017-01-10,25.750000,26.240000,25.570000,26.070000,24.896599,59000
2017-01-11,26.070000,26.510000,25.680000,26.500000,25.307247,34600
2017-01-12,26.709999,26.709999,25.740000,26.080000,24.906149,38600
2017-01-13,26.670000,26.719999,26.190001,26.320000,25.135345,28100
2017-01-17,26.120001,26.549999,25.510000,26.070000,24.896599,56300
2017-01-18,26.700001,26.700001,25.080000,26.090000,24.915705,78300
2017-01-19,26.000000,26.480000,25.950001,26.360001,25.173552,185300
2017-01-20,26.500000,26.500000,26.250000,26.420000,25.230848,57500
2017-01-23,26.590000,27.570000,26.240000,26.500000,25.307247,114300
2017-01-24,27.059999,27.600000,26.540001,27.400000,26.166739,69400
2017-01-25,27.610001,28.430000,26.830000,28.270000,26.997580,102400
2017-01-26,28.480000,28.610001,27.450001,27.490000,26.252687,67500
2017-01-27,27.840000,28.030001,27.030001,27.090000,25.870691,125400
2017-01-30,26.940001,27.110001,26.170000,26.750000,25.545992,119300
2017-01-31,26.750000,27.860001,26.139999,27.160000,25.937540,296700
2017-02-01,27.200001,27.830000,26.809999,27.730000,26.481882,106300
2017-02-02,27.600000,28.100000,27.230000,27.610001,26.367285,90900
2017-02-03,27.780001,29.330000,27.780001,29.250000,27.933470,132400
2017-02-06,29.059999,29.260000,28.405001,28.639999,27.350927,76600
2017-02-07,28.590000,29.059999,27.959999,28.190001,26.921181,46300
2017-02-08,28.020000,28.020000,27.329000,27.889999,26.634684,63000
2017-02-09,28.059999,28.180000,27.520000,27.610001,26.367285,55600
2017-02-10,27.629999,27.680000,27.110001,27.400000,26.166739,65900
2017-02-13,27.580000,27.850000,27.430000,27.520000,26.281338,81800
2017-02-14,27.400000,28.420000,27.400000,28.350000,27.073980,307600
2017-02-15,28.389999,28.469999,27.920000,28.309999,27.035778,40900
2017-02-16,28.370001,28.830000,28.139999,28.760000,27.465525,45400
2017-02-17,28.730000,29.219999,28.440001,29.110001,27.799774,62400
2017-02-21,29.280001,29.430000,28.559999,29.010000,27.704275,65800
2017-02-22,29.000000,29.340000,28.770000,29.139999,27.828421,25000
2017-02-23,29.270000,29.280001,27.318001,29.219999,27.904821,49700
2017-02-24,28.870001,29.250000,28.110001,29.150000,27.837971,42800
2017-02-27,29.170000,29.219999,28.799999,29.020000,27.713823,54400
2017-02-28,28.870001,29.145000,27.510000,28.650000,27.360476,63200
2017-03-01,28.980000,29.250000,28.535000,29.049999,27.742470,116500
2017-03-02,29.260000,29.260000,28.110001,28.750000,27.455976,102600
2017-03-03,28.799999,28.969999,28.350000,28.629999,27.341375,116100
2017-03-06,28.340000,28.850000,27.709999,28.600000,27.312729,175600
2017-03-07,28.500000,28.700001,27.719999,28.370001,27.093079,90900
2017-03-08,28.629999,28.875999,28.320000,28.379999,27.102627,55600
2017-03-09,28.299999,28.750000,27.670000,27.889999,26.634684,142900
2017-03-10,27.830000,28.250000,26.820000,27.450001,26.214489,122500
2017-03-13,27.330000,27.875000,27.330000,27.549999,26.309986,36400
2017-03-14,27.530001,27.750000,27.240000,27.610001,26.367285,59100
2017-03-15,27.719999,27.879999,27.395000,27.570000,26.329086,79800
2017-03-16,27.860001,27.900000,27.570000,27.889999,26.634684,28200
2017-03-17,27.730000,28.540001,27.670000,28.250000,26.978481,175300
2017-03-20,28.150000,28.490000,27.510000,28.070000,26.806581,46400
2017-03-21,28.299999,28.809999,27.840000,27.930000,26.672884,103600
2017-03-22,27.770000,27.799999,27.235001,27.379999,26.147638,113100
2017-03-23,27.250000,27.860001,27.250000,27.590000,26.348185,83400
2017-03-24,27.719999,28.980000,27.700001,28.240000,26.968931,70200
2017-03-27,27.850000,27.990000,27.219999,27.940001,26.682434,30100
2017-03-28,27.760000,28.650000,27.639999,28.549999,27.264978,87700
2017-03-29,28.340000,28.639999,27.840000,27.930000,26.672884,69000
2017-03-30,27.920000,28.450001,27.920000,28.370001,27.093079,72300
2017-03-31,28.200001,28.490000,28.020000,28.120001,26.854334,57600
2017-04-03,28.120001,28.129999,27.059999,27.620001,26.376837,160100
2017-04-04,27.600000,27.799999,27.180000,27.590000,26.348185,57700
2017-04-05,27.639999,27.959999,26.570000,26.629999,25.431395,80300
2017-04-06,26.740000,27.250000,26.520000,27.020000,25.803841,97400
2017-04-07,26.820000,27.004999,26.549999,27.000000,25.784742,59200
2017-04-10,27.000000,27.000000,26.570000,26.959999,25.746542,81200
2017-04-11,26.870001,27.219999,26.760000,26.980000,25.765640,49200
2017-04-12,26.969999,27.110001,26.200001,26.500000,25.307247,27900
2017-04-13,26.500000,26.500000,25.459999,25.760000,24.600557,31800
2017-04-17,25.559999,26.090000,25.559999,25.940001,24.772453,43100
2017-04-18,25.700001,26.280001,25.430000,26.080000,24.906149,27100
2017-04-19,26.290001,26.889999,26.264999,26.730000,25.526896,48800
2017-04-20,26.770000,27.580000,26.770000,27.450001,26.214489,74200
2017-04-21,27.389999,27.510000,26.990000,27.190001,25.966190,33800
2017-04-24,27.620001,28.200001,27.510000,27.620001,26.376837,34100
2017-04-25,27.450001,28.610001,27.450001,28.350000,27.073980,103500
2017-04-26,28.280001,28.770000,28.250000,28.469999,27.188576,267900
2017-04-27,28.420000,28.420000,27.900000,28.049999,26.787481,137500
2017-04-28,28.170000,28.170000,26.879999,26.940001,25.727444,66600
2017-05-01,26.940001,27.290001,26.350000,27.040001,25.822943,43800
2017-05-02,26.950001,27.379999,26.799999,27.040001,25.822943,48000
2017-05-03,26.930000,27.250000,26.930000,27.090000,25.870691,23700
2017-05-04,27.100000,28.230000,27.100000,27.930000,26.672884,129800
2017-05-05,28.090000,28.090000,27.690001,27.879999,26.625134,42000
2017-05-08,27.955999,28.030001,27.650000,27.889999,26.634684,26400
2017-05-09,27.900000,28.049999,27.480000,27.500000,26.262236,32400
2017-05-10,27.500000,27.610001,27.150000,27.450001,26.214489,30700
2017-05-11,27.219999,27.400000,26.690001,27.000000,25.784742,18000
2017-05-12,26.980000,27.040001,26.309999,26.639999,25.440945,26600
2017-05-15,26.750000,27.370001,26.020000,26.950001,25.736996,22600
2017-05-16,26.950001,27.070000,26.480000,26.930000,25.717894,31500
2017-05-17,26.600000,26.695000,25.620001,26.010000,24.839300,53800
2017-05-18,25.809999,26.570000,25.730000,25.920000,24.753351,45000
2017-05-19,25.850000,25.920000,25.459999,25.559999,24.409555,112700
2017-05-22,25.549999,25.825001,25.080000,25.389999,24.247208,184800
2017-05-23,25.520000,26.270000,25.090000,25.850000,24.686504,117400
2017-05-24,26.030001,26.480000,25.764999,26.209999,25.030298,69500
2017-05-25,26.209999,26.500000,25.895000,26.350000,25.163998,71500
2017-05-26,26.350000,26.350000,25.889999,26.059999,24.887051,22800
2017-05-30,25.959999,26.195000,25.459999,25.959999,24.791550,26800
2017-05-31,26.000000,26.309999,25.750000,26.000000,24.829752,45100
2017-06-01,26.200001,26.405001,25.750000,26.389999,25.202198,30000
2017-06-02,26.320000,26.770000,26.260000,26.770000,25.565094,49000
2017-06-05,26.943001,27.100000,26.360001,26.480000,25.288149,32900
2017-06-06,26.330000,26.850000,26.330000,26.700001,25.498247,81300
2017-06-07,26.590000,26.830000,25.920000,25.990000,24.820200,48400
2017-06-08,25.889999,26.690001,25.770000,26.379999,25.192646,177900
2017-06-09,26.500000,27.230000,26.500000,27.010000,25.794291,68400
2017-06-12,27.049999,27.360001,26.660000,27.290001,26.061689,60400
2017-06-13,27.420000,27.700001,27.360001,27.580000,26.338638,57200
2017-06-14,27.500000,27.870001,27.200001,27.840000,26.586933,49400
2017-06-15,27.570000,28.080000,27.570000,27.940001,26.682434,48300
2017-06-16,27.740000,28.250000,27.480000,27.959999,26.701532,157100
2017-06-19,27.600000,28.226999,27.230000,27.410000,26.176287,27900
2017-06-20,27.420000,27.660000,26.090000,26.299999,25.116249,46900
2017-06-21,26.500000,26.500000,25.719999,25.790001,24.629204,40200
2017-06-22,25.820000,26.260000,25.690001,26.160000,24.982550,57400
2017-06-23,26.200001,26.424999,25.520000,26.290001,25.106699,410300
2017-06-26,26.209999,26.320000,25.670000,26.120001,24.944353,36200
2017-06-27,26.170000,26.420000,25.730000,25.850000,24.686504,46000
2017-06-28,25.969999,26.549000,25.650000,26.219999,25.039846,75000
2017-06-29,26.490000,26.840000,26.040001,26.840000,25.631945,40600
2017-06-30,26.830000,27.240000,26.100000,26.330000,25.144897,45000
2017-07-03,26.389999,27.500000,26.350000,27.260000,26.033039,18700
2017-07-05,27.270000,27.430000,26.725000,27.129999,25.908890,26200
2017-07-06,27.129999,27.240000,26.910000,27.040001,25.822943,30200
2017-07-07,26.850000,28.160000,26.850000,27.350000,26.118988,41900
2017-07-10,27.250000,27.715000,26.924000,27.540001,26.300438,62200
2017-07-11,27.700001,27.850000,26.665001,27.440001,26.204941,31900
2017-07-12,27.450001,27.655001,26.459999,27.469999,26.233587,33300
2017-07-13,27.410000,27.410000,26.790001,27.010000,25.794291,19000
2017-07-14,26.780001,27.299999,26.520000,26.700001,25.498247,26000
2017-07-17,26.680000,27.510000,26.285000,26.709999,25.507795,24500
2017-07-18,26.500000,27.120001,26.410000,26.600000,25.402746,34400
2017-07-19,26.629999,27.344000,26.115000,26.650000,25.450493,52000
2017-07-20,27.980000,27.980000,26.674999,26.700001,25.498247,32600
2017-07-21,27.110001,27.110001,25.905001,26.770000,25.565094,104800
2017-07-24,26.750000,26.860001,26.360001,26.590000,25.393198,66900
2017-07-25,26.500000,27.080000,26.469999,26.670000,25.469595,28100
2017-07-26,26.580000,26.809999,26.350000,26.610001,25.412298,47100
2017-07-27,26.559999,26.809999,26.230000,26.600000,25.402746,47900
2017-07-28,26.590000,26.690001,26.240000,26.530001,25.335897,26700
2017-07-31,26.270000,26.940001,26.240000,26.650000,25.450493,25000
2017-08-01,26.516001,26.790001,26.379999,26.770000,25.565094,34200
2017-08-02,26.809999,27.490000,26.070000,26.700001,25.498247,547100
2017-08-03,26.540001,26.930000,26.400000,26.500000,25.307247,60600
2017-08-04,26.549999,27.205000,26.340000,26.680000,25.479143,68100
2017-08-07,26.629999,27.000000,26.230000,26.879999,25.670141,58200
2017-08-08,26.730000,27.010000,26.360001,26.889999,25.679693,84400
2017-08-09,26.610001,26.920000,26.379999,26.590000,25.393198,76500
2017-08-10,26.320000,26.514999,25.910000,26.030001,24.858402,65500
2017-08-11,26.150000,26.250000,25.530001,25.639999,24.485956,209700
2017-08-14,25.900000,26.540001,25.850000,26.430000,25.240396,54600
2017-08-15,26.400000,26.559999,26.330000,26.350000,25.163998,76000
2017-08-16,26.330000,26.700001,26.010000,26.350000,25.163998,84700
2017-08-17,26.180000,26.420000,26.014999,26.070000,24.896599,102500
2017-08-18,25.850000,26.260000,25.650000,26.030001,24.858402,85500
2017-08-21,25.950001,26.190001,25.680000,25.879999,24.715151,48100
2017-08-22,26.010000,26.230000,25.840000,25.969999,24.801102,48100
2017-08-23,25.830000,26.240000,25.830000,26.040001,24.867950,51300
2017-08-24,26.080000,26.309999,25.830000,26.110001,24.934799,130800
2017-08-25,26.129999,26.240000,25.950001,26.070000,24.896599,147300
2017-08-28,26.010000,26.120001,25.674999,25.860001,24.696053,106300
2017-08-29,25.660000,25.969999,25.530001,25.770000,24.610102,243100
2017-08-30,25.639999,26.315001,25.629999,26.110001,24.934799,127900
2017-08-31,26.270000,26.740000,25.969999,26.410000,25.221298,94100
2017-09-01,26.400000,26.820000,25.684999,26.030001,24.858402,123700
2017-09-05,25.940001,26.090000,25.400000,25.469999,24.323605,100100
2017-09-06,25.469999,25.680000,24.840000,24.870001,23.750612,208000
2017-09-07,24.889999,24.889999,23.840000,24.219999,23.129869,144400
2017-09-08,23.959999,24.490000,23.959999,24.290001,23.196720,117100
2017-09-11,24.690001,25.379999,24.690001,25.260000,24.123060,109100
2017-09-12,25.219999,25.555000,25.219999,25.320000,24.180359,162700
2017-09-13,25.320000,25.670000,25.320000,25.559999,24.409555,187500
2017-09-14,25.540001,26.250000,25.540001,25.670000,24.514605,134700
2017-09-15,25.730000,25.969999,25.340000,25.469999,24.323605,411100
2017-09-18,25.469999,26.030001,25.420000,25.910000,24.743803,101500
2017-09-19,25.840000,26.020000,25.799999,25.889999,24.724701,86100
2017-09-20,25.719999,26.040001,25.719999,26.030001,24.858402,124300
2017-09-21,26.040001,26.299999,26.000000,26.129999,24.953897,87000
2017-09-22,26.129999,26.129999,25.850000,25.959999,24.791550,77400
2017-09-25,25.850000,26.129999,25.820000,25.980000,24.810654,68600
2017-09-26,26.020000,26.045000,25.809999,26.040001,24.867950,96900
2017-09-27,26.209999,26.440001,25.830000,26.170000,24.992100,242800
2017-09-28,26.129999,26.799999,25.950001,26.799999,25.593742,151100
2017-09-29,26.670000,27.200001,26.500000,26.959999,25.746542,188600
2017-10-02,26.969999,27.049999,26.719999,26.959999,25.746542,287800
2017-10-03,27.040001,27.650000,26.850000,27.639999,26.395935,201300
2017-10-04,27.629999,27.629999,27.209999,27.299999,26.071238,157600
2017-10-05,27.379999,27.379999,26.730000,27.190001,25.966190,130800
2017-10-06,27.000000,27.709999,26.885000,27.260000,26.033039,211200
2017-10-09,27.370001,27.475000,27.000000,27.020000,25.803841,66300
2017-10-10,27.150000,27.379999,26.940001,27.299999,26.071238,174000
2017-10-11,27.240000,27.500000,27.100000,27.240000,26.013939,68600
2017-10-12,27.230000,27.333000,26.590000,26.690001,25.488695,61700
2017-10-13,26.650000,26.850000,26.410000,26.530001,25.335897,36100
2017-10-16,26.540001,26.969999,26.410000,26.850000,25.641495,55000
2017-10-17,26.770000,26.910000,26.459999,26.600000,25.402746,43200
2017-10-18,26.650000,27.139999,26.615000,27.059999,25.842043,67600
2017-10-19,26.969999,27.090000,26.730000,27.040001,25.822943,36100
2017-10-20,27.389999,27.420000,27.010000,27.110001,25.889791,65900
2017-10-23,27.120001,27.120001,26.750000,26.940001,25.727444,43700
2017-10-24,26.770000,27.250000,26.010000,26.139999,24.963449,154800
2017-10-25,26.070000,26.280001,25.730000,26.070000,24.896599,107800
2017-10-26,26.080000,26.340000,26.080000,26.150000,24.973000,85000
2017-10-27,26.150000,26.250000,26.090000,26.219999,25.039846,102400
2017-10-30,26.040001,26.459999,25.959999,26.180000,25.001652,120800
2017-10-31,26.360001,26.480000,26.120001,26.360001,25.173552,95300
2017-11-01,26.389999,27.000000,25.955000,26.190001,25.011200,157900
2017-11-02,26.190001,26.670000,26.059999,26.480000,25.288149,46700
2017-11-03,26.510000,26.510000,26.184999,26.240000,25.058949,47800
2017-11-06,26.200001,26.480000,26.190001,26.290001,25.106699,95400
2017-11-07,26.299999,26.309999,25.879999,26.010000,24.839300,173500
2017-11-08,25.860001,26.059999,25.650000,25.959999,24.791550,138100
2017-11-09,25.799999,25.879999,25.469999,25.750000,24.591003,109500
2017-11-10,25.740000,25.920000,25.715000,25.750000,24.591003,80800
2017-11-13,25.700001,25.879999,25.260000,25.830000,24.667400,63400
2017-11-14,25.740000,26.129999,25.740000,26.030001,24.858402,101400
2017-11-15,25.879999,26.559999,25.780001,26.240000,25.058949,220300
2017-11-16,26.379999,26.760000,25.940001,26.379999,25.192646,77200
2017-11-17,26.230000,26.680000,26.180000,26.410000,25.221298,72100
2017-11-20,26.530001,26.879999,26.360001,26.799999,25.593742,71800
2017-11-21,26.950001,26.950001,26.415001,26.480000,25.288149,108300
2017-11-22,26.540001,26.879999,26.120001,26.719999,25.517345,148100
2017-11-24,26.770000,26.770000,26.355000,26.430000,25.240396,38800
2017-11-27,26.430000,26.650000,26.280001,26.290001,25.106699,61500
2017-11-28,26.330000,27.150000,26.280001,27.090000,25.870691,120000
2017-11-29,27.240000,28.219999,26.850000,28.070000,26.806581,221500
2017-11-30,28.180000,28.299999,27.730000,27.820000,26.567833,343200
2017-12-01,27.790001,28.094999,26.770000,27.590000,26.348185,113600
2017-12-04,27.990000,28.440001,27.480000,28.120001,26.854334,90700
2017-12-05,28.240000,28.240000,27.670000,27.670000,26.424585,70700
2017-12-06,27.580000,27.840000,27.410000,27.530001,26.290888,57400
2017-12-07,27.330000,27.889999,27.139999,27.400000,26.166739,94800
2017-12-08,27.500000,27.889999,27.049999,27.299999,26.071238,88500
2017-12-11,27.280001,27.420000,26.980000,27.090000,25.870691,66200
2017-12-12,27.290001,27.389999,26.850000,27.230000,26.004387,79400
2017-12-13,27.280001,28.010000,27.240000,27.379999,26.147638,96800
2017-12-14,27.480000,27.760000,26.980000,27.110001,25.889791,99200
2017-12-15,27.120001,28.200001,26.855000,28.120001,26.854334,211300
2017-12-18,28.200001,28.868999,28.170000,28.500000,27.217226,255100
2017-12-19,28.650000,28.690001,28.260000,28.600000,27.312729,115000
2017-12-20,28.629999,28.780001,28.250000,28.510000,27.226776,112000
2017-12-21,28.629999,28.670000,28.230000,28.410000,27.131279,77700
2017-12-22,28.520000,28.680000,28.260000,28.389999,27.112179,50100
2017-12-26,28.370001,28.490000,27.840000,27.850000,26.596483,83100
2017-12-27,27.879999,28.000000,27.260000,27.639999,26.395935,49700
2017-12-28,27.680000,27.969999,27.219999,27.879999,26.625134,72400
2017-12-29,27.910000,28.000000,27.590000,27.590000,26.348185,46800
2018-01-02,27.670000,28.290001,26.895000,27.990000,26.730181,121400
2018-01-03,28.020000,28.260000,27.230000,28.150000,26.882978,83700
2018-01-04,28.200001,28.500000,27.930000,28.180000,26.911631,54700
2018-01-05,28.219999,28.320000,27.780001,27.850000,26.596483,138500
2018-01-08,27.889999,27.889999,27.379999,27.520000,26.281338,104500
2018-01-09,27.500000,27.879999,27.330000,27.680000,26.434135,283600
2018-01-10,27.690001,28.780001,27.690001,28.299999,27.026230,204300
2018-01-11,28.400000,28.680000,28.090000,28.535000,27.250652,175800
2018-01-12,28.639999,29.360001,28.490000,28.900000,27.599226,260500
2018-01-16,29.360001,29.389999,28.490000,28.520000,27.236328,160000
2018-01-17,28.620001,29.025000,28.299999,28.760000,27.465525,110200
2018-01-18,28.780001,28.959999,28.500000,28.629999,27.341375,53500
2018-01-19,28.639999,29.180000,28.639999,29.129999,27.818871,131300
2018-01-22,29.180000,29.330000,28.665001,28.900000,27.599226,73600
2018-01-23,28.920000,29.100000,28.600000,28.910000,27.608772,47200
2018-01-24,28.900000,29.070000,28.650000,28.709999,27.417774,100700
2018-01-25,28.940001,28.940001,28.395000,28.459999,27.179029,59700
2018-01-26,28.650000,28.778000,28.125000,28.209999,26.940279,82800
2018-01-29,28.160000,28.799999,28.105000,28.680000,27.389128,129700
2018-01-30,27.969999,29.200001,27.969999,28.620001,27.331825,144000
2018-01-31,28.730000,28.889999,28.270000,28.510000,27.226776,262300
2018-02-01,29.010000,29.200001,28.650000,28.870001,27.570576,239000
2018-02-02,28.730000,28.955000,28.330000,28.480000,27.198128,103400
2018-02-05,28.240000,28.830000,27.309999,27.450001,26.214489,143500
2018-02-06,27.059999,27.780001,26.750000,27.559999,26.319536,165300
2018-02-07,27.400000,27.860001,27.165001,27.700001,26.453236,84800
2018-02-08,27.889999,27.889999,27.049999,27.070000,25.851591,61500
2018-02-09,27.360001,27.620001,26.875000,27.480000,26.243135,120500
2018-02-12,27.610001,27.790001,27.245001,27.459999,26.224035,66500
2018-02-13,27.320000,27.559999,27.309999,27.440001,26.204941,53200
2018-02-14,27.270000,28.090000,26.799999,28.010000,26.749283,100100
2018-02-15,28.190001,28.379999,27.860001,27.959999,26.701532,59200
2018-02-16,27.820000,28.150000,27.820000,28.070000,26.806581,88800
2018-02-20,27.889999,28.540001,27.469999,27.590000,26.348185,137500
2018-02-21,27.650000,28.410000,27.639999,28.129999,26.863882,143000
2018-02-22,28.280001,28.360001,27.450001,27.520000,26.281338,64500
2018-02-23,27.670000,27.900000,27.450001,27.879999,26.625134,40700
2018-02-26,28.000000,28.190001,27.980000,28.120001,26.854334,72900
2018-02-27,28.129999,28.490000,27.770000,27.790001,26.539185,71300
2018-02-28,28.000000,28.180000,27.700001,27.760000,26.510536,180300
2018-03-01,27.709999,28.290001,27.500000,27.940001,26.682434,148200
2018-03-02,27.770000,28.219999,27.549999,28.080000,26.816130,153100
2018-03-05,27.920000,28.660000,27.565001,28.400000,27.121729,90000
2018-03-06,28.480000,28.840000,28.040001,28.790001,27.494177,86200
2018-03-07,28.580000,29.105000,28.580000,29.000000,27.694723,71300
2018-03-08,29.000000,29.090000,28.530001,28.670000,27.379578,97700
2018-03-09,28.940001,29.120001,28.799999,29.080000,27.771124,64600
2018-03-12,29.209999,29.209999,28.730000,28.930000,27.627874,93300
2018-03-13,29.209999,29.209999,28.730000,28.860001,27.561026,66300
2018-03-14,28.969999,29.200001,28.700001,28.920000,27.618320,101100
2018-03-15,29.049999,29.280001,28.934999,29.129999,27.818871,68100
2018-03-16,29.090000,29.424999,29.000999,29.190001,27.876171,101900
2018-03-19,29.209999,29.450001,28.790001,29.299999,27.981218,52300
2018-03-20,29.370001,29.500000,28.889999,29.059999,27.752018,53900
2018-03-21,29.110001,29.250000,28.790001,28.969999,27.666073,74800
2018-03-22,28.790001,29.040001,28.350000,28.350000,27.073980,92700
2018-03-23,28.430000,28.450001,27.049999,27.090000,25.870691,120800
2018-03-26,27.549999,27.700001,27.219999,27.670000,26.424585,112700
2018-03-27,27.799999,27.825001,27.139999,27.290001,26.061689,87400
2018-03-28,27.330000,27.900000,27.190001,27.700001,26.453236,44500
2018-03-29,27.900000,28.049999,27.629999,27.670000,26.424585,62600
2018-04-02,27.670000,27.969999,26.740000,27.049999,25.832491,250400
2018-04-03,27.330000,27.610001,26.510000,27.200001,25.975740,184400
2018-04-04,26.850000,27.750000,26.850000,27.500000,26.262236,120100
2018-04-05,27.670000,28.110001,27.410000,28.059999,26.797031,79400
2018-04-06,27.820000,28.010000,27.299999,27.580000,26.338638,98700
2018-04-09,27.750000,28.379999,27.740000,27.840000,26.586933,158900
2018-04-10,28.000000,28.000000,27.400000,27.680000,26.434135,104300
2018-04-11,27.690001,28.000000,27.430000,27.559999,26.319536,60900
2018-04-12,27.719999,27.940001,27.395000,27.690001,26.443689,97700
2018-04-13,27.900000,27.900000,27.230000,27.379999,26.147638,177500
2018-04-16,27.549999,27.950001,27.245001,27.940001,26.682434,140800
2018-04-17,28.000000,28.100000,27.660000,27.709999,26.462784,152300
2018-04-18,27.780001,27.900000,27.350000,27.410000,26.176287,63900
2018-04-19,27.450001,27.830000,27.350000,27.750000,26.500984,70400
2018-04-20,27.680000,28.059999,27.400000,27.930000,26.672884,49000
2018-04-23,28.000000,28.180000,27.309999,27.959999,26.701532,58400
2018-04-24,27.709999,29.690001,27.709999,29.420000,28.095816,295800
2018-04-25,29.510000,29.639999,28.750000,28.830000,27.532372,280300
2018-04-26,28.930000,29.440001,28.420000,29.230000,27.914370,124500
2018-04-27,29.230000,29.379999,28.840000,28.940001,27.637421,89000
2018-04-30,28.969999,29.250000,28.490000,28.719999,27.427324,94000
2018-05-01,28.730000,29.240000,28.510000,29.120001,27.809320,98300
2018-05-02,29.120001,29.260000,28.709999,28.740000,27.446424,183900
2018-05-03,28.719999,28.920000,28.420000,28.440001,27.159927,134200
2018-05-04,28.350000,29.190001,28.250000,28.860001,27.561026,96600
2018-05-07,28.889999,28.900000,28.440001,28.750000,27.455976,67400
2018-05-08,28.750000,29.170000,28.400000,29.020000,27.713823,143800
2018-05-09,29.129999,29.500000,28.900000,29.400000,28.076719,97700
2018-05-10,29.389999,29.410000,29.110001,29.350000,28.028969,106800
2018-05-11,29.340000,29.629999,28.799999,29.400000,28.076719,79400
2018-05-14,29.410000,29.410000,29.010000,29.059999,27.752018,66900
2018-05-15,29.020000,29.360001,28.610001,29.270000,27.952570,86900
2018-05-16,29.379999,30.370001,29.020000,29.959999,28.611511,278200
2018-05-17,29.959999,30.790001,29.430000,30.650000,29.270458,137300
2018-05-18,30.830000,30.840000,30.559999,30.650000,29.270458,87800
2018-05-21,30.740000,31.299999,30.730000,31.049999,29.652454,118500
2018-05-22,31.080000,31.430000,30.870001,30.980000,29.585600,132300
2018-05-23,31.030001,31.080000,30.520000,30.639999,29.260908,114500
2018-05-24,30.650000,30.650000,29.940001,30.320000,28.955309,122400
2018-05-25,30.280001,31.049999,30.280001,30.959999,29.566502,369500
2018-05-29,30.940001,30.940001,30.299999,30.490000,29.117657,135300
2018-05-30,30.709999,30.915001,30.580000,30.850000,29.461454,100800
2018-05-31,31.000000,31.049999,30.639999,30.740000,29.356405,118000
2018-06-01,30.910000,31.260000,30.760000,31.190001,29.786152,265800
2018-06-04,31.280001,31.549999,30.865000,31.549999,30.129948,145300
2018-06-05,31.490000,31.510000,31.100000,31.459999,30.043995,132800
2018-06-06,31.549999,32.369999,31.299999,32.259998,30.807989,235800
2018-06-07,32.430000,32.730000,32.105000,32.650002,31.180437,169000
2018-06-08,32.610001,32.849998,32.459999,32.740002,31.266386,163900
2018-06-11,32.869999,32.869999,32.185001,32.330002,30.874840,109500
2018-06-12,32.369999,32.599998,32.029999,32.209999,30.760241,146600
2018-06-13,32.200001,32.520000,32.070000,32.110001,30.664745,133900
2018-06-14,32.270000,32.279999,31.635000,31.990000,30.550146,114900
2018-06-15,31.930000,32.549999,31.705000,32.540001,31.075392,681200
2018-06-18,32.380001,32.680000,32.119999,32.450001,30.989441,158500
2018-06-19,32.209999,33.080002,32.209999,32.770000,31.295034,181500
2018-06-20,32.830002,32.950001,32.310001,32.439999,30.979889,214300
2018-06-21,32.540001,32.689999,31.799999,31.910000,30.473745,225300
2018-06-22,32.099998,32.400002,31.650000,31.990000,30.550146,1215100
2018-06-25,31.750000,32.480000,31.730000,31.990000,30.550146,207200
2018-06-26,32.110001,32.110001,31.490000,31.610001,30.187248,147500
2018-06-27,31.620001,31.620001,30.895000,31.049999,29.652454,148100
2018-06-28,31.129999,31.385000,31.014000,31.200001,29.795702,111700
2018-06-29,31.370001,31.389999,30.969999,31.070000,29.671551,122900
2018-07-02,30.980000,31.830000,30.980000,31.799999,30.368696,92500
2018-07-03,31.920000,32.240002,31.870001,32.020000,30.578794,87900
2018-07-05,32.119999,32.330002,31.900000,32.240002,30.788895,116700
2018-07-06,32.209999,32.500000,32.209999,32.320000,30.865292,100600
2018-07-09,32.459999,32.939999,32.459999,32.869999,31.390530,210800
2018-07-10,32.990002,32.990002,32.105000,32.200001,30.750694,169000
2018-07-11,32.150002,32.389999,32.060001,32.119999,30.674292,106200
2018-07-12,32.310001,32.310001,31.290001,31.950001,30.511944,438000
2018-07-13,31.959999,32.119999,31.389999,31.410000,29.996250,154100
2018-07-16,31.379999,31.809999,31.280001,31.709999,30.282743,187000
2018-07-17,31.790001,32.119999,31.610001,31.680000,30.254097,93000
2018-07-18,31.629999,31.830000,31.510000,31.700001,30.273199,108400
2018-07-19,31.740000,31.980000,31.320000,31.969999,30.531044,94300
2018-07-20,31.900000,32.139999,31.780001,32.009998,30.569241,79200
2018-07-23,32.049999,32.840000,31.870001,32.770000,31.295034,189000
2018-07-24,31.250000,32.070000,30.639999,31.250000,29.843452,1817900
2018-07-25,31.330000,31.590000,30.940001,31.049999,29.652454,385000
2018-07-26,30.969999,31.400000,30.860001,30.980000,29.585600,275400
2018-07-27,30.889999,31.430000,30.780001,30.820000,29.432806,368400
2018-07-30,30.879999,31.110001,30.590000,30.650000,29.270458,330600
2018-07-31,30.730000,30.870001,30.400000,30.820000,29.432806,421300
2018-08-01,30.830000,31.520000,30.830000,31.180000,29.776602,213900
2018-08-02,31.040001,31.799999,30.451000,31.420000,30.005798,273500
2018-08-03,31.469999,31.600000,30.850000,30.879999,29.490103,179000
2018-08-06,30.900000,30.980000,30.645000,30.730000,29.346857,120900
2018-08-07,30.780001,30.950001,30.530001,30.559999,29.184507,113900
2018-08-08,30.639999,30.945000,30.500000,30.900000,29.509205,133900
2018-08-09,30.910000,31.049999,30.570000,30.760000,29.375507,136600
2018-08-10,30.600000,30.900000,30.459999,30.500000,29.127209,206300
2018-08-13,30.559999,30.629999,30.240000,30.290001,28.926662,200400
2018-08-14,30.590000,31.070000,30.459999,30.830000,29.442358,240800
2018-08-15,30.760000,31.150000,30.299999,30.350000,28.983961,197700
2018-08-16,30.600000,31.014999,30.549999,30.754999,29.370731,121900
2018-08-17,30.700001,30.860001,30.459999,30.629999,29.251354,116400
2018-08-20,30.780001,30.840000,30.209999,30.680000,29.299107,130800
2018-08-21,30.670000,31.090000,30.670000,30.870001,29.480555,99900
2018-08-22,30.730000,31.309999,30.670000,31.139999,29.738403,171000
2018-08-23,31.150000,31.200001,30.900000,31.040001,29.642902,151600
2018-08-24,31.139999,31.230000,30.990000,31.090000,29.690653,109600
2018-08-27,31.190001,31.250000,30.680000,30.709999,29.327757,152200
2018-08-28,30.830000,30.830000,30.350000,30.440001,29.069908,111600
2018-08-29,30.510000,30.510000,30.230000,30.360001,28.993509,120200
2018-08-30,30.350000,30.559999,30.200001,30.290001,28.926662,82500
2018-08-31,30.200001,30.650000,30.100000,30.620001,29.241808,117800
2018-09-04,30.600000,30.920000,30.420000,30.700001,29.318207,145000
2018-09-05,30.549999,30.680000,30.200001,30.330000,28.964857,130700
2018-09-06,30.410000,30.480000,30.049999,30.110001,28.754761,111600
2018-09-07,30.170000,30.360001,30.010000,30.270000,28.907558,88700
2018-09-10,30.379999,30.459999,30.080000,30.160000,28.802511,123900
2018-09-11,30.160000,30.639999,29.820000,30.520000,29.146309,142600
2018-09-12,30.580000,30.620001,29.600000,29.740000,28.401415,163200
2018-09-13,29.809999,30.080000,29.340000,29.430000,28.105370,147800
2018-09-14,29.500000,29.980000,29.450001,29.910000,28.563763,133100
2018-09-17,29.940001,29.959999,29.450001,29.540001,28.210419,144100
2018-09-18,29.450001,29.680000,29.299999,29.420000,28.095816,193800
2018-09-19,29.510000,30.020000,29.400000,29.790001,28.449165,140200
2018-09-20,29.959999,30.459999,29.959999,30.379999,29.012608,185100
2018-09-21,30.370001,30.400000,29.540001,29.639999,28.305916,954900
2018-09-24,29.680000,29.680000,28.830000,28.900000,27.599226,279900
2018-09-25,29.010000,29.129999,28.780001,28.830000,27.532372,135700
2018-09-26,28.969999,28.969999,28.200001,28.230000,26.959379,171300
2018-09-27,28.299999,28.389999,28.040001,28.350000,27.073980,308300
2018-09-28,28.360001,28.490000,28.135000,28.260000,26.988028,198600
2018-10-01,28.290001,28.540001,27.860001,27.910000,26.653784,181700
2018-10-02,27.959999,28.059999,27.389999,27.719999,26.472334,152800
2018-10-03,28.250000,29.150000,28.059999,29.120001,27.809320,354100
2018-10-04,29.120001,29.340000,28.770000,28.809999,27.513271,137600
2018-10-05,30.840000,30.980000,30.100000,30.469999,29.098558,1786200
2018-10-08,30.250000,30.900000,30.250000,30.780001,29.394608,633900
2018-10-09,30.620001,30.840000,29.920000,29.990000,28.640163,810700
2018-10-10,29.910000,30.180000,29.270000,29.400000,28.076719,4485000
2018-10-11,29.120001,29.320000,27.930000,28.090000,26.825680,604100
2018-10-12,28.370001,28.370001,26.465000,27.299999,26.071238,553500
2018-10-15,27.209999,27.610001,26.992001,27.540001,26.300438,330700
2018-10-16,27.719999,27.790001,26.850000,27.650000,26.405485,390500
2018-10-17,27.400000,27.610001,26.780001,27.400000,26.166739,253800
2018-10-18,27.370001,27.370001,26.520000,26.530001,25.335897,388300
2018-10-19,26.540001,26.540001,25.450001,25.500000,24.352257,447300
2018-10-22,25.620001,25.719999,24.350000,24.490000,23.387716,896900
2018-10-23,22.700001,23.886999,20.990000,23.610001,22.547325,772700
2018-10-24,23.180000,23.580000,21.750000,21.770000,20.790144,642600
2018-10-25,21.870001,22.670000,21.750000,22.170000,21.172140,518100
2018-10-26,21.740000,22.180000,21.250000,22.120001,21.124388,514900
2018-10-29,22.370001,23.000000,22.080000,22.790001,21.764233,369300
2018-10-30,22.750000,23.250000,22.500000,23.049999,22.012529,545300
2018-10-31,23.260000,23.650000,23.170000,23.559999,22.499573,391900
2018-11-01,23.570000,24.030001,23.129999,23.190001,22.146229,366600
2018-11-02,23.209999,23.420000,22.700001,23.309999,22.260826,279600
2018-11-05,23.209999,23.780001,23.059999,23.730000,22.661921,222800
2018-11-06,23.660000,24.020000,23.190001,23.980000,22.900669,467600
2018-11-07,24.070000,24.240000,23.209999,23.540001,22.480474,238800
2018-11-08,23.450001,24.389999,23.290001,24.350000,23.254017,280800
2018-11-09,24.250000,24.540001,23.690001,23.910000,22.833820,213400
2018-11-12,23.820000,24.010000,23.500000,23.549999,22.490023,201400
2018-11-13,23.520000,23.879999,23.160000,23.170000,22.127129,220200
2018-11-14,23.379999,23.620001,22.620001,22.940001,21.907482,229200
2018-11-15,22.799999,23.799999,22.740000,23.610001,22.547325,158000
2018-11-16,23.110001,24.059999,23.110001,24.049999,22.967522,344200
2018-11-19,24.030001,24.660000,23.750000,24.170000,23.082119,306100
2018-11-20,23.930000,24.160000,23.420000,23.590000,22.528225,273000
2018-11-21,23.670000,24.770000,23.440001,24.620001,23.511862,256200
2018-11-23,24.520000,25.080000,24.309999,25.020000,23.893862,187800
2018-11-26,25.320000,25.684999,24.879999,24.990000,23.865211,252100
2018-11-27,24.850000,25.170000,24.510000,24.799999,23.683760,172300
2018-11-28,24.930000,25.459999,24.424999,25.420000,24.275856,128200
2018-11-29,25.340000,25.559999,24.770000,25.020000,23.893862,144000
2018-11-30,24.900000,25.809999,24.900000,25.690001,24.533705,202900
2018-12-03,26.020000,26.048000,25.160000,25.650000,24.495506,291600
2018-12-04,25.510000,25.559999,23.280001,23.370001,22.318129,455700
2018-12-06,22.959999,23.094999,21.809999,23.080000,22.041178,445700
2018-12-07,23.080000,23.740000,23.080000,23.570000,22.509127,287400
2018-12-10,23.580000,23.790001,22.900000,23.400000,22.346775,246400
2018-12-11,23.719999,23.889999,23.020000,23.160000,22.117580,130300
2018-12-12,23.430000,23.940001,23.160000,23.719999,22.652372,127800
2018-12-13,23.660000,23.950001,23.110001,23.209999,22.165329,161300
2018-12-14,23.020000,23.389999,22.629999,22.690001,21.668736,105700
2018-12-17,22.549999,22.860001,22.170000,22.230000,21.229435,234400
2018-12-18,22.230000,22.500000,21.645000,22.139999,21.143488,397200
2018-12-19,21.969999,22.330000,20.840000,20.850000,19.911552,248800
2018-12-20,20.799999,20.980000,20.520000,20.730000,19.796953,297200
2018-12-21,20.740000,21.440001,20.660000,20.820000,19.882902,561800
2018-12-24,20.590000,21.059999,20.500000,20.580000,19.653706,103600
2018-12-26,20.590000,21.709999,20.340000,21.680000,20.704195,194400
2018-12-27,21.309999,21.629999,20.600000,21.340000,20.379498,235000
2018-12-28,21.299999,22.020000,21.299999,21.600000,20.627792,265700
2018-12-31,21.629999,21.950001,21.309999,21.379999,20.417694,892900
2019-01-02,21.190001,22.000000,21.174999,21.799999,20.818790,430000
2019-01-03,21.629999,22.700001,21.570000,21.799999,20.818790,411600
2019-01-04,22.150000,22.670000,21.740000,22.070000,21.076639,411700
2019-01-07,21.959999,22.309999,20.834999,21.969999,20.981140,416800
2019-01-08,22.150000,22.150000,21.084999,22.000000,21.009790,943600
2019-01-09,22.030001,22.570000,22.030001,22.260000,21.258089,396600
2019-01-10,22.080000,22.549999,21.830000,22.290001,21.286739,264800
2019-01-11,21.809999,22.280001,21.440001,22.160000,21.162586,238700
2019-01-14,21.920000,22.504999,21.790001,22.180000,21.181690,148100
2019-01-15,22.129999,22.450001,21.760000,22.450001,21.439535,161300
2019-01-16,22.600000,22.930000,22.440001,22.680000,21.659182,322300
2019-01-17,22.610001,23.120001,22.430000,23.120001,22.079380,363800
2019-01-18,23.129999,23.770000,22.980000,23.700001,22.633274,234300
2019-01-22,23.530001,23.730000,23.030001,23.250000,22.203527,167300
2019-01-23,23.290001,23.434999,23.070000,23.290001,22.241724,141800
2019-01-24,23.209999,23.540001,22.900000,23.420000,22.365875,323700
2019-01-25,23.530001,23.950001,23.340000,23.570000,22.509127,220800
2019-01-28,23.500000,24.250000,23.500000,24.240000,23.148968,286600
2019-01-29,25.750000,27.000000,24.639999,25.590000,24.438204,521200
2019-01-30,25.410000,26.930000,25.410000,26.510000,25.316795,402000
2019-01-31,26.450001,26.580000,25.600000,26.459999,25.269045,298500
2019-02-01,26.480000,26.700001,26.190001,26.280001,25.097149,269700
2019-02-04,26.299999,26.889999,26.200001,26.730000,25.526896,291200
2019-02-05,26.879999,26.910000,26.459999,26.600000,25.402746,345200
2019-02-06,26.559999,26.950001,26.490000,26.730000,25.647417,278000
2019-02-07,26.799999,27.129999,26.680000,27.010000,25.916077,397900
2019-02-08,26.760000,27.030001,26.639999,26.850000,25.762558,327800
2019-02-11,26.950001,27.030001,26.750000,27.000000,25.906481,327000
2019-02-12,27.150000,27.389999,26.860001,26.930000,25.839317,359800
2019-02-13,26.980000,27.240000,26.870001,26.950001,25.858507,341400
2019-02-14,26.950001,27.110001,26.535000,26.750000,25.666607,435700
2019-02-15,26.910000,27.420000,26.750000,27.290001,26.184738,2574400
2019-02-19,27.100000,28.110001,27.100000,28.030001,26.894766,664500
2019-02-20,27.969999,28.440001,27.790001,28.330000,27.182613,499100
2019-02-21,28.200001,28.370001,27.660000,27.900000,26.770029,256200
2019-02-22,27.940001,27.959999,27.600000,27.700001,26.578131,199700
2019-02-25,27.820000,28.020000,27.430000,27.610001,26.491776,519800
2019-02-26,27.520000,27.980000,27.520000,27.590000,26.472588,362400
2019-02-27,27.580000,27.980000,27.580000,27.940001,26.808413,238400
2019-02-28,27.940001,28.139999,27.809999,28.010000,26.875576,200200
2019-03-01,28.200001,28.389999,27.825001,28.180000,27.038689,227900
2019-03-04,28.299999,28.530001,27.940001,28.200001,27.057880,352100
2019-03-05,28.200001,28.490000,27.350000,27.650000,26.530155,386200
2019-03-06,27.639999,27.674999,26.840000,26.969999,25.877699,216100
2019-03-07,26.879999,26.879999,26.070000,26.160000,25.100502,413800
2019-03-08,26.020000,26.450001,26.000000,26.290001,25.225239,294200
2019-03-11,26.410000,26.650000,26.209999,26.629999,25.551468,171500
2019-03-12,26.590000,26.950001,26.049999,26.170000,25.110098,591000
2019-03-13,26.250000,26.250000,25.910000,25.959999,24.908604,565300
2019-03-14,25.969999,26.110001,25.850000,25.879999,24.831842,292300
2019-03-15,25.850000,26.100000,25.730000,25.889999,24.841436,790200
2019-03-18,26.049999,26.549999,26.014999,26.340000,25.273214,488700
2019-03-19,26.400000,26.520000,25.480000,25.520000,24.486425,482300
2019-03-20,25.410000,25.500000,24.500000,24.639999,23.642067,434500
2019-03-21,24.469999,24.950001,24.290001,24.350000,23.363810,521000
2019-03-22,24.100000,24.190001,23.040001,23.299999,22.356333,440900
2019-03-25,23.170000,23.930000,23.129999,23.559999,22.605804,403100
2019-03-26,23.740000,24.330000,23.695000,24.190001,23.210289,592100
2019-03-27,24.049999,24.290001,23.670000,24.160000,23.181505,295500
2019-03-28,24.150000,24.530001,23.910000,24.389999,23.402187,141800
2019-03-29,24.580000,24.660000,24.010000,24.219999,23.239073,351200
2019-04-01,24.450001,24.889999,24.330000,24.760000,23.757204,231100
2019-04-02,24.740000,24.879999,24.530001,24.770000,23.766800,268700
2019-04-03,25.070000,25.170000,24.670000,24.870001,23.862751,464300
2019-04-04,24.820000,25.670000,24.820000,25.559999,24.524801,278900
2019-04-05,25.570000,25.780001,25.330000,25.430000,24.400068,333200
2019-04-08,25.389999,25.559999,25.090000,25.170000,24.150600,188700
2019-04-09,25.040001,25.290001,24.820000,24.889999,23.881937,227700
2019-04-10,24.879999,25.299999,24.629999,25.250000,24.227358,368600
2019-04-11,25.379999,25.614000,25.180000,25.500000,24.467236,248500
2019-04-12,25.770000,26.000000,25.379999,25.910000,24.860628,199700
2019-04-15,25.900000,25.910000,25.379999,25.629999,24.591965,423400
2019-04-16,25.740000,26.260000,25.570000,26.240000,25.177263,175600
2019-04-17,26.340000,26.580000,26.040001,26.559999,25.484301,221200
2019-04-18,26.379999,26.639999,26.100000,26.219999,25.158073,229400
2019-04-22,26.309999,26.469999,25.719999,25.910000,24.860628,202300
2019-04-23,26.340000,26.340000,24.709999,25.940001,24.889412,490400
2019-04-24,25.600000,25.980000,24.799999,25.950001,24.899008,549500
2019-04-25,25.940001,26.639999,25.629999,26.330000,25.263617,359400
2019-04-26,26.510000,26.840000,26.330000,26.760000,25.676203,304100
2019-04-29,26.959999,27.280001,26.780001,26.780001,25.695395,236100
2019-04-30,26.870001,26.879999,26.410000,26.510000,25.436327,238400
2019-05-01,26.490000,26.790001,25.990000,26.180000,25.119694,469400
2019-05-02,26.209999,26.629999,26.190001,26.270000,25.206051,134400
2019-05-03,26.280001,26.760000,26.280001,26.750000,25.666607,321200
2019-05-06,26.330000,26.886999,26.290001,26.719999,25.637821,183100
2019-05-07,26.430000,26.570000,26.200001,26.309999,25.244429,386500
2019-05-08,26.080000,26.299999,25.940001,25.980000,25.046791,180300
2019-05-09,25.709999,26.110001,25.521999,26.010000,25.075714,177700
2019-05-10,25.889999,26.299999,25.639999,26.260000,25.316734,191300
2019-05-13,25.889999,25.985001,25.389999,25.469999,24.555111,326900
2019-05-14,25.650000,26.219999,25.459999,26.120001,25.181763,181600
2019-05-15,25.850000,25.990000,25.559999,25.940001,25.008228,223100
2019-05-16,25.959999,26.510000,25.820000,26.230000,25.287811,319900
2019-05-17,26.010000,26.389999,25.910000,26.090000,25.152840,274400
2019-05-20,25.920000,26.469999,25.900000,26.240000,25.297453,190100
2019-05-21,26.360001,26.530001,26.200001,26.389999,25.442062,199200
2019-05-22,26.270000,26.389999,26.110001,26.320000,25.374578,140400
2019-05-23,25.990000,26.090000,25.348000,25.559999,24.641878,294300
2019-05-24,25.730000,26.299999,25.719999,26.240000,25.297453,232700
2019-05-28,26.090000,26.350000,25.879999,25.950001,25.017868,301600
2019-05-29,25.719999,26.215000,25.629999,26.150000,25.210684,250800
2019-05-30,26.160000,26.320000,25.610001,25.830000,24.902178,236800
2019-05-31,25.530001,26.440001,25.270000,25.430000,24.516546,221900
2019-06-03,25.240000,25.799999,25.240000,25.629999,24.709362,407600
2019-06-04,25.900000,26.320000,25.620001,26.280001,25.336016,174900
2019-06-05,26.209999,26.315001,25.820000,25.959999,25.027510,187700
2019-06-06,25.930000,26.190001,25.355000,25.730000,24.805769,220200
2019-06-07,25.620001,25.990000,25.469999,25.879999,24.950382,138500
2019-06-10,25.900000,26.389999,25.900000,26.080000,25.143200,154700
2019-06-11,26.309999,26.520000,26.049999,26.250000,25.307091,239000
2019-06-12,26.209999,26.240000,25.900000,25.930000,24.998587,139700
2019-06-13,26.059999,26.240000,25.809999,25.980000,25.046791,120100
2019-06-14,25.990000,26.360001,25.840000,26.190001,25.249247,139100
2019-06-17,26.200001,26.600000,25.930000,25.990000,25.056433,271700
2019-06-18,26.000000,26.620001,26.000000,26.200001,25.258890,306900
2019-06-19,26.090000,26.535000,26.000000,26.040001,25.104637,361500
2019-06-20,26.280001,26.280001,25.410000,25.719999,24.796131,339000
2019-06-21,25.600000,25.900000,25.290001,25.690001,24.767210,334700
2019-06-24,25.590000,25.850000,24.959999,25.000000,24.101995,227800
2019-06-25,25.049999,25.600000,24.750000,25.480000,24.564751,290800
2019-06-26,25.400000,25.690001,25.080000,25.420000,24.506907,200900
2019-06-27,25.420000,25.799999,25.420000,25.670000,24.747927,191600
2019-06-28,25.809999,26.200001,25.740000,25.950001,25.017868,1521900
2019-07-01,26.160000,26.340000,25.790001,25.920000,24.988945,324500
2019-07-02,25.900000,26.014999,25.340000,25.540001,24.622599,168200
2019-07-03,25.530001,25.900000,25.510000,25.770000,24.844336,93900
2019-07-05,25.920000,26.500000,25.920000,26.389999,25.442062,156100
2019-07-08,26.260000,26.309999,25.600000,25.629999,24.709362,196100
2019-07-09,25.559999,25.860001,25.372999,25.840000,24.911823,129600
2019-07-10,25.879999,26.010000,25.389999,25.500000,24.584034,149700
2019-07-11,25.490000,25.680000,25.235001,25.610001,24.690081,192800
2019-07-12,25.670000,26.180000,25.520000,26.000000,25.066071,259000
2019-07-15,26.129999,26.129999,25.465000,25.760000,24.834692,230500
2019-07-16,25.760000,26.150000,25.629999,25.950001,25.017868,214900
2019-07-17,25.879999,25.879999,25.370001,25.389999,24.477985,173100
2019-07-18,25.370001,25.980000,25.370001,25.950001,25.017868,224800
2019-07-19,25.830000,26.299999,25.830000,26.100000,25.162479,272900
2019-07-22,26.000000,26.129999,25.540001,25.670000,24.747927,387300
2019-07-23,25.379999,25.393000,23.975000,25.080000,24.179119,490900
2019-07-24,24.790001,25.940001,24.639999,25.860001,24.931101,401700
2019-07-25,25.940001,26.150000,25.520000,25.610001,24.690081,309500
2019-07-26,25.600000,26.000000,25.600000,25.860001,24.931101,254400
2019-07-29,25.719999,25.990000,25.209999,25.280001,24.371935,172700
2019-07-30,25.059999,25.809999,25.059999,25.799999,24.873255,186200
2019-07-31,25.740000,26.000000,25.590000,25.590000,24.670801,318800
2019-08-01,25.510000,25.840000,24.799999,24.969999,24.073071,292000
2019-08-02,24.889999,25.080000,24.379999,24.600000,23.716362,253300
2019-08-05,24.150000,24.180000,23.320000,23.600000,22.752281,277100
2019-08-06,23.670000,23.959999,23.379999,23.860001,23.002943,226100
2019-08-07,23.340000,23.790001,23.049999,23.320000,22.600742,307800
2019-08-08,23.459999,24.059999,23.430000,23.719999,22.988405,308900
2019-08-09,23.650000,23.750000,23.469999,23.500000,22.775190,397800
2019-08-12,23.280001,23.500000,23.080000,23.090000,22.377836,194400
2019-08-13,22.990000,23.670000,22.990000,23.340000,22.620125,176400
2019-08-14,22.780001,22.959999,22.379999,22.530001,21.835108,237600
2019-08-15,22.570000,22.709999,22.299999,22.379999,21.689732,145900
2019-08-16,22.530001,23.250000,22.530001,23.190001,22.474751,234300
2019-08-19,23.549999,23.790001,23.379999,23.430000,22.707350,176700
2019-08-20,23.230000,23.434999,23.080000,23.139999,22.426294,184300
2019-08-21,23.379999,23.600000,23.190001,23.549999,22.823647,161300
2019-08-22,23.660000,23.870001,23.440001,23.490000,22.765499,141600
2019-08-23,23.370001,23.379999,22.450001,22.510000,21.815725,494700
2019-08-26,22.840000,23.020000,22.410000,22.990000,22.280920,158700
2019-08-27,23.139999,23.240000,22.379999,22.559999,21.864182,268300
2019-08-28,22.500000,23.549999,22.500000,23.370001,22.649200,310800
2019-08-29,23.549999,23.950001,23.450001,23.570000,22.843031,200000
2019-08-30,23.740000,23.809999,23.340000,23.600000,22.872107,98700
2019-09-03,23.299999,23.370001,22.760000,23.040001,22.329378,274600
2019-09-04,23.510000,24.020000,23.340000,23.940001,23.201622,309500
2019-09-05,24.370001,25.030001,24.240000,24.450001,23.695890,304600
2019-09-06,24.610001,25.000000,24.330000,24.510000,23.754038,588900
2019-09-09,24.510000,25.400000,24.510000,25.309999,24.529366,368700
2019-09-10,25.450001,25.625000,25.200001,25.370001,24.587513,416200
2019-09-11,25.490000,25.590000,25.000000,25.469999,24.684429,475100
2019-09-12,25.309999,25.440001,24.990000,25.320000,24.539055,455300
2019-09-13,25.549999,25.809999,25.230000,25.459999,24.674738,402000
2019-09-16,25.230000,25.471001,25.219999,25.240000,24.461525,380200
2019-09-17,25.090000,25.180000,24.760000,25.120001,24.345224,372000
2019-09-18,25.070000,25.250000,24.870001,25.160000,24.383991,398100
2019-09-19,25.120001,25.420000,24.895000,24.920000,24.151394,244000
2019-09-20,24.910000,25.275000,24.799999,24.850000,24.083553,845100
2019-09-23,24.660000,25.030001,24.610001,24.959999,24.190159,226300
2019-09-24,24.840000,24.889999,24.320000,24.450001,23.695890,441600
2019-09-25,24.459999,25.000000,24.360001,24.900000,24.132010,320600
2019-09-26,24.850000,24.860001,24.309999,24.330000,23.579590,313700
2019-09-27,24.389999,24.799999,24.280001,24.360001,23.608665,280400
2019-09-30,24.379999,24.610001,24.240000,24.264999,23.516596,333900
2019-10-01,24.459999,24.700001,23.709999,23.760000,23.027172,394300
2019-10-02,23.520000,23.740000,23.309999,23.610001,22.881798,187900
2019-10-03,23.530001,23.620001,22.950001,23.379999,22.658892,338900
2019-10-04,23.530001,24.299999,23.290001,23.795000,23.061090,185900
2019-10-07,23.790001,23.900000,23.520000,23.590000,22.862415,211100
2019-10-08,23.309999,23.370001,23.040001,23.180000,22.465061,244400
2019-10-09,23.360001,23.360001,23.030001,23.209999,22.494135,205700
2019-10-10,23.360001,23.590000,23.139999,23.299999,22.581358,200500
2019-10-11,23.650000,24.010000,23.580000,23.610001,22.881798,469100
2019-10-14,23.430000,23.879999,23.320000,23.855000,23.119240,302800
2019-10-15,23.879999,24.260000,23.780001,24.180000,23.434217,398100
2019-10-16,24.180000,24.549999,23.930000,24.250000,23.502058,549400
2019-10-17,24.379999,24.400000,24.070000,24.309999,23.560205,242300
2019-10-18,24.150000,24.700001,24.139999,24.559999,23.802494,473800
2019-10-21,24.850000,25.320000,24.760000,25.320000,24.539055,498900
2019-10-22,25.500000,25.500000,24.367001,24.900000,24.132010,401900
2019-10-23,24.740000,24.980000,24.480000,24.910000,24.141701,235000
2019-10-24,24.920000,25.010000,24.590000,24.850000,24.083553,237300
2019-10-25,24.760000,25.190001,24.730000,24.780001,24.015711,380200
2019-10-28,24.799999,25.344999,24.650000,25.320000,24.539055,484100
2019-10-29,25.290001,25.420000,25.150000,25.389999,24.606895,221100
2019-10-30,25.299999,25.375000,24.870001,25.059999,24.287075,233600
2019-10-31,25.010000,25.010000,24.240000,24.620001,23.860647,269100
2019-11-01,24.780001,25.000000,24.760000,24.940001,24.170774,223400
2019-11-04,25.170000,25.450001,24.959999,25.270000,24.490599,312000
2019-11-05,25.469999,25.820000,25.094999,25.510000,24.723196,338200
2019-11-06,25.330000,25.334999,25.059999,25.180000,24.523540,203100
2019-11-07,25.500000,25.570000,25.209999,25.270000,24.611193,159200
2019-11-08,25.129999,25.260000,25.035000,25.090000,24.435886,185700
2019-11-11,24.860001,25.045000,24.860001,25.000000,24.348232,187600
2019-11-12,24.990000,25.340000,24.820000,25.299999,24.640411,827400
2019-11-13,25.049999,25.120001,24.730000,24.775000,24.129099,460400
2019-11-14,24.780001,24.950001,24.691000,24.799999,24.153448,255800
2019-11-15,24.980000,25.100000,24.650000,24.900000,24.250839,225300
2019-11-18,24.969999,24.969999,24.530001,24.770000,24.124229,186600
2019-11-19,24.959999,25.080000,24.809999,25.000000,24.348232,217100
2019-11-20,24.799999,25.160000,24.799999,25.000000,24.348232,329600
2019-11-21,25.129999,25.195000,24.840000,25.100000,24.445627,284800
2019-11-22,25.200001,25.500000,25.150000,25.430000,24.767023,545300
2019-11-25,25.490000,25.850000,25.389999,25.799999,25.127375,373900
2019-11-26,25.680000,25.980000,25.540001,25.930000,25.253988,419300
2019-11-27,26.000000,26.215000,25.950001,26.160000,25.477991,503400
2019-11-29,26.120001,26.370001,25.969999,26.010000,25.331902,170900
2019-12-02,26.139999,26.139999,25.650000,25.770000,25.098158,513700
2019-12-03,25.709999,25.709999,25.340000,25.610001,24.942331,302700
2019-12-04,25.440001,26.080000,25.440001,25.820000,25.146854,242700
2019-12-05,25.900000,26.000000,25.780001,25.850000,25.176073,323600
2019-12-06,26.139999,26.420000,25.969999,25.990000,25.312424,423600
2019-12-09,26.010000,26.750000,26.010000,26.520000,25.828606,394300
2019-12-10,26.420000,26.469999,26.309999,26.400000,25.711735,202900
2019-12-11,26.450001,26.549999,26.355000,26.440001,25.750692,163800
2019-12-12,26.500000,27.129999,26.450001,27.070000,26.364267,377800
2019-12-13,27.230000,27.379999,26.930000,27.340000,26.627228,321700
2019-12-16,27.540001,28.240000,27.465000,28.059999,27.328457,709400
2019-12-17,27.980000,28.959999,27.889999,28.910000,28.156294,859900
2019-12-18,28.990000,29.129999,28.770000,28.980000,28.224470,955700
2019-12-19,28.980000,29.027000,28.594999,28.700001,27.951771,597300
2019-12-20,28.850000,29.209999,28.520000,29.120001,28.360823,1894400
2019-12-23,29.080000,29.080000,28.730000,28.950001,28.195255,963900
2019-12-24,29.049999,29.049999,28.850000,29.030001,28.273169,384700
2019-12-26,29.030001,29.280001,28.879999,29.260000,28.497171,361800
2019-12-27,29.200001,29.209999,28.889999,29.070000,28.312126,264700
2019-12-30,29.150000,29.280001,28.950001,29.190001,28.428997,309500
2019-12-31,29.150000,29.330000,29.030001,29.129999,28.370560,397900
2020-01-02,29.100000,29.330000,28.959999,29.309999,28.545868,611200
2020-01-03,29.000000,29.410000,28.745001,29.350000,28.584826,741000
2020-01-06,29.100000,29.379999,28.834999,29.260000,28.497171,508300
2020-01-07,29.260000,29.260000,28.860001,28.920000,28.166035,371300
2020-01-08,28.969999,29.200001,28.850000,28.969999,28.214731,748500
2020-01-09,29.180000,29.180000,28.565001,28.600000,27.854378,271200
2020-01-10,28.570000,28.570000,28.240000,28.420000,27.679071,211700
2020-01-13,28.480000,28.549999,28.350000,28.540001,27.795944,389800
2020-01-14,28.530001,28.650000,28.305000,28.330000,27.591417,307000
2020-01-15,28.129999,28.200001,27.905001,28.100000,27.367413,248600
2020-01-16,28.290001,28.620001,28.254999,28.510000,27.766726,171000
2020-01-17,28.610001,28.700001,28.400000,28.450001,27.708290,193200
2020-01-21,28.379999,28.459999,28.139999,28.400000,27.659592,332100
2020-01-22,28.510000,28.750000,28.280001,28.670000,27.922554,196500
2020-01-23,28.590000,28.934999,28.309999,28.910000,28.156294,375100
2020-01-24,28.940001,29.180000,28.379999,28.660000,27.912815,622700
2020-01-27,28.209999,28.520000,28.020000,28.309999,27.571939,265200
2020-01-28,28.590000,28.600000,28.180000,28.290001,27.552462,315200
2020-01-29,28.290001,28.690001,27.690001,28.120001,27.386892,587000
2020-01-30,27.920000,28.570000,27.790001,28.559999,27.815420,448100
2020-01-31,28.309999,28.400000,27.945000,28.320000,27.581676,375100
2020-02-03,28.510000,28.799999,28.415001,28.680000,27.932293,509600
2020-02-04,28.940001,29.200001,28.820000,28.879999,28.127077,440000
2020-02-05,28.770000,29.198000,28.750000,29.030001,28.440582,611900
2020-02-06,29.200001,29.299999,28.700001,28.760000,28.176064,303700
2020-02-07,28.570000,28.719999,28.350000,28.420000,27.842968,320500
2020-02-10,28.410000,28.610001,28.340000,28.559999,27.980124,371500
2020-02-11,28.629999,29.020000,28.610001,28.650000,28.068296,251200
2020-02-12,28.830000,28.940001,28.430000,28.545000,27.965429,270300
2020-02-13,28.459999,28.955000,27.340000,28.889999,28.303423,219900
2020-02-14,28.900000,29.040001,28.660000,28.690001,28.107485,297000
2020-02-18,28.580000,28.730000,28.150000,28.190001,27.617638,272500
2020-02-19,28.230000,28.570000,28.230000,28.420000,27.842968,222600
2020-02-20,28.320000,28.740000,28.270000,28.389999,27.813574,391000
2020-02-21,28.350000,28.520000,28.170000,28.209999,27.637230,1182800
2020-02-24,27.510000,27.730000,27.170000,27.559999,27.000427,376400
2020-02-25,27.549999,27.639999,26.400000,26.450001,25.912966,450000
2020-02-26,26.590000,26.719999,25.969999,26.020000,25.491697,262200
2020-02-27,25.490000,26.120001,25.100000,25.100000,24.590376,361200
2020-02-28,24.370001,24.879999,23.629999,24.070000,23.581287,551400
2020-03-02,24.120001,24.920000,23.889999,24.889999,24.384640,451000
2020-03-03,24.950001,25.370001,23.790001,23.950001,23.463724,451400
2020-03-04,24.290001,24.639999,23.830000,24.549999,24.051542,376400
2020-03-05,23.889999,24.389999,23.320000,23.480000,23.003267,456100
2020-03-06,22.620001,23.500000,21.552000,22.570000,22.111744,438200
2020-03-09,20.889999,20.921000,17.410000,17.440001,17.085903,860800
2020-03-10,18.160000,19.020000,17.650000,18.879999,18.496664,930900
2020-03-11,18.350000,19.080000,16.860001,17.309999,16.958540,586500
2020-03-12,16.100000,17.410000,15.490000,16.040001,15.714329,888100
2020-03-13,17.250000,18.040001,15.535000,17.320000,16.968338,1031500
2020-03-16,14.620000,15.790000,13.530000,14.050000,13.764732,969100
2020-03-17,13.970000,14.260000,12.890000,14.210000,13.921484,1252100
2020-03-18,13.400000,13.670000,10.670000,10.770000,10.551330,817800
2020-03-19,10.750000,12.310000,10.020000,11.940000,11.697573,2060800
2020-03-20,12.020000,12.820000,11.190000,11.470000,11.237116,986800
2020-03-23,11.470000,11.590000,10.400000,11.010000,10.786456,613900
2020-03-24,11.790000,12.530000,11.195000,12.470000,12.216812,503900
2020-03-25,12.590000,13.660000,12.130000,13.140000,12.873208,1008400
2020-03-26,13.280000,14.240000,13.230000,13.940000,13.656965,738200
2020-03-27,13.140000,14.530000,13.140000,14.200000,13.911686,779100
2020-03-30,14.010000,14.460000,13.310000,14.340000,14.048844,556600
2020-03-31,14.250000,14.480000,13.660000,13.970000,13.686357,539400
2020-04-01,12.920000,13.520000,12.883000,13.230000,12.961381,440000
2020-04-02,13.160000,13.790000,13.140000,13.750000,13.470823,390200
2020-04-03,13.690000,14.080000,12.280000,12.410000,12.158030,324800
2020-04-06,13.080000,13.895000,13.080000,13.760000,13.480620,322200
2020-04-07,14.630000,15.000000,13.740000,13.740000,13.461026,531500
2020-04-08,14.070000,14.670000,13.970000,14.390000,14.097829,477200
2020-04-09,15.000000,15.890000,14.632000,15.860000,15.537981,440300
2020-04-13,15.770000,15.770000,14.780000,14.960000,14.656256,311100
2020-04-14,15.420000,15.420000,14.120000,14.420000,14.127219,502700
2020-04-15,13.660000,13.820000,13.160000,13.500000,13.225900,374700
2020-04-16,13.490000,13.590000,12.320000,12.650000,12.393156,379200
2020-04-17,13.340000,13.992000,13.340000,13.870000,13.588387,231900
2020-04-20,13.420000,14.197000,13.200000,13.560000,13.284681,271200
2020-04-21,13.000000,13.460000,12.875000,13.390000,13.118133,236000
2020-04-22,13.780000,13.780000,13.210000,13.400000,13.127929,237900
2020-04-23,13.560000,14.140000,13.540000,13.840000,13.558996,307400
2020-04-24,13.910000,14.610000,13.720000,14.490000,14.195799,286000
2020-04-27,14.660000,15.790000,14.620000,15.500000,15.185291,911900
2020-04-28,16.250000,16.930000,15.970000,16.670000,16.331537,638700
2020-04-29,16.870001,18.670000,16.670000,17.870001,17.507172,600800
2020-04-30,17.420000,18.200001,16.750000,17.559999,17.203466,594800
2020-05-01,17.120001,17.270000,16.510000,17.059999,16.713617,269100
2020-05-04,16.690001,16.910999,16.360001,16.750000,16.409912,261500
2020-05-05,17.080000,17.219999,16.100000,16.180000,15.851485,511200
2020-05-06,16.379999,16.415001,15.570000,15.840000,15.683168,413400
2020-05-07,16.000000,16.400000,15.900000,15.960000,15.801980,515700
2020-05-08,16.490000,16.690001,16.120001,16.629999,16.465345,562500
2020-05-11,16.250000,16.250000,15.600000,15.750000,15.594059,509500
2020-05-12,15.780000,16.150000,14.940000,14.980000,14.831683,548600
2020-05-13,15.060000,15.060000,13.640000,14.220000,14.079208,510400
2020-05-14,13.930000,14.570000,13.435000,14.505000,14.361386,405200
2020-05-15,14.370000,14.760000,14.170000,14.630000,14.485148,906300
2020-05-18,15.410000,16.750000,15.410000,16.570000,16.405941,485800
2020-05-19,16.360001,16.459999,15.530000,15.550000,15.396040,272000
2020-05-20,15.810000,16.610001,15.600000,16.469999,16.306931,203300
2020-05-21,16.410000,16.780001,16.190001,16.280001,16.118813,229700
2020-05-22,16.450001,16.770000,15.985000,16.270000,16.108912,166300
2020-05-26,17.100000,17.580000,16.959999,17.270000,17.099010,324000
2020-05-27,17.860001,18.670000,17.379999,18.610001,18.425743,315800
2020-05-28,19.000000,19.190001,17.770000,17.920000,17.742575,348200
2020-05-29,17.570000,17.684999,16.990000,17.520000,17.346535,442100
2020-06-01,17.709999,18.120001,17.240000,17.540001,17.366337,244700
2020-06-02,17.879999,18.010000,17.150000,17.330000,17.158417,205300
2020-06-03,18.080000,18.840000,17.520000,18.530001,18.346535,513100
2020-06-04,18.430000,19.320000,18.040001,19.200001,19.009901,369300
2020-06-05,20.740000,21.559999,20.170000,20.350000,20.148516,597000
2020-06-08,21.000000,21.750000,20.690001,21.110001,20.900991,328800
2020-06-09,20.280001,21.250000,19.719999,20.809999,20.603960,229900
2020-06-10,20.570000,20.809999,19.049999,19.090000,18.900990,274500
2020-06-11,18.000000,18.125000,16.860001,16.969999,16.801979,442600
2020-06-12,17.940001,18.100000,16.750000,17.330000,17.158417,331900
2020-06-15,16.540001,17.750000,16.490000,17.379999,17.207920,314800
2020-06-16,18.360001,18.740000,17.780001,18.309999,18.128712,302000
2020-06-17,18.270000,18.270000,17.010000,17.040001,16.871288,240700
2020-06-18,16.809999,17.915001,16.809999,17.690001,17.514853,261700
2020-06-19,17.940001,17.940001,16.830000,17.299999,17.128712,637800
2020-06-22,17.030001,17.520000,16.750000,17.415001,17.242575,128600
2020-06-23,17.840000,17.920000,17.160000,17.170000,17.000000,181100
2020-06-24,16.900000,16.900000,16.035000,16.240000,16.079208,224600
2020-06-25,16.120001,16.930000,16.120001,16.920000,16.752476,270700
2020-06-26,16.570000,16.570000,15.880000,16.209999,16.049503,759300
2020-06-29,16.520000,17.559999,16.500000,17.219999,17.049505,252200
2020-06-30,17.070000,17.770000,17.059999,17.700001,17.524754,227300
2020-07-01,17.690001,17.865000,16.540001,16.600000,16.435644,208500
2020-07-02,17.160000,17.360001,16.440001,16.540001,16.376238,259500
2020-07-06,17.129999,17.389999,16.540001,16.629999,16.465345,151600
2020-07-07,16.370001,16.490000,16.040001,16.190001,16.029703,220200
2020-07-08,16.070000,16.440001,15.710000,16.150000,15.990099,204000
2020-07-09,16.049999,16.049999,15.190000,15.590000,15.435644,331300
2020-07-10,15.700000,16.309999,15.600000,16.240000,16.079208,301700
2020-07-13,16.580000,16.750000,16.040001,16.320000,16.158415,188100
2020-07-14,16.270000,16.370001,15.610000,15.850000,15.693069,148200
2020-07-15,16.270000,16.855000,16.145000,16.750000,16.584158,235700
2020-07-16,16.629999,16.770000,16.299999,16.440001,16.277227,154400
2020-07-17,16.370001,16.565001,16.030001,16.139999,15.980198,199500
2020-07-20,16.010000,16.080000,15.750000,15.760000,15.603961,135500
2020-07-21,16.010000,16.870001,16.010000,16.840000,16.673267,162100
2020-07-22,16.590000,16.760000,16.309999,16.465000,16.301981,168700
2020-07-23,16.459999,17.139999,16.459999,16.969999,16.801979,177200
2020-07-24,17.020000,17.110001,16.700001,16.709999,16.544554,128500
2020-07-27,16.230000,16.615000,16.160000,16.360001,16.198021,648400
2020-07-28,16.309999,16.660000,16.280001,16.400000,16.237623,280700
2020-07-29,16.900000,17.549999,16.500000,17.549999,17.376238,342100
2020-07-30,16.980000,17.250000,16.530001,17.160000,16.990099,220300
2020-07-31,17.080000,17.129999,16.240000,16.719999,16.554455,270400
2020-08-03,16.930000,17.379999,16.690001,17.299999,17.128712,232800
2020-08-04,17.150000,17.379999,16.889999,17.170000,17.000000,179100
2020-08-05,17.360001,17.719999,17.100000,17.700001,17.700001,196900
2020-08-06,17.559999,17.700001,17.340000,17.459999,17.459999,93900