Date,Open,High,Low,Close,Adj Close,Volume
2017-10-12,128.250000,179.250000,128.250000,148.800003,148.800003,188000
2017-10-13,148.949997,152.925003,137.850006,144.000000,144.000000,20200
2017-10-16,144.449997,146.550003,128.399994,134.250000,134.250000,15300
2017-10-17,133.649994,134.550003,130.199997,131.550003,131.550003,8300
2017-10-18,130.949997,132.360001,104.699997,105.150002,105.150002,14700
2017-10-19,105.750000,107.235001,97.800003,99.150002,99.150002,29900
2017-10-20,100.949997,116.550003,100.949997,104.400002,104.400002,16700
2017-10-23,105.000000,111.599998,105.000000,108.150002,108.150002,8200
2017-10-24,108.599998,114.599998,107.040001,112.199997,112.199997,6200
2017-10-25,114.449997,114.449997,108.014999,109.650002,109.650002,4000
2017-10-26,119.250000,119.250000,108.449997,111.599998,111.599998,3900
2017-10-27,112.500000,112.500000,105.150002,108.000000,108.000000,4900
2017-10-30,105.750000,108.300003,99.150002,99.150002,99.150002,3800
2017-10-31,103.050003,108.735001,99.300003,107.699997,107.699997,4700
2017-11-01,106.199997,109.440002,103.949997,106.650002,106.650002,2500
2017-11-02,105.000000,107.250000,101.264999,103.349998,103.349998,4400
2017-11-03,102.300003,106.199997,99.000000,103.800003,103.800003,2500
2017-11-06,102.150002,102.150002,97.500000,97.500000,97.500000,3800
2017-11-07,97.199997,99.000000,95.400002,97.199997,97.199997,1800
2017-11-08,96.900002,96.900002,93.750000,95.250000,95.250000,2200
2017-11-09,94.199997,94.964996,80.415001,86.400002,86.400002,4800
2017-11-10,86.400002,110.639999,86.025002,107.849998,107.849998,8100
2017-11-13,107.849998,107.849998,96.014999,100.349998,100.349998,2800
2017-11-14,98.400002,98.699997,94.500000,98.250000,98.250000,1500
2017-11-15,96.599998,97.500000,94.500000,94.650002,94.650002,2100
2017-11-16,92.550003,97.500000,87.900002,91.500000,91.500000,2600
2017-11-17,90.000000,91.080002,88.650002,90.000000,90.000000,1700
2017-11-20,88.500000,95.849998,88.199997,88.199997,88.199997,3100
2017-11-21,92.699997,92.699997,87.074997,87.150002,87.150002,2000
2017-11-22,88.949997,90.000000,86.400002,90.000000,90.000000,1800
2017-11-24,90.000000,90.000000,87.599998,90.000000,90.000000,1800
2017-11-27,87.599998,93.000000,87.599998,91.650002,91.650002,3300
2017-11-28,90.300003,92.400002,87.900002,92.400002,92.400002,3600
2017-11-29,90.000000,92.250000,87.000000,90.000000,90.000000,3000
2017-11-30,90.000000,93.000000,88.050003,90.750000,90.750000,2500
2017-12-01,90.900002,93.449997,88.349998,92.699997,92.699997,3500
2017-12-04,93.750000,94.875000,90.449997,91.500000,91.500000,1500
2017-12-05,90.599998,99.000000,90.599998,94.650002,94.650002,3300
2017-12-06,94.650002,96.150002,89.400002,90.000000,90.000000,2200
2017-12-07,90.750000,94.605003,83.699997,83.699997,83.699997,3300
2017-12-08,84.599998,87.900002,79.349998,79.949997,79.949997,5100
2017-12-11,86.699997,86.699997,80.849998,82.500000,82.500000,3700
2017-12-12,81.449997,86.025002,81.449997,81.750000,81.750000,3100
2017-12-13,84.000000,88.349998,81.300003,82.800003,82.800003,5300
2017-12-14,86.849998,86.849998,79.949997,81.000000,81.000000,3700
2017-12-15,84.150002,84.150002,71.550003,72.900002,72.900002,14300
2017-12-18,75.750000,79.785004,72.599998,74.400002,74.400002,5500
2017-12-19,73.650002,73.650002,70.410004,70.949997,70.949997,4200
2017-12-20,71.400002,72.599998,68.099998,68.550003,68.550003,3200
2017-12-21,72.000000,72.000000,68.099998,69.449997,69.449997,3400
2017-12-22,68.550003,70.349998,64.349998,64.650002,64.650002,3400
2017-12-26,64.949997,64.949997,59.400002,61.200001,61.200001,6600
2017-12-27,60.750000,66.750000,60.750000,66.000000,66.000000,7700
2017-12-28,66.000000,69.599998,65.400002,67.050003,67.050003,5100
2017-12-29,68.459999,73.500000,67.349998,69.000000,69.000000,6200
2018-01-02,69.464996,75.000000,69.464996,74.099998,74.099998,3400
2018-01-03,74.699997,78.449997,71.250000,73.500000,73.500000,6500
2018-01-04,73.050003,78.750000,72.900002,77.400002,77.400002,11100
2018-01-05,76.949997,81.000000,75.300003,76.650002,76.650002,7100
2018-01-08,77.250000,77.264999,71.699997,72.150002,72.150002,4400
2018-01-09,72.750000,72.750000,65.550003,67.800003,67.800003,3300
2018-01-10,67.949997,71.250000,65.400002,66.150002,66.150002,1400
2018-01-11,66.750000,70.199997,65.250000,66.150002,66.150002,2600
2018-01-12,66.000000,69.300003,64.650002,65.849998,65.849998,3800
2018-01-16,67.949997,67.949997,60.750000,61.049999,61.049999,6600
2018-01-17,60.750000,68.699997,58.950001,67.800003,67.800003,14600
2018-01-18,67.199997,67.650002,60.750000,61.799999,61.799999,10800
2018-01-19,61.799999,64.650002,57.000000,61.799999,61.799999,12300
2018-01-22,62.250000,63.599998,60.150002,63.150002,63.150002,3100
2018-01-23,63.599998,64.349998,60.299999,60.750000,60.750000,3300
2018-01-24,60.900002,63.599998,60.900002,63.150002,63.150002,2000
2018-01-25,62.849998,65.849998,62.549999,63.900002,63.900002,1200
2018-01-26,65.250000,74.099998,61.799999,72.449997,72.449997,10900
2018-01-29,71.849998,81.000000,66.750000,79.650002,79.650002,27400
2018-01-30,78.900002,89.250000,76.349998,79.199997,79.199997,27100
2018-01-31,79.949997,79.949997,75.000000,76.349998,76.349998,3800
2018-02-01,75.900002,77.250000,71.099998,76.050003,76.050003,3700
2018-02-02,76.349998,80.099998,74.699997,78.599998,78.599998,2200
2018-02-05,78.750000,82.050003,78.750000,80.400002,80.400002,2900
2018-02-06,79.949997,81.900002,72.150002,72.449997,72.449997,2200
2018-02-07,72.300003,72.300003,63.150002,64.949997,64.949997,2300
2018-02-08,75.000000,75.000000,65.400002,69.599998,69.599998,3200
2018-02-09,69.599998,70.500000,65.250000,66.599998,66.599998,3300
2018-02-12,66.150002,66.750000,64.695000,66.300003,66.300003,800
2018-02-13,66.300003,68.699997,63.150002,67.500000,67.500000,4100
2018-02-14,72.750000,85.949997,70.500000,75.000000,75.000000,17600
2018-02-15,75.449997,83.849998,75.000000,76.199997,76.199997,4300
2018-02-16,76.500000,78.750000,68.699997,69.449997,69.449997,3500
2018-02-20,70.050003,72.750000,69.449997,70.349998,70.349998,1700
2018-02-21,69.750000,97.500000,69.660004,95.400002,95.400002,25400
2018-02-22,87.900002,107.550003,86.684998,96.900002,96.900002,21400
2018-02-23,96.000000,96.000000,88.650002,91.650002,91.650002,3200
2018-02-26,90.300003,93.570000,87.150002,87.750000,87.750000,4000
2018-02-27,87.300003,90.000000,79.665001,86.400002,86.400002,3700
2018-02-28,78.900002,86.550003,78.900002,84.449997,84.449997,700
2018-03-01,84.750000,85.349998,80.699997,81.449997,81.449997,1800
2018-03-02,81.900002,83.849998,79.349998,80.099998,80.099998,1900
2018-03-05,79.334999,89.849998,79.334999,85.349998,85.349998,5300
2018-03-06,89.250000,96.000000,88.500000,91.199997,91.199997,27100
2018-03-07,91.949997,93.750000,84.150002,87.750000,87.750000,6900
2018-03-08,88.349998,88.349998,83.550003,86.099998,86.099998,4300
2018-03-09,86.699997,88.724998,84.300003,87.300003,87.300003,2500
2018-03-12,88.199997,90.000000,87.300003,87.900002,87.900002,2800
2018-03-13,88.199997,92.699997,86.970001,90.000000,90.000000,4100
2018-03-14,91.320000,92.699997,87.900002,88.650002,88.650002,5800
2018-03-15,90.599998,104.250000,88.800003,102.150002,102.150002,18500
2018-03-16,102.599998,114.449997,96.599998,108.750000,108.750000,47200
2018-03-19,108.000000,112.349998,102.750000,105.750000,105.750000,13700
2018-03-20,116.250000,123.000000,107.250000,110.699997,110.699997,52300
2018-03-21,111.000000,115.800003,110.250000,114.150002,114.150002,17100
2018-03-22,113.400002,118.199997,110.849998,111.750000,111.750000,15000
2018-03-23,111.750000,113.699997,109.199997,110.699997,110.699997,7200
2018-03-26,111.599998,114.000000,102.014999,105.150002,105.150002,8400
2018-03-27,105.900002,105.974998,87.300003,88.800003,88.800003,16800
2018-03-28,89.400002,90.690002,83.175003,84.449997,84.449997,9200
2018-03-29,85.500000,99.000000,85.500000,93.449997,93.449997,15200
2018-04-02,92.699997,98.699997,87.750000,98.099998,98.099998,10600
2018-04-03,97.500000,98.400002,93.750000,94.050003,94.050003,6400
2018-04-04,94.650002,99.750000,93.599998,94.199997,94.199997,4500
2018-04-05,93.150002,96.750000,89.400002,90.300003,90.300003,5800
2018-04-06,90.900002,91.635002,85.949997,86.400002,86.400002,3900
2018-04-09,86.250000,90.735001,76.650002,77.099998,77.099998,10400
2018-04-10,76.800003,76.949997,69.449997,72.000000,72.000000,21600
2018-04-11,72.449997,77.580002,71.099998,75.150002,75.150002,5000
2018-04-12,74.550003,79.349998,74.550003,76.349998,76.349998,4100
2018-04-13,76.949997,76.980003,71.250000,73.349998,73.349998,8400
2018-04-16,72.000000,81.599998,71.400002,76.199997,76.199997,9500
2018-04-17,76.500000,77.055000,72.000000,75.599998,75.599998,4300
2018-04-18,76.199997,79.650002,74.099998,77.400002,77.400002,9900
2018-04-19,76.500000,78.974998,75.449997,77.699997,77.699997,1900
2018-04-20,77.250000,77.250000,75.000000,76.199997,76.199997,2500
2018-04-23,76.199997,77.010002,69.000000,69.300003,69.300003,9600
2018-04-24,69.900002,73.199997,66.000000,69.000000,69.000000,9000
2018-04-25,68.550003,69.150002,63.599998,64.050003,64.050003,6200
2018-04-26,64.199997,67.500000,64.199997,66.000000,66.000000,5200
2018-04-27,66.000000,67.050003,62.474998,63.750000,63.750000,2700
2018-04-30,63.599998,66.449997,63.450001,64.050003,64.050003,3100
2018-05-01,65.250000,65.250000,61.950001,64.199997,64.199997,3200
2018-05-02,64.199997,64.349998,61.799999,62.700001,62.700001,5000
2018-05-03,63.150002,63.750000,56.849998,60.000000,60.000000,10600
2018-05-04,60.450001,63.299999,60.000000,61.799999,61.799999,5200
2018-05-07,61.049999,62.939999,59.250000,60.150002,60.150002,8400
2018-05-08,60.150002,61.485001,57.750000,58.049999,58.049999,6000
2018-05-09,58.200001,59.700001,54.599998,55.650002,55.650002,7700
2018-05-10,56.099998,60.000000,53.099998,54.900002,54.900002,6200
2018-05-11,55.500000,57.150002,54.900002,56.549999,56.549999,8300
2018-05-14,58.049999,66.750000,56.895000,64.500000,64.500000,20100
2018-05-15,59.700001,60.000000,52.200001,55.200001,55.200001,38700
2018-05-16,55.049999,57.450001,54.150002,56.250000,56.250000,5300
2018-05-17,56.250000,56.250000,49.500000,51.000000,51.000000,15600
2018-05-18,51.000000,54.599998,47.400002,53.549999,53.549999,14300
2018-05-21,54.000000,59.400002,51.299999,57.000000,57.000000,12900
2018-05-22,57.599998,57.599998,52.049999,52.349998,52.349998,10700
2018-05-23,52.799999,57.584999,51.450001,52.500000,52.500000,7800
2018-05-24,52.799999,55.049999,48.299999,49.049999,49.049999,10800
2018-05-25,49.950001,50.700001,48.299999,48.900002,48.900002,4800
2018-05-29,48.450001,52.049999,48.150002,48.900002,48.900002,5500
2018-05-30,49.950001,49.950001,46.500000,46.950001,46.950001,5800
2018-05-31,50.849998,50.849998,47.549999,48.299999,48.299999,7300
2018-06-01,48.450001,49.650002,45.150002,46.200001,46.200001,7600
2018-06-04,46.799999,48.750000,45.450001,45.599998,45.599998,9700
2018-06-05,45.299999,47.549999,42.150002,42.299999,42.299999,12400
2018-06-06,42.450001,45.599998,42.450001,45.450001,45.450001,8800
2018-06-07,45.599998,47.775002,43.965000,45.750000,45.750000,10000
2018-06-08,46.049999,46.950001,44.250000,44.700001,44.700001,4200
2018-06-11,44.400002,46.349998,44.250000,44.849998,44.849998,3400
2018-06-12,44.700001,45.900002,42.750000,43.650002,43.650002,4300
2018-06-13,44.250000,46.500000,43.349998,43.349998,43.349998,8400
2018-06-14,43.500000,45.450001,42.750000,42.750000,42.750000,5000
2018-06-15,42.750000,45.900002,42.750000,45.000000,45.000000,7300
2018-06-18,45.000000,45.419998,42.450001,42.450001,42.450001,7800
2018-06-19,41.700001,41.700001,39.150002,39.750000,39.750000,7100
2018-06-20,40.049999,43.049999,40.049999,42.750000,42.750000,3300
2018-06-21,42.450001,42.750000,40.650002,40.950001,40.950001,5300
2018-06-22,41.099998,57.450001,39.900002,54.599998,54.599998,42900
2018-06-25,50.099998,51.450001,47.250000,48.900002,48.900002,13500
2018-06-26,48.750000,52.500000,46.575001,52.349998,52.349998,4800
2018-06-27,49.049999,51.599998,46.799999,47.549999,47.549999,3800
2018-06-28,47.849998,51.000000,47.849998,48.750000,48.750000,2700
2018-06-29,48.900002,52.500000,47.625000,52.049999,52.049999,5100
2018-07-02,52.200001,52.200001,46.950001,50.700001,50.700001,3700
2018-07-03,51.000000,56.099998,48.599998,53.700001,53.700001,12500
2018-07-05,56.849998,56.849998,52.950001,55.049999,55.049999,8900
2018-07-06,55.349998,55.349998,47.549999,48.750000,48.750000,14000
2018-07-09,49.200001,50.505001,47.849998,48.750000,48.750000,3400
2018-07-10,49.200001,50.775002,46.500000,47.549999,47.549999,5900
2018-07-11,47.549999,47.549999,44.250000,45.000000,45.000000,4800
2018-07-12,45.150002,49.200001,44.775002,49.200001,49.200001,13100
2018-07-13,49.500000,49.500000,45.314999,48.299999,48.299999,5700
2018-07-16,48.000000,49.049999,44.549999,45.299999,45.299999,6100
2018-07-17,45.750000,47.250000,45.150002,45.450001,45.450001,3100
2018-07-18,46.500000,47.250000,44.849998,45.750000,45.750000,8100
2018-07-19,45.599998,46.770000,45.000000,46.349998,46.349998,4800
2018-07-20,46.500000,47.099998,44.549999,45.150002,45.150002,3300
2018-07-23,44.700001,45.450001,42.000000,43.799999,43.799999,6400
2018-07-24,43.799999,49.500000,39.915001,42.750000,42.750000,16600
2018-07-25,43.200001,45.750000,40.799999,44.700001,44.700001,8900
2018-07-26,44.250000,48.599998,44.250000,45.750000,45.750000,6300
2018-07-27,45.599998,47.549999,43.200001,43.500000,43.500000,5400
2018-07-30,44.700001,46.500000,40.650002,40.799999,40.799999,7000
2018-07-31,41.400002,44.549999,41.400002,44.099998,44.099998,4000
2018-08-01,44.400002,44.400002,41.730000,43.349998,43.349998,4300
2018-08-02,43.500000,44.924999,42.150002,44.849998,44.849998,4000
2018-08-03,44.549999,44.549999,41.250000,42.450001,42.450001,4400
2018-08-06,39.750000,39.750000,30.000000,30.299999,30.299999,44200
2018-08-07,30.750000,32.400002,30.750000,32.400002,32.400002,22900
2018-08-08,30.750000,33.150002,27.600000,27.600000,27.600000,38300
2018-08-09,28.049999,28.049999,25.799999,25.799999,25.799999,28500
2018-08-10,22.200001,24.450001,21.750000,22.200001,22.200001,210400
2018-08-13,22.350000,24.450001,22.350000,23.400000,23.400000,37800
2018-08-14,23.549999,28.049999,23.549999,25.500000,25.500000,57000
2018-08-15,27.600000,27.600000,24.750000,25.799999,25.799999,23500
2018-08-16,26.549999,27.855000,24.764999,27.450001,27.450001,36300
2018-08-17,27.450001,27.945000,25.650000,27.150000,27.150000,10500
2018-08-20,27.000000,27.299999,25.650000,26.250000,26.250000,12400
2018-08-21,26.700001,27.000000,24.150000,24.900000,24.900000,17800
2018-08-22,25.049999,26.100000,24.299999,26.100000,26.100000,10200
2018-08-23,26.250000,26.250000,24.000000,24.750000,24.750000,24300
2018-08-24,24.150000,25.049999,23.850000,23.850000,23.850000,15200
2018-08-27,23.700001,24.900000,23.250000,24.450001,24.450001,10200
2018-08-28,24.299999,27.600000,24.299999,25.950001,25.950001,19900
2018-08-29,25.650000,31.950001,25.650000,31.350000,31.350000,29400
2018-08-30,31.049999,37.799999,30.450001,34.200001,34.200001,75900
2018-08-31,32.250000,37.049999,31.665001,36.750000,36.750000,23100
2018-09-04,37.799999,38.400002,33.150002,36.000000,36.000000,24200
2018-09-05,36.000000,36.450001,32.775002,35.400002,35.400002,13100
2018-09-06,35.549999,35.549999,31.950001,32.400002,32.400002,8000
2018-09-07,32.549999,35.099998,32.250000,33.450001,33.450001,10600
2018-09-10,34.049999,36.000000,33.450001,36.000000,36.000000,17400
2018-09-11,35.700001,44.549999,35.700001,42.299999,42.299999,54000
2018-09-12,42.450001,44.250000,39.900002,42.900002,42.900002,27300
2018-09-13,42.900002,47.130001,42.150002,43.049999,43.049999,32200
2018-09-14,42.599998,45.000000,42.000000,44.400002,44.400002,14700
2018-09-17,44.700001,47.084999,42.299999,42.750000,42.750000,20300
2018-09-18,42.450001,44.700001,38.250000,38.700001,38.700001,21000
2018-09-19,38.400002,41.549999,38.099998,39.000000,39.000000,10000
2018-09-20,39.000000,41.849998,38.145000,41.099998,41.099998,12000
2018-09-21,41.549999,42.150002,38.099998,39.450001,39.450001,37200
2018-09-24,39.299999,39.599998,36.750000,38.099998,38.099998,12000
2018-09-25,37.950001,37.950001,36.000000,37.799999,37.799999,10800
2018-09-26,37.650002,38.099998,35.549999,36.299999,36.299999,6600
2018-09-27,44.099998,44.400002,37.500000,41.250000,41.250000,34300
2018-09-28,41.700001,44.700001,39.750000,43.500000,43.500000,17400
2018-10-01,43.650002,43.650002,39.299999,40.200001,40.200001,11600
2018-10-02,39.750000,40.244999,36.900002,36.900002,36.900002,13300
2018-10-03,37.049999,37.049999,34.500000,35.549999,35.549999,15000
2018-10-04,34.500000,36.000000,34.500000,34.500000,34.500000,6000
2018-10-05,34.799999,34.799999,32.250000,33.150002,33.150002,9400
2018-10-08,33.750000,33.900002,31.950001,32.099998,32.099998,7900
2018-10-09,31.799999,33.150002,30.750000,30.900000,30.900000,9700
2018-10-10,30.900000,31.275000,28.950001,29.549999,29.549999,16200
2018-10-11,29.549999,29.549999,26.400000,26.400000,26.400000,19300
2018-10-12,27.150000,29.850000,27.150000,29.700001,29.700001,4200
2018-10-15,30.150000,30.150000,26.549999,27.600000,27.600000,7300
2018-10-16,27.750000,28.485001,26.549999,27.000000,27.000000,10300
2018-10-17,26.700001,33.555000,26.700001,32.700001,32.700001,23300
2018-10-18,33.000000,34.049999,29.250000,31.200001,31.200001,16400
2018-10-19,31.200001,32.849998,28.650000,28.950001,28.950001,3600
2018-10-22,29.100000,29.160000,27.600000,27.900000,27.900000,5800
2018-10-23,27.299999,28.350000,26.250000,27.299999,27.299999,10000
2018-10-24,27.299999,27.555000,24.299999,24.299999,24.299999,10200
2018-10-25,24.750000,25.799999,24.299999,24.450001,24.450001,4900
2018-10-26,24.299999,25.500000,23.700001,24.450001,24.450001,4500
2018-10-29,24.750000,25.500000,22.950001,23.549999,23.549999,17900
2018-10-30,23.400000,25.110001,22.799999,24.750000,24.750000,4000
2018-10-31,25.049999,28.500000,25.049999,28.350000,28.350000,11000
2018-11-01,28.500000,29.850000,27.360001,29.250000,29.250000,13700
2018-11-02,29.250000,30.000000,27.450001,29.400000,29.400000,16200
2018-11-05,31.200001,36.000000,27.299999,34.349998,34.349998,47000
2018-11-06,32.549999,34.349998,27.000000,28.500000,28.500000,26800
2018-11-07,28.500000,30.915001,28.049999,28.500000,28.500000,19200
2018-11-08,28.500000,31.799999,28.500000,31.500000,31.500000,21600
2018-11-09,31.049999,31.799999,27.900000,29.250000,29.250000,19100
2018-11-12,29.250000,30.150000,27.299999,28.049999,28.049999,4900
2018-11-13,28.200001,30.750000,28.049999,30.600000,30.600000,12600
2018-11-14,31.500000,31.500000,27.525000,28.500000,28.500000,9700
2018-11-15,28.950001,28.950001,25.500000,26.400000,26.400000,10000
2018-11-16,26.400000,28.049999,25.799999,26.700001,26.700001,7600
2018-11-19,26.850000,28.049999,25.350000,25.799999,25.799999,9400
2018-11-20,25.049999,25.799999,24.750000,25.500000,25.500000,6700
2018-11-21,25.500000,26.850000,25.049999,25.200001,25.200001,8000
2018-11-23,25.200001,26.250000,24.750000,26.250000,26.250000,800
2018-11-26,26.250000,27.000000,24.750000,25.350000,25.350000,5500
2018-11-27,24.450001,24.750000,23.549999,23.700001,23.700001,7300
2018-11-28,23.400000,23.549999,21.000000,21.150000,21.150000,21500
2018-11-29,21.000000,22.379999,15.450000,16.950001,16.950001,59000
2018-11-30,16.950001,17.700001,14.850000,17.400000,17.400000,31600
2018-12-03,17.700001,20.850000,17.250000,18.750000,18.750000,24700
2018-12-04,18.600000,19.950001,17.250000,17.490000,17.490000,5500
2018-12-06,17.400000,18.000000,15.300000,16.500000,16.500000,10600
2018-12-07,16.350000,17.250000,15.900000,16.650000,16.650000,9100
2018-12-10,16.799999,17.100000,14.550000,15.750000,15.750000,16800
2018-12-11,15.900000,16.125000,15.000000,15.450000,15.450000,5100
2018-12-12,15.900000,15.900000,14.640000,15.450000,15.450000,10200
2018-12-13,15.450000,15.450000,14.400000,14.895000,14.895000,5200
2018-12-14,14.850000,15.750000,13.500000,13.950000,13.950000,10100
2018-12-17,13.800000,15.000000,12.900000,13.095000,13.095000,11500
2018-12-18,12.750000,13.470000,10.950000,11.355000,11.355000,18100
2018-12-19,11.700000,11.700000,8.610000,9.150000,9.150000,48800
2018-12-20,9.000000,9.420000,7.575000,7.950000,7.950000,44700
2018-12-21,7.665000,8.115000,6.360000,7.050000,7.050000,46400
2018-12-24,7.200000,7.350000,5.280000,6.150000,6.150000,35700
2018-12-26,6.750000,7.125000,6.165000,6.765000,6.765000,35100
2018-12-27,7.650000,8.250000,6.750000,7.680000,7.680000,35400
2018-12-28,7.680000,7.950000,7.200000,7.350000,7.350000,33200
2018-12-31,7.200000,7.650000,6.450000,6.540000,6.540000,25900
2019-01-02,6.450000,11.775000,6.450000,10.050000,10.050000,30700
2019-01-03,10.350000,10.560000,8.400000,9.750000,9.750000,17400
2019-01-04,9.750000,10.500000,9.150000,9.450000,9.450000,15300
2019-01-07,9.435000,14.550000,9.150000,13.050000,13.050000,35200
2019-01-08,13.350000,17.850000,13.350000,13.605000,13.605000,59900
2019-01-09,13.545000,14.400000,13.500000,13.500000,13.500000,18000
2019-01-10,13.500000,13.950000,11.115000,12.000000,12.000000,33900
2019-01-11,12.000000,13.200000,11.445000,11.700000,11.700000,14000
2019-01-14,11.970000,12.150000,11.250000,12.000000,12.000000,14000
2019-01-15,12.150000,12.945000,11.400000,11.700000,11.700000,7500
2019-01-16,11.700000,13.350000,11.700000,13.350000,13.350000,9900
2019-01-17,12.900000,13.575000,11.865000,12.450000,12.450000,8600
2019-01-18,13.575000,15.450000,13.080000,15.150000,15.150000,12800
2019-01-22,15.000000,18.750000,15.000000,15.300000,15.300000,49100
2019-01-23,15.450000,17.250000,15.000000,17.100000,17.100000,22000
2019-01-24,16.650000,18.450001,15.600000,16.950001,16.950001,35400
2019-01-25,17.100000,17.700001,15.300000,15.300000,15.300000,28500
2019-01-28,15.300000,16.049999,14.250000,14.700000,14.700000,15100
2019-01-29,15.000000,15.300000,13.800000,14.100000,14.100000,11300
2019-01-30,14.100000,14.910000,13.050000,13.350000,13.350000,10600
2019-01-31,13.350000,14.115000,12.450000,13.815000,13.815000,8800
2019-02-01,13.650000,14.250000,13.050000,13.080000,13.080000,7800
2019-02-04,13.050000,14.100000,13.020000,13.050000,13.050000,4000
2019-02-05,12.900000,13.110000,12.300000,12.705000,12.705000,7300
2019-02-06,12.600000,13.500000,11.550000,11.550000,11.550000,18000
2019-02-07,11.850000,11.850000,9.885000,11.550000,11.550000,24900
2019-02-08,11.145000,11.550000,10.500000,10.665000,10.665000,7400
2019-02-11,10.875000,10.875000,10.065000,10.245000,10.245000,12000
2019-02-12,10.200000,10.605000,9.750000,10.185000,10.185000,11200
2019-02-13,10.350000,10.950000,10.050000,10.500000,10.500000,30000
2019-02-14,10.950000,12.345000,10.695000,11.850000,11.850000,30600
2019-02-15,12.000000,12.750000,11.400000,11.610000,11.610000,13100
2019-02-19,12.150000,12.150000,10.965000,11.700000,11.700000,7000
2019-02-20,11.460000,14.100000,10.980000,12.450000,12.450000,349700
2019-02-21,13.350000,13.500000,12.600000,13.050000,13.050000,85300
2019-02-22,13.200000,13.650000,12.450000,12.930000,12.930000,38200
2019-02-25,13.500000,13.500000,12.600000,12.945000,12.945000,38600
2019-02-26,13.050000,13.200000,12.750000,13.080000,13.080000,28300
2019-02-27,14.085000,15.150000,13.260000,14.925000,14.925000,159100
2019-02-28,15.000000,15.900000,13.500000,13.500000,13.500000,106600
2019-03-01,13.800000,14.235000,12.600000,13.800000,13.800000,78100
2019-03-04,14.850000,15.750000,12.900000,14.250000,14.250000,125500
2019-03-05,14.400000,14.550000,13.500000,13.875000,13.875000,45100
2019-03-06,13.875000,13.875000,12.450000,12.615000,12.615000,67400
2019-03-07,12.600000,13.500000,12.000000,13.050000,13.050000,63500
2019-03-08,13.500000,13.500000,11.310000,11.550000,11.550000,43700
2019-03-11,11.999994,13.049994,11.999994,12.449994,12.449994,491100
2019-03-12,12.749993,13.199993,11.999994,12.989993,12.989993,1030000
2019-03-13,13.349994,13.349994,12.269994,12.749993,12.749993,338600
2019-03-14,12.599994,12.749993,12.149994,12.509994,12.509994,221100
2019-03-15,20.699989,23.249989,13.049994,13.499993,13.499993,22601000
2019-03-18,13.799994,13.799994,11.999994,12.749993,12.749993,1661000
2019-03-19,12.749993,12.899994,11.249994,11.909994,11.909994,1293200
2019-03-20,11.699994,11.699994,10.004995,10.469995,10.469995,2160800
2019-03-21,10.469995,10.934995,9.824995,10.649995,10.649995,824800
2019-03-22,10.424994,10.619995,9.899995,9.929995,9.929995,721000
2019-03-25,10.649995,10.799994,9.779995,10.049995,10.049995,694000
2019-03-26,10.049995,10.349995,9.899995,10.049995,10.049995,239200
2019-03-27,10.154995,10.154995,9.299995,9.299995,9.299995,541400
2019-03-28,9.299995,9.524995,8.399996,8.789995,8.789995,623300
2019-03-29,8.549995,8.999995,8.414996,8.849996,8.849996,466100
2019-04-01,8.999995,9.944995,8.999995,9.689995,9.689995,499800
2019-04-02,10.049995,10.049995,8.969995,9.584995,9.584995,378000
2019-04-03,9.449995,9.599996,9.269996,9.539995,9.539995,222400
2019-04-04,9.599996,10.214994,9.449995,9.884995,9.884995,258000
2019-04-05,10.649995,11.399994,10.349995,10.499994,10.499994,1549900
2019-04-08,10.499994,10.649995,9.899995,10.079995,10.079995,201900
2019-04-09,9.899995,10.499994,9.899995,9.899995,9.899995,111600
2019-04-10,9.809995,9.884995,9.749995,9.764996,9.764996,375400
2019-04-11,9.749995,9.809995,9.374995,9.434996,9.434996,479000
2019-04-12,9.329995,9.899995,9.299995,9.719995,9.719995,99900
2019-04-15,9.899995,9.899995,9.329995,9.329995,9.329995,232800
2019-04-16,9.599996,9.749995,9.299995,9.599996,9.599996,180000
2019-04-17,9.629995,9.749995,9.599996,9.599996,9.599996,170500
2019-04-18,9.614995,9.794995,9.299995,9.659995,9.659995,226700
2019-04-22,9.329995,9.449995,7.529996,9.299995,9.299995,389500
2019-04-23,9.149996,9.554996,9.029996,9.149996,9.149996,340900
2019-04-24,9.599996,9.599996,8.549995,8.894996,8.894996,330900
2019-04-25,9.299995,9.299995,8.279996,8.489996,8.489996,187800
2019-04-26,8.399996,8.594995,8.264996,8.549995,8.549995,143800
2019-04-29,8.549995,8.699996,8.459996,8.519996,8.519996,192200
2019-04-30,8.264996,8.744996,8.249996,8.399996,8.399996,147500
2019-05-01,8.399996,9.509995,8.399996,8.879995,8.879995,460300
2019-05-02,8.684996,9.239995,8.684996,8.849996,8.849996,83300
2019-05-03,8.699996,9.149996,8.399996,8.534996,8.534996,294300
2019-05-06,9.299995,9.299995,8.534996,8.564996,8.564996,218300
2019-05-07,8.669995,8.999995,8.549995,8.714995,8.714995,129300
2019-05-08,8.654996,8.999995,8.414996,8.414996,8.414996,291200
2019-05-09,8.414996,8.699996,8.099996,8.549995,8.549995,281400
2019-05-10,8.699996,8.714995,8.174996,8.369996,8.369996,148900
2019-05-13,8.264996,8.264996,6.944996,7.349996,7.349996,489400
2019-05-14,8.069996,8.099996,7.349996,7.949996,7.949996,133100
2019-05-15,7.934996,8.099996,7.454996,7.754996,7.754996,184100
2019-05-16,7.799996,8.504995,7.499996,8.099996,8.099996,228400
2019-05-17,7.949996,8.324996,7.874996,8.279996,8.279996,68400
2019-05-20,7.964996,8.549995,7.964996,8.399996,8.399996,240400
2019-05-21,8.399996,8.624995,8.024996,8.504995,8.504995,89000
2019-05-22,8.339995,9.449995,8.204996,8.939996,8.939996,568200
2019-05-23,8.774996,8.954995,7.949996,8.294996,8.294996,226600
2019-05-24,8.249996,9.149996,8.249996,8.474996,8.474996,84900
2019-05-28,8.774996,8.999995,8.774996,8.774996,8.774996,96500
2019-05-29,8.774996,8.849996,7.544996,7.649996,7.649996,496400
2019-05-30,7.529996,8.084996,6.749997,6.884996,6.884996,505500
2019-05-31,7.499996,7.499996,6.749997,6.959997,6.959997,157900
2019-06-03,6.884996,6.929996,6.599997,6.929996,6.929996,76400
2019-06-04,7.049996,7.199996,7.049996,7.139997,7.139997,34900
2019-06-05,7.199996,7.994996,7.199996,7.379996,7.379996,334000
2019-06-06,7.589996,7.589996,7.049996,7.049996,7.049996,97600
2019-06-07,7.844996,9.449995,7.274996,8.009996,8.009996,2142000
2019-06-10,8.099996,8.159996,7.079997,7.604996,7.604996,416000
2019-06-11,7.484996,7.769996,7.484996,7.649996,7.649996,119000
2019-06-12,7.649996,7.799996,7.559996,7.649996,7.649996,128100
2019-06-13,7.949996,7.949996,7.094996,7.274996,7.274996,273600
2019-06-14,7.049996,7.499996,7.049996,7.424996,7.424996,99900
2019-06-17,6.839997,7.379996,6.749997,7.049996,7.049996,384100
2019-06-18,7.094996,7.469996,7.049996,7.304996,7.304996,105500
2019-06-19,7.454996,7.529996,6.899997,7.289996,7.289996,286500
2019-06-20,7.199996,7.349996,7.049996,7.349996,7.349996,75600
2019-06-21,7.259996,7.334996,6.899997,7.274996,7.274996,56500
2019-06-24,7.274996,7.334996,7.124997,7.334996,7.334996,59600
2019-06-25,7.574996,9.299995,7.349996,8.849996,8.849996,2169600
2019-06-26,8.849996,8.849996,8.099996,8.699996,8.699996,418800
2019-06-27,8.699996,9.869995,8.219995,9.449995,9.449995,1163200
2019-06-28,10.184995,10.184995,9.149996,9.149996,9.149996,447600
2019-07-01,9.569995,9.824995,8.999995,9.224996,9.224996,311600
2019-07-02,9.359995,9.749995,8.699996,8.969995,8.969995,270800
2019-07-03,8.999995,9.044995,8.099996,8.624995,8.624995,220600
2019-07-05,8.699996,8.849996,8.549995,8.699996,8.699996,74500
2019-07-08,8.639996,8.669995,8.339995,8.459996,8.459996,35600
2019-07-09,8.399996,8.549995,8.099996,8.324996,8.324996,58000
2019-07-10,8.129996,9.299995,8.129996,8.849996,8.849996,172700
2019-07-11,8.699996,9.554996,8.699996,8.999995,8.999995,320200
2019-07-12,8.999995,9.389996,8.759995,8.849996,8.849996,75500
2019-07-15,9.224996,9.449995,8.924995,9.329995,9.329995,176500
2019-07-16,9.749995,11.099995,9.599996,10.889995,10.889995,2283200
2019-07-17,10.949994,11.699994,10.349995,11.534994,11.534994,1407000
2019-07-18,11.849994,11.849994,9.749995,10.154995,10.154995,1091900
2019-07-19,9.899995,10.199995,9.524995,9.524995,9.524995,366500
2019-07-22,9.719995,10.499994,9.194995,10.289995,10.289995,344000
2019-07-23,10.649995,10.919994,9.899995,10.094995,10.094995,297500
2019-07-24,10.049995,10.799994,10.049995,10.094995,10.094995,807800
2019-07-25,10.349995,10.949994,9.569995,9.569995,9.569995,1464800
2019-07-26,9.464995,11.099995,9.329995,10.529995,10.529995,666500
2019-07-29,10.799994,10.949994,9.809995,10.499994,10.499994,244500
2019-07-30,10.349995,10.349995,9.899995,10.064995,10.064995,145500
2019-07-31,9.614995,10.649995,9.299995,10.079995,10.079995,93500
2019-08-01,10.634995,10.949994,10.349995,10.349995,10.349995,352600
2019-08-02,10.709994,10.829994,9.899995,10.829994,10.829994,302000
2019-08-05,10.499994,10.499994,9.749995,10.199995,10.199995,121700
2019-08-06,10.199995,10.349995,9.929995,9.944995,9.944995,50600
2019-08-07,9.974995,10.349995,9.599996,9.809995,9.809995,111200
2019-08-08,9.899995,10.754994,9.899995,10.199995,10.199995,97400
2019-08-09,10.169995,10.949994,10.049995,10.844995,10.844995,354000
2019-08-12,11.084994,11.084994,10.394995,10.799994,10.799994,119800
2019-08-13,10.499994,10.949994,10.199995,10.649995,10.649995,106900
2019-08-14,10.379994,10.769995,10.349995,10.349995,10.349995,153200
2019-08-15,10.199995,10.199995,9.149996,9.719995,9.719995,311800
2019-08-16,9.749995,10.499994,9.299995,10.244995,10.244995,76900
2019-08-19,9.989995,10.499994,9.599996,9.869995,9.869995,62800
2019-08-20,9.599996,10.349995,9.599996,9.974995,9.974995,171200
2019-08-21,10.064995,10.499994,10.049995,10.259995,10.259995,134700
2019-08-22,10.334995,10.334995,10.049995,10.109995,10.109995,225500
2019-08-23,10.049995,10.334995,9.749995,9.869995,9.869995,490900
2019-08-26,10.259995,10.259995,9.599996,9.824995,9.824995,184100
2019-08-27,9.599996,10.049995,9.599996,9.899995,9.899995,190600
2019-08-28,9.464995,9.674995,8.339995,9.149996,9.149996,268900
2019-08-29,9.104996,9.479996,9.104996,9.374995,9.374995,148400
2019-08-30,9.524995,9.584995,8.699996,8.924995,8.924995,282200
2019-09-03,8.999995,8.999995,8.399996,8.399996,8.399996,200700
2019-09-04,8.399996,8.849996,8.399996,8.714995,8.714995,84200
2019-09-05,8.699996,9.149996,8.414996,8.699996,8.699996,139800
2019-09-06,8.699996,8.804996,8.399996,8.564996,8.564996,41700
2019-09-09,8.399996,8.999995,8.399996,8.849996,8.849996,178200
2019-09-10,8.699996,9.749995,8.474996,9.569995,9.569995,665700
2019-09-11,9.749995,10.049995,9.599996,9.824995,9.824995,601300
2019-09-12,10.304995,10.409995,9.899995,9.899995,9.899995,175900
2019-09-13,9.899995,10.034995,9.599996,9.629995,9.629995,219700
2019-09-16,9.764996,10.034995,9.599996,9.974995,9.974995,283300
2019-09-17,9.974995,10.034995,9.749995,9.749995,9.749995,167400
2019-09-18,9.929995,10.409995,9.824995,9.869995,9.869995,154400
2019-09-19,9.599996,10.334995,9.599996,9.629995,9.629995,85200
2019-09-20,9.749995,9.749995,9.149996,9.149996,9.149996,154300
2019-09-23,9.179996,9.584995,8.969995,9.179996,9.179996,118600
2019-09-24,9.194995,9.449995,8.549995,9.104996,9.104996,260700
2019-09-25,9.299995,9.299995,8.414996,8.699996,8.699996,188500
2019-09-26,8.939996,9.149996,8.549995,8.984996,8.984996,264900
2019-09-27,9.284995,9.449995,8.849996,9.299995,9.299995,575200
2019-09-30,9.464995,9.824995,9.269996,9.749995,9.749995,691600
2019-10-01,9.869995,9.899995,8.849996,8.849996,8.849996,632600
2019-10-02,9.149996,9.149996,8.459996,8.699996,8.699996,652700
2019-10-03,8.849996,9.134995,8.414996,8.609996,8.609996,558400
2019-10-04,8.414996,8.849996,7.064996,7.484996,7.484996,2037600
2019-10-07,7.199996,7.799996,6.899997,7.649996,7.649996,402600
2019-10-08,7.649996,7.649996,7.049996,7.139997,7.139997,272800
2019-10-09,7.049996,7.499996,6.629997,6.824996,6.824996,613000
2019-10-10,6.749997,7.049996,5.999997,6.314997,6.314997,477600
2019-10-11,6.029997,6.314997,5.849997,6.269997,6.269997,86600
2019-10-14,6.449997,6.524997,5.864997,6.104997,6.104997,134600
2019-10-15,6.104997,6.269997,5.999997,6.149997,6.149997,75800
2019-10-16,6.029997,6.269997,5.969997,6.104997,6.104997,207700
2019-10-17,6.059997,7.019997,5.984997,6.269997,6.269997,339500
2019-10-18,6.569997,6.599997,6.014997,6.014997,6.014997,58300
2019-10-21,6.089997,6.464997,5.999997,6.074997,6.074997,43200
2019-10-22,6.149997,6.599997,6.074997,6.464997,6.464997,88800
2019-10-23,6.449997,6.464997,6.299997,6.344997,6.344997,66300
2019-10-24,6.344997,6.704997,6.299997,6.494997,6.494997,109200
2019-10-25,6.824996,6.824996,6.299997,6.299997,6.299997,87200
2019-10-28,6.599997,6.599997,5.729997,5.849997,5.849997,276400
2019-10-29,5.849997,6.149997,5.849997,5.849997,5.849997,60600
2019-10-30,6.119997,6.119997,5.699997,5.699997,5.699997,150200
2019-10-31,5.399997,5.999997,5.399997,5.999997,5.999997,108300
2019-11-01,6.059997,6.059997,5.504997,5.984997,5.984997,20300
2019-11-04,5.969997,6.044997,5.654997,5.939997,5.939997,56600
2019-11-05,5.714997,5.969997,5.264997,5.399997,5.399997,289600
2019-11-06,5.549997,5.699997,5.399997,5.609997,5.609997,55200
2019-11-07,5.999997,6.449997,5.549997,5.759997,5.759997,747400
2019-11-08,6.910000,6.910000,5.000000,5.200000,5.200000,51300
2019-11-11,4.500000,6.300000,4.500000,6.300000,6.300000,29900
2019-11-12,6.070000,6.070000,5.397000,5.750000,5.750000,13700
2019-11-13,6.000000,6.190000,4.697000,4.730000,4.730000,73600
2019-11-14,4.900000,4.900000,3.880000,4.350000,4.350000,57400
2019-11-15,4.480000,4.480000,3.900000,4.000000,4.000000,18000
2019-11-18,3.900000,3.922000,3.060000,3.350000,3.350000,24700
2019-11-19,3.520000,3.690000,3.250000,3.260000,3.260000,27500
2019-11-20,3.280000,3.480000,3.180000,3.250000,3.250000,41400
2019-11-21,3.300000,3.300000,3.070000,3.200000,3.200000,19600
2019-11-22,3.180000,3.180000,3.040000,3.040000,3.040000,8800
2019-11-25,3.010000,3.209000,3.010000,3.085000,3.085000,14200
2019-11-26,3.260000,3.260000,3.060000,3.205000,3.205000,10600
2019-11-27,3.170000,3.520000,3.170000,3.272000,3.272000,13300
2019-11-29,3.250000,3.250000,3.200000,3.200000,3.200000,1500
2019-12-02,3.110000,3.420000,3.093000,3.190000,3.190000,22600
2019-12-03,3.300000,3.400000,3.120000,3.220000,3.220000,21400
2019-12-04,3.110000,3.150000,2.907000,2.950000,2.950000,28700
2019-12-05,3.080000,3.080000,2.760000,2.830000,2.830000,17900
2019-12-06,2.919000,2.919000,2.630000,2.760000,2.760000,13500
2019-12-09,2.808000,3.200000,2.760000,3.000000,3.000000,19900
2019-12-10,3.110000,7.500000,2.800000,5.210000,5.210000,865800
2019-12-11,5.090000,5.530000,4.360000,4.480000,4.480000,104700
2019-12-12,4.710000,4.900000,4.070000,4.900000,4.900000,35000
2019-12-13,4.880000,4.880000,4.214000,4.500000,4.500000,36900
2019-12-16,4.500000,5.480000,4.490000,4.700000,4.700000,148500
2019-12-17,4.820000,6.420000,4.820000,5.940000,5.940000,319700
2019-12-18,6.250000,6.700000,5.700000,5.750000,5.750000,186400
2019-12-19,5.510000,5.600000,4.553000,4.660000,4.660000,192500
2019-12-20,4.540000,5.100000,4.364000,4.670000,4.670000,474800
2019-12-23,4.400000,4.832000,4.315000,4.750000,4.750000,279200
2019-12-24,4.700000,4.730000,4.280000,4.670000,4.670000,31900
2019-12-26,4.600000,4.620000,4.381000,4.440000,4.440000,344900
2019-12-27,4.470000,4.750000,4.300000,4.390000,4.390000,64200
2019-12-30,4.270000,4.500000,3.840000,4.500000,4.500000,63200
2019-12-31,4.220000,4.700000,4.220000,4.700000,4.700000,58100
2020-01-02,4.720000,4.900000,4.384000,4.550000,4.550000,12700
2020-01-03,4.400000,4.710000,4.400000,4.480000,4.480000,10200
2020-01-06,4.380000,4.620000,4.380000,4.600000,4.600000,14800
2020-01-07,4.510000,5.400000,4.480000,5.390000,5.390000,43800
2020-01-08,5.290000,5.290000,4.720000,4.970000,4.970000,22600
2020-01-09,5.990000,6.250000,5.340000,5.550000,5.550000,104500
2020-01-10,6.660000,7.130000,5.910000,6.660000,6.660000,170200
2020-01-13,6.880000,7.645000,6.670000,7.190000,7.190000,112800
2020-01-14,7.280000,7.650000,6.600000,7.150000,7.150000,70300
2020-01-15,7.080000,7.094000,5.960000,6.110000,6.110000,107600
2020-01-16,6.070000,6.300000,6.000000,6.010000,6.010000,29100
2020-01-17,6.060000,6.060000,5.500000,5.770000,5.770000,39100
2020-01-21,5.700000,5.750000,5.500000,5.710000,5.710000,33200
2020-01-22,5.680000,6.180000,5.250000,6.000000,6.000000,35900
2020-01-23,6.040000,6.219000,5.570000,5.630000,5.630000,13500
2020-01-24,5.640000,5.904000,5.400000,5.650000,5.650000,10300
2020-01-27,5.560000,6.020000,5.030000,5.840000,5.840000,12800
2020-01-28,5.990000,6.500000,5.620000,6.400000,6.400000,23900
2020-01-29,6.500000,7.240000,6.300000,7.240000,7.240000,83300
2020-01-30,7.200000,7.450000,6.775000,7.310000,7.310000,27600
2020-01-31,7.310000,7.310000,6.360000,7.000000,7.000000,25700
2020-02-03,6.940000,7.000000,6.500000,6.710000,6.710000,25400
2020-02-04,6.480000,7.210000,6.480000,6.720000,6.720000,42100
2020-02-05,7.120000,7.420000,6.784000,7.100000,7.100000,36700
2020-02-06,7.150000,7.420000,7.010000,7.040000,7.040000,31200
2020-02-07,7.060000,7.373000,6.830000,7.130000,7.130000,14700
2020-02-10,6.800000,7.700000,6.800000,7.700000,7.700000,44300
2020-02-11,7.700000,7.700000,7.170000,7.515000,7.515000,17100
2020-02-12,7.570000,8.186000,7.300000,7.630000,7.630000,34000
2020-02-13,7.650000,8.070000,7.283000,7.600000,7.600000,26900
2020-02-14,7.990000,8.000000,7.540000,7.600000,7.600000,35300
2020-02-18,7.600000,8.000000,7.246000,7.900000,7.900000,28700
2020-02-19,7.780000,8.000000,7.410000,7.890000,7.890000,48600
2020-02-20,7.610000,9.000000,7.543000,8.160000,8.160000,70300
2020-02-21,8.250000,8.650000,7.890000,8.180000,8.180000,46900
2020-02-24,8.250000,8.370000,7.600000,7.980000,7.980000,31900
2020-02-25,8.000000,8.150000,7.470000,8.010000,8.010000,28800
2020-02-26,8.270000,8.875000,7.930000,8.200000,8.200000,37100
2020-02-27,8.100000,8.100000,6.630000,6.800000,6.800000,61400
2020-02-28,6.500000,6.950000,6.000000,6.370000,6.370000,35100
2020-03-02,6.520000,7.110000,6.520000,6.760000,6.760000,23800
2020-03-03,6.556000,7.210000,6.556000,6.790000,6.790000,24500
2020-03-04,6.670000,6.990000,6.100000,6.490000,6.490000,32400
2020-03-05,6.480000,6.480000,5.800000,6.000000,6.000000,26700
2020-03-06,5.550000,6.090000,5.550000,5.850000,5.850000,16900
2020-03-09,5.212000,5.870000,4.650000,5.850000,5.850000,20900
2020-03-10,6.110000,6.290000,5.980000,6.160000,6.160000,18000
2020-03-11,5.850000,5.850000,5.250000,5.450000,5.450000,8800
2020-03-12,4.810000,5.555000,4.000000,4.000000,4.000000,45100
2020-03-13,4.314000,4.372000,3.800000,3.900000,3.900000,17600
2020-03-16,3.810000,3.810000,3.150000,3.210000,3.210000,22000
2020-03-17,3.250000,3.350000,2.545000,2.870000,2.870000,38900
2020-03-18,2.400000,2.490000,2.060000,2.350000,2.350000,27100
2020-03-19,2.324000,2.470000,2.270000,2.470000,2.470000,50300
2020-03-20,2.620000,2.857000,2.269000,2.500000,2.500000,18300
2020-03-23,2.915000,2.915000,2.450000,2.520000,2.520000,20300
2020-03-24,2.610000,2.990000,2.545000,2.860000,2.860000,7600
2020-03-25,2.930000,4.310000,2.925000,4.000000,4.000000,31900
2020-03-26,4.160000,4.410000,3.850000,3.900000,3.900000,25600
2020-03-27,3.710000,3.750000,3.310000,3.620000,3.620000,24500
2020-03-30,3.520000,3.690000,3.050000,3.640000,3.640000,16200
2020-03-31,3.460000,3.680000,3.100000,3.550000,3.550000,20300
2020-04-01,3.360000,3.440000,3.315000,3.410000,3.410000,8900
2020-04-02,3.160000,3.990000,3.160000,3.800000,3.800000,10300
2020-04-03,3.880000,3.900000,3.643000,3.900000,3.900000,14600
2020-04-06,3.860000,5.900000,3.860000,4.060000,4.060000,159700
2020-04-07,4.280000,4.390000,3.891000,4.080000,4.080000,24200
2020-04-08,4.140000,4.750000,4.140000,4.260000,4.260000,27500
2020-04-09,4.600000,4.600000,4.010000,4.010000,4.010000,17400
2020-04-13,4.220000,4.435000,4.050000,4.320000,4.320000,13600
2020-04-14,4.480000,4.865000,4.150000,4.480000,4.480000,30100
2020-04-15,4.480000,4.850000,4.190000,4.490000,4.490000,14500
2020-04-16,4.500000,4.500000,4.250000,4.250000,4.250000,7300
2020-04-17,4.400000,4.460000,3.960000,4.100000,4.100000,23600
2020-04-20,4.246000,4.450000,4.200000,4.200000,4.200000,9800
2020-04-21,4.430000,4.430000,4.105000,4.280000,4.280000,13200
2020-04-22,4.240000,4.500000,4.240000,4.390000,4.390000,8500
2020-04-23,4.430000,4.500000,4.330000,4.450000,4.450000,2300
2020-04-24,4.500000,4.500000,4.260000,4.260000,4.260000,15500
2020-04-27,4.347000,4.500000,4.347000,4.490000,4.490000,21200
2020-04-28,4.480000,4.490000,4.310000,4.490000,4.490000,16500
2020-04-29,4.470000,4.900000,4.413000,4.760000,4.760000,28300
2020-04-30,4.790000,4.790000,4.497000,4.620000,4.620000,12500
2020-05-01,4.460000,4.850000,4.360000,4.450000,4.450000,25600
2020-05-04,4.450000,4.680000,4.150000,4.300000,4.300000,34100
2020-05-05,4.200000,4.640000,4.200000,4.410000,4.410000,21500
2020-05-06,4.203000,4.430000,4.203000,4.370000,4.370000,11100
2020-05-07,4.450000,4.600000,4.250000,4.545000,4.545000,19900
2020-05-08,4.590000,4.600000,4.300000,4.500000,4.500000,19600
2020-05-11,4.530000,4.600000,4.290000,4.290000,4.290000,18200
2020-05-12,4.250000,4.320000,3.610000,3.630000,3.630000,33600
2020-05-13,3.865000,3.865000,3.300000,3.500000,3.500000,21400
2020-05-14,3.500000,3.650000,3.360000,3.360000,3.360000,8800
2020-05-15,3.320000,3.320000,2.720000,2.970000,2.970000,52900
2020-05-18,3.180000,3.180000,2.510000,2.520000,2.520000,110700
2020-05-19,3.010000,3.010000,2.700000,2.965000,2.965000,107400
2020-05-20,3.010000,3.025000,2.830000,2.960000,2.960000,51300
2020-05-21,2.960000,3.090000,2.910000,2.910000,2.910000,26000
2020-05-22,2.870000,3.090000,2.870000,3.040000,3.040000,33600
2020-05-26,3.100000,3.270000,2.950000,3.100000,3.100000,37800
2020-05-27,3.200000,3.250000,3.050000,3.110000,3.110000,29600
2020-05-28,3.060000,3.220000,3.050000,3.050000,3.050000,22000
2020-05-29,3.000000,3.110000,2.900000,2.960000,2.960000,21500
2020-06-01,2.932000,3.000000,2.880000,2.930000,2.930000,21700
2020-06-02,2.850000,2.950000,2.810000,2.930000,2.930000,17500
2020-06-03,2.910000,3.130000,2.860000,3.100000,3.100000,54800
2020-06-04,3.100000,3.740000,3.050000,3.390000,3.390000,79000
2020-06-05,3.310000,3.700000,3.310000,3.520000,3.520000,32200
2020-06-08,3.450000,4.345000,3.450000,4.100000,4.100000,71700
2020-06-09,4.200000,4.340000,4.022000,4.180000,4.180000,56200
2020-06-10,4.180000,4.300000,3.930000,4.180000,4.180000,44400
2020-06-11,3.980000,4.115000,3.340000,3.360000,3.360000,44800
2020-06-12,3.400000,4.100000,3.400000,3.840000,3.840000,67500
2020-06-15,4.350000,4.487000,3.990000,4.080000,4.080000,183600
2020-06-16,4.050000,4.150000,3.925000,4.050000,4.050000,76800
2020-06-17,5.000000,5.000000,4.040000,4.280000,4.280000,141200
2020-06-18,4.140000,4.260000,3.750000,3.910000,3.910000,62800
2020-06-19,3.810000,4.020000,3.650000,3.720000,3.720000,65300
2020-06-22,3.730000,3.980000,3.690000,3.960000,3.960000,61600
2020-06-23,3.900000,4.220000,3.900000,4.210000,4.210000,66400
2020-06-24,4.260000,4.400000,3.680000,4.100000,4.100000,77400
2020-06-25,4.150000,4.250000,3.960000,4.250000,4.250000,142800
2020-06-26,4.390000,4.500000,4.080000,4.280000,4.280000,2087800
2020-06-29,4.210000,4.210000,3.570000,3.710000,3.710000,168600
2020-06-30,3.720000,3.720000,3.410000,3.490000,3.490000,57500
2020-07-01,3.470000,3.470000,3.140000,3.190000,3.190000,1780400
2020-07-02,4.390000,4.500000,3.210000,3.520000,3.520000,6003300
2020-07-06,3.600000,3.600000,3.150000,3.410000,3.410000,705600
2020-07-07,3.330000,3.340000,3.130000,3.140000,3.140000,258900
2020-07-08,3.210000,3.210000,2.990000,3.110000,3.110000,237400
2020-07-09,3.070000,3.085000,2.775000,2.950000,2.950000,186100
2020-07-10,2.960000,3.150000,2.890000,3.070000,3.070000,214400
2020-07-13,3.020000,3.020000,2.760000,2.780000,2.780000,208200
2020-07-14,2.790000,2.900000,2.730000,2.870000,2.870000,144100
2020-07-15,2.910000,3.060000,2.830000,2.930000,2.930000,159100
2020-07-16,2.930000,3.120000,2.880000,3.070000,3.070000,287700
2020-07-17,3.060000,3.200000,3.050000,3.130000,3.130000,142500
2020-07-20,3.150000,3.250000,3.116000,3.170000,3.170000,111300
2020-07-21,3.170000,3.250000,3.100000,3.150000,3.150000,78500
2020-07-22,3.120000,3.180000,3.080000,3.100000,3.100000,63300
2020-07-23,3.080000,3.200000,2.980000,3.015000,3.015000,77000