Date,Open,High,Low,Close,Adj Close,Volume
2018-08-16,0.087600,0.090000,0.087600,0.090000,0.090000,60000
2018-08-17,0.088000,0.088000,0.088000,0.088000,0.088000,20000
2018-08-20,0.088000,0.088000,0.088000,0.088000,0.088000,0
2018-08-21,0.088000,0.088000,0.088000,0.088000,0.088000,0
2018-08-22,0.084700,0.084700,0.084700,0.084700,0.084700,10000
2018-08-23,0.084400,0.084400,0.084400,0.084400,0.084400,54000
2018-08-24,0.084500,0.084500,0.084500,0.084500,0.084500,38000
2018-08-27,0.084500,0.084500,0.084500,0.084500,0.084500,0
2018-08-28,0.081400,0.089100,0.081400,0.083700,0.083700,222000
2018-08-29,0.079900,0.079900,0.079900,0.079900,0.079900,11000
2018-08-30,0.079600,0.079600,0.079500,0.079500,0.079500,36500
2018-08-31,0.079500,0.079500,0.079500,0.079500,0.079500,0
2018-09-04,0.082100,0.090000,0.082100,0.090000,0.090000,129000
2018-09-05,0.090000,0.090000,0.090000,0.090000,0.090000,74500
2018-09-06,0.090000,0.090000,0.090000,0.090000,0.090000,0
2018-09-07,0.090000,0.090000,0.090000,0.090000,0.090000,0
2018-09-10,0.090000,0.093000,0.090000,0.093000,0.093000,43000
2018-09-11,0.099900,0.104770,0.099240,0.104770,0.104770,30000
2018-09-12,0.092760,0.092760,0.092760,0.092760,0.092760,32000
2018-09-13,0.092760,0.092760,0.092760,0.092760,0.092760,0
2018-09-14,0.086490,0.086490,0.086490,0.086490,0.086490,50000
2018-09-17,0.086490,0.086490,0.086490,0.086490,0.086490,0
2018-09-18,0.086490,0.086490,0.086490,0.086490,0.086490,0
2018-09-19,0.086490,0.086490,0.086490,0.086490,0.086490,0
2018-09-20,0.086490,0.086490,0.086490,0.086490,0.086490,0
2018-09-21,0.086490,0.086490,0.086490,0.086490,0.086490,0
2018-09-24,0.086490,0.086490,0.086490,0.086490,0.086490,0
2018-09-25,0.096500,0.096500,0.096500,0.096500,0.096500,20000
2018-09-26,0.096000,0.096000,0.096000,0.096000,0.096000,20000
2018-09-27,0.091000,0.091000,0.091000,0.091000,0.091000,500
2018-09-28,0.091000,0.091000,0.091000,0.091000,0.091000,66000
2018-10-01,0.091000,0.091000,0.091000,0.091000,0.091000,0
2018-10-02,0.091000,0.091000,0.091000,0.091000,0.091000,0
2018-10-03,0.091000,0.091000,0.090100,0.090100,0.090100,18500
2018-10-04,0.080000,0.080000,0.080000,0.080000,0.080000,200000
2018-10-05,0.080000,0.080000,0.080000,0.080000,0.080000,76000
2018-10-08,0.080000,0.080000,0.080000,0.080000,0.080000,0
2018-10-09,0.081000,0.081000,0.081000,0.081000,0.081000,49000
2018-10-10,0.081000,0.081000,0.081000,0.081000,0.081000,0
2018-10-11,0.081000,0.081000,0.081000,0.081000,0.081000,0
2018-10-12,0.081000,0.081000,0.081000,0.081000,0.081000,0
2018-10-15,0.081000,0.081000,0.081000,0.081000,0.081000,0
2018-10-16,0.070000,0.070000,0.070000,0.070000,0.070000,56000
2018-10-17,0.071000,0.071000,0.071000,0.071000,0.071000,30000
2018-10-18,0.072000,0.072000,0.072000,0.072000,0.072000,14000
2018-10-19,0.072000,0.072000,0.072000,0.072000,0.072000,0
2018-10-22,0.072000,0.072000,0.072000,0.072000,0.072000,0
2018-10-23,0.072000,0.072000,0.072000,0.072000,0.072000,0
2018-10-24,0.072000,0.072000,0.072000,0.072000,0.072000,0
2018-10-25,0.072000,0.072000,0.072000,0.072000,0.072000,0
2018-10-26,0.072000,0.072000,0.072000,0.072000,0.072000,0
2018-10-29,0.072000,0.072000,0.072000,0.072000,0.072000,0
2018-10-30,0.072000,0.072000,0.072000,0.072000,0.072000,0
2018-10-31,0.072000,0.072000,0.072000,0.072000,0.072000,0
2018-11-01,0.072000,0.072000,0.072000,0.072000,0.072000,0
2018-11-02,0.076000,0.076000,0.076000,0.076000,0.076000,800
2018-11-05,0.076000,0.076000,0.076000,0.076000,0.076000,0
2018-11-06,0.076000,0.076000,0.076000,0.076000,0.076000,0
2018-11-07,0.076000,0.076000,0.076000,0.076000,0.076000,0
2018-11-08,0.076000,0.076000,0.076000,0.076000,0.076000,0
2018-11-09,0.076000,0.076000,0.076000,0.076000,0.076000,0
2018-11-12,0.076000,0.076000,0.076000,0.076000,0.076000,0
2018-11-13,0.076000,0.076000,0.076000,0.076000,0.076000,0
2018-11-14,0.076000,0.076000,0.076000,0.076000,0.076000,0
2018-11-15,0.076000,0.076000,0.076000,0.076000,0.076000,0
2018-11-16,0.110000,0.128950,0.110000,0.128950,0.128950,800
2018-11-19,0.128950,0.128950,0.128950,0.128950,0.128950,0
2018-11-20,0.128950,0.128950,0.128950,0.128950,0.128950,0
2018-11-21,0.128950,0.128950,0.128950,0.128950,0.128950,0
2018-11-23,0.128950,0.128950,0.128950,0.128950,0.128950,0
2018-11-26,0.128950,0.128950,0.128950,0.128950,0.128950,0
2018-11-27,0.128950,0.128950,0.128950,0.128950,0.128950,0
2018-11-28,0.128950,0.128950,0.128950,0.128950,0.128950,0
2018-11-29,0.128950,0.128950,0.128950,0.128950,0.128950,0
2018-11-30,0.128950,0.128950,0.128950,0.128950,0.128950,0
2018-12-03,0.128950,0.128950,0.128950,0.128950,0.128950,0
2018-12-04,0.128950,0.128950,0.128950,0.128950,0.128950,0
2018-12-06,0.128950,0.128950,0.128950,0.128950,0.128950,0
2018-12-07,0.128950,0.128950,0.128950,0.128950,0.128950,0
2018-12-10,0.128950,0.128950,0.128950,0.128950,0.128950,0
2018-12-11,0.128950,0.128950,0.128950,0.128950,0.128950,0
2018-12-12,0.128950,0.128950,0.128950,0.128950,0.128950,0
2018-12-13,0.128950,0.128950,0.128950,0.128950,0.128950,0
2018-12-14,0.128950,0.128950,0.128950,0.128950,0.128950,0
2018-12-17,0.128950,0.128950,0.128950,0.128950,0.128950,0
2018-12-18,0.128950,0.128950,0.128950,0.128950,0.128950,0
2018-12-19,0.128950,0.128950,0.128950,0.128950,0.128950,0
2018-12-20,0.128950,0.128950,0.128950,0.128950,0.128950,0
2018-12-21,0.128950,0.128950,0.128950,0.128950,0.128950,0
2018-12-24,0.128950,0.128950,0.128950,0.128950,0.128950,0
2018-12-26,0.128950,0.128950,0.128950,0.128950,0.128950,0
2018-12-27,0.128950,0.128950,0.128950,0.128950,0.128950,0
2018-12-28,0.128950,0.128950,0.128950,0.128950,0.128950,0
2018-12-31,0.128950,0.128950,0.128950,0.128950,0.128950,0
2019-01-02,0.128950,0.128950,0.128950,0.128950,0.128950,0
2019-01-03,0.128950,0.128950,0.128950,0.128950,0.128950,0
2019-01-04,0.128950,0.128950,0.128950,0.128950,0.128950,0
2019-01-07,0.128950,0.128950,0.128950,0.128950,0.128950,0
2019-01-08,0.114000,0.130000,0.114000,0.128150,0.128150,142000
2019-01-09,0.120000,0.125410,0.120000,0.125410,0.125410,50000
2019-01-10,0.125410,0.125410,0.125410,0.125410,0.125410,0
2019-01-11,0.115000,0.115000,0.115000,0.115000,0.115000,50000
2019-01-14,0.115000,0.115000,0.115000,0.115000,0.115000,0
2019-01-15,0.113100,0.113100,0.113100,0.113100,0.113100,50000
2019-01-16,0.113100,0.113100,0.113100,0.113100,0.113100,0
2019-01-17,0.113100,0.113100,0.113100,0.113100,0.113100,0
2019-01-18,0.113100,0.113100,0.113100,0.113100,0.113100,0
2019-01-22,0.113100,0.113100,0.113100,0.113100,0.113100,0
2019-01-23,0.113100,0.113100,0.113100,0.113100,0.113100,0
2019-01-24,0.113100,0.113100,0.113100,0.113100,0.113100,0
2019-01-25,0.113100,0.113100,0.113100,0.113100,0.113100,0
2019-01-28,0.113100,0.113100,0.113100,0.113100,0.113100,0
2019-01-29,0.113100,0.113100,0.113100,0.113100,0.113100,0
2019-01-30,0.113100,0.113100,0.113100,0.113100,0.113100,0
2019-01-31,0.113100,0.113100,0.113100,0.113100,0.113100,0
2019-02-01,0.105000,0.105000,0.105000,0.105000,0.105000,15000
2019-02-04,0.105000,0.105000,0.105000,0.105000,0.105000,2000
2019-02-05,0.105000,0.105000,0.105000,0.105000,0.105000,0
2019-02-06,0.105000,0.105000,0.105000,0.105000,0.105000,0
2019-02-07,0.105000,0.105000,0.105000,0.105000,0.105000,0
2019-02-08,0.105000,0.105000,0.105000,0.105000,0.105000,0
2019-02-11,0.105000,0.105000,0.105000,0.105000,0.105000,0
2019-02-12,0.105000,0.105000,0.105000,0.105000,0.105000,0
2019-02-13,0.105000,0.105000,0.105000,0.105000,0.105000,0
2019-02-14,0.105000,0.105000,0.105000,0.105000,0.105000,0
2019-02-15,0.105000,0.105000,0.105000,0.105000,0.105000,0
2019-02-19,0.105000,0.105000,0.105000,0.105000,0.105000,0
2019-02-20,0.105000,0.105000,0.105000,0.105000,0.105000,0
2019-02-21,0.105000,0.105000,0.105000,0.105000,0.105000,0
2019-02-22,0.105000,0.105000,0.105000,0.105000,0.105000,0
2019-02-25,0.105000,0.105000,0.105000,0.105000,0.105000,0
2019-02-26,0.105000,0.105000,0.105000,0.105000,0.105000,0
2019-02-27,0.105000,0.105000,0.105000,0.105000,0.105000,0
2019-02-28,0.105000,0.105000,0.105000,0.105000,0.105000,0
2019-03-01,0.105000,0.105000,0.105000,0.105000,0.105000,0
2019-03-04,0.105000,0.105000,0.105000,0.105000,0.105000,0
2019-03-05,0.105000,0.105000,0.105000,0.105000,0.105000,0
2019-03-06,0.105000,0.105000,0.105000,0.105000,0.105000,0
2019-03-07,0.105000,0.105000,0.105000,0.105000,0.105000,0
2019-03-08,0.105000,0.105000,0.105000,0.105000,0.105000,0
2019-03-11,0.105000,0.105000,0.105000,0.105000,0.105000,0
2019-03-12,0.105000,0.105000,0.105000,0.105000,0.105000,0
2019-03-13,0.105000,0.105000,0.105000,0.105000,0.105000,0
2019-03-14,0.105000,0.105000,0.105000,0.105000,0.105000,0
2019-03-15,0.168800,0.180000,0.168800,0.180000,0.180000,50000
2019-03-18,0.180000,0.180000,0.180000,0.180000,0.180000,0
2019-03-19,0.180000,0.180000,0.180000,0.180000,0.180000,0
2019-03-20,0.130000,0.130000,0.130000,0.130000,0.130000,5000
2019-03-21,0.130000,0.130000,0.130000,0.130000,0.130000,0
2019-03-22,0.130000,0.130000,0.130000,0.130000,0.130000,0
2019-03-25,0.130000,0.130000,0.130000,0.130000,0.130000,0
2019-03-26,0.130000,0.130000,0.130000,0.130000,0.130000,0
2019-03-27,0.130000,0.130000,0.130000,0.130000,0.130000,0
2019-03-28,0.130000,0.130000,0.130000,0.130000,0.130000,0
2019-03-29,0.130000,0.130000,0.130000,0.130000,0.130000,0
2019-04-01,0.130000,0.130000,0.130000,0.130000,0.130000,0
2019-04-02,0.130000,0.130000,0.130000,0.130000,0.130000,0
2019-04-03,0.130000,0.130000,0.130000,0.130000,0.130000,0
2019-04-04,0.134600,0.134600,0.134600,0.134600,0.134600,25000
2019-04-05,0.134600,0.134600,0.134600,0.134600,0.134600,0
2019-04-08,0.134600,0.134600,0.134600,0.134600,0.134600,0
2019-04-09,0.134600,0.134600,0.134600,0.134600,0.134600,0
2019-04-10,0.134600,0.134600,0.134600,0.134600,0.134600,0
2019-04-11,0.120000,0.126800,0.120000,0.126800,0.126800,25000
2019-04-12,0.126800,0.126800,0.126800,0.126800,0.126800,0
2019-04-15,0.126800,0.126800,0.126800,0.126800,0.126800,0
2019-04-16,0.126800,0.126800,0.126800,0.126800,0.126800,0
2019-04-17,0.126800,0.126800,0.126800,0.126800,0.126800,0
2019-04-18,0.126800,0.126800,0.126800,0.126800,0.126800,0
2019-04-22,0.126800,0.126800,0.126800,0.126800,0.126800,0
2019-04-23,0.126800,0.126800,0.126800,0.126800,0.126800,0
2019-04-24,0.126800,0.126800,0.126800,0.126800,0.126800,0
2019-04-25,0.190000,0.190000,0.190000,0.190000,0.190000,1000
2019-04-26,0.190000,0.190000,0.190000,0.190000,0.190000,0
2019-04-29,0.190000,0.190000,0.190000,0.190000,0.190000,0
2019-04-30,0.190000,0.190000,0.190000,0.190000,0.190000,0
2019-05-01,0.190000,0.190000,0.190000,0.190000,0.190000,0
2019-05-02,0.190000,0.190000,0.190000,0.190000,0.190000,0
2019-05-03,0.190000,0.190000,0.190000,0.190000,0.190000,0
2019-05-06,0.190000,0.190000,0.190000,0.190000,0.190000,0
2019-05-07,0.190000,0.190000,0.190000,0.190000,0.190000,0
2019-05-08,0.190000,0.190000,0.190000,0.190000,0.190000,0
2019-05-09,0.190000,0.190000,0.190000,0.190000,0.190000,0
2019-05-10,0.190000,0.190000,0.190000,0.190000,0.190000,0
2019-05-13,0.190000,0.190000,0.190000,0.190000,0.190000,0
2019-05-14,0.190000,0.190000,0.190000,0.190000,0.190000,0
2019-05-15,0.190000,0.190000,0.190000,0.190000,0.190000,0
2019-05-16,0.187500,0.187500,0.187500,0.187500,0.187500,8500
2019-05-17,0.187500,0.187500,0.187500,0.187500,0.187500,0
2019-05-20,0.187500,0.187500,0.187500,0.187500,0.187500,0
2019-05-21,0.190000,0.190000,0.190000,0.190000,0.190000,13333
2019-05-22,0.190000,0.190000,0.190000,0.190000,0.190000,17000
2019-05-23,0.190000,0.190000,0.190000,0.190000,0.190000,0
2019-05-24,0.190000,0.190000,0.190000,0.190000,0.190000,0
2019-05-28,0.190000,0.190000,0.190000,0.190000,0.190000,0
2019-05-29,0.190000,0.190000,0.190000,0.190000,0.190000,0
2019-05-30,0.182500,0.182500,0.182500,0.182500,0.182500,21000
2019-05-31,0.183800,0.183800,0.180000,0.180000,0.180000,19500
2019-06-03,0.180000,0.180000,0.180000,0.180000,0.180000,0
2019-06-04,0.180000,0.180000,0.180000,0.180000,0.180000,0
2019-06-05,0.180000,0.180000,0.180000,0.180000,0.180000,0
2019-06-06,0.186000,0.186000,0.186000,0.186000,0.186000,10000
2019-06-07,0.180000,0.180000,0.180000,0.180000,0.180000,25000
2019-06-10,0.180000,0.180000,0.180000,0.180000,0.180000,0
2019-06-11,0.180000,0.180000,0.180000,0.180000,0.180000,0
2019-06-12,0.180000,0.180000,0.180000,0.180000,0.180000,0
2019-06-13,0.180000,0.180000,0.180000,0.180000,0.180000,0
2019-06-14,0.180000,0.180000,0.180000,0.180000,0.180000,0
2019-06-17,0.186400,0.186400,0.186400,0.186400,0.186400,20000
2019-06-18,0.186400,0.186400,0.186400,0.186400,0.186400,0
2019-06-19,0.180000,0.180000,0.180000,0.180000,0.180000,25000
2019-06-20,0.180000,0.181650,0.180000,0.181650,0.181650,40000
2019-06-21,0.177660,0.177660,0.177660,0.177660,0.177660,10000
2019-06-24,0.177660,0.177660,0.177660,0.177660,0.177660,0
2019-06-25,0.177660,0.177660,0.177660,0.177660,0.177660,0
2019-06-26,0.177660,0.177660,0.177660,0.177660,0.177660,0
2019-06-27,0.177660,0.177660,0.177660,0.177660,0.177660,0
2019-06-28,0.177660,0.177660,0.177660,0.177660,0.177660,0
2019-07-01,0.177660,0.177660,0.177660,0.177660,0.177660,0
2019-07-02,0.175000,0.175000,0.175000,0.175000,0.175000,25000
2019-07-03,0.170000,0.170000,0.169400,0.169400,0.169400,1588
2019-07-05,0.161000,0.161000,0.161000,0.161000,0.161000,9500
2019-07-08,0.161000,0.161000,0.161000,0.161000,0.161000,0
2019-07-09,0.161000,0.161000,0.161000,0.161000,0.161000,0
2019-07-10,0.161000,0.161000,0.161000,0.161000,0.161000,0
2019-07-11,0.161000,0.161000,0.161000,0.161000,0.161000,0
2019-07-12,0.169800,0.169800,0.162100,0.162100,0.162100,12450
2019-07-15,0.161300,0.161300,0.161300,0.161300,0.161300,7000
2019-07-16,0.161300,0.161300,0.161300,0.161300,0.161300,0
2019-07-17,0.168700,0.168700,0.168700,0.168700,0.168700,4000
2019-07-18,0.168700,0.168700,0.168700,0.168700,0.168700,0
2019-07-19,0.168700,0.168700,0.168700,0.168700,0.168700,0
2019-07-22,0.179700,0.192770,0.179300,0.179300,0.179300,161000
2019-07-23,0.179300,0.179300,0.179300,0.179300,0.179300,0
2019-07-24,0.179300,0.179300,0.179300,0.179300,0.179300,0
2019-07-25,0.179300,0.179300,0.179300,0.179300,0.179300,0
2019-07-26,0.179300,0.179300,0.179300,0.179300,0.179300,0
2019-07-29,0.182500,0.182500,0.182500,0.182500,0.182500,100000
2019-07-30,0.182500,0.182500,0.182500,0.182500,0.182500,0
2019-07-31,0.182500,0.182500,0.182500,0.182500,0.182500,0
2019-08-01,0.182500,0.182500,0.182500,0.182500,0.182500,0
2019-08-02,0.182500,0.182500,0.182500,0.182500,0.182500,0
2019-08-05,0.182500,0.182500,0.182500,0.182500,0.182500,0
2019-08-06,0.188500,0.188500,0.184600,0.184600,0.184600,100000
2019-08-07,0.184600,0.184600,0.184600,0.184600,0.184600,0
2019-08-08,0.184600,0.184600,0.184600,0.184600,0.184600,0
2019-08-09,0.184600,0.184600,0.184600,0.184600,0.184600,0
2019-08-12,0.184600,0.184600,0.184600,0.184600,0.184600,0
2019-08-13,0.174100,0.174100,0.174100,0.174100,0.174100,600
2019-08-14,0.157700,0.157800,0.156000,0.156000,0.156000,55950
2019-08-15,0.153000,0.153000,0.152000,0.152000,0.152000,33000
2019-08-16,0.157500,0.157500,0.154000,0.154000,0.154000,17000
2019-08-19,0.154000,0.154000,0.154000,0.154000,0.154000,0
2019-08-20,0.153000,0.153000,0.153000,0.153000,0.153000,2000
2019-08-21,0.153000,0.153000,0.153000,0.153000,0.153000,0
2019-08-22,0.144900,0.145000,0.140000,0.142900,0.142900,321000
2019-08-23,0.146700,0.146700,0.146700,0.146700,0.146700,2000
2019-08-26,0.146700,0.146700,0.146700,0.146700,0.146700,600
2019-08-27,0.150600,0.169500,0.150600,0.165500,0.165500,197000
2019-08-28,0.165500,0.165500,0.165500,0.165500,0.165500,0
2019-08-29,0.165500,0.165500,0.165500,0.165500,0.165500,0
2019-08-30,0.165200,0.165200,0.165200,0.165200,0.165200,6500
2019-09-03,0.165000,0.167000,0.165000,0.167000,0.167000,60000
2019-09-04,0.167000,0.167000,0.167000,0.167000,0.167000,0
2019-09-05,0.167000,0.167000,0.167000,0.167000,0.167000,0
2019-09-06,0.167000,0.167000,0.167000,0.167000,0.167000,0
2019-09-09,0.167000,0.167000,0.167000,0.167000,0.167000,0
2019-09-10,0.167000,0.167000,0.167000,0.167000,0.167000,0
2019-09-11,0.167000,0.167000,0.167000,0.167000,0.167000,0
2019-09-12,0.167000,0.167000,0.167000,0.167000,0.167000,0
2019-09-13,0.167000,0.167000,0.167000,0.167000,0.167000,0
2019-09-16,0.167000,0.167000,0.167000,0.167000,0.167000,0
2019-09-17,0.188800,0.196300,0.188800,0.196300,0.196300,15000
2019-09-18,0.198200,0.198200,0.198200,0.198200,0.198200,2000
2019-09-19,0.198200,0.198200,0.198200,0.198200,0.198200,0
2019-09-20,0.198200,0.198200,0.198200,0.198200,0.198200,0
2019-09-23,0.198200,0.198200,0.198200,0.198200,0.198200,0
2019-09-24,0.198200,0.198200,0.198200,0.198200,0.198200,0
2019-09-25,0.198200,0.198200,0.198200,0.198200,0.198200,0
2019-09-26,0.165800,0.165800,0.165800,0.165800,0.165800,40000
2019-09-27,0.162100,0.162200,0.162100,0.162200,0.162200,24000
2019-09-30,0.162200,0.162200,0.162200,0.162200,0.162200,0
2019-10-01,0.162200,0.162200,0.162200,0.162200,0.162200,0
2019-10-02,0.162200,0.162200,0.162200,0.162200,0.162200,0
2019-10-03,0.164800,0.164800,0.164800,0.164800,0.164800,13000
2019-10-04,0.164800,0.164800,0.164800,0.164800,0.164800,0
2019-10-07,0.164800,0.164800,0.164800,0.164800,0.164800,0
2019-10-08,0.164800,0.164800,0.164800,0.164800,0.164800,0
2019-10-09,0.164800,0.164800,0.164800,0.164800,0.164800,0
2019-10-10,0.164800,0.164800,0.164800,0.164800,0.164800,0
2019-10-11,0.163000,0.163000,0.163000,0.163000,0.163000,10000
2019-10-14,0.163000,0.163000,0.163000,0.163000,0.163000,0
2019-10-15,0.163000,0.163000,0.163000,0.163000,0.163000,0
2019-10-16,0.163000,0.163000,0.163000,0.163000,0.163000,0
2019-10-17,0.224500,0.228300,0.224500,0.225000,0.225000,49500
2019-10-18,0.225000,0.225000,0.225000,0.225000,0.225000,0
2019-10-21,0.235000,0.235000,0.235000,0.235000,0.235000,15000
2019-10-22,0.240000,0.259600,0.240000,0.244600,0.244600,94500
2019-10-23,0.244600,0.244600,0.244600,0.244600,0.244600,0
2019-10-24,0.267800,0.267800,0.267800,0.267800,0.267800,100000
2019-10-25,0.267800,0.267800,0.267800,0.267800,0.267800,0
2019-10-28,0.252800,0.252800,0.249900,0.250000,0.250000,21500
2019-10-29,0.250000,0.250000,0.250000,0.250000,0.250000,0
2019-10-30,0.250000,0.250000,0.250000,0.250000,0.250000,0
2019-10-31,0.250000,0.250000,0.250000,0.250000,0.250000,0
2019-11-01,0.232000,0.232000,0.232000,0.232000,0.232000,5000
2019-11-04,0.232000,0.232000,0.232000,0.232000,0.232000,0
2019-11-05,0.232000,0.232000,0.232000,0.232000,0.232000,0
2019-11-06,0.232000,0.232000,0.232000,0.232000,0.232000,0
2019-11-07,0.232000,0.232000,0.232000,0.232000,0.232000,0
2019-11-08,0.249000,0.249000,0.249000,0.249000,0.249000,14500
2019-11-11,0.234400,0.234400,0.234400,0.234400,0.234400,2000
2019-11-12,0.234400,0.234400,0.234400,0.234400,0.234400,0
2019-11-13,0.230300,0.236700,0.230300,0.236700,0.236700,13000
2019-11-14,0.229920,0.229920,0.229920,0.229920,0.229920,500
2019-11-15,0.234400,0.238200,0.234400,0.238200,0.238200,200
2019-11-18,0.238200,0.238200,0.215800,0.215800,0.215800,16500
2019-11-19,0.215000,0.215000,0.213000,0.213000,0.213000,25058
2019-11-20,0.213000,0.213000,0.213000,0.213000,0.213000,0
2019-11-21,0.224070,0.224070,0.224070,0.224070,0.224070,19994
2019-11-22,0.214400,0.214400,0.214400,0.214400,0.214400,500
2019-11-25,0.226600,0.226600,0.226600,0.226600,0.226600,1500
2019-11-26,0.226600,0.226600,0.226600,0.226600,0.226600,0
2019-11-27,0.221400,0.221400,0.203200,0.203200,0.203200,40000
2019-11-29,0.203200,0.203200,0.203200,0.203200,0.203200,0
2019-12-02,0.203200,0.203200,0.203200,0.203200,0.203200,0
2019-12-03,0.238200,0.240700,0.238200,0.240700,0.240700,14400
2019-12-04,0.242100,0.242100,0.242100,0.242100,0.242100,7000
2019-12-05,0.261800,0.261900,0.261800,0.261900,0.261900,36100
2019-12-06,0.261900,0.261900,0.261900,0.261900,0.261900,0
2019-12-09,0.264400,0.264700,0.264400,0.264700,0.264700,9500
2019-12-10,0.264700,0.264700,0.264700,0.264700,0.264700,0
2019-12-11,0.265100,0.268200,0.258200,0.258200,0.258200,31500
2019-12-12,0.258200,0.258200,0.258200,0.258200,0.258200,0
2019-12-13,0.267300,0.267300,0.267300,0.267300,0.267300,10000
2019-12-16,0.267300,0.267300,0.267300,0.267300,0.267300,0
2019-12-17,0.267300,0.267300,0.267300,0.267300,0.267300,0
2019-12-18,0.282200,0.282200,0.282200,0.282200,0.282200,5000
2019-12-19,0.282200,0.282200,0.282200,0.282200,0.282200,0
2019-12-20,0.284800,0.290000,0.284800,0.290000,0.290000,2689
2019-12-23,0.290000,0.290000,0.290000,0.290000,0.290000,0
2019-12-24,0.290000,0.290000,0.290000,0.290000,0.290000,0
2019-12-26,0.290000,0.290000,0.290000,0.290000,0.290000,0
2019-12-27,0.328500,0.328500,0.328500,0.328500,0.328500,100
2019-12-30,0.328500,0.328500,0.328500,0.328500,0.328500,0
2019-12-31,0.369100,0.369100,0.369100,0.369100,0.369100,270
2020-01-02,0.323500,0.323500,0.323500,0.323500,0.323500,200
2020-01-03,0.323500,0.323500,0.323500,0.323500,0.323500,0
2020-01-06,0.339300,0.339300,0.339300,0.339300,0.339300,5000
2020-01-07,0.339300,0.339300,0.339300,0.339300,0.339300,0
2020-01-08,0.350000,0.350000,0.350000,0.350000,0.350000,1000
2020-01-09,0.350000,0.350000,0.350000,0.350000,0.350000,0
2020-01-10,0.350000,0.350000,0.350000,0.350000,0.350000,0
2020-01-13,0.379200,0.379200,0.379200,0.379200,0.379200,100
2020-01-14,0.375100,0.375100,0.375100,0.375100,0.375100,100
2020-01-15,0.340000,0.351000,0.330000,0.348800,0.348800,21700
2020-01-16,0.348800,0.348800,0.348800,0.348800,0.348800,0
2020-01-17,0.350000,0.350000,0.340500,0.340500,0.340500,8600
2020-01-21,0.340500,0.340500,0.340500,0.340500,0.340500,0
2020-01-22,0.311900,0.311900,0.311900,0.311900,0.311900,8000
2020-01-23,0.315700,0.315700,0.315700,0.315700,0.315700,5000
2020-01-24,0.315700,0.315700,0.315700,0.315700,0.315700,0
2020-01-27,0.329600,0.329600,0.329600,0.329600,0.329600,2000
2020-01-28,0.316000,0.316000,0.316000,0.316000,0.316000,3000
2020-01-29,0.316000,0.316000,0.316000,0.316000,0.316000,0
2020-01-30,0.316000,0.316000,0.316000,0.316000,0.316000,0
2020-01-31,0.360200,0.360200,0.313500,0.313500,0.313500,4000
2020-02-03,0.322100,0.322300,0.322100,0.322300,0.322300,3000
2020-02-04,0.322300,0.322300,0.322300,0.322300,0.322300,0
2020-02-05,0.322300,0.322300,0.322300,0.322300,0.322300,0
2020-02-06,0.308400,0.350000,0.308400,0.350000,0.350000,4000
2020-02-07,0.350000,0.350000,0.350000,0.350000,0.350000,0
2020-02-10,0.356800,0.368000,0.356800,0.358000,0.358000,121150
2020-02-11,0.358000,0.358000,0.358000,0.358000,0.358000,0
2020-02-12,0.369800,0.388700,0.369800,0.388700,0.388700,276500
2020-02-13,0.435980,0.450000,0.399700,0.399700,0.399700,135000
2020-02-14,0.414900,0.414900,0.392500,0.404000,0.404000,101700
2020-02-18,0.450000,0.520400,0.445000,0.495500,0.495500,394805
2020-02-19,0.506500,0.506500,0.486500,0.500000,0.500000,30416
2020-02-20,0.498900,0.498900,0.498900,0.498900,0.498900,40000
2020-02-21,0.525600,0.567100,0.508780,0.544800,0.544800,106688
2020-02-24,0.495400,0.527200,0.489400,0.527200,0.527200,316000
2020-02-25,0.526800,0.530400,0.515300,0.517400,0.517400,22430
2020-02-26,0.494800,0.518100,0.494800,0.503000,0.503000,53722
2020-02-27,0.487000,0.487000,0.460000,0.471400,0.471400,13533
2020-02-28,0.475800,0.534100,0.417800,0.534100,0.534100,278039
2020-03-02,0.545900,0.660000,0.545900,0.603500,0.603500,134999
2020-03-03,0.593100,0.618900,0.530900,0.530900,0.530900,38090
2020-03-04,0.544700,0.555000,0.522700,0.522700,0.522700,8665
2020-03-05,0.537200,0.650000,0.537200,0.592800,0.592800,110752
2020-03-06,0.589600,0.623000,0.581300,0.603600,0.603600,47850
2020-03-09,0.510670,0.576550,0.441200,0.541300,0.541300,54020
2020-03-10,0.548200,0.610000,0.548200,0.587800,0.587800,57500
2020-03-11,0.528500,0.528500,0.436200,0.460000,0.460000,65024
2020-03-12,0.435100,0.506400,0.435100,0.499900,0.499900,60640
2020-03-13,0.444400,0.490000,0.444400,0.490000,0.490000,60500
2020-03-16,0.307700,0.580000,0.307700,0.447400,0.447400,66438
2020-03-17,0.460000,0.601100,0.430100,0.563500,0.563500,410890
2020-03-18,0.518700,0.518700,0.477900,0.484600,0.484600,2295
2020-03-19,0.475200,0.475200,0.444000,0.444000,0.444000,770
2020-03-20,0.453200,0.490800,0.443600,0.460000,0.460000,22200
2020-03-23,0.420100,0.550000,0.420100,0.530000,0.530000,375222
2020-03-24,0.479600,0.550000,0.479600,0.502690,0.502690,248067
2020-03-25,0.514300,0.517400,0.420000,0.442000,0.442000,365388
2020-03-26,0.459900,0.490000,0.440000,0.452000,0.452000,102161
2020-03-27,0.421100,0.430490,0.369900,0.418200,0.418200,321800
2020-03-30,0.418400,0.418400,0.380000,0.393700,0.393700,11200
2020-03-31,0.391100,0.391100,0.380000,0.380000,0.380000,3500
2020-04-01,0.400900,0.400900,0.400900,0.400900,0.400900,100
2020-04-02,0.404700,0.458300,0.404200,0.458300,0.458300,25553
2020-04-03,0.480800,0.488300,0.445600,0.445600,0.445600,29542
2020-04-06,0.468800,0.485270,0.463400,0.485270,0.485270,52400
2020-04-07,0.485000,0.540000,0.480000,0.500000,0.500000,466300
2020-04-08,0.512300,0.565800,0.507200,0.555900,0.555900,282298
2020-04-09,0.564520,0.600000,0.550600,0.550600,0.550600,242887
2020-04-13,0.599680,0.670000,0.549100,0.670000,0.670000,261877
2020-04-14,0.700000,0.724800,0.680000,0.681270,0.681270,54626
2020-04-15,0.651300,0.673300,0.625800,0.650000,0.650000,18728
2020-04-16,0.672000,0.725220,0.657670,0.694600,0.694600,462011
2020-04-17,0.694900,0.719640,0.669400,0.705900,0.705900,134264
2020-04-20,0.706500,0.749000,0.699900,0.719200,0.719200,289276
2020-04-21,0.699900,0.700000,0.663200,0.670000,0.670000,84000
2020-04-22,0.697200,0.733200,0.686400,0.733200,0.733200,673943
2020-04-23,0.729100,0.755520,0.720000,0.720000,0.720000,25348
2020-04-24,0.730800,0.730800,0.671230,0.698400,0.698400,139249
2020-04-27,0.690000,0.723000,0.655600,0.655600,0.655600,132900
2020-04-28,0.678200,0.690800,0.660000,0.686800,0.686800,113914
2020-04-29,0.694940,0.716290,0.685600,0.698400,0.698400,143076
2020-04-30,0.687100,0.747200,0.687100,0.732700,0.732700,238540
2020-05-01,0.730000,0.813000,0.724000,0.796400,0.796400,571049
2020-05-04,0.835100,0.880000,0.742100,0.742100,0.742100,335060
2020-05-05,0.730000,0.800000,0.700000,0.727100,0.727100,90499
2020-05-06,0.748300,0.820000,0.748300,0.790200,0.790200,50175
2020-05-07,0.792400,0.867800,0.776200,0.840000,0.840000,612627
2020-05-08,0.837800,0.866590,0.790000,0.847300,0.847300,239069
2020-05-11,0.829000,0.855100,0.821000,0.846000,0.846000,104700
2020-05-12,0.839700,0.850000,0.770000,0.779300,0.779300,27100
2020-05-13,0.800000,0.870000,0.737200,0.751400,0.751400,41640
2020-05-14,0.716300,0.756400,0.716300,0.738100,0.738100,48125
2020-05-15,0.700000,0.769500,0.700000,0.734700,0.734700,56909
2020-05-18,0.760000,0.760000,0.740100,0.740100,0.740100,11088
2020-05-19,0.759900,0.826200,0.747600,0.826200,0.826200,248819
2020-05-20,0.810000,0.825300,0.750000,0.762800,0.762800,242744
2020-05-21,0.700000,0.760400,0.633900,0.760400,0.760400,597801
2020-05-22,0.751900,0.803400,0.751900,0.786600,0.786600,218211
2020-05-26,0.779800,0.779800,0.722900,0.765000,0.765000,35411
2020-05-27,0.758890,0.776800,0.750000,0.765000,0.765000,38640
2020-05-28,0.810600,0.824700,0.795800,0.824700,0.824700,66300
2020-05-29,0.790000,0.877600,0.790000,0.875700,0.875700,255460
2020-06-01,0.881900,0.928300,0.881900,0.925400,0.925400,236146
2020-06-02,0.928500,0.990000,0.918300,0.941800,0.941800,42521
2020-06-03,0.927300,1.010000,0.870000,0.870000,0.870000,453457
2020-06-04,0.966000,0.983600,0.930000,0.930000,0.930000,30047
2020-06-05,0.883500,0.989230,0.878000,0.973260,0.973260,109330
2020-06-08,1.000000,1.020000,0.990000,1.020000,1.020000,12700
2020-06-09,0.993000,1.056420,0.978900,1.016400,1.016400,116289
2020-06-10,1.050000,1.050000,1.027580,1.032300,1.032300,17211
2020-06-11,1.052800,1.053200,0.860000,0.862200,0.862200,454009