Date,Open,High,Low,Close,Adj Close,Volume
2016-10-12,22.750000,23.000000,21.830000,21.850000,21.850000,19723300
2016-10-13,21.790001,21.940001,21.270000,21.400000,21.400000,3358100
2016-10-14,21.580000,21.940001,21.010000,21.780001,21.780001,1378200
2016-10-17,22.100000,22.100000,21.100000,21.510000,21.510000,1017600
2016-10-18,21.799999,21.870001,21.240000,21.709999,21.709999,668900
2016-10-19,21.700001,23.120001,21.420000,22.280001,22.280001,1857700
2016-10-20,22.129999,22.730000,22.000000,22.360001,22.360001,1249500
2016-10-21,22.340000,22.790001,21.969999,22.190001,22.190001,490900
2016-10-24,22.100000,23.000000,21.500000,22.580000,22.580000,596000
2016-10-25,22.450001,22.940001,22.360001,22.500000,22.500000,553500
2016-10-26,22.270000,22.440001,21.520000,21.590000,21.590000,1093100
2016-10-27,21.700001,22.320000,21.120001,22.059999,22.059999,717900
2016-10-28,22.120001,22.120001,21.280001,21.930000,21.930000,472200
2016-10-31,21.809999,22.250000,21.010000,21.360001,21.360001,611700
2016-11-01,21.520000,21.809999,21.049999,21.150000,21.150000,514100
2016-11-02,21.010000,21.350000,20.049999,20.590000,20.590000,1092900
2016-11-03,20.629999,21.000000,19.549999,20.420000,20.420000,1421900
2016-11-04,20.459999,20.540001,19.510000,20.420000,20.420000,1186000
2016-11-07,20.510000,21.139999,20.150000,20.610001,20.610001,1729200
2016-11-08,20.629999,20.629999,19.510000,19.910000,19.910000,1829800
2016-11-09,19.940001,21.355000,19.719999,21.090000,21.090000,1683900
2016-11-10,20.990000,21.650000,20.080000,20.600000,20.600000,1267900
2016-11-11,20.360001,20.594999,19.530001,20.290001,20.290001,1359400
2016-11-14,20.150000,20.600000,19.709999,20.450001,20.450001,603900
2016-11-15,20.510000,22.469999,20.400000,21.910000,21.910000,789200
2016-11-16,21.709999,22.459999,21.155001,21.670000,21.670000,279000
2016-11-17,21.770000,22.160000,20.959999,21.330000,21.330000,286000
2016-11-18,21.299999,22.400000,21.245001,22.180000,22.180000,315900
2016-11-21,22.410000,23.930000,22.230000,23.490000,23.490000,1099000
2016-11-22,23.750000,23.886000,22.629999,23.219999,23.219999,445900
2016-11-23,22.860001,23.500000,22.600000,22.940001,22.940001,591900
2016-11-25,22.889999,22.889999,21.934999,22.180000,22.180000,254500
2016-11-28,22.170000,22.500000,20.660000,21.000000,21.000000,1132900
2016-11-29,21.049999,21.570000,20.000000,20.700001,20.700001,810300
2016-11-30,22.500000,24.000000,22.160000,23.530001,23.530001,3108100
2016-12-01,23.670000,25.080000,22.940001,23.559999,23.559999,1630900
2016-12-02,23.660000,24.355000,23.340000,23.719999,23.719999,592200
2016-12-05,23.750000,23.750000,21.900000,22.500000,22.500000,3379000
2016-12-06,22.500000,22.500000,21.330000,21.340000,21.340000,2151600
2016-12-07,21.330000,21.985001,19.870001,20.360001,20.360001,1139000
2016-12-08,20.500000,21.450001,20.230000,20.799999,20.799999,1101300
2016-12-09,20.879999,21.030001,20.270000,20.709999,20.709999,765000
2016-12-12,20.500000,20.500000,19.540001,20.000000,20.000000,2724900
2016-12-13,20.230000,20.600000,19.590000,20.309999,20.309999,1955000
2016-12-14,20.070000,20.680000,19.100000,19.570000,19.570000,1414400
2016-12-15,19.410000,19.889999,19.230000,19.650000,19.650000,1049000
2016-12-16,19.719999,20.639999,19.370001,20.290001,20.290001,4793200
2016-12-19,20.340000,20.540001,19.725000,20.160000,20.160000,778600
2016-12-20,20.370001,20.420000,19.915001,20.190001,20.190001,1419700
2016-12-21,20.200001,20.320000,19.950001,20.209999,20.209999,1163700
2016-12-22,20.230000,20.655001,20.000000,20.500000,20.500000,844300
2016-12-23,20.139999,20.299999,19.900000,20.040001,20.040001,484900
2016-12-27,20.150000,20.150000,19.580000,19.809999,19.809999,769800
2016-12-28,19.760000,20.110001,19.600000,20.059999,20.059999,933200
2016-12-29,20.059999,20.340000,19.719999,19.940001,19.940001,940300
2016-12-30,19.889999,20.530001,19.790001,20.040001,20.040001,600200
2017-01-03,20.480000,21.399000,19.730000,19.959999,19.959999,813600
2017-01-04,19.930000,19.930000,19.400000,19.840000,19.840000,712000
2017-01-05,19.900000,20.080000,19.704000,19.900000,19.900000,594700
2017-01-06,19.920000,20.000000,19.629999,19.750000,19.750000,781000
2017-01-09,19.520000,19.709999,19.010000,19.059999,19.059999,941500
2017-01-10,19.090000,19.139999,18.340000,18.889999,18.889999,576100
2017-01-11,18.950001,19.030001,18.629999,18.790001,18.790001,383000
2017-01-12,19.000000,19.000000,18.520000,18.620001,18.620001,764900
2017-01-13,18.480000,18.725000,18.240000,18.370001,18.370001,1034900
2017-01-17,18.549999,18.719999,18.170000,18.459999,18.459999,1027000
2017-01-18,18.260000,18.549999,18.100000,18.250000,18.250000,502400
2017-01-19,18.280001,18.900000,18.090000,18.820000,18.820000,552200
2017-01-20,18.969999,19.230000,18.590000,18.750000,18.750000,903300
2017-01-23,18.580000,18.929001,18.200001,18.400000,18.400000,475400
2017-01-24,18.400000,19.139999,18.250000,18.830000,18.830000,425700
2017-01-25,18.830000,19.775999,18.590000,19.209999,19.209999,899900
2017-01-26,19.370001,20.000000,19.200001,19.240000,19.240000,503600
2017-01-27,19.090000,19.490000,18.920000,19.200001,19.200001,555100
2017-01-30,19.049999,19.309999,18.180000,18.360001,18.360001,862800
2017-01-31,18.459999,18.459999,17.730000,17.920000,17.920000,1066100
2017-02-01,18.010000,18.010000,17.105000,17.280001,17.280001,2116800
2017-02-02,17.299999,17.450001,16.830000,16.950001,16.950001,1554300
2017-02-03,17.040001,17.540001,17.000000,17.270000,17.270000,1198000
2017-02-06,17.840000,18.190001,16.610001,17.320000,17.320000,1739400
2017-02-07,17.650000,18.360001,16.790001,16.930000,16.930000,3088000
2017-02-08,16.799999,17.135000,16.160000,16.510000,16.510000,1673800
2017-02-09,16.639999,17.360001,16.309999,17.340000,17.340000,2186100
2017-02-10,17.580000,18.270000,17.360001,17.910000,17.910000,1396300
2017-02-13,17.920000,18.260000,17.910000,18.100000,18.100000,698700
2017-02-14,18.150000,18.620001,17.740000,18.030001,18.030001,905000
2017-02-15,18.000000,18.600000,17.969999,18.549999,18.549999,1768300
2017-02-16,18.510000,19.129999,18.400000,18.809999,18.809999,1111700
2017-02-17,18.629999,18.940001,18.570000,18.799999,18.799999,964600
2017-02-21,18.990000,19.219999,18.830000,19.180000,19.180000,980200
2017-02-22,19.070000,19.118999,18.250000,18.459999,18.459999,1439000
2017-02-23,18.760000,18.865000,17.709999,18.080000,18.080000,1296300
2017-02-24,17.840000,18.030001,17.424999,17.459999,17.459999,545000
2017-02-27,17.540001,17.780001,17.320000,17.510000,17.510000,887700
2017-02-28,17.270000,17.700001,17.270000,17.700001,17.700001,812100
2017-03-01,17.900000,18.730000,17.830000,18.650000,18.650000,613700
2017-03-02,18.490000,18.600000,18.180000,18.190001,18.190001,327200
2017-03-03,18.180000,18.400000,17.709999,18.000000,18.000000,567700
2017-03-06,17.930000,18.290001,17.780001,18.030001,18.030001,524800
2017-03-07,18.129999,18.225000,17.709999,17.750000,17.750000,340700
2017-03-08,17.650000,17.775000,16.600000,16.629999,16.629999,966300
2017-03-09,17.049999,17.290001,15.840000,16.139999,16.139999,1374900
2017-03-10,16.320000,16.629999,15.803000,16.360001,16.360001,1179900
2017-03-13,16.420000,16.530001,16.230000,16.360001,16.360001,851700
2017-03-14,15.460000,16.200001,14.760000,15.300000,15.300000,2515200
2017-03-15,15.500000,16.860001,15.310000,16.820000,16.820000,2011400
2017-03-16,16.850000,17.379999,16.590000,17.250000,17.250000,1253000
2017-03-17,17.350000,17.500000,17.145000,17.340000,17.340000,4280600
2017-03-20,17.150000,17.420000,16.867001,17.280001,17.280001,1164700
2017-03-21,17.299999,17.299999,16.420000,16.629999,16.629999,1244400
2017-03-22,16.530001,16.700001,16.280001,16.620001,16.620001,867800
2017-03-23,16.790001,17.110001,16.410000,16.820000,16.820000,831100
2017-03-24,16.930000,17.250000,16.760000,16.910000,16.910000,756900
2017-03-27,16.639999,16.969999,16.299999,16.870001,16.870001,1144800
2017-03-28,16.910000,17.690001,16.910000,17.340000,17.340000,1292100
2017-03-29,17.290001,18.230000,16.990000,18.209999,18.209999,973900
2017-03-30,18.330000,18.590000,17.309999,18.070000,18.070000,969500
2017-03-31,17.980000,18.639999,17.709999,18.549999,18.549999,992500
2017-04-03,18.450001,19.030001,17.969999,18.350000,18.350000,1220400
2017-04-04,18.370001,18.660000,17.820000,18.650000,18.650000,897300
2017-04-05,18.870001,18.990000,17.740000,17.889999,17.889999,1178900
2017-04-06,18.110001,18.340000,17.889999,18.139999,18.139999,1434400
2017-04-07,18.129999,18.350000,17.820000,17.990000,17.990000,1173000
2017-04-10,18.150000,18.650000,17.990000,18.620001,18.620001,947200
2017-04-11,18.610001,18.750000,18.190001,18.610001,18.610001,566700
2017-04-12,18.610001,18.950001,18.250000,18.389999,18.389999,701500
2017-04-13,18.389999,18.420000,17.629999,17.660000,17.660000,538100
2017-04-17,17.770000,17.969999,17.389999,17.930000,17.930000,506700
2017-04-18,17.760000,18.004999,17.620001,17.730000,17.730000,422900
2017-04-19,17.730000,17.879999,17.049999,17.160000,17.160000,693100
2017-04-20,17.299999,17.299999,16.680000,16.900000,16.900000,768800
2017-04-21,16.930000,17.000000,16.600000,16.730000,16.730000,659900
2017-04-24,16.760000,16.799999,16.309999,16.580000,16.580000,1092600
2017-04-25,16.549999,17.010000,16.270000,16.920000,16.920000,668200
2017-04-26,16.719999,17.340000,16.639999,16.910000,16.910000,721300
2017-04-27,16.709999,16.709999,15.730000,15.960000,15.960000,1717600
2017-04-28,16.129999,16.200001,15.620000,15.650000,15.650000,685900
2017-05-01,15.600000,15.940000,15.360000,15.830000,15.830000,999900
2017-05-02,15.920000,16.510000,15.650000,15.830000,15.830000,1952600
2017-05-03,15.010000,15.370000,14.180000,14.975000,14.975000,3701200
2017-05-04,14.770000,14.960000,13.960000,14.585000,14.585000,2801000
2017-05-05,14.550000,15.380000,14.500000,15.320000,15.320000,1173300
2017-05-08,15.390000,15.680000,15.090000,15.490000,15.490000,1080500
2017-05-09,15.510000,15.700000,15.140000,15.300000,15.300000,1123600
2017-05-10,15.430000,16.809999,15.430000,16.240000,16.240000,2870200
2017-05-11,16.340000,16.809999,16.070000,16.360001,16.360001,1460900
2017-05-12,16.299999,16.530001,16.070000,16.469999,16.469999,696200
2017-05-15,16.990000,17.150000,16.360001,16.450001,16.450001,1043500
2017-05-16,16.520000,16.730000,16.129999,16.240000,16.240000,1226500
2017-05-17,16.100000,16.565001,15.990000,16.080000,16.080000,1600300
2017-05-18,15.940000,16.330000,15.770000,16.139999,16.139999,921400
2017-05-19,16.240000,16.600000,16.049999,16.440001,16.440001,876100
2017-05-22,16.540001,16.545000,15.790000,16.219999,16.219999,1007400
2017-05-23,16.240000,16.730000,15.890000,16.430000,16.430000,3117200
2017-05-24,16.430000,16.459999,15.780000,16.120001,16.120001,1152900
2017-05-25,16.080000,16.260000,15.150000,15.530000,15.530000,1103500
2017-05-26,15.570000,15.720000,15.120000,15.630000,15.630000,994100
2017-05-30,15.530000,15.530000,14.590000,14.630000,14.630000,1517500
2017-05-31,14.420000,14.630000,13.740000,14.240000,14.240000,2982500
2017-06-01,14.330000,14.690000,14.040000,14.550000,14.550000,1217000
2017-06-02,14.370000,14.580000,13.909000,14.570000,14.570000,997000
2017-06-05,14.510000,14.650000,13.970000,14.270000,14.270000,1302200
2017-06-06,14.220000,15.010000,14.030000,14.980000,14.980000,1188000
2017-06-07,14.850000,15.115000,14.140000,14.310000,14.310000,1418700
2017-06-08,14.210000,14.600000,13.820000,14.030000,14.030000,1598700
2017-06-09,14.130000,14.680000,13.890000,14.570000,14.570000,1268000
2017-06-12,14.810000,15.860000,14.590000,14.610000,14.610000,1450400
2017-06-13,14.610000,15.180000,14.470000,15.150000,15.150000,1134100
2017-06-14,15.040000,15.040000,13.700000,13.760000,13.760000,1797000
2017-06-15,13.660000,13.940000,12.960000,13.210000,13.210000,1634200
2017-06-16,13.220000,13.320000,12.890000,13.110000,13.110000,3299100
2017-06-19,13.150000,13.430000,12.860000,13.300000,13.300000,858500
2017-06-20,12.940000,13.490000,12.470000,13.410000,13.410000,1988700
2017-06-21,13.420000,13.890000,12.690000,12.960000,12.960000,1386600
2017-06-22,13.040000,13.580000,12.830000,13.060000,13.060000,923200
2017-06-23,13.170000,13.645000,13.010000,13.550000,13.550000,5850600
2017-06-26,13.590000,13.910000,13.320000,13.560000,13.560000,857800
2017-06-27,13.630000,13.940000,13.320000,13.390000,13.390000,1019900
2017-06-28,13.370000,13.660000,13.190000,13.320000,13.320000,872000
2017-06-29,13.460000,13.690000,13.080000,13.340000,13.340000,1194200
2017-06-30,13.450000,13.710000,13.200000,13.450000,13.450000,1276700
2017-07-03,13.600000,13.880000,13.460000,13.830000,13.830000,360900
2017-07-05,13.650000,13.840000,13.060000,13.160000,13.160000,956500
2017-07-06,13.200000,13.440000,12.455000,12.540000,12.540000,1885400
2017-07-07,12.410000,12.640000,11.730000,12.590000,12.590000,1319500
2017-07-10,12.420000,12.990000,12.390000,12.670000,12.670000,688000
2017-07-11,12.630000,13.020000,12.340000,12.720000,12.720000,669600
2017-07-12,12.900000,13.290000,12.640000,12.900000,12.900000,724800
2017-07-13,12.880000,13.200000,12.580000,13.140000,13.140000,1768400
2017-07-14,13.070000,13.230000,12.760000,13.070000,13.070000,1021100
2017-07-17,13.020000,13.220000,12.655000,12.730000,12.730000,696800
2017-07-18,12.860000,13.150000,12.250000,12.520000,12.520000,1254700
2017-07-19,12.500000,13.110000,12.180000,13.010000,13.010000,2119100
2017-07-20,13.020000,13.200000,12.140000,12.460000,12.460000,2011500
2017-07-21,12.420000,12.440000,11.940000,12.150000,12.150000,1162000
2017-07-24,12.290000,12.410000,11.820000,12.070000,12.070000,1185500
2017-07-25,12.300000,12.620000,12.100000,12.310000,12.310000,1574600
2017-07-26,12.400000,12.540000,12.060000,12.070000,12.070000,3541800
2017-07-27,12.060000,12.445000,11.920000,12.370000,12.370000,619500
2017-07-28,12.310000,12.800000,12.310000,12.560000,12.560000,639800
2017-07-31,12.640000,12.711000,12.000000,12.180000,12.180000,526200
2017-08-01,12.200000,12.260000,11.985000,12.040000,12.040000,873000
2017-08-02,11.940000,12.050000,11.630000,11.990000,11.990000,1401800
2017-08-03,12.010000,12.040000,11.340000,11.380000,11.380000,1516500
2017-08-04,11.400000,11.790000,11.310000,11.590000,11.590000,1179700
2017-08-07,12.250000,12.250000,11.720000,11.880000,11.880000,1486900
2017-08-08,11.890000,12.010000,11.493000,11.650000,11.650000,1041100
2017-08-09,11.680000,11.890000,11.590000,11.800000,11.800000,1571100
2017-08-10,12.100000,13.050000,11.650000,11.870000,11.870000,4438700
2017-08-11,11.820000,12.420000,11.690000,12.180000,12.180000,2661100
2017-08-14,12.000000,12.390000,11.900000,12.120000,12.120000,1542800
2017-08-15,12.040000,12.110000,11.533000,11.850000,11.850000,1396000
2017-08-16,11.860000,12.110000,11.650000,11.720000,11.720000,1037800
2017-08-17,11.680000,11.980000,11.500000,11.560000,11.560000,1333100
2017-08-18,11.610000,11.980000,11.390000,11.750000,11.750000,834500
2017-08-21,11.680000,11.790000,11.540000,11.670000,11.670000,914200
2017-08-22,11.700000,12.060000,11.690000,11.790000,11.790000,1660300
2017-08-23,11.730000,12.100000,11.590000,12.010000,12.010000,1102400
2017-08-24,11.900000,12.100000,11.830000,12.080000,12.080000,632300
2017-08-25,12.140000,12.515000,12.040000,12.470000,12.470000,1503900
2017-08-28,12.510000,12.510000,11.990000,12.460000,12.460000,1398900
2017-08-29,12.330000,12.420000,11.970000,12.230000,12.230000,983300
2017-08-30,12.180000,12.520000,12.010000,12.410000,12.410000,1048300
2017-08-31,12.490000,13.250000,12.490000,13.140000,13.140000,1121800
2017-09-01,13.180000,13.200000,12.741000,12.810000,12.810000,1083100
2017-09-05,13.020000,13.340000,12.830000,13.290000,13.290000,1651200
2017-09-06,13.480000,13.800000,13.468000,13.690000,13.690000,1206100
2017-09-07,13.630000,13.650000,13.250000,13.350000,13.350000,1011300
2017-09-08,13.250000,13.340000,12.690000,13.020000,13.020000,1334900
2017-09-11,13.050000,13.620000,12.980000,13.260000,13.260000,1429700
2017-09-12,13.250000,13.460000,13.230000,13.370000,13.370000,2134700
2017-09-13,13.440000,13.890000,13.360000,13.700000,13.700000,1383500
2017-09-14,13.780000,14.070000,13.600000,13.770000,13.770000,1397600
2017-09-15,13.760000,14.120000,13.660000,13.790000,13.790000,4195400
2017-09-18,13.700000,14.090000,13.550000,13.810000,13.810000,1091800
2017-09-19,13.810000,13.890000,13.470000,13.500000,13.500000,934700
2017-09-20,13.570000,13.980000,13.510000,13.970000,13.970000,1043900
2017-09-21,13.890000,14.130000,13.800000,14.050000,14.050000,679600
2017-09-22,14.000000,14.450000,13.950000,14.330000,14.330000,1356000
2017-09-25,14.550000,15.390000,14.550000,15.060000,15.060000,2173200
2017-09-26,15.000000,15.400000,14.770000,15.290000,15.290000,1048000
2017-09-27,15.310000,15.490000,14.960000,15.290000,15.290000,939600
2017-09-28,15.350000,15.610000,15.140000,15.340000,15.340000,1816100
2017-09-29,15.340000,15.660000,15.080000,15.390000,15.390000,966100
2017-10-02,15.230000,15.610000,15.020000,15.380000,15.380000,1492900
2017-10-03,15.380000,15.660000,15.140000,15.530000,15.530000,1195000
2017-10-04,15.510000,15.655000,15.100000,15.150000,15.150000,824900
2017-10-05,15.110000,15.640000,15.110000,15.450000,15.450000,776500
2017-10-06,15.020000,15.225000,14.880000,15.050000,15.050000,922600
2017-10-09,15.180000,15.420000,15.095000,15.380000,15.380000,688700
2017-10-10,15.560000,15.840000,15.080000,15.400000,15.400000,873000
2017-10-11,15.530000,15.650000,15.270000,15.600000,15.600000,542300
2017-10-12,15.320000,15.760000,15.310000,15.610000,15.610000,1017400
2017-10-13,15.850000,15.880000,15.360000,15.380000,15.380000,1305400
2017-10-16,15.470000,15.830000,15.380000,15.600000,15.600000,1240900
2017-10-17,15.510000,16.059999,15.390000,15.940000,15.940000,1794700
2017-10-18,16.000000,16.389999,15.580000,15.900000,15.900000,1659600
2017-10-19,15.760000,15.950000,15.570000,15.840000,15.840000,1511800
2017-10-20,15.770000,15.910000,15.500000,15.670000,15.670000,1123500
2017-10-23,15.700000,15.740000,14.740000,14.860000,14.860000,1827600
2017-10-24,15.000000,15.200000,14.330000,14.600000,14.600000,1726800
2017-10-25,14.800000,15.230000,14.570000,14.820000,14.820000,1410800
2017-10-26,14.760000,15.060000,14.510000,14.980000,14.980000,746400
2017-10-27,14.900000,15.550000,14.320000,15.415000,15.415000,789100
2017-10-30,15.480000,15.870000,15.390000,15.630000,15.630000,986000
2017-10-31,15.640000,16.070000,15.530000,15.950000,15.950000,698300
2017-11-01,16.230000,16.799999,16.219999,16.370001,16.370001,1968200
2017-11-02,16.370001,16.469999,15.650000,16.180000,16.180000,2190500
2017-11-03,16.250000,16.340000,15.830000,16.230000,16.230000,1324800
2017-11-06,16.330000,16.670000,16.120001,16.570000,16.570000,1942500
2017-11-07,16.580000,16.580000,16.070000,16.200001,16.200001,1866500
2017-11-08,15.010000,15.700000,14.410000,14.960000,14.960000,3727400
2017-11-09,15.040000,15.840000,15.035000,15.610000,15.610000,2983500
2017-11-10,15.650000,16.055000,15.380000,15.950000,15.950000,1705000
2017-11-13,15.860000,15.860000,15.030000,15.080000,15.080000,1208500
2017-11-14,14.920000,14.920000,14.170000,14.320000,14.320000,1250100
2017-11-15,14.240000,14.710000,13.990000,14.380000,14.380000,1581800
2017-11-16,14.420000,15.260000,14.150000,15.050000,15.050000,2303600
2017-11-17,15.180000,15.620000,14.990000,15.550000,15.550000,1733800
2017-11-20,15.350000,15.640000,15.180000,15.360000,15.360000,1331700
2017-11-21,15.480000,15.710000,15.050000,15.120000,15.120000,1062500
2017-11-22,15.320000,15.730000,15.220000,15.450000,15.450000,963000
2017-11-24,15.640000,15.740000,15.530000,15.700000,15.700000,584900
2017-11-27,15.620000,15.670000,15.090000,15.110000,15.110000,1284900
2017-11-28,15.090000,15.160000,14.820000,14.880000,14.880000,799500
2017-11-29,14.840000,15.020000,14.470000,14.630000,14.630000,1219300
2017-11-30,14.770000,15.440000,14.730000,15.060000,15.060000,1873300
2017-12-01,15.300000,15.940000,15.110000,15.270000,15.270000,1295300
2017-12-04,15.280000,15.690000,14.842000,14.910000,14.910000,1366600
2017-12-05,14.820000,15.260000,14.560000,15.230000,15.230000,1799700
2017-12-06,15.120000,15.260000,14.430000,14.480000,14.480000,919700
2017-12-07,14.490000,14.935000,14.420000,14.770000,14.770000,847000
2017-12-08,14.990000,15.080000,14.740000,14.840000,14.840000,1416900
2017-12-11,14.900000,15.320000,14.800000,15.260000,15.260000,1610900
2017-12-12,15.400000,15.630000,15.110000,15.435000,15.435000,993000
2017-12-13,15.500000,15.620000,15.050000,15.200000,15.200000,831000
2017-12-14,15.120000,15.490000,15.060000,15.160000,15.160000,633700
2017-12-15,15.240000,15.280000,14.660000,14.850000,14.850000,1683100
2017-12-18,14.960000,15.240000,14.700000,15.130000,15.130000,1076900
2017-12-19,15.270000,15.270000,14.580000,14.660000,14.660000,1645000
2017-12-20,14.750000,15.000000,14.580000,14.830000,14.830000,1652200
2017-12-21,14.800000,15.050000,14.740000,14.950000,14.950000,1927000
2017-12-22,14.850000,15.230000,14.600000,15.200000,15.200000,1402900
2017-12-26,15.250000,15.329000,14.880000,15.110000,15.110000,1426500
2017-12-27,15.020000,15.020000,14.480000,14.570000,14.570000,1033100
2017-12-28,14.540000,14.620000,14.335000,14.530000,14.530000,1115500
2017-12-29,14.520000,14.610000,14.190000,14.310000,14.310000,1434800
2018-01-02,14.420000,14.840000,14.400000,14.620000,14.620000,965600
2018-01-03,14.630000,15.060000,14.510000,14.800000,14.800000,989600
2018-01-04,14.790000,15.000000,14.580000,14.900000,14.900000,1326000
2018-01-05,14.750000,14.990000,14.530000,14.720000,14.720000,952200
2018-01-08,14.710000,14.720000,14.220000,14.280000,14.280000,2187500
2018-01-09,14.310000,14.410000,13.890000,13.910000,13.910000,1640100
2018-01-10,13.900000,14.080000,13.700000,13.750000,13.750000,1430400
2018-01-11,13.820000,14.360000,13.600000,14.290000,14.290000,2114300
2018-01-12,14.130000,14.480000,14.100000,14.160000,14.160000,1902500
2018-01-16,14.210000,14.210000,13.580000,13.710000,13.710000,2123900
2018-01-17,13.760000,14.550000,13.625000,14.410000,14.410000,3317200
2018-01-18,14.350000,14.800000,14.130000,14.370000,14.370000,1727200
2018-01-19,14.260000,14.900000,14.100000,14.870000,14.870000,1963500
2018-01-22,14.890000,15.360000,14.810000,15.340000,15.340000,3113000
2018-01-23,15.390000,15.600000,14.880000,15.240000,15.240000,2038700
2018-01-24,15.320000,15.400000,14.990000,15.280000,15.280000,1141500
2018-01-25,15.450000,15.650000,15.030000,15.040000,15.040000,1064100
2018-01-26,15.120000,15.120000,14.690000,14.750000,14.750000,875000
2018-01-29,14.580000,14.960000,14.330000,14.720000,14.720000,1227400
2018-01-30,14.560000,14.830000,14.230000,14.340000,14.340000,1836300
2018-01-31,14.390000,14.610000,13.520000,14.100000,14.100000,1827800
2018-02-01,14.180000,14.560000,14.070000,14.340000,14.340000,1214900
2018-02-02,14.050000,14.440000,13.365000,13.410000,13.410000,1646600
2018-02-05,13.210000,13.570000,13.100000,13.170000,13.170000,1425800
2018-02-06,12.840000,13.610000,12.820000,13.450000,13.450000,1477900
2018-02-07,13.420000,13.600000,12.720000,12.850000,12.850000,1088100
2018-02-08,12.900000,13.275000,12.230000,12.260000,12.260000,1272000
2018-02-09,12.410000,12.620000,11.780000,12.430000,12.430000,1129600
2018-02-12,12.590000,12.890000,11.840000,12.630000,12.630000,798700
2018-02-13,12.550000,12.700000,12.250000,12.390000,12.390000,639400
2018-02-14,12.250000,13.000000,12.240000,12.850000,12.850000,1100400
2018-02-15,12.840000,13.000000,12.260000,12.830000,12.830000,1083000
2018-02-16,12.720000,12.960000,12.590000,12.720000,12.720000,1185600
2018-02-20,12.740000,13.040000,12.460000,12.540000,12.540000,996700
2018-02-21,12.560000,12.680000,12.010000,12.010000,12.010000,1188700
2018-02-22,12.090000,12.690000,12.030000,12.370000,12.370000,963100
2018-02-23,12.490000,12.830000,12.360000,12.830000,12.830000,775100
2018-02-26,12.930000,13.050000,12.480000,12.820000,12.820000,997800
2018-02-27,12.760000,13.110000,12.520000,12.580000,12.580000,1771400
2018-02-28,12.800000,13.110000,12.070000,12.080000,12.080000,2263500
2018-03-01,12.030000,12.630000,11.870000,12.550000,12.550000,1311100
2018-03-02,12.500000,13.020000,12.070000,13.010000,13.010000,1151900
2018-03-05,12.840000,13.250000,12.820000,12.990000,12.990000,1508900
2018-03-06,13.090000,13.250000,12.950000,12.980000,12.980000,1227600
2018-03-07,12.730000,13.180000,12.660000,13.090000,13.090000,1805700
2018-03-08,13.160000,13.170000,12.850000,12.970000,12.970000,963800
2018-03-09,13.200000,13.320000,13.000000,13.150000,13.150000,1204600
2018-03-12,13.230000,13.360000,12.910000,13.190000,13.190000,1096800
2018-03-13,13.230000,13.360000,12.910000,12.910000,12.910000,612400
2018-03-14,12.930000,13.000000,12.695000,12.930000,12.930000,670400
2018-03-15,13.020000,13.325000,12.410000,12.700000,12.700000,1358200
2018-03-16,12.660000,12.940000,12.510000,12.800000,12.800000,1136400
2018-03-19,12.610000,12.790000,11.910000,11.990000,11.990000,1848200
2018-03-20,12.090000,12.250000,11.520000,11.900000,11.900000,2696700
2018-03-21,11.960000,12.520000,11.940000,12.510000,12.510000,1698100
2018-03-22,12.360000,12.480000,11.950000,12.110000,12.110000,1550900
2018-03-23,12.260000,12.690000,11.920000,12.040000,12.040000,1535900
2018-03-26,12.230000,12.250000,11.630000,11.910000,11.910000,1183500
2018-03-27,11.900000,11.900000,11.340000,11.460000,11.460000,1004300
2018-03-28,11.450000,11.560000,11.090000,11.180000,11.180000,1392100
2018-03-29,11.230000,11.625000,11.130000,11.460000,11.460000,998200
2018-04-02,11.270000,11.400000,10.780000,11.180000,11.180000,1221500
2018-04-03,11.260000,11.640000,10.670000,10.800000,10.800000,1931800
2018-04-04,10.590000,10.850000,10.280000,10.550000,10.550000,3242100
2018-04-05,10.500000,11.370000,10.460000,11.160000,11.160000,2327300
2018-04-06,11.020000,11.040000,10.390000,10.720000,10.720000,1967900
2018-04-09,10.840000,11.370000,10.740000,10.930000,10.930000,1713300
2018-04-10,11.140000,11.985000,11.045000,11.890000,11.890000,2557700
2018-04-11,11.840000,12.410000,11.760000,12.110000,12.110000,2554400
2018-04-12,12.080000,12.370000,11.820000,12.330000,12.330000,1768000
2018-04-13,12.460000,12.960000,12.290000,12.800000,12.800000,1449700
2018-04-16,12.780000,13.000000,12.450000,13.000000,13.000000,1239600
2018-04-17,13.020000,13.120000,12.700000,13.080000,13.080000,1047500
2018-04-18,13.160000,13.920000,13.110000,13.790000,13.790000,2208700
2018-04-19,13.840000,14.279000,13.540000,13.660000,13.660000,2335800
2018-04-20,13.770000,13.950000,13.450000,13.710000,13.710000,1556900
2018-04-23,13.640000,14.040000,13.165000,13.940000,13.940000,984200
2018-04-24,14.040000,14.116000,13.510000,13.610000,13.610000,1912300
2018-04-25,13.570000,13.920000,13.470000,13.750000,13.750000,1544800
2018-04-26,13.850000,14.270000,13.610000,14.220000,14.220000,4342900
2018-04-27,14.160000,14.170000,13.790000,14.070000,14.070000,1260700
2018-04-30,14.010000,14.370000,13.775000,14.120000,14.120000,1546000
2018-05-01,14.130000,14.260000,13.860000,14.160000,14.160000,1092900
2018-05-02,14.080000,14.560000,13.730000,14.280000,14.280000,1252300
2018-05-03,14.160000,14.290000,13.880000,14.050000,14.050000,989600
2018-05-04,14.130000,14.285000,13.960000,14.030000,14.030000,1787100
2018-05-07,14.260000,15.040000,14.210000,14.220000,14.220000,1484400
2018-05-08,14.190000,14.770000,13.730000,14.730000,14.730000,2680000
2018-05-09,15.000000,15.310000,14.160000,14.400000,14.400000,4159400
2018-05-10,14.500000,14.730000,14.000000,14.650000,14.650000,3286900
2018-05-11,14.600000,15.110000,14.540000,14.700000,14.700000,1303400
2018-05-14,14.680000,14.870000,14.530000,14.570000,14.570000,1750100
2018-05-15,14.520000,14.850000,14.200000,14.410000,14.410000,1169400
2018-05-16,14.350000,14.610000,14.320000,14.520000,14.520000,1000900
2018-05-17,14.660000,15.260000,14.660000,15.160000,15.160000,1748300
2018-05-18,15.170000,16.120001,15.085000,16.059999,16.059999,4378500
2018-05-21,16.260000,16.540001,16.100000,16.530001,16.530001,3838600
2018-05-22,16.500000,17.000000,16.290001,16.450001,16.450001,3355300
2018-05-23,16.330000,16.629999,15.955000,16.510000,16.510000,1608300
2018-05-24,16.290001,16.660000,16.020000,16.430000,16.430000,2213100
2018-05-25,16.139999,16.309999,15.460000,15.720000,15.720000,3665700
2018-05-29,15.650000,16.525000,15.600000,16.209999,16.209999,2361800
2018-05-30,16.299999,17.375000,16.299999,17.250000,17.250000,3521700
2018-05-31,17.129999,17.350000,16.920000,16.959999,16.959999,2397000
2018-06-01,16.940001,17.420000,16.809999,17.160000,17.160000,2185900
2018-06-04,17.250000,17.389999,16.650000,16.799999,16.799999,2825200
2018-06-05,16.709999,17.059999,16.389999,16.549999,16.549999,2706000
2018-06-06,16.660000,16.940001,16.330000,16.490000,16.490000,2195600
2018-06-07,16.629999,16.969999,16.600000,16.670000,16.670000,1233700
2018-06-08,16.700001,16.840000,15.700000,16.100000,16.100000,2724400
2018-06-11,16.100000,16.230000,15.650000,15.700000,15.700000,1902600
2018-06-12,15.720000,15.880000,15.320000,15.420000,15.420000,1594900
2018-06-13,15.470000,15.550000,15.075000,15.280000,15.280000,2093300
2018-06-14,15.440000,15.620000,14.960000,15.060000,15.060000,2484100
2018-06-15,15.040000,15.070000,14.660000,14.670000,14.670000,2118600
2018-06-18,14.630000,15.120000,14.630000,14.690000,14.690000,1560500
2018-06-19,14.400000,14.770000,14.350000,14.420000,14.420000,1463800
2018-06-20,14.590000,14.900000,14.340000,14.530000,14.530000,811400
2018-06-21,14.430000,14.790000,14.070000,14.190000,14.190000,1509500
2018-06-22,14.620000,15.610000,14.620000,15.170000,15.170000,3368600
2018-06-25,15.140000,15.440000,14.600000,14.670000,14.670000,1689900
2018-06-26,14.760000,15.270000,14.580000,15.180000,15.180000,1297900
2018-06-27,15.350000,15.700000,14.930000,14.970000,14.970000,1947600
2018-06-28,15.060000,15.240000,14.000000,14.950000,14.950000,2216900
2018-06-29,14.970000,15.160000,14.670000,14.690000,14.690000,1535500
2018-07-02,14.570000,15.080000,14.150000,14.510000,14.510000,901600
2018-07-03,14.650000,15.160000,14.490000,14.750000,14.750000,1228200
2018-07-05,14.790000,14.940000,14.520000,14.720000,14.720000,1394700
2018-07-06,14.660000,15.080000,14.540000,14.920000,14.920000,623500
2018-07-09,14.820000,15.170000,14.620000,15.070000,15.070000,1419300
2018-07-10,15.310000,15.680000,15.060000,15.300000,15.300000,1824100
2018-07-11,15.150000,15.700000,14.840000,15.060000,15.060000,1613800
2018-07-12,15.140000,15.300000,14.660000,14.910000,14.910000,981600
2018-07-13,15.090000,15.140000,14.540000,14.560000,14.560000,1644900
2018-07-16,14.150000,14.190000,13.480000,13.890000,13.890000,2375200
2018-07-17,13.830000,14.160000,13.670000,13.820000,13.820000,820200
2018-07-18,13.830000,14.070000,13.270000,13.920000,13.920000,1990100
2018-07-19,13.850000,14.105000,13.600000,14.060000,14.060000,881600
2018-07-20,14.100000,14.250000,13.930000,13.960000,13.960000,1589400
2018-07-23,14.050000,14.280000,13.660000,14.260000,14.260000,1050400
2018-07-24,14.330000,14.560000,14.150000,14.250000,14.250000,907000
2018-07-25,14.300000,14.920000,14.110000,14.620000,14.620000,934700
2018-07-26,14.570000,15.030000,14.380000,14.940000,14.940000,970000
2018-07-27,14.900000,15.070000,14.510000,14.540000,14.540000,888300
2018-07-30,14.640000,15.410000,14.640000,15.230000,15.230000,1743400
2018-07-31,15.160000,15.310000,14.760000,15.120000,15.120000,1165200
2018-08-01,15.070000,15.280000,14.730000,15.130000,15.130000,1124800
2018-08-02,15.010000,15.570000,14.910000,15.490000,15.490000,835600
2018-08-03,15.430000,15.560000,15.010000,15.180000,15.180000,1923700
2018-08-06,15.260000,15.340000,14.560000,14.600000,14.600000,2719300
2018-08-07,14.350000,14.360000,12.690000,12.920000,12.920000,7892900
2018-08-08,12.980000,13.540000,12.530000,12.785000,12.785000,2438600
2018-08-09,12.620000,12.870000,12.090000,12.600000,12.600000,4066300
2018-08-10,12.600000,12.910000,12.240000,12.270000,12.270000,2190600
2018-08-13,12.230000,12.460000,11.500000,11.800000,11.800000,2469300
2018-08-14,11.870000,12.110000,11.525000,11.710000,11.710000,2602000
2018-08-15,11.650000,11.740000,11.140000,11.190000,11.190000,2004800
2018-08-16,11.210000,11.720000,11.100000,11.640000,11.640000,1535700
2018-08-17,11.630000,11.760000,11.320000,11.580000,11.580000,1632600
2018-08-20,11.360000,11.690000,11.350000,11.630000,11.630000,1111600
2018-08-21,11.720000,12.070000,11.720000,11.850000,11.850000,1505000
2018-08-22,11.940000,12.550000,11.720000,12.240000,12.240000,2628600
2018-08-23,12.200000,12.300000,11.690000,11.820000,11.820000,1413300
2018-08-24,11.940000,12.025000,11.760000,11.820000,11.820000,1095000
2018-08-27,11.840000,11.960000,11.590000,11.600000,11.600000,726200
2018-08-28,11.590000,11.820000,11.430000,11.730000,11.730000,2842400
2018-08-29,11.750000,12.205000,11.370000,11.760000,11.760000,5680800
2018-08-30,11.930000,12.000000,10.860000,11.450000,11.450000,4428800
2018-08-31,11.430000,11.630000,11.220000,11.550000,11.550000,1312400
2018-09-04,11.590000,11.730000,11.430000,11.590000,11.590000,1843400
2018-09-05,11.520000,11.655000,11.190000,11.560000,11.560000,1252100
2018-09-06,11.560000,11.560000,10.970000,11.030000,11.030000,2074600
2018-09-07,10.990000,11.030000,10.690000,10.830000,10.830000,1637600
2018-09-10,10.880000,11.005000,10.770000,10.840000,10.840000,2123700
2018-09-11,10.870000,10.950000,10.200000,10.740000,10.740000,3127600
2018-09-12,10.800000,10.940000,10.340000,10.450000,10.450000,2544800
2018-09-13,10.370000,10.550000,10.050000,10.450000,10.450000,2593300
2018-09-14,10.300000,10.475000,10.040000,10.250000,10.250000,3082700
2018-09-17,10.320000,10.410000,10.170000,10.310000,10.310000,1573100
2018-09-18,10.420000,10.810000,10.420000,10.800000,10.800000,2141100
2018-09-19,10.760000,10.970000,10.680000,10.730000,10.730000,1682600
2018-09-20,10.820000,11.040000,10.700000,10.900000,10.900000,2228400
2018-09-21,10.980000,11.090000,10.860000,11.010000,11.010000,4271900
2018-09-24,11.110000,11.430000,10.930000,11.070000,11.070000,1566400
2018-09-25,11.100000,11.410000,10.960000,11.160000,11.160000,1447800
2018-09-26,11.080000,11.430000,11.020000,11.280000,11.280000,1425600
2018-09-27,11.360000,11.510000,11.110000,11.130000,11.130000,1086100
2018-09-28,11.140000,11.340000,11.020000,11.290000,11.290000,1561300
2018-10-01,11.360000,11.820000,11.190000,11.470000,11.470000,1657100
2018-10-02,11.440000,11.560000,11.040000,11.050000,11.050000,1500600
2018-10-03,11.080000,11.155000,10.810000,11.070000,11.070000,2990200
2018-10-04,11.020000,11.200000,10.670000,10.770000,10.770000,1505600
2018-10-05,10.730000,10.880000,10.370000,10.710000,10.710000,1676600
2018-10-08,10.640000,10.920000,10.430000,10.630000,10.630000,863200
2018-10-09,10.630000,11.025000,10.470000,10.850000,10.850000,2082100
2018-10-10,10.910000,11.015000,10.530000,10.590000,10.590000,2382500
2018-10-11,10.580000,10.760000,10.250000,10.400000,10.400000,1999300
2018-10-12,10.590000,10.860000,10.370000,10.690000,10.690000,2057100
2018-10-15,10.660000,11.030000,10.620000,10.960000,10.960000,1802400
2018-10-16,11.050000,11.280000,10.890000,11.000000,11.000000,1952900
2018-10-17,10.950000,11.090000,10.700000,10.810000,10.810000,2703600
2018-10-18,10.680000,10.680000,10.030000,10.480000,10.480000,3580700
2018-10-19,9.150000,9.220000,8.800000,9.090000,9.090000,12193400
2018-10-22,9.010000,9.150000,8.410000,8.645000,8.645000,6206600
2018-10-23,8.380000,8.500000,7.770000,8.130000,8.130000,4661800
2018-10-24,8.180000,8.490000,8.020000,8.060000,8.060000,6856200
2018-10-25,8.130000,8.220000,7.930000,7.970000,7.970000,6711400
2018-10-26,7.900000,7.900000,7.520000,7.610000,7.610000,5156500
2018-10-29,7.620000,7.810000,7.200000,7.330000,7.330000,4618400
2018-10-30,7.320000,7.700000,7.225000,7.660000,7.660000,6900500
2018-10-31,7.720000,8.240000,7.670000,7.990000,7.990000,3936700
2018-11-01,8.050000,8.340000,7.920000,8.330000,8.330000,4815900
2018-11-02,8.410000,8.490000,7.970000,8.250000,8.250000,5097000
2018-11-05,8.290000,8.830000,8.280000,8.720000,8.720000,5373100
2018-11-06,8.920000,8.960000,8.540000,8.690000,8.690000,6334000
2018-11-07,10.010000,10.310000,9.070000,9.440000,9.440000,16095100
2018-11-08,9.100000,9.169000,8.403000,8.645000,8.645000,6511200
2018-11-09,8.490000,8.530000,8.000000,8.425000,8.425000,3521100
2018-11-12,8.450000,8.550000,7.110000,7.130000,7.130000,5974100
2018-11-13,7.230000,7.430000,6.895000,7.060000,7.060000,6588500
2018-11-14,7.240000,7.460000,6.870000,7.030000,7.030000,4625900
2018-11-15,6.940000,7.300000,6.865000,6.990000,6.990000,4134500
2018-11-16,7.010000,7.010000,6.600000,6.750000,6.750000,4729600
2018-11-19,6.810000,7.020000,6.570000,7.010000,7.010000,7432100
2018-11-20,6.800000,7.040000,6.560000,6.660000,6.660000,6883400
2018-11-21,6.750000,7.000000,6.650000,6.910000,6.910000,2506400
2018-11-23,6.650000,6.725000,6.430000,6.460000,6.460000,1306500
2018-11-26,6.580000,6.640000,6.240000,6.330000,6.330000,2466300
2018-11-27,6.250000,6.310000,5.975000,6.030000,6.030000,4392300
2018-11-28,6.050000,6.080000,5.700000,5.950000,5.950000,3884700
2018-11-29,5.970000,6.050000,5.780000,5.980000,5.980000,4033300
2018-11-30,5.820000,5.910000,5.430000,5.700000,5.700000,4099000
2018-12-03,5.900000,6.250000,5.900000,6.200000,6.200000,4300400
2018-12-04,6.170000,6.280000,5.940000,5.980000,5.980000,3032300
2018-12-06,5.830000,5.840000,5.410000,5.540000,5.540000,4210300
2018-12-07,5.500000,5.725000,5.420000,5.550000,5.550000,3766600
2018-12-10,5.440000,5.550000,5.120000,5.220000,5.220000,3033200
2018-12-11,5.320000,5.465000,5.160000,5.250000,5.250000,1983100
2018-12-12,5.340000,5.540000,5.300000,5.330000,5.330000,1830600
2018-12-13,5.310000,5.375000,5.170000,5.250000,5.250000,2112200
2018-12-14,5.140000,5.190000,4.790000,4.800000,4.800000,3727100
2018-12-17,4.720000,4.860000,4.570000,4.640000,4.640000,4534600
2018-12-18,4.660000,4.730000,4.430000,4.560000,4.560000,7329200
2018-12-19,4.590000,4.680000,4.330000,4.390000,4.390000,7685900
2018-12-20,4.350000,4.470000,4.180000,4.350000,4.350000,7897900
2018-12-21,4.390000,4.470000,4.020000,4.110000,4.110000,10128100
2018-12-24,4.060000,4.240000,3.860000,3.880000,3.880000,2565900
2018-12-26,3.940000,4.420000,3.790000,4.400000,4.400000,4902100
2018-12-27,4.300000,4.645000,4.245000,4.470000,4.470000,4185300
2018-12-28,4.500000,4.650000,4.340000,4.390000,4.390000,2155200
2018-12-31,4.440000,4.608000,4.110000,4.290000,4.290000,2217500
2019-01-02,4.180000,4.470000,4.040000,4.390000,4.390000,3351400
2019-01-03,4.400000,4.480000,4.210000,4.270000,4.270000,2468400
2019-01-04,4.380000,4.590000,4.370000,4.500000,4.500000,4761600
2019-01-07,4.510000,4.580000,4.370000,4.440000,4.440000,4487700
2019-01-08,4.520000,4.575000,4.220000,4.480000,4.480000,2580500
2019-01-09,4.540000,4.730000,4.420000,4.720000,4.720000,3284000
2019-01-10,4.690000,5.005000,4.600000,4.870000,4.870000,3040300
2019-01-11,4.810000,4.960000,4.670000,4.800000,4.800000,3287300
2019-01-14,4.730000,4.840000,4.670000,4.740000,4.740000,4750200
2019-01-15,4.770000,4.870000,4.732000,4.810000,4.810000,3860800
2019-01-16,4.800000,5.060000,4.800000,4.870000,4.870000,3994900
2019-01-17,4.840000,4.840000,4.670000,4.780000,4.780000,4810100
2019-01-18,4.820000,5.040000,4.730000,4.950000,4.950000,3450400
2019-01-22,4.880000,4.880000,4.510000,4.620000,4.620000,3580300
2019-01-23,4.650000,4.700000,4.310000,4.380000,4.380000,3031300
2019-01-24,4.380000,4.410000,4.010000,4.390000,4.390000,3370800
2019-01-25,4.420000,4.520000,4.310000,4.350000,4.350000,1984500
2019-01-28,4.300000,4.310000,4.030000,4.110000,4.110000,3007200
2019-01-29,4.130000,4.150000,3.985000,4.060000,4.060000,3855900
2019-01-30,4.080000,4.175000,3.940000,4.140000,4.140000,7412700
2019-01-31,4.150000,4.170000,3.930000,3.940000,3.940000,3186800
2019-02-01,3.960000,4.010000,3.795000,3.930000,3.930000,3163700
2019-02-04,3.940000,4.230000,3.890000,4.170000,4.170000,4741900
2019-02-05,4.170000,4.220000,3.920000,3.940000,3.940000,1847700
2019-02-06,3.930000,4.040000,3.870000,3.880000,3.880000,2217100
2019-02-07,3.860000,3.880000,3.540000,3.570000,3.570000,3431600
2019-02-08,3.550000,3.585000,3.390000,3.490000,3.490000,2523400
2019-02-11,3.450000,3.500000,3.390000,3.450000,3.450000,3556200
2019-02-12,3.510000,3.660000,3.140000,3.500000,3.500000,8360500
2019-02-13,3.520000,3.660000,3.490000,3.530000,3.530000,5652700
2019-02-14,3.500000,3.715000,3.500000,3.670000,3.670000,2457500
2019-02-15,3.710000,3.910000,3.695000,3.890000,3.890000,3329400
2019-02-19,3.870000,3.925000,3.780000,3.790000,3.790000,2444500
2019-02-20,3.790000,3.950000,3.760000,3.910000,3.910000,3792500
2019-02-21,3.940000,4.081000,3.715000,3.810000,3.810000,8420300
2019-02-22,4.450000,5.050000,4.390000,4.520000,4.520000,12829600
2019-02-25,4.460000,4.640000,4.420000,4.580000,4.580000,5654600
2019-02-26,4.560000,4.650000,4.455000,4.540000,4.540000,2698300
2019-02-27,4.570000,4.570000,4.160000,4.180000,4.180000,6619600
2019-02-28,4.190000,4.260000,4.100000,4.200000,4.200000,4211800
2019-03-01,4.230000,4.360000,4.130000,4.160000,4.160000,4354400
2019-03-04,4.230000,4.300000,4.120000,4.250000,4.250000,2911500
2019-03-05,4.330000,4.330000,4.065000,4.130000,4.130000,4225200
2019-03-06,4.090000,4.100000,3.715000,3.860000,3.860000,4207800
2019-03-07,3.880000,3.925000,3.740000,3.860000,3.860000,6825100
2019-03-08,3.770000,3.795000,3.580000,3.620000,3.620000,6301100
2019-03-11,3.630000,3.780000,3.525000,3.760000,3.760000,6348000
2019-03-12,3.780000,3.880000,3.730000,3.810000,3.810000,4949100
2019-03-13,3.860000,4.080000,3.860000,4.040000,4.040000,3561000
2019-03-14,4.020000,4.130000,3.990000,4.080000,4.080000,2683800
2019-03-15,4.050000,4.110000,3.950000,3.960000,3.960000,7089200
2019-03-18,3.990000,4.300000,3.940000,4.240000,4.240000,3814800
2019-03-19,4.270000,4.320000,4.210000,4.290000,4.290000,2877900
2019-03-20,4.280000,4.460000,4.160000,4.400000,4.400000,9578900
2019-03-21,4.400000,4.480000,4.330000,4.460000,4.460000,4971600
2019-03-22,4.410000,4.410000,4.150000,4.190000,4.190000,3935700
2019-03-25,4.160000,4.170000,4.010000,4.150000,4.150000,6513800
2019-03-26,4.200000,4.310000,4.125000,4.230000,4.230000,3365000
2019-03-27,4.240000,4.290000,3.995000,4.180000,4.180000,3680200
2019-03-28,4.140000,4.190000,4.040000,4.170000,4.170000,6281300
2019-03-29,4.210000,4.335000,4.130000,4.230000,4.230000,11623800
2019-04-01,4.310000,4.460000,4.230000,4.370000,4.370000,4585000
2019-04-02,4.400000,4.460000,4.240000,4.250000,4.250000,5924900
2019-04-03,4.330000,4.345000,4.190000,4.280000,4.280000,5484100
2019-04-04,4.210000,4.950000,4.210000,4.890000,4.890000,6360800
2019-04-05,4.860000,5.428000,4.860000,5.300000,5.300000,7042400
2019-04-08,5.350000,5.520000,5.210000,5.360000,5.360000,4350500
2019-04-09,5.310000,5.370000,4.980000,5.010000,5.010000,5099100
2019-04-10,5.030000,5.115000,4.940000,5.080000,5.080000,3463000
2019-04-11,5.060000,5.080000,4.860000,4.900000,4.900000,5411900
2019-04-12,5.140000,5.240000,5.000000,5.120000,5.120000,4840500
2019-04-15,5.110000,5.150000,4.950000,5.010000,5.010000,3588100
2019-04-16,5.060000,5.098000,4.880000,5.020000,5.020000,2915300
2019-04-17,5.040000,5.135000,4.870000,5.060000,5.060000,6594000
2019-04-18,5.060000,5.220000,5.040000,5.060000,5.060000,4482300
2019-04-22,5.130000,5.600000,5.090000,5.590000,5.590000,6263900
2019-04-23,5.610000,5.670000,5.355000,5.480000,5.480000,4685200
2019-04-24,5.480000,5.490000,5.230000,5.240000,5.240000,7593700
2019-04-25,5.290000,5.425000,5.120000,5.170000,5.170000,3414200
2019-04-26,5.110000,5.126000,4.700000,4.820000,4.820000,5215500
2019-04-29,4.850000,4.900000,4.670000,4.730000,4.730000,4321800
2019-04-30,4.770000,4.800000,4.630000,4.700000,4.700000,3535700
2019-05-01,4.710000,4.760000,4.440000,4.470000,4.470000,2817300
2019-05-02,4.430000,4.511000,4.245000,4.260000,4.260000,4641600
2019-05-03,4.160000,4.645000,4.100000,4.580000,4.580000,7676600
2019-05-06,4.420000,4.580000,4.310000,4.560000,4.560000,4357600
2019-05-07,4.500000,4.510000,4.260000,4.410000,4.410000,3795700
2019-05-08,4.420000,4.515000,4.270000,4.370000,4.370000,3956400
2019-05-09,4.300000,4.390000,4.240000,4.310000,4.310000,1745400
2019-05-10,4.310000,4.335000,4.130000,4.240000,4.240000,2241000
2019-05-13,4.200000,4.260000,3.870000,3.960000,3.960000,2906900
2019-05-14,3.990000,4.130000,3.980000,4.120000,4.120000,1980700
2019-05-15,4.070000,4.289000,3.970000,4.270000,4.270000,1966500
2019-05-16,4.300000,4.350000,4.160000,4.180000,4.180000,2143500
2019-05-17,4.120000,4.190000,3.895000,3.970000,3.970000,4098500
2019-05-20,3.950000,4.065000,3.925000,4.020000,4.020000,3020200
2019-05-21,4.060000,4.250000,4.015000,4.210000,4.210000,4251800
2019-05-22,4.130000,4.200000,3.900000,3.950000,3.950000,4047700
2019-05-23,3.840000,3.840000,3.550000,3.600000,3.600000,4121700
2019-05-24,3.660000,3.770000,3.410000,3.670000,3.670000,5378000
2019-05-28,3.620000,3.630000,3.385000,3.420000,3.420000,5099100
2019-05-29,3.300000,3.530000,3.256000,3.510000,3.510000,5519500
2019-05-30,3.530000,3.612000,3.380000,3.450000,3.450000,4166500
2019-05-31,3.330000,3.460000,3.221000,3.390000,3.390000,4653000
2019-06-03,3.420000,3.450000,3.300000,3.410000,3.410000,2952000
2019-06-04,3.520000,3.735000,3.430000,3.640000,3.640000,7537200
2019-06-05,3.620000,3.620000,3.330000,3.490000,3.490000,5640000
2019-06-06,3.500000,3.740000,3.470000,3.680000,3.680000,5536800
2019-06-07,3.670000,3.730000,3.520000,3.650000,3.650000,5254200
2019-06-10,3.690000,3.745000,3.570000,3.600000,3.600000,9118700
2019-06-11,3.670000,3.850000,3.635000,3.650000,3.650000,5600700
2019-06-12,3.570000,3.605000,3.360000,3.400000,3.400000,4360500
2019-06-13,3.490000,3.760000,3.400000,3.680000,3.680000,6415900
2019-06-14,3.660000,3.700000,3.400000,3.430000,3.430000,10154700
2019-06-17,3.430000,3.695000,3.405000,3.680000,3.680000,3799900
2019-06-18,3.710000,3.860000,3.670000,3.830000,3.830000,4515700
2019-06-19,3.800000,3.860000,3.680000,3.710000,3.710000,6022200
2019-06-20,3.830000,4.157000,3.790000,4.060000,4.060000,6956900
2019-06-21,4.080000,4.260000,4.070000,4.160000,4.160000,6531700
2019-06-24,4.200000,4.280000,4.040000,4.080000,4.080000,5871500
2019-06-25,4.070000,4.270000,3.980000,4.160000,4.160000,6176800
2019-06-26,4.240000,4.470000,4.110000,4.370000,4.370000,5854200
2019-06-27,4.380000,4.460000,4.225000,4.290000,4.290000,11118200
2019-06-28,4.340000,4.450000,4.260000,4.330000,4.330000,13580500
2019-07-01,4.480000,4.600000,4.290000,4.380000,4.380000,4844000
2019-07-02,4.350000,4.393000,4.160000,4.220000,4.220000,3569700
2019-07-03,4.250000,4.250000,3.960000,4.130000,4.130000,3913300
2019-07-05,4.120000,4.315000,4.070000,4.110000,4.110000,2636100
2019-07-08,4.090000,4.160000,3.970000,3.990000,3.990000,3919600
2019-07-09,3.960000,4.070000,3.875000,4.040000,4.040000,2372600
2019-07-10,4.100000,4.280000,3.950000,4.260000,4.260000,2223600
2019-07-11,4.260000,4.260000,3.980000,4.090000,4.090000,2448900
2019-07-12,4.050000,4.395000,4.050000,4.280000,4.280000,2051800
2019-07-15,4.290000,4.405000,4.130000,4.210000,4.210000,4895800
2019-07-16,4.230000,4.365000,4.110000,4.170000,4.170000,4660300
2019-07-17,4.200000,4.255000,3.840000,3.880000,3.880000,6237900
2019-07-18,3.890000,3.950000,3.710000,3.800000,3.800000,4457900
2019-07-19,3.800000,4.040000,3.740000,3.990000,3.990000,3080900
2019-07-22,4.000000,4.140000,3.935000,4.040000,4.040000,4896500
2019-07-23,4.030000,4.140000,4.000000,4.080000,4.080000,3684300
2019-07-24,4.070000,4.229000,4.050000,4.130000,4.130000,2867600
2019-07-25,4.150000,4.180000,3.870000,3.910000,3.910000,3977000
2019-07-26,3.930000,3.930000,3.580000,3.600000,3.600000,4070000
2019-07-29,3.590000,3.650000,3.370000,3.410000,3.410000,6152200
2019-07-30,3.370000,3.840000,3.290000,3.750000,3.750000,6151800
2019-07-31,3.700000,3.920000,3.555000,3.710000,3.710000,4016300
2019-08-01,3.620000,3.685000,3.260000,3.370000,3.370000,3863900
2019-08-02,3.460000,3.667000,3.040000,3.310000,3.310000,4680500
2019-08-05,3.180000,3.275000,3.080000,3.190000,3.190000,4121400
2019-08-06,3.200000,3.380000,3.070000,3.360000,3.360000,4371800
2019-08-07,3.250000,3.590000,3.190000,3.500000,3.500000,3452900
2019-08-08,3.540000,3.840000,3.500000,3.840000,3.840000,3725600
2019-08-09,3.870000,4.110000,3.815000,4.070000,4.070000,3696100
2019-08-12,4.020000,4.180000,3.960000,4.100000,4.100000,3137700
2019-08-13,4.080000,4.305000,3.910000,4.240000,4.240000,2796600
2019-08-14,4.000000,4.050000,3.810000,3.990000,3.990000,2367100
2019-08-15,4.000000,4.125000,3.870000,3.930000,3.930000,1667400
2019-08-16,3.970000,4.140000,3.879000,4.120000,4.120000,3511900
2019-08-19,4.190000,4.310000,4.090000,4.290000,4.290000,3487300
2019-08-20,4.240000,4.249000,4.040000,4.210000,4.210000,2690600
2019-08-21,4.270000,4.460000,4.220000,4.320000,4.320000,3806200
2019-08-22,4.330000,4.345000,4.175000,4.210000,4.210000,2450300
2019-08-23,4.080000,4.140000,3.900000,3.970000,3.970000,3572400
2019-08-26,3.980000,4.250000,3.980000,4.150000,4.150000,1876000
2019-08-27,4.200000,4.210000,3.985000,4.060000,4.060000,1241700
2019-08-28,4.110000,4.270000,4.050000,4.150000,4.150000,1621700
2019-08-29,4.220000,4.560000,4.210000,4.530000,4.530000,2055500
2019-08-30,4.470000,4.470000,3.940000,4.030000,4.030000,2464200
2019-09-03,3.850000,3.885000,3.550000,3.740000,3.740000,2643300
2019-09-04,3.770000,3.860000,3.690000,3.770000,3.770000,1712300
2019-09-05,3.780000,3.920000,3.430000,3.450000,3.450000,3513100
2019-09-06,3.420000,3.510000,3.230000,3.310000,3.310000,2877500
2019-09-09,3.350000,3.710000,3.325000,3.710000,3.710000,3405900
2019-09-10,3.740000,4.100000,3.640000,3.670000,3.670000,3589000
2019-09-11,3.750000,3.850000,3.550000,3.620000,3.620000,2172700
2019-09-12,3.540000,3.540000,3.260000,3.270000,3.270000,2743100
2019-09-13,3.320000,3.420000,3.190000,3.230000,3.230000,2523400
2019-09-16,3.710000,4.180000,3.700000,4.150000,4.150000,6959200
2019-09-17,4.160000,4.170000,3.580000,3.600000,3.600000,4153600
2019-09-18,3.540000,3.540000,3.200000,3.280000,3.280000,3900000
2019-09-19,3.310000,3.340000,3.120000,3.210000,3.210000,2609300
2019-09-20,3.230000,3.270000,3.070000,3.190000,3.190000,9333600
2019-09-23,3.130000,3.240000,3.120000,3.155000,3.155000,2515700
2019-09-24,3.140000,3.190000,2.977000,3.030000,3.030000,3374300
2019-09-25,2.990000,3.130000,2.950000,3.040000,3.040000,1766700
2019-09-26,3.020000,3.050000,2.750000,2.960000,2.960000,2727800
2019-09-27,2.910000,2.990000,2.770000,2.940000,2.940000,2480100
2019-09-30,2.900000,3.000000,2.810000,2.940000,2.940000,1847200
2019-10-01,2.980000,3.055000,2.700000,2.800000,2.800000,3471300
2019-10-02,2.760000,2.880000,2.720000,2.740000,2.740000,2683000
2019-10-03,2.710000,2.860000,2.660000,2.780000,2.780000,1769600
2019-10-04,2.810000,2.855000,2.670000,2.680000,2.680000,1776500
2019-10-07,2.670000,2.915000,2.630000,2.740000,2.740000,1582200
2019-10-08,2.700000,2.770000,2.650000,2.680000,2.680000,1571200
2019-10-09,2.720000,2.750000,2.620000,2.650000,2.650000,1337300
2019-10-10,2.640000,2.810000,2.610000,2.750000,2.750000,2042000
2019-10-11,2.780000,2.930000,2.685000,2.850000,2.850000,2567300
2019-10-14,2.780000,2.830000,2.650000,2.680000,2.680000,1784100
2019-10-15,2.700000,2.780000,2.620000,2.655000,2.655000,1606700
2019-10-16,2.520000,2.680000,2.460000,2.510000,2.510000,3073100
2019-10-17,2.370000,2.420000,2.250000,2.320000,2.320000,4133100
2019-10-18,2.290000,2.325000,2.100000,2.110000,2.110000,21000700
2019-10-21,2.100000,2.190000,1.920000,2.100000,2.100000,4267300
2019-10-22,2.100000,2.100000,1.970000,2.000000,2.000000,3412800
2019-10-23,2.000000,2.080000,1.930000,2.070000,2.070000,2267200
2019-10-24,2.100000,2.180000,2.060000,2.090000,2.090000,6688900
2019-10-25,2.080000,2.090000,1.965000,2.070000,2.070000,1512200
2019-10-28,2.070000,2.110000,1.965000,1.970000,1.970000,1447700
2019-10-29,1.950000,1.980000,1.900000,1.930000,1.930000,3134700
2019-10-30,1.950000,1.990000,1.780000,1.800000,1.800000,2577300
2019-10-31,1.770000,1.840000,1.660000,1.700000,1.700000,2736600
2019-11-01,1.720000,2.070000,1.720000,2.040000,2.040000,3123400
2019-11-04,2.090000,2.415000,2.060000,2.280000,2.280000,3470600
2019-11-05,2.350000,2.405000,2.180000,2.260000,2.260000,2817700
2019-11-06,2.260000,2.370000,2.060000,2.060000,2.060000,3707200
2019-11-07,2.100000,2.260000,2.020000,2.230000,2.230000,2597100
2019-11-08,2.240000,2.330000,2.050000,2.140000,2.140000,3363700
2019-11-11,2.070000,2.080000,1.838000,1.870000,1.870000,3300200
2019-11-12,1.860000,2.010000,1.850000,1.890000,1.890000,1940200
2019-11-13,1.870000,1.990000,1.790000,1.810000,1.810000,2787300
2019-11-14,1.830000,1.885000,1.780000,1.800000,1.800000,1109100
2019-11-15,1.820000,1.830000,1.770000,1.800000,1.800000,2246000
2019-11-18,1.770000,1.840000,1.670000,1.780000,1.780000,2218600
2019-11-19,1.750000,1.800000,1.690000,1.690000,1.690000,2707200
2019-11-20,1.700000,1.770000,1.650000,1.680000,1.680000,2330800
2019-11-21,1.690000,1.725000,1.610000,1.680000,1.680000,1511700
2019-11-22,1.670000,1.740000,1.575000,1.590000,1.590000,1420200
2019-11-25,1.570000,1.640000,1.520000,1.630000,1.630000,1368000
2019-11-26,1.640000,1.650000,1.570000,1.600000,1.600000,1507500
2019-11-27,1.620000,1.650000,1.550000,1.560000,1.560000,1279200
2019-11-29,1.540000,1.540000,1.410000,1.440000,1.440000,1550500
2019-12-02,1.470000,1.530000,1.430000,1.440000,1.440000,1585200
2019-12-03,1.420000,1.490000,1.390000,1.460000,1.460000,1331500
2019-12-04,1.480000,1.520000,1.330000,1.490000,1.490000,4413200
2019-12-05,1.510000,1.610000,1.470000,1.590000,1.590000,1892400
2019-12-06,1.570000,1.760000,1.550000,1.750000,1.750000,2616700
2019-12-09,1.720000,1.860000,1.660000,1.820000,1.820000,1614300
2019-12-10,1.830000,1.950000,1.740000,1.840000,1.840000,1874400
2019-12-11,1.810000,1.940000,1.810000,1.910000,1.910000,1777300
2019-12-12,1.930000,2.000000,1.850000,1.870000,1.870000,2711200
2019-12-13,1.860000,1.980000,1.810000,1.820000,1.820000,1937700
2019-12-16,1.810000,1.860000,1.750000,1.850000,1.850000,4732900
2019-12-17,1.830000,2.170000,1.830000,2.050000,2.050000,4983400
2019-12-18,2.080000,2.120000,1.980000,2.080000,2.080000,3100300
2019-12-19,2.060000,2.150000,2.060000,2.070000,2.070000,2557400
2019-12-20,2.070000,2.160000,1.970000,2.030000,2.030000,11401800
2019-12-23,2.030000,2.120000,1.960000,2.070000,2.070000,3636200
2019-12-24,2.110000,2.140000,2.050000,2.080000,2.080000,1419500
2019-12-26,2.130000,2.190000,2.030000,2.090000,2.090000,2456500
2019-12-27,2.160000,2.190000,2.000000,2.020000,2.020000,1961300
2019-12-30,2.070000,2.070000,1.920000,1.920000,1.920000,2433900
2019-12-31,1.920000,2.180000,1.901000,2.120000,2.120000,4611200
2020-01-02,2.160000,2.170000,2.070000,2.110000,2.110000,2609200
2020-01-03,2.220000,2.480000,2.190000,2.410000,2.410000,5773400
2020-01-06,2.470000,2.585000,2.330000,2.400000,2.400000,3334300
2020-01-07,2.380000,2.470000,2.290000,2.450000,2.450000,2365100
2020-01-08,2.430000,2.520000,2.270000,2.270000,2.270000,1806800
2020-01-09,2.210000,2.330000,2.125000,2.220000,2.220000,2885700
2020-01-10,2.210000,2.300000,2.100000,2.110000,2.110000,2125600
2020-01-13,2.080000,2.140000,1.890000,1.950000,1.950000,1426900
2020-01-14,1.950000,2.020000,1.950000,1.950000,1.950000,673700
2020-01-15,1.940000,2.030000,1.890000,1.900000,1.900000,1078500
2020-01-16,1.910000,1.970000,1.870000,1.880000,1.880000,1212600
2020-01-17,1.920000,1.945000,1.825000,1.840000,1.840000,930200
2020-01-21,1.780000,1.820000,1.700000,1.720000,1.720000,1200000
2020-01-22,1.720000,1.720000,1.590000,1.680000,1.680000,1430200
2020-01-23,1.590000,1.602000,1.510000,1.550000,1.550000,1787500
2020-01-24,1.550000,1.550000,1.420000,1.530000,1.530000,2758300
2020-01-27,1.420000,1.550000,1.420000,1.490000,1.490000,2829400
2020-01-28,1.500000,1.550000,1.420000,1.500000,1.500000,3032400
2020-01-29,1.510000,1.570000,1.440000,1.460000,1.460000,3584900
2020-01-30,1.430000,1.490000,1.400000,1.450000,1.450000,1236000
2020-01-31,1.500000,1.500000,1.370000,1.420000,1.420000,1096100
2020-02-03,1.410000,1.520000,1.380000,1.460000,1.460000,1434600
2020-02-04,1.500000,1.560000,1.420000,1.450000,1.450000,1584600
2020-02-05,1.450000,1.590000,1.440000,1.530000,1.530000,2285100
2020-02-06,1.510000,1.580000,1.450000,1.460000,1.460000,1383400
2020-02-07,1.460000,1.460000,1.290000,1.310000,1.310000,2486700
2020-02-10,1.330000,1.330000,1.190000,1.200000,1.200000,1928100
2020-02-11,1.200000,1.220000,1.080000,1.120000,1.120000,2382000
2020-02-12,1.160000,1.200000,1.120000,1.130000,1.130000,676800
2020-02-13,1.090000,1.100000,1.020000,1.020000,1.020000,2005400
2020-02-14,1.010000,1.053000,0.917000,0.950000,0.950000,1379500
2020-02-18,0.940000,0.970000,0.930000,0.952000,0.952000,1373300
2020-02-19,0.950000,0.965000,0.912000,0.941000,0.941000,1430600
2020-02-20,0.940000,0.969000,0.880000,0.932000,0.932000,1414800
2020-02-21,0.940000,0.940000,0.860000,0.924000,0.924000,1316200
2020-02-24,0.870000,0.875000,0.789000,0.789000,0.789000,1145800
2020-02-25,0.795000,0.840000,0.740000,0.745000,0.745000,2142300
2020-02-26,0.740000,0.763000,0.657000,0.710000,0.710000,3414000
2020-02-27,0.680000,0.737000,0.620000,0.650000,0.650000,2963300
2020-02-28,0.620000,0.710000,0.602000,0.689000,0.689000,4086400
2020-03-02,0.716000,0.720000,0.600000,0.640000,0.640000,1123600
2020-03-03,0.647000,0.647000,0.580000,0.585000,0.585000,1276500
2020-03-04,0.606000,0.640000,0.542000,0.587000,0.587000,1142600
2020-03-05,0.578000,0.580000,0.502000,0.520000,0.520000,1485500
2020-03-06,0.445000,0.490000,0.400000,0.400000,0.400000,1718100
2020-03-09,0.305000,0.410000,0.280000,0.305000,0.305000,2558000
2020-03-10,0.389000,0.424000,0.300000,0.401000,0.401000,2448600
2020-03-11,0.360000,0.370000,0.260000,0.262000,0.262000,2252000
2020-03-12,0.250000,0.310000,0.220000,0.280000,0.280000,1606900
2020-03-13,0.300000,0.310000,0.210000,0.275000,0.275000,2840800
2020-03-16,0.275000,0.340000,0.250000,0.318000,0.318000,1841800
2020-03-17,0.340000,0.391000,0.270000,0.383000,0.383000,1364200
2020-03-18,0.369000,0.444000,0.326000,0.352000,0.352000,1722500
2020-03-19,0.368000,0.600000,0.349000,0.561000,0.561000,2404900
2020-03-20,0.630000,0.980000,0.562000,0.840000,0.840000,7569300
2020-03-23,0.890000,0.902000,0.564000,0.569000,0.569000,1674800
2020-03-24,0.600000,0.660000,0.570000,0.648000,0.648000,735700
2020-03-25,0.650000,0.650000,0.550000,0.580000,0.580000,920600
2020-03-26,0.609000,0.620000,0.565000,0.581000,0.581000,1047200
2020-03-27,0.582000,0.621000,0.501000,0.501000,0.501000,602600
2020-03-30,0.524000,0.576000,0.420000,0.435000,0.435000,1532800
2020-03-31,0.450000,0.480000,0.413000,0.422000,0.422000,1376300
2020-04-01,0.430000,0.432000,0.342000,0.359000,0.359000,901300
2020-04-02,0.383000,0.500000,0.360000,0.396000,0.396000,2084100
2020-04-03,0.377000,0.444000,0.350000,0.399000,0.399000,1345200
2020-04-06,0.382000,0.410000,0.380000,0.400000,0.400000,1155300
2020-04-07,0.416000,0.424000,0.360000,0.368000,0.368000,1136700
2020-04-08,0.370000,0.425000,0.360000,0.399000,0.399000,2270500
2020-04-09,0.425000,0.500000,0.360000,0.402000,0.402000,3170100
2020-04-13,0.420000,0.479000,0.380000,0.400000,0.400000,1342800
2020-04-14,0.401000,0.420000,0.360000,0.365000,0.365000,1082600
2020-04-15,0.370000,0.370000,0.320000,0.320000,0.320000,1497000
2020-04-16,0.328000,0.330000,0.301000,0.304000,0.304000,798700
2020-04-17,0.333000,0.333000,0.286000,0.289000,0.289000,1643500
2020-04-20,0.280000,0.320000,0.251000,0.274000,0.274000,1632000
2020-04-21,0.312000,0.312000,0.280000,0.290000,0.290000,1641000
2020-04-22,0.309000,0.330000,0.282000,0.307000,0.307000,1574700
2020-04-23,0.320000,0.476000,0.320000,0.419000,0.419000,7238900
2020-04-24,0.580000,0.660000,0.380000,0.404000,0.404000,8739700
2020-04-27,0.384000,0.445000,0.350000,0.430000,0.430000,2023700
2020-04-28,0.430000,0.480000,0.380000,0.405000,0.405000,2353000
2020-04-29,0.450000,0.470000,0.430000,0.454000,0.454000,2385300
2020-04-30,0.600000,0.600000,0.480000,0.530000,0.530000,4617100
2020-05-01,0.524000,0.529000,0.469000,0.489000,0.489000,1989200
2020-05-04,0.447000,0.495000,0.432000,0.455000,0.455000,838900
2020-05-05,0.512000,0.530000,0.480000,0.500000,0.500000,2530900
2020-05-06,0.500000,0.510000,0.449000,0.449000,0.449000,911700
2020-05-07,0.460000,0.480000,0.400000,0.400000,0.400000,1113200
2020-05-08,0.432000,0.434000,0.410000,0.422000,0.422000,770800
2020-05-11,0.430000,0.439000,0.400000,0.400000,0.400000,1038200
2020-05-12,0.430000,0.439000,0.340000,0.341000,0.341000,4052600
2020-05-13,0.356000,0.370000,0.290000,0.300000,0.300000,3481700
2020-05-14,0.301000,0.309000,0.281000,0.304000,0.304000,2882800
2020-05-15,0.300000,0.310000,0.270000,0.290000,0.290000,3516500
2020-05-18,0.316000,0.333000,0.299000,0.327000,0.327000,3495100
2020-05-19,0.338000,0.360000,0.333000,0.335000,0.335000,3086100
2020-05-20,0.349000,0.350000,0.315000,0.316000,0.316000,2378300
2020-05-21,0.324000,0.329000,0.300000,0.304000,0.304000,2350300
2020-05-22,0.318000,0.320000,0.291000,0.317000,0.317000,2128900
2020-05-26,0.325000,0.325000,0.300000,0.311000,0.311000,2506000
2020-05-27,0.308000,0.316000,0.295000,0.302000,0.302000,1956600
2020-05-28,0.305000,0.320000,0.290000,0.294000,0.294000,3064300
2020-05-29,0.293000,0.303000,0.285000,0.290000,0.290000,3187200
2020-06-01,0.296000,0.308000,0.290000,0.290000,0.290000,1935300
2020-06-02,0.300000,0.302000,0.291000,0.295000,0.295000,1406700
2020-06-03,0.300000,0.300000,0.280000,0.287000,0.287000,2656200
2020-06-04,0.299000,0.299000,0.278000,0.278000,0.278000,3978500
2020-06-05,0.318000,0.431000,0.283000,0.425000,0.425000,20485100
2020-06-08,0.750000,1.700000,0.720000,1.480000,1.480000,64395900
2020-06-09,1.200000,1.230000,1.000000,1.030000,1.030000,24032600
2020-06-10,0.790000,0.960000,0.660000,0.720000,0.720000,19714100
2020-06-11,0.600000,0.700000,0.575000,0.580000,0.580000,10594600
2020-06-12,0.845000,0.870000,0.630000,0.640000,0.640000,16562800
2020-06-15,0.500000,0.600000,0.500000,0.533000,0.533000,22469700
2020-06-16,0.687000,0.690000,0.490000,0.500000,0.500000,29461400