Date,Open,High,Low,Close,Adj Close,Volume
2020-02-13,10.010000,10.010000,9.990000,10.000000,10.000000,1865074
2020-02-14,10.000000,10.010000,9.985000,10.010000,10.010000,203987
2020-02-18,9.950000,10.009400,9.950000,10.000000,10.000000,20089
2020-02-19,10.000000,10.000000,9.990000,10.000000,10.000000,10181
2020-02-20,10.005000,10.011200,10.000000,10.005300,10.005300,28412
2020-02-21,10.000000,10.020000,10.000000,10.010000,10.010000,16702
2020-02-24,10.020000,10.020000,10.000000,10.000000,10.000000,31064
2020-02-25,10.000000,10.000000,10.000000,10.000000,10.000000,35581
2020-02-26,9.990000,9.990000,9.990000,9.990000,9.990000,1000
2020-02-27,9.990000,9.990000,9.990000,9.990000,9.990000,13136
2020-02-28,10.000000,10.000000,9.960000,9.980300,9.980300,40036
2020-03-02,9.980300,9.980300,9.980300,9.980300,9.980300,0
2020-03-03,9.970000,9.970000,9.970000,9.970000,9.970000,1900
2020-03-04,10.000000,10.000000,9.970000,9.970000,9.970000,11797
2020-03-05,10.020000,10.020000,9.950000,9.950000,9.950000,228717
2020-03-06,9.950000,9.960000,9.920000,9.960000,9.960000,5770
2020-03-09,9.960000,9.960000,9.960000,9.960000,9.960000,0
2020-03-10,9.990000,10.000000,9.990000,10.000000,10.000000,2500
2020-03-11,10.000000,10.000000,10.000000,10.000000,10.000000,0
2020-03-12,9.940000,9.980000,9.920000,9.970000,9.970000,101081
2020-03-13,9.900000,9.900000,9.800000,9.890000,9.890000,50700
2020-03-16,9.850000,9.850000,9.800000,9.800000,9.800000,2500
2020-03-17,9.750000,9.750000,9.590000,9.590000,9.590000,62568
2020-03-18,9.600000,9.637500,9.600000,9.610000,9.610000,1491
2020-03-19,9.772200,9.772200,9.772200,9.772200,9.772200,1052
2020-03-20,9.510000,9.560000,9.250000,9.560000,9.560000,10915
2020-03-23,9.560000,9.560000,9.550000,9.550000,9.550000,200000
2020-03-24,9.813800,9.813800,9.450000,9.450000,9.450000,292939
2020-03-25,9.450000,9.450000,9.450000,9.450000,9.450000,0
2020-03-26,9.500000,9.506000,9.499900,9.499900,9.499900,4663
2020-03-27,9.499900,9.499900,9.499900,9.499900,9.499900,0
2020-03-30,9.499900,9.499900,9.499900,9.499900,9.499900,0
2020-03-31,9.499900,9.499900,9.499900,9.499900,9.499900,0
2020-04-01,9.499900,9.499900,9.499900,9.499900,9.499900,0
2020-04-02,9.499900,9.499900,9.499900,9.499900,9.499900,0
2020-04-03,9.500000,9.500000,9.500000,9.500000,9.500000,500
2020-04-06,9.700000,9.720000,9.700000,9.720000,9.720000,1260
2020-04-07,9.750000,9.750000,9.710000,9.710000,9.710000,20300
2020-04-08,9.700000,9.700000,9.700000,9.700000,9.700000,1100
2020-04-09,9.700000,9.700000,9.700000,9.700000,9.700000,5000
2020-04-13,9.750000,9.750000,9.750000,9.750000,9.750000,528
2020-04-14,9.760000,9.760000,9.750000,9.750000,9.750000,1504
2020-04-15,9.750000,9.750000,9.750000,9.750000,9.750000,0
2020-04-16,9.720000,9.720000,9.720000,9.720000,9.720000,1000
2020-04-17,9.740000,9.765200,9.740000,9.765200,9.765200,23714
2020-04-20,9.740000,9.820000,9.740000,9.820000,9.820000,23318
2020-04-21,9.700000,9.830000,9.700000,9.830000,9.830000,16628
2020-04-22,9.800000,9.889900,9.800000,9.889900,9.889900,25512
2020-04-23,9.800000,9.800000,9.800000,9.800000,9.800000,1109
2020-04-24,9.900000,9.900000,9.890000,9.890000,9.890000,2702
2020-04-27,9.800200,9.800200,9.800200,9.800200,9.800200,246
2020-04-28,9.800200,9.800200,9.800200,9.800200,9.800200,0
2020-04-29,9.800200,9.800200,9.800200,9.800200,9.800200,0
2020-04-30,9.900000,9.900000,9.900000,9.900000,9.900000,500
2020-05-01,9.900000,9.900000,9.900000,9.900000,9.900000,0
2020-05-04,9.900000,9.900000,9.900000,9.900000,9.900000,0
2020-05-05,9.900000,9.900000,9.900000,9.900000,9.900000,0
2020-05-06,9.850000,9.850000,9.850000,9.850000,9.850000,592
2020-05-07,9.850000,9.850000,9.850000,9.850000,9.850000,0
2020-05-08,9.850000,9.850000,9.850000,9.850000,9.850000,653
2020-05-11,9.850000,9.850000,9.850000,9.850000,9.850000,0
2020-05-12,9.800000,9.850000,9.800000,9.850000,9.850000,151005
2020-05-13,9.850000,9.850000,9.850000,9.850000,9.850000,0
2020-05-14,9.840000,9.840000,9.840000,9.840000,9.840000,1505
2020-05-15,9.820000,9.820000,9.810000,9.820000,9.820000,1944
2020-05-18,9.850000,9.850000,9.850000,9.850000,9.850000,377
2020-05-19,9.760000,9.760000,9.750000,9.750000,9.750000,2013
2020-05-20,9.750000,9.750000,9.750000,9.750000,9.750000,0
2020-05-21,9.750000,9.750000,9.700000,9.700000,9.700000,41001
2020-05-22,9.720000,9.750000,9.650000,9.750000,9.750000,24313
2020-05-26,9.750000,9.780000,9.740000,9.750000,9.750000,15965
2020-05-27,9.750000,9.750000,9.749900,9.750000,9.750000,25675
2020-05-28,9.750000,9.750000,9.725000,9.749200,9.749200,17382
2020-05-29,9.750000,9.750000,9.749200,9.750000,9.750000,13433
2020-06-01,9.760000,9.760000,9.730000,9.740000,9.740000,6276
2020-06-02,9.840000,9.840000,9.750000,9.800000,9.800000,8976
2020-06-03,9.800000,9.850000,9.760000,9.850000,9.850000,64035
2020-06-04,9.780000,9.820000,9.780000,9.819700,9.819700,7053
2020-06-05,9.820000,9.840000,9.780000,9.800000,9.800000,23743
2020-06-08,9.770000,9.830000,9.770000,9.820000,9.820000,5822
2020-06-09,9.790000,9.860000,9.790000,9.859900,9.859900,7142
2020-06-10,9.800000,9.810100,9.800000,9.810000,9.810000,2572
2020-06-11,9.810000,9.810000,9.810000,9.810000,9.810000,0
2020-06-12,9.810000,9.810000,9.810000,9.810000,9.810000,0
2020-06-15,9.770000,9.860000,9.770000,9.860000,9.860000,4603
2020-06-16,9.900000,9.900000,9.860000,9.860000,9.860000,609
2020-06-17,9.770000,9.770000,9.770000,9.770000,9.770000,263
2020-06-18,9.855600,9.920000,9.855600,9.880000,9.880000,15671
2020-06-19,9.880000,9.880000,9.880000,9.880000,9.880000,0
2020-06-22,9.880000,9.880000,9.880000,9.880000,9.880000,0
2020-06-23,9.880000,9.880000,9.880000,9.880000,9.880000,0
2020-06-24,10.010000,10.070000,10.000000,10.070000,10.070000,36216
2020-06-25,10.040000,10.040000,10.000000,10.000000,10.000000,11091
2020-06-26,10.030000,10.030000,10.000000,10.000000,10.000000,8893
2020-06-29,10.000000,10.000000,10.000000,10.000000,10.000000,0
2020-06-30,10.060000,10.060000,10.010000,10.050700,10.050700,611
2020-07-01,10.050700,10.050700,10.050700,10.050700,10.050700,0
2020-07-02,10.100000,10.100000,10.080000,10.100000,10.100000,1501
2020-07-06,10.040000,10.070000,10.000000,10.030000,10.030000,18377
2020-07-07,10.030000,10.030000,10.030000,10.030000,10.030000,15700
2020-07-08,10.000000,10.010000,9.980000,9.980000,9.980000,7900
2020-07-09,9.980000,9.980000,9.980000,9.980000,9.980000,0
2020-07-10,10.040000,10.050000,10.010000,10.050000,10.050000,16385
2020-07-13,10.030000,10.110000,10.030000,10.090000,10.090000,11202
2020-07-14,10.050000,10.080000,10.050000,10.070000,10.070000,7377
2020-07-15,10.070000,10.070000,9.970000,9.970000,9.970000,7318
2020-07-16,10.050000,10.050000,10.050000,10.050000,10.050000,2082
2020-07-17,10.140000,10.140000,10.050000,10.050000,10.050000,20672
2020-07-20,10.050000,10.050000,10.020000,10.040000,10.040000,2156
2020-07-21,10.090000,10.090000,10.090000,10.090000,10.090000,240
2020-07-22,10.090000,10.090000,10.090000,10.090000,10.090000,231
2020-07-23,10.095000,10.100000,10.030000,10.030000,10.030000,21027